50.403225806451616,254.58333333333326
59.28233952427501,240.52320240151832
68.1614532420984,257.1604251500477
77.0405669599218,252.52782151590992
85.91968067774519,257.6582114360949
94.79879439556859,256.5844148475916
103.677908113392,256.33925168738904
112.5570218312154,240.9555418924766
121.43613554903878,259.4661053998435
130.31524926686217,254.90376214647887
139.19436298468557,252.30133206937194
148.07347670250897,255.69163510551192
156.95259042033237,254.107491191888
165.83170413815577,237.58172026548937
174.71081785597914,257.1471422633052
183.58993157380255,250.83657712232483
192.46904529162595,236.6828447795374
201.34815900944935,252.71876517193203
210.22727272727275,236.97640421162507
219.10638644509612,252.42393514989078
227.98550016291952,257.9179576878064
236.86461388074292,257.303842060094
245.74372759856632,249.42695850147607
254.62284131638972,238.13267724667492
263.5019550342131,254.26636853041293
272.3810687520365,247.71174592498818
281.2601824698599,233.74270181498116
290.13929618768327,249.8607618233507
299.0184099055067,230.52429907406022
307.89752362333013,229.79438897568343
316.77663734115345,240.5288260108921
325.6557510589769,248.5837626304887
334.5348647768003,229.81535128527577
343.4139784946236,244.07974442605575
352.29309221244705,246.2504954732786
361.1722059302705,230.31143004390648
370.0513196480939,242.289437667577
378.9304333659172,240.21150663824878
387.80954708374065,230.10462823612033
396.6886608015641,246.0030593138264
405.5677745193874,247.9639333363481
414.4468882372108,240.04887487821517
423.32600195503426,230.33623931912675
432.2051156728576,251.09357878144687
441.084229390681,245.70803791287685
449.96334310850443,251.27976430280484
458.84245682632786,251.57962224667838
467.7215705441512,248.75565301901082
476.6006842619746,250.0646096031371
485.47979797979804,257.8496583413419
494.35891169762135,238.4539655759101
503.2380254154448,251.22046785727954
512.1171391332682,256.3632055995498
520.9962528510916,249.752852937008
529.875366568915,251.20353246875155
538.7544802867384,255.52936679387767
547.6335940045618,254.55722977637478
556.5127077223851,255.30759274948048
565.3918214402086,251.9514043229373
574.2709351580319,238.63903119399384
583.1500488758553,248.37602368277726
592.0291625936787,238.11499024573402
600.9082763115022,249.8084608090219
609.7873900293255,254.40824533491636
618.6665037471489,246.82198931913612
627.5456174649723,246.89030322688234
636.4247311827957,234.61899795495063
645.3038449006191,233.3147143891869
654.1829586184425,246.30063497195528
663.0620723362659,242.65569173196627
671.9411860540893,246.2510392658857
680.8202997719127,230.95120988650342
689.6994134897361,242.62449393349303
698.5785272075594,230.23678681798074
707.4576409253829,248.85823034500214
716.3367546432063,229.56405441555063
725.2158683610296,239.42935578357108
734.094982078853,244.47947294124862
742.9740957966765,246.61562725446902
751.8532095144999,239.72000825335488
760.7323232323232,241.67480546802875
769.6114369501466,243.36281142266378
778.4905506679701,247.87619726240493
787.3696643857934,242.79501801584414
796.2487781036168,245.32156356929684
805.1278918214402,230.2842131171675
814.0070055392636,247.50029103362226
822.886119257087,244.78712169282758
831.7652329749104,233.96202946894954
840.6443466927338,248.84233873615455
849.5234604105572,235.3562275016932
858.4025741283806,250.86344855450716
867.281687846204,252.51643967224953
876.1608015640273,247.23593693668144
885.0399152818508,237.93767195274515
893.9190289996742,252.53737632538295
902.7981427174976,248.95078165953697
911.6772564353209,239.0936195601496
920.5563701531444,238.881621632163
929.4354838709678,258.23051948051943
