50.403225806451616,239.58333333333326
59.28233952427501,240.52320240151832
68.1614532420984,242.086242278307
77.0405669599218,241.52782151590992
85.91968067774519,241.65821143609492
94.79879439556859,241.58441484759155
103.677908113392,241.339251687389
112.5570218312154,240.9555418924766
121.43613554903878,239.59685637797227
130.31524926686217,239.90376214647887
139.19436298468557,239.30133206937194
148.07347670250897,238.69163510551192
156.95259042033237,240.10494567293225
165.83170413815577,237.58172026548937
174.71081785597914,237.14714226330523
183.58993157380255,236.83657712232483
192.46904529162595,236.6828447795374
201.34815900944935,236.71876517193203
210.22727272727275,236.97640421162507
219.10638644509612,237.42393514989078
227.98550016291952,237.91795768780636
236.86461388074292,238.30384206009396
245.74372759856632,238.42695850147607
254.62284131638972,238.13267724667492
263.5019550342131,237.26636853041293
272.3810687520365,235.56382918703378
281.2601824698599,232.77394733157854
290.13929618768327,231.8607618233507
299.0184099055067,227.8164511178513
307.89752362333013,232.64228718252303
316.77663734115345,229.5288260108921
325.6557510589769,232.6767202554421
334.5348647768003,227.40918086632976
343.4139784946236,230.07974442605575
352.29309221244705,230.2504954732786
361.1722059302705,230.18450204286896
370.0513196480939,235.21334964388942
378.9304333659172,230.76474955011832
387.80954708374065,230.10462823612033
396.6886608015641,230.0030593138264
405.5677745193874,230.3395564541585
414.4468882372108,230.04887487821517
423.32600195503426,230.05586038464122
432.2051156728576,231.09357878144687
441.084229390681,231.25507713872975
449.96334310850443,235.27976430280484
458.84245682632786,237.57962224667838
467.7215705441512,238.75565301901082
476.6006842619746,239.0646096031371
485.47979797979804,238.98872948503276
494.35891169762135,236.2648936211947
503.2380254154448,236.11350400950272
512.1171391332682,238.3632055995498
520.9962528510916,238.752852937008
529.875366568915,239.20353246875155
538.7544802867384,239.52936679387767
547.6335940045618,239.55722977637478
556.5127077223851,237.72118526636476
565.3918214402086,238.9514043229373
574.2709351580319,237.02156317648524
583.1500488758553,237.05359320670797
592.0291625936787,238.58233497849574
600.9082763115022,237.8084608090219
609.7873900293255,237.40824533491636
618.6665037471489,236.82198931913612
627.5456174649723,235.89030322688234
636.4247311827957,234.61899795495063
645.3038449006191,233.3147143891869
654.1829586184425,232.30063497195528
663.0620723362659,231.65569173196627
671.9411860540893,229.0010807631095
680.8202997719127,230.95120988650342
689.6994134897361,231.21969300699004
698.5785272075594,230.23678681798074
707.4576409253829,229.85823034500214
716.3367546432063,229.56405441555063
725.2158683610296,229.42935578357108
734.094982078853,230.9692732460768
742.9740957966765,229.28509562518292
751.8532095144999,226.81638361324084
760.7323232323232,229.67480546802875
769.6114369501466,227.42445396756662
778.4905506679701,228.87619726240493
787.3696643857934,231.2606376500858
796.2487781036168,229.32156356929684
805.1278918214402,230.2842131171675
814.0070055392636,231.50029103362226
822.886119257087,232.78712169282758
831.7652329749104,233.96202946894954
840.6443466927338,234.84233873615455
849.5234604105572,237.10596574484782
858.4025741283806,235.86344855450716
867.281687846204,236.51643967224953
876.1608015640273,237.23593693668144
885.0399152818508,237.93767195274515
893.9190289996742,238.53737632538295
902.7981427174976,238.95078165953697
911.6772564353209,239.0936195601496
920.5563701531444,238.881621632163
929.4354838709678,238.23051948051943
