362.90322580645164,194.46204202301766
364.70552297165204,194.31355858268896
366.50782013685244,194.17717089884803
368.31011730205284,199.38021112315053
370.1124144672532,196.5718095307572
371.9147116324536,193.83682895114893
373.717008797654,193.7450708581559
375.5193059628544,193.663531804099
377.3216031280548,198.18560452244515
379.1239002932552,193.52960943875212
380.9261974584556,193.4764754404414
382.72849462365593,193.4320591070254
384.53079178885633,193.39598509499382
386.33308895405673,190.31642896797038
388.13538611925713,193.34736266104224
389.93768328445753,193.33406355210158
391.73998044965793,193.32760539050395
393.54227761485834,195.29508206274116
395.3445747800587,193.33371053529615
397.1468719452591,193.34552315466533
398.9491691104595,193.36267534733605
400.7514662756599,200.0014709667103
402.5537634408603,193.41149707854095
404.3560606060607,190.54721123653485
406.1583577712611,193.47717298082793
407.9606549364614,193.51539288735134
409.7629521016618,193.5567003061143
411.5652492668622,193.60071989360637
413.3675464320626,186.62819632147276
415.169843597263,193.69539420073653
416.9721407624634,193.74529823335394
418.7744379276638,193.79641306065912
420.57673509286417,193.84836333914174
422.37903225806457,196.9078602994033
424.18132942326497,193.95326887559764
425.98362658846537,194.0054734465504
427.78592375366577,194.05701209463908
429.58822091886617,194.10750947635356
431.39051808406657,194.15659024818322
433.1928152492669,194.2038790666179
434.99511241446737,197.05907237965016
436.7974095796677,194.29157946926074
438.5997067448681,194.3312403664483
440.4020039100685,193.47607481214743
442.2043010752689,194.40030683500373
444.0065982404693,194.42896171935092
445.80889540566966,194.45319724573068
447.6111925708701,194.47266394122843
449.41348973607046,193.37220389710254
451.21578690127086,194.49794577679512
453.01808406647126,194.50462215476057
454.82038123167166,194.50790318788123
456.62267839687206,194.50822463743248
458.4249755620724,194.50602226468962
460.22727272727286,194.50173183092818
462.0295698924732,193.2469798661758
463.8318670576736,196.52684653334435
465.634164222874,194.7809999894359
467.4364613880744,195.18463779478128
469.2387585532748,194.46421039148015
471.04105571847515,195.4174337738987
472.8433528836756,194.449837033209
474.64565004887595,194.44452951721246
476.44794721407635,192.46190021423018
478.25024437927675,194.43985161787424
480.05254154447715,196.91268939187668
481.85483870967755,190.46809093229012
483.6571358748779,194.4542140196351
485.45943304007835,196.9407004987799
487.2617302052787,190.38508717841285
489.0640273704791,191.22684806580526
490.8663245356795,194.531573796983
492.6686217008799,196.34754686781852
494.4709188660803,195.14259063298624
496.27321603128064,194.6485027058826
498.0755131964811,194.01724878016694
499.87781036168144,194.76104367184584
501.68010752688184,194.8289979466626
503.48240469208224,188.56014916888694
505.28470185728264,194.72817989953668
507.08699902248304,200.7445495442654
508.8892961876834,195.18887475459033
510.69159335288384,195.3030376901143
512.4938905180842,192.62617698293965
514.2961876832846,200.73986609938174
516.098484848485,195.71056363759322
517.9007820136853,195.86953720463987
519.7030791788858,199.92235345774276
521.5053763440861,200.983047167187
523.3076735092866,203.79066400965107
525.1099706744869,196.6327096962717
526.9122678396873,203.04095696593032
528.7145650048877,197.09676353401017
530.5168621700882,197.35093251532385
532.3191593352885,197.62044388663446
534.1214565004889,197.9057334092172
535.9237536656893,198.20723684434768
537.7260508308897,198.5253899533011
539.5283479960901,198.86062849735296
541.3306451612905,199.21338823777853
