362.90322580645164,197.3383806511125
364.70552297165204,193.30593954334242
366.50782013685244,191.1151956100852
368.31011730205284,194.0525036279846
370.1124144672532,193.93918142658836
371.9147116324536,193.83682895114893
373.717008797654,193.18740643346692
375.5193059628544,193.663531804099
377.3216031280548,190.2486056337778
379.1239002932552,193.52960943875212
380.9261974584556,193.4764754404414
382.72849462365593,193.4320591070254
384.53079178885633,193.39598509499382
386.33308895405673,199.40650958506833
388.13538611925713,193.34736266104224
389.93768328445753,191.45619525956968
391.73998044965793,193.32760539050395
393.54227761485834,193.32761283273888
395.3445747800587,193.33371053529615
397.1468719452591,188.73543409850973
398.9491691104595,193.36267534733605
400.7514662756599,192.11880568243112
402.5537634408603,190.99988988405792
404.3560606060607,193.4424159300543
406.1583577712611,193.47717298082793
407.9606549364614,191.3172242950894
409.7629521016618,193.5567003061143
411.5652492668622,193.60071989360637
413.3675464320626,193.6470763063172
415.169843597263,193.69539420073653
416.9721407624634,193.74529823335394
418.7744379276638,188.19018665904852
420.57673509286417,193.84836333914174
422.37903225806457,193.64353116059632
424.18132942326497,194.72292067206104
425.98362658846537,194.0054734465504
427.78592375366577,194.05701209463908
429.58822091886617,193.62574348093503
431.39051808406657,194.15659024818322
433.1928152492669,194.2038790666179
434.99511241446737,194.24900058814723
436.7974095796677,194.29157946926074
438.5997067448681,194.3312403664483
440.4020039100685,194.36760793619942
442.2043010752689,194.40030683500373
444.0065982404693,194.42896171935092
445.80889540566966,194.45319724573068
447.6111925708701,194.47266394122843
449.41348973607046,190.34994385592415
451.21578690127086,196.4830395562353
453.01808406647126,197.5166227717143
454.82038123167166,189.29560806764403
456.62267839687206,194.50822463743248
458.4249755620724,194.50602226468962
460.22727272727286,194.50173183092818
462.0295698924732,194.49578909742357
463.8318670576736,194.488629825451
465.634164222874,194.48068977628594
467.4364613880744,194.4724047112039
469.2387585532748,194.46421039148015
471.04105571847515,194.45654257839004
472.8433528836756,194.449837033209
474.64565004887595,194.44452951721246
476.44794721407635,194.44105579167567
478.25024437927675,194.43985161787424
480.05254154447715,194.44135275708337
481.85483870967755,198.31773160555284
483.6571358748779,194.4542140196351
485.45943304007835,194.46644566552843
487.2617302052787,194.48312566953396
489.0640273704791,194.50468979292702
490.8663245356795,193.26826103393483
492.6686217008799,192.64884813606395
494.4709188660803,193.0146472217846
496.27321603128064,194.6485027058826
498.0755131964811,187.787152123711
499.87781036168144,194.76104367184584
501.68010752688184,187.15410569483697
503.48240469208224,198.37587942030882
505.28470185728264,194.9904528863436
507.08699902248304,194.32181074546847
508.8892961876834,195.18887475459033
510.69159335288384,192.4545956202476
512.4938905180842,195.42774964160583
514.2961876832846,195.56344637034036
516.098484848485,195.71056363759322
517.9007820136853,195.86953720463987
519.7030791788858,200.22315748739675
521.5053763440861,197.29685789232008
523.3076735092866,195.81589479275996
525.1099706744869,196.6327096962717
526.9122678396873,196.8575011814179
528.7145650048877,197.09676353401017
530.5168621700882,197.35093251532385
532.3191593352885,200.15795172437922
534.1214565004889,197.9057334092172
535.9237536656893,198.20723684434768
537.7260508308897,203.16647454528513
539.5283479960901,203.6610958448931
541.3306451612905,199.21338823777853
