362.90322580645164,194.46204202301766
364.70552297165204,194.31355858268896
366.50782013685244,189.74698512858876
368.31011730205284,196.78254869264362
370.1124144672532,193.93918142658836
371.9147116324536,193.83682895114893
373.717008797654,193.7450708581559
375.5193059628544,193.663531804099
377.3216031280548,191.65535376619192
379.1239002932552,190.14400749194698
380.9261974584556,195.43337801030924
382.72849462365593,193.4320591070254
384.53079178885633,188.54453969496254
386.33308895405673,194.97630560764318
388.13538611925713,193.34736266104224
389.93768328445753,195.7200066547431
391.73998044965793,193.32760539050395
393.54227761485834,193.32761283273888
395.3445747800587,193.33371053529615
397.1468719452591,189.08447919358233
398.9491691104595,193.36267534733605
400.7514662756599,193.3847917697981
402.5537634408603,193.41149707854095
404.3560606060607,193.4424159300543
406.1583577712611,196.45999392646948
407.9606549364614,195.62085324101358
409.7629521016618,196.50189240340362
411.5652492668622,189.82758556506587
413.3675464320626,193.6470763063172
415.169843597263,194.74740710383583
416.9721407624634,193.74529823335394
418.7744379276638,193.79641306065912
420.57673509286417,193.84836333914174
422.37903225806457,193.90077372529134
424.18132942326497,191.92495712809512
425.98362658846537,194.0054734465504
427.78592375366577,194.05701209463908
429.58822091886617,194.10750947635356
431.39051808406657,195.26189090008575
433.1928152492669,192.9181513874149
434.99511241446737,195.580978259313
436.7974095796677,194.29157946926074
438.5997067448681,192.02060840029313
440.4020039100685,194.36760793619942
442.2043010752689,193.13827138538772
444.0065982404693,194.49527712843837
445.80889540566966,191.71242396047862
447.6111925708701,199.04920733379222
449.41348973607046,194.48743829270956
451.21578690127086,200.046693879024
453.01808406647126,194.50462215476057
454.82038123167166,194.50790318788123
456.62267839687206,192.06147007526272
458.4249755620724,194.43995091273104
460.22727272727286,194.50173183092818
462.0295698924732,194.49578909742357
463.8318670576736,197.08311188721385
465.634164222874,194.48068977628594
467.4364613880744,198.19686593610552
469.2387585532748,194.46421039148015
471.04105571847515,194.45654257839004
472.8433528836756,196.17504926346803
474.64565004887595,194.44452951721246
476.44794721407635,194.44105579167567
478.25024437927675,187.49317136669106
480.05254154447715,194.44135275708337
481.85483870967755,199.66920439335473
483.6571358748779,194.4542140196351
485.45943304007835,194.46644566552843
487.2617302052787,193.25546053402266
489.0640273704791,194.50468979292702
490.8663245356795,194.531573796983
492.6686217008799,194.56421344297735
494.4709188660803,194.60304449218543
496.27321603128064,188.3638490323148
498.0755131964811,194.70102384534428
499.87781036168144,194.76104367184584
501.68010752688184,194.44108500579281
503.48240469208224,194.90532243107012
505.28470185728264,194.9904528863436
507.08699902248304,195.08482507375857
508.8892961876834,198.83233899559752
510.69159335288384,195.3030376901143
512.4938905180842,193.70795971964236
514.2961876832846,195.56344637034036
516.098484848485,195.71056363759322
517.9007820136853,195.8677829089759
519.7030791788858,196.04080283275565
521.5053763440861,196.22479628321594
523.3076735092866,190.28521969067776
525.1099706744869,196.6327096962717
526.9122678396873,197.59404214714576
528.7145650048877,197.09676353401017
530.5168621700882,204.12555769405594
532.3191593352885,200.8599297909724
534.1214565004889,197.9057334092172
535.9237536656893,199.84365270721122
537.7260508308897,199.24397501536447
539.5283479960901,198.86062849735296
541.3306451612905,199.21338823777853
