362.90322580645164,194.46204202301766
364.70552297165204,194.31355858268896
366.50782013685244,194.17717089884803
368.31011730205284,192.51509379651603
370.1124144672532,193.93918142658836
371.9147116324536,193.83682895114893
373.717008797654,186.25038129013163
375.5193059628544,193.663531804099
377.3216031280548,193.59183644546783
379.1239002932552,193.52960943875212
380.9261974584556,196.10701963021896
382.72849462365593,193.4320591070254
384.53079178885633,197.65540413225727
386.33308895405673,193.36787806083615
388.13538611925713,193.34736266104224
389.93768328445753,197.5739930612441
391.73998044965793,193.32760539050395
393.54227761485834,197.3125644481533
395.3445747800587,192.15260864361065
397.1468719452591,191.33781702409487
398.9491691104595,193.36267534733605
400.7514662756599,193.3847917697981
402.5537634408603,189.34068352587843
404.3560606060607,193.4424159300543
406.1583577712611,193.47717298082793
407.9606549364614,193.51539288735134
409.7629521016618,193.5567003061143
411.5652492668622,193.60071989360637
413.3675464320626,190.9095608495803
415.169843597263,189.86166844701182
416.9721407624634,193.74529823335394
418.7744379276638,198.38089507873053
420.57673509286417,193.84836333914174
422.37903225806457,194.08383988383684
424.18132942326497,193.95326887559764
425.98362658846537,188.91074501265038
427.78592375366577,195.2651883961563
429.58822091886617,194.10750947635356
431.39051808406657,194.15659024818322
433.1928152492669,194.2038790666179
434.99511241446737,194.24900058814723
436.7974095796677,194.29157946926074
438.5997067448681,194.3312403664483
440.4020039100685,194.36760793619942
442.2043010752689,200.4672092712188
444.0065982404693,200.96350838498873
445.80889540566966,194.45319724573068
447.6111925708701,194.47266394122843
449.41348973607046,198.85699092223712
451.21578690127086,194.49794577679512
453.01808406647126,194.50462215476057
454.82038123167166,194.50790318788123
456.62267839687206,196.3023033955896
458.4249755620724,194.50602226468962
460.22727272727286,194.50173183092818
462.0295698924732,198.27034464132123
463.8318670576736,196.6042695062964
465.634164222874,194.48068977628594
467.4364613880744,194.4059435024187
469.2387585532748,194.46421039148015
471.04105571847515,194.45654257839004
472.8433528836756,194.449837033209
474.64565004887595,191.4589601321955
476.44794721407635,194.44105579167567
478.25024437927675,194.43985161787424
480.05254154447715,194.44135275708337
481.85483870967755,194.44599497057854
483.6571358748779,196.86881270363543
485.45943304007835,194.46644566552843
487.2617302052787,194.48312566953396
489.0640273704791,194.50468979292702
490.8663245356795,196.17716067391558
492.6686217008799,194.56421344297735
494.4709188660803,188.76806661842335
496.27321603128064,194.6485027058826
498.0755131964811,194.06594852076637
499.87781036168144,195.77063325766417
501.68010752688184,194.8289979466626
503.48240469208224,194.90532243107012
505.28470185728264,194.9904528863436
507.08699902248304,195.08482507375857
508.8892961876834,196.29566207111984
510.69159335288384,195.3030376901143
512.4938905180842,198.43244317988948
514.2961876832846,195.56344637034036
516.098484848485,195.71056363759322
517.9007820136853,195.86953720463987
519.7030791788858,196.04080283275565
521.5053763440861,196.22479628321594
523.3076735092866,196.4219533172962
525.1099706744869,196.6327096962717
526.9122678396873,196.8575011814179
528.7145650048877,197.09676353401017
530.5168621700882,192.79293745167138
532.3191593352885,201.41190566429782
534.1214565004889,197.9057334092172
535.9237536656893,198.20723684434768
537.7260508308897,198.5253899533011
539.5283479960901,198.86062849735296
541.3306451612905,196.73797779407937
