362.90322580645164,194.46204202301766
364.70552297165204,200.19876966088208
366.50782013685244,194.17717089884803
368.31011730205284,194.0525036279846
370.1124144672532,193.93918142658836
371.9147116324536,193.83682895114893
373.717008797654,199.358844766354
375.5193059628544,195.53062954305776
377.3216031280548,189.78172363403985
379.1239002932552,193.52960943875212
380.9261974584556,193.4764754404414
382.72849462365593,194.64132686750503
384.53079178885633,193.39598509499382
386.33308895405673,193.36787806083615
388.13538611925713,193.34736266104224
389.93768328445753,195.3179649541038
391.73998044965793,193.32760539050395
393.54227761485834,187.65936379026212
395.3445747800587,191.34203397513267
397.1468719452591,193.34552315466533
398.9491691104595,193.36267534733605
400.7514662756599,190.96110032779796
402.5537634408603,193.41149707854095
404.3560606060607,193.4424159300543
406.1583577712611,193.47717298082793
407.9606549364614,188.37506626654877
409.7629521016618,193.5567003061143
411.5652492668622,193.60071989360637
413.3675464320626,196.34816113857434
415.169843597263,193.69539420073653
416.9721407624634,193.74529823335394
418.7744379276638,189.52871858935663
420.57673509286417,193.84836333914174
422.37903225806457,193.90077372529134
424.18132942326497,193.95326887559764
425.98362658846537,194.0054734465504
427.78592375366577,197.68498081226335
429.58822091886617,195.27133349717616
431.39051808406657,194.15659024818322
433.1928152492669,195.85728646650824
434.99511241446737,190.29922757975245
436.7974095796677,197.3578355813709
438.5997067448681,196.63430547270755
440.4020039100685,194.36760793619942
442.2043010752689,194.40030683500373
444.0065982404693,189.72395515254016
445.80889540566966,194.45319724573068
447.6111925708701,194.47266394122843
449.41348973607046,194.48743829270956
451.21578690127086,194.49794577679512
453.01808406647126,194.50462215476057
454.82038123167166,194.50790318788123
456.62267839687206,194.50822463743248
458.4249755620724,194.50602226468962
460.22727272727286,194.50173183092818
462.0295698924732,192.39925223278945
463.8318670576736,194.488629825451
465.634164222874,196.87616909844613
467.4364613880744,194.4724047112039
469.2387585532748,194.46421039148015
471.04105571847515,194.45654257839004
472.8433528836756,194.449837033209
474.64565004887595,194.70001089546236
476.44794721407635,194.44105579167567
478.25024437927675,196.31443279964995
480.05254154447715,194.44135275708337
481.85483870967755,194.44599497057854
483.6571358748779,194.4542140196351
485.45943304007835,191.82260976820282
487.2617302052787,198.07881653451014
489.0640273704791,194.50468979292702
490.8663245356795,187.72895419495362
492.6686217008799,194.56421344297735
494.4709188660803,194.60304449218543
496.27321603128064,197.65048093511533
498.0755131964811,194.70102384534428
499.87781036168144,196.72609378451787
501.68010752688184,194.8289979466626
503.48240469208224,194.90532243107012
505.28470185728264,194.9904528863436
507.08699902248304,195.08482507375857
508.8892961876834,195.18887475459033
510.69159335288384,187.71656460993853
512.4938905180842,187.95028599504786
514.2961876832846,195.56344637034036
516.098484848485,192.30951981267071
517.9007820136853,195.86953720463987
519.7030791788858,196.04080283275565
521.5053763440861,194.94442881847718
523.3076735092866,196.2567443800842
525.1099706744869,192.71078119449712
526.9122678396873,196.8575011814179
528.7145650048877,197.09676353401017
530.5168621700882,196.79478782403353
532.3191593352885,197.62044388663446
534.1214565004889,199.47238939400862
535.9237536656893,200.29476587228547
537.7260508308897,198.5253899533011
539.5283479960901,202.33282283670692
541.3306451612905,202.8817860683656
