50.403225806451616,200.35173160173156
59.2008797653959,196.92193698643703
67.99853372434018,198.77841217806437
76.79618768328447,198.4168533621884
85.59384164222874,196.33375122122496
94.39149560117303,199.26450014061186
103.18914956011731,200.33178732333994
111.9868035190616,198.88380675467278
120.78445747800588,199.28152427027752
129.58211143695016,201.04640082563458
138.37976539589442,200.13788910734837
147.17741935483872,200.51803985346473
155.975073313783,200.96869488148778
164.7727272727273,201.04925390054717
173.57038123167158,201.17434954560565
182.36803519061584,201.18893303665413
191.16568914956014,201.08037594742646
199.96334310850443,201.02760140901196
208.7609970674487,200.49273161280527
217.558651026393,200.0838233719271
226.35630498533726,199.32610421317165
235.15395894428156,199.2591740298269
243.95161290322582,198.9327957657363
252.74926686217012,200.74150329060257
261.54692082111444,198.63078051916537
270.3445747800587,198.69774525032938
279.142228739003,196.20828046415718
287.93988269794727,198.84783756773803
296.7375366568915,202.49485278737725
305.5351906158358,200.64192339718034
314.3328445747801,203.1676321654361
323.13049853372434,202.57655566697463
331.9281524926687,202.11867512250782
340.7258064516129,202.10669467004027
349.5234604105573,197.58323898505114
358.3211143695015,188.44012763616627
367.11876832844575,180.82760735636248
375.9164222873901,179.20927892772352
384.71407624633434,181.69681172125422
393.5117302052786,181.2437279317737
402.30938416422293,180.92389030248435
411.1070381231672,180.95332110586264
419.9046920821115,181.18465919015208
428.70234604105576,181.9782333798738
437.5,183.6388931702185
446.29765395894435,186.4291269071213
455.0953079178886,190.34963190958405
463.89296187683294,194.58752497160373
472.6906158357772,195.3425902319449
481.4882697947214,200.74705807418638
490.28592375366577,202.27687747950716
499.08357771261,203.00338516614872
507.88123167155436,203.16130529703184
516.6788856304986,201.17374374222257
525.4765395894428,202.67757477641172
534.2741935483872,202.87918598028608
543.0718475073314,202.26033188145144
551.8695014662758,200.04743724210394
560.66715542522,202.96225526893141
569.4648093841643,203.16151718102606
578.2624633431085,206.198044592192
587.0601173020528,204.4251965131097
595.8577712609971,204.47201548344373
604.6554252199414,203.44464102372677
613.4530791788857,202.718885201786
622.2507331378299,202.25634613536204
631.0483870967743,202.17297278229628
639.8460410557185,203.2455102454255
648.6436950146629,200.6782399304968
657.4413489736071,202.65558830942953
666.2390029325513,202.79483132698692
675.0366568914957,203.19549446815293
683.8343108504399,202.4383418661997
692.6319648093843,203.10725353873897
701.4296187683285,203.16557773030726
710.2272727272727,203.16335423052305
719.0249266862171,202.0299507123018
727.8225806451613,202.86363060858008
736.6202346041056,202.56224966110986
745.4178885630499,202.19772151747648
754.2155425219942,201.80173456990582
763.0131964809385,201.8062469872082
771.8108504398828,201.62028606996927
780.608504398827,200.73388542221426
789.4061583577713,200.4685357027419
798.2038123167156,201.11461616487264
807.0014662756599,199.97462266724895
815.7991202346042,199.70009752903258
824.5967741935484,199.39091917867526
833.3944281524928,199.1123385128886
842.192082111437,200.5848280614733
850.9897360703814,199.0026710786401
859.7873900293256,200.04051264062798
868.5850439882698,199.82874783427386
877.3826979472142,200.44311722773182
886.1803519061584,201.0642496683876
894.9780058651028,201.596551933819
903.775659824047,203.8531635896153
912.5733137829912,202.01229304932008
921.3709677419356,201.70454545454544
