50.403225806451616,200.64158687443583
59.2008797653959,199.41021705814453
67.99853372434018,198.77841217806437
76.79618768328447,199.3140910305018
85.59384164222874,198.28607701121396
94.39149560117303,198.34661952583838
103.18914956011731,198.55901730675885
111.9868035190616,198.88380675467278
120.78445747800588,199.40038009184454
129.58211143695016,198.12502286165082
138.37976539589442,200.13788910734837
147.17741935483872,199.52300950539663
155.975073313783,200.82627452774489
164.7727272727273,200.41358254151768
173.57038123167158,201.17434954560565
182.36803519061584,201.18893303665413
191.16568914956014,201.08037594742646
199.96334310850443,200.8397544685803
208.7609970674487,200.49273161280527
217.558651026393,200.83286398000035
226.35630498533726,199.65773556968716
235.15395894428156,199.2591740298269
243.95161290322582,198.9327957657363
252.74926686217012,198.71592138594985
261.54692082111444,198.63078051916537
270.3445747800587,198.69774525032938
279.142228739003,198.9371876643883
287.93988269794727,201.59150382194974
296.7375366568915,200.01499388097736
305.5351906158358,200.88108179167588
314.3328445747801,201.76681257337498
323.13049853372434,202.30374054937124
331.9281524926687,202.11867512250782
340.7258064516129,199.83286329183449
349.5234604105573,196.88706105903154
358.3211143695015,188.44012763616627
367.11876832844575,180.82760735636248
375.9164222873901,180.34631051542888
384.71407624633434,178.4851746112408
393.5117302052786,180.0731795571132
402.30938416422293,180.92389030248435
411.1070381231672,180.95332110586264
419.9046920821115,180.08272930079528
428.70234604105576,182.84237074631267
437.5,185.27613284255523
446.29765395894435,186.4291269071213
455.0953079178886,190.34963190958405
463.89296187683294,194.58752497160373
472.6906158357772,198.20040967363488
481.4882697947214,201.3859772385875
490.28592375366577,202.27687747950716
499.08357771261,202.08085819460885
507.88123167155436,202.49174098974478
516.6788856304986,202.98498548729418
525.4765395894428,202.67757477641172
534.2741935483872,202.38813435332835
543.0718475073314,202.26033188145144
551.8695014662758,202.43753748431658
560.66715542522,202.96225526893141
569.4648093841643,203.62973370886763
578.2624633431085,206.0528326928807
587.0601173020528,204.4251965131097
595.8577712609971,204.11940229366328
604.6554252199414,203.71071024898185
613.4530791788857,204.6775391209282
622.2507331378299,202.25634613536204
631.0483870967743,202.17297278229628
639.8460410557185,202.30961090549482
648.6436950146629,202.49425809320425
657.4413489736071,202.65558830942953
666.2390029325513,202.79483132698692
675.0366568914957,202.91481872313918
683.8343108504399,201.74176070431412
692.6319648093843,203.10725353873897
701.4296187683285,203.16557773030726
710.2272727272727,203.16335423052305
719.0249266862171,203.07018195622942
727.8225806451613,202.86363060858008
736.6202346041056,202.56224966110986
745.4178885630499,202.19772151747648
754.2155425219942,201.80173456990582
763.0131964809385,201.40597721062397
771.8108504398828,201.04213783185685
780.608504398827,200.73388542221426
789.4061583577713,200.4685357027419
798.2038123167156,201.38831148283325
807.0014662756599,202.72516247790836
815.7991202346042,199.70009752903258
824.5967741935484,199.39091917867526
833.3944281524928,199.1123385128886
842.192082111437,198.95327811354755
850.9897360703814,199.0026710786401
859.7873900293256,199.31673471043584
868.5850439882698,200.37647386300426
877.3826979472142,200.44311722773182
886.1803519061584,201.0642496683876
894.9780058651028,202.1090085753407
903.775659824047,204.03693548855964
912.5733137829912,202.01229304932008
921.3709677419356,201.70454545454544
