50.403225806451616,243.0138532237306
59.28233952427501,240.52320240151832
68.1614532420984,245.01522467252872
77.0405669599218,249.72761927790202
85.91968067774519,243.46070408360612
94.79879439556859,241.58441484759155
103.677908113392,246.76103532571375
112.5570218312154,236.14341402853614
121.43613554903878,240.46610539984349
130.31524926686217,239.90376214647887
139.19436298468557,244.8519150518594
148.07347670250897,242.6007707030886
156.95259042033237,238.107491191888
165.83170413815577,237.58172026548937
174.71081785597914,237.14714226330523
183.58993157380255,236.83657712232483
192.46904529162595,236.6828447795374
201.34815900944935,238.7010405979741
210.22727272727275,236.97640421162507
219.10638644509612,237.42393514989078
227.98550016291952,237.91795768780636
236.86461388074292,238.30384206009396
245.74372759856632,238.42695850147607
254.62284131638972,238.13267724667492
263.5019550342131,236.58907888844885
272.3810687520365,235.71174592498818
281.2601824698599,233.74270181498116
290.13929618768327,234.17825558757164
299.0184099055067,230.52429907406022
307.89752362333013,229.79438897568343
316.77663734115345,229.5288260108921
325.6557510589769,229.5837626304887
334.5348647768003,229.81535128527577
343.4139784946236,230.07974442605575
352.29309221244705,238.13273898329007
361.1722059302705,230.31143004390648
370.0513196480939,240.1077236702109
378.9304333659172,230.21150663824878
387.80954708374065,225.30074432528463
396.6886608015641,239.92908294555036
405.5677745193874,225.77831381294823
414.4468882372108,230.04887487821517
423.32600195503426,230.33623931912675
432.2051156728576,231.09357878144687
441.084229390681,239.07346836422622
449.96334310850443,235.27976430280484
458.84245682632786,242.62337221713608
467.7215705441512,239.88639409623914
476.6006842619746,239.0646096031371
485.47979797979804,238.84965834134192
494.35891169762135,238.4539655759101
503.2380254154448,238.22046785727954
512.1171391332682,244.13211495528137
520.9962528510916,238.752852937008
529.875366568915,239.20353246875155
538.7544802867384,239.52936679387767
547.6335940045618,239.55722977637478
556.5127077223851,239.30759274948048
565.3918214402086,238.9514043229373
574.2709351580319,243.47154718097187
583.1500488758553,238.37602368277726
592.0291625936787,238.11499024573402
600.9082763115022,237.8084608090219
609.7873900293255,237.40824533491636
618.6665037471489,236.82198931913612
627.5456174649723,235.89030322688234
636.4247311827957,234.61899795495063
645.3038449006191,233.3147143891869
654.1829586184425,232.30063497195528
663.0620723362659,234.45682073227889
671.9411860540893,231.2510392658857
680.8202997719127,233.3060391927713
689.6994134897361,229.91650565530176
698.5785272075594,230.23678681798074
707.4576409253829,230.36842331804368
716.3367546432063,229.56405441555063
725.2158683610296,228.61673061817552
734.094982078853,229.47947294124862
742.9740957966765,224.63719926215953
751.8532095144999,229.96598809297518
760.7323232323232,223.2122320263065
769.6114369501466,227.3920722766588
778.4905506679701,228.87619726240493
787.3696643857934,228.79501801584414
796.2487781036168,231.48340359420442
805.1278918214402,230.2842131171675
814.0070055392636,224.61330700953772
822.886119257087,232.78712169282758
831.7652329749104,233.96202946894954
840.6443466927338,234.84233873615455
849.5234604105572,235.3562275016932
858.4025741283806,235.86344855450716
867.281687846204,236.51643967224953
876.1608015640273,231.52000317210096
885.0399152818508,231.13476674863762
893.9190289996742,242.78410728877287
902.7981427174976,238.95078165953697
911.6772564353209,245.4396759690369
920.5563701531444,238.881621632163
929.4354838709678,238.23051948051943
