50.403225806451616,246.56009162814755
59.28233952427501,240.52320240151832
68.1614532420984,244.12442935445344
77.0405669599218,241.52782151590992
85.91968067774519,238.81147898962232
94.79879439556859,241.58441484759155
103.677908113392,241.339251687389
112.5570218312154,240.9555418924766
121.43613554903878,244.86386028242396
130.31524926686217,239.90376214647887
139.19436298468557,239.30133206937194
148.07347670250897,238.69163510551192
156.95259042033237,237.09099308916493
165.83170413815577,237.58172026548937
174.71081785597914,228.91675205449107
183.58993157380255,236.83657712232483
192.46904529162595,236.6828447795374
201.34815900944935,241.16523853804878
210.22727272727275,235.96176102414043
219.10638644509612,228.1635954068074
227.98550016291952,237.91795768780636
236.86461388074292,238.30384206009396
245.74372759856632,242.39683354025362
254.62284131638972,238.13267724667492
263.5019550342131,230.97954159232577
272.3810687520365,227.1938109863576
281.2601824698599,233.74270181498116
290.13929618768327,231.8607618233507
299.0184099055067,225.55979644351405
307.89752362333013,230.06545917409352
316.77663734115345,229.5288260108921
325.6557510589769,220.93771866188334
334.5348647768003,229.81535128527577
343.4139784946236,230.07974442605575
352.29309221244705,222.34806037380216
361.1722059302705,230.31143004390648
370.0513196480939,228.67117866867093
378.9304333659172,235.4126929524379
387.80954708374065,230.10462823612033
396.6886608015641,230.0030593138264
405.5677745193874,229.9639333363481
414.4468882372108,231.21350386495078
423.32600195503426,230.33623931912675
432.2051156728576,231.09357878144687
441.084229390681,232.70803791287685
449.96334310850443,235.27976430280484
458.84245682632786,237.57962224667838
467.7215705441512,240.67596950348815
476.6006842619746,239.80406961574096
485.47979797979804,240.29282586789395
494.35891169762135,238.4539655759101
503.2380254154448,234.36065561702418
512.1171391332682,230.25206271065176
520.9962528510916,238.752852937008
529.875366568915,239.20353246875155
538.7544802867384,239.52936679387767
547.6335940045618,239.55722977637478
556.5127077223851,239.30759274948048
565.3918214402086,235.76175275977226
574.2709351580319,238.63903119399384
583.1500488758553,238.37602368277726
592.0291625936787,237.76901246691995
600.9082763115022,237.8084608090219
609.7873900293255,237.40824533491636
618.6665037471489,236.82198931913612
627.5456174649723,235.89030322688234
636.4247311827957,234.61899795495063
645.3038449006191,233.3147143891869
654.1829586184425,236.588966837351
663.0620723362659,227.6185717495996
671.9411860540893,231.2510392658857
680.8202997719127,226.75717776499152
689.6994134897361,233.61355650970393
698.5785272075594,224.29650377001602
707.4576409253829,229.85823034500214
716.3367546432063,229.56405441555063
725.2158683610296,229.42935578357108
734.094982078853,229.47947294124862
742.9740957966765,225.70575098794635
751.8532095144999,229.72000825335488
760.7323232323232,229.67480546802875
769.6114369501466,226.01128358971175
778.4905506679701,228.87619726240493
787.3696643857934,228.79501801584414
796.2487781036168,229.32156356929684
805.1278918214402,231.5395251737551
814.0070055392636,231.50029103362226
822.886119257087,239.05705715587078
831.7652329749104,234.48769410175368
840.6443466927338,233.39763342867903
849.5234604105572,235.3562275016932
858.4025741283806,235.86344855450716
867.281687846204,231.49019561714314
876.1608015640273,237.23593693668144
885.0399152818508,237.93767195274515
893.9190289996742,238.53737632538295
902.7981427174976,238.95078165953697
911.6772564353209,242.68122535839072
920.5563701531444,234.12081162760578
929.4354838709678,238.23051948051943
