50.403225806451616,239.58333333333326
59.28233952427501,240.52320240151832
68.1614532420984,241.16042515004764
77.0405669599218,241.52782151590992
85.91968067774519,241.65821143609492
94.79879439556859,249.7321931868286
103.677908113392,241.339251687389
112.5570218312154,240.9555418924766
121.43613554903878,240.46610539984349
130.31524926686217,235.63413347867768
139.19436298468557,239.30133206937194
148.07347670250897,238.69163510551192
156.95259042033237,238.107491191888
165.83170413815577,237.58172026548937
174.71081785597914,237.14714226330523
183.58993157380255,236.83657712232483
192.46904529162595,235.23278757963905
201.34815900944935,236.71876517193203
210.22727272727275,236.97640421162507
219.10638644509612,237.42393514989078
227.98550016291952,237.32773423570237
236.86461388074292,238.30384206009396
245.74372759856632,238.42695850147607
254.62284131638972,238.13267724667492
263.5019550342131,237.26636853041293
272.3810687520365,235.71174592498818
281.2601824698599,233.74270181498116
290.13929618768327,231.8607618233507
299.0184099055067,230.52429907406022
307.89752362333013,229.79438897568343
316.77663734115345,229.5288260108921
325.6557510589769,229.5837626304887
334.5348647768003,229.81535128527577
343.4139784946236,230.07974442605575
352.29309221244705,230.2504954732786
361.1722059302705,225.09556000354112
370.0513196480939,230.289437667577
378.9304333659172,230.21150663824878
387.80954708374065,224.51042085908145
396.6886608015641,231.88662582165384
405.5677745193874,227.49450937867852
414.4468882372108,230.04887487821517
423.32600195503426,224.53632474769176
432.2051156728576,227.69100020028057
441.084229390681,231.82362797907282
449.96334310850443,240.5581422002243
458.84245682632786,235.73979800498134
467.7215705441512,232.99304775517197
476.6006842619746,236.54603491317164
485.47979797979804,238.84965834134192
494.35891169762135,238.4539655759101
503.2380254154448,238.22046785727954
512.1171391332682,238.3632055995498
520.9962528510916,238.95444009306004
529.875366568915,239.20353246875155
538.7544802867384,237.42758597225895
547.6335940045618,237.61660016702223
556.5127077223851,239.30759274948048
565.3918214402086,238.9514043229373
574.2709351580319,245.40197972373397
583.1500488758553,237.09022057967348
592.0291625936787,235.9082521370609
600.9082763115022,232.40403619887334
609.7873900293255,229.74455462731797
618.6665037471489,232.72610076021914
627.5456174649723,240.63688267589345
636.4247311827957,234.61899795495063
645.3038449006191,240.61496450257624
654.1829586184425,232.30063497195528
663.0620723362659,231.65569173196627
671.9411860540893,231.2510392658857
680.8202997719127,235.33463936260623
689.6994134897361,237.5506653461283
698.5785272075594,230.23678681798074
707.4576409253829,229.85823034500214
716.3367546432063,229.56405441555063
725.2158683610296,231.81635590602824
734.094982078853,225.44708337645648
742.9740957966765,228.6653191172186
751.8532095144999,225.21675968887837
760.7323232323232,235.62264103375628
769.6114369501466,224.5861394383104
778.4905506679701,228.87619726240493
787.3696643857934,228.79501801584414
796.2487781036168,229.32156356929684
805.1278918214402,233.12769200776685
814.0070055392636,238.06754199431197
822.886119257087,232.78712169282758
831.7652329749104,233.96202946894954
840.6443466927338,234.84233873615455
849.5234604105572,235.3562275016932
858.4025741283806,235.86344855450716
867.281687846204,236.51643967224953
876.1608015640273,237.23593693668144
885.0399152818508,237.93767195274515
893.9190289996742,234.52500692138238
902.7981427174976,238.60784211841602
911.6772564353209,239.0936195601496
920.5563701531444,234.42714754236007
929.4354838709678,238.23051948051943
