50.403225806451616,239.58333333333326
59.28233952427501,240.52320240151832
68.1614532420984,241.16042515004764
77.0405669599218,241.52782151590992
85.91968067774519,241.65821143609492
94.79879439556859,241.58441484759155
103.677908113392,241.339251687389
112.5570218312154,240.9555418924766
121.43613554903878,239.39646379697132
130.31524926686217,248.7894673711831
139.19436298468557,236.73336920458183
148.07347670250897,238.69163510551192
156.95259042033237,238.107491191888
165.83170413815577,237.58172026548937
174.71081785597914,243.97309852804196
183.58993157380255,236.83657712232483
192.46904529162595,227.80270689676692
201.34815900944935,231.095258022785
210.22727272727275,236.97640421162507
219.10638644509612,237.42393514989078
227.98550016291952,237.91795768780636
236.86461388074292,238.30384206009396
245.74372759856632,241.3171552206388
254.62284131638972,238.13267724667492
263.5019550342131,237.26636853041293
272.3810687520365,234.91111081068462
281.2601824698599,233.74270181498116
290.13929618768327,236.00232040570228
299.0184099055067,230.52429907406022
307.89752362333013,229.79438897568343
316.77663734115345,231.82266693947403
325.6557510589769,229.5837626304887
334.5348647768003,229.81535128527577
343.4139784946236,230.07974442605575
352.29309221244705,232.08613456148387
361.1722059302705,236.8054804381581
370.0513196480939,228.6473415592611
378.9304333659172,230.21150663824878
387.80954708374065,227.3983930481468
396.6886608015641,230.86371384426408
405.5677745193874,229.9639333363481
414.4468882372108,230.04887487821517
423.32600195503426,236.25013895831376
432.2051156728576,231.09357878144687
441.084229390681,233.19066794251745
449.96334310850443,242.17351338849772
458.84245682632786,234.88774471567206
467.7215705441512,232.11580174780298
476.6006842619746,240.16083373964415
485.47979797979804,238.3647050680234
494.35891169762135,244.50238657418026
503.2380254154448,235.87969229360337
512.1171391332682,235.01461913228113
520.9962528510916,232.77377623305878
529.875366568915,237.9108861936512
538.7544802867384,246.4382788150007
547.6335940045618,239.55722977637478
556.5127077223851,235.44768802602135
565.3918214402086,238.9514043229373
574.2709351580319,244.68767011516613
583.1500488758553,238.37602368277726
592.0291625936787,238.11499024573402
600.9082763115022,237.8084608090219
609.7873900293255,237.40824533491636
618.6665037471489,230.9327053401575
627.5456174649723,237.33290690031274
636.4247311827957,233.82124982926067
645.3038449006191,230.93663196029382
654.1829586184425,232.30063497195528
663.0620723362659,234.43460352695567
671.9411860540893,231.2510392658857
680.8202997719127,230.95120988650342
689.6994134897361,236.7333485884549
698.5785272075594,228.99777899014444
707.4576409253829,224.83820075197897
716.3367546432063,229.56405441555063
725.2158683610296,229.42935578357108
734.094982078853,236.20369560756922
742.9740957966765,229.61562725446902
751.8532095144999,230.69581521785616
760.7323232323232,229.67480546802875
769.6114369501466,229.36281142266378
778.4905506679701,228.87619726240493
787.3696643857934,231.22754231869587
796.2487781036168,229.32156356929684
805.1278918214402,239.58386651629667
814.0070055392636,231.50029103362226
822.886119257087,232.78712169282758
831.7652329749104,233.96202946894954
840.6443466927338,234.84233873615455
849.5234604105572,235.3562275016932
858.4025741283806,235.86344855450716
867.281687846204,227.7411433692962
876.1608015640273,231.1349830519269
885.0399152818508,235.18742147747258
893.9190289996742,234.99209932662458
902.7981427174976,237.16184530434973
911.6772564353209,241.1121634919051
920.5563701531444,240.45843013057328
929.4354838709678,238.23051948051943
