50.403225806451616,239.58333333333326
59.28233952427501,236.50980118992487
68.1614532420984,241.16042515004764
77.0405669599218,241.52782151590992
85.91968067774519,238.763012003436
94.79879439556859,241.58441484759155
103.677908113392,241.339251687389
112.5570218312154,240.9555418924766
121.43613554903878,240.46610539984349
130.31524926686217,239.90376214647887
139.19436298468557,239.30133206937194
148.07347670250897,246.04427018323466
156.95259042033237,238.107491191888
165.83170413815577,237.58172026548937
174.71081785597914,237.14714226330523
183.58993157380255,236.83657712232483
192.46904529162595,236.6828447795374
201.34815900944935,236.71876517193203
210.22727272727275,236.97640421162507
219.10638644509612,243.2930309431657
227.98550016291952,237.91795768780636
236.86461388074292,238.30384206009396
245.74372759856632,242.0819778302712
254.62284131638972,238.13267724667492
263.5019550342131,237.4772739349513
272.3810687520365,236.1417853394699
281.2601824698599,234.1637325509521
290.13929618768327,231.8607618233507
299.0184099055067,236.78542349828362
307.89752362333013,226.83334376656157
316.77663734115345,229.5288260108921
325.6557510589769,223.21460729059
334.5348647768003,229.81535128527577
343.4139784946236,230.07974442605575
352.29309221244705,230.2504954732786
361.1722059302705,228.57755845359097
370.0513196480939,230.289437667577
378.9304333659172,230.21150663824878
387.80954708374065,230.10462823612033
396.6886608015641,224.59592718101462
405.5677745193874,229.9639333363481
414.4468882372108,230.04887487821517
423.32600195503426,223.95856671857007
432.2051156728576,231.09357878144687
441.084229390681,235.4212583303625
449.96334310850443,237.9052252522947
458.84245682632786,237.57962224667838
467.7215705441512,238.75565301901082
476.6006842619746,236.90315465826845
485.47979797979804,238.84965834134192
494.35891169762135,238.4539655759101
503.2380254154448,240.57467961704867
512.1171391332682,238.3632055995498
520.9962528510916,238.752852937008
529.875366568915,239.20353246875155
538.7544802867384,240.32906133332386
547.6335940045618,239.55722977637478
556.5127077223851,239.97194797060337
565.3918214402086,235.55568340920018
574.2709351580319,235.1641657529015
583.1500488758553,238.37602368277726
592.0291625936787,238.11499024573402
600.9082763115022,237.8084608090219
609.7873900293255,233.53054425489637
618.6665037471489,236.82198931913612
627.5456174649723,235.89030322688234
636.4247311827957,234.61899795495063
645.3038449006191,233.3147143891869
654.1829586184425,232.30063497195528
663.0620723362659,231.65569173196627
671.9411860540893,229.86845629985154
680.8202997719127,230.95120988650342
689.6994134897361,230.62449393349303
698.5785272075594,230.23678681798074
707.4576409253829,229.85823034500214
716.3367546432063,223.8311626538151
725.2158683610296,229.42935578357108
734.094982078853,229.47947294124862
742.9740957966765,229.61562725446902
751.8532095144999,229.72000825335488
760.7323232323232,231.25382947034194
769.6114369501466,230.17507287054156
778.4905506679701,228.87619726240493
787.3696643857934,228.79501801584414
796.2487781036168,229.32156356929684
805.1278918214402,226.77599022510353
814.0070055392636,231.50029103362226
822.886119257087,231.4483893738977
831.7652329749104,233.96202946894954
840.6443466927338,238.21155326074216
849.5234604105572,235.3562275016932
858.4025741283806,240.26146238510324
867.281687846204,238.36879374672822
876.1608015640273,237.23593693668144
885.0399152818508,233.50167455053582
893.9190289996742,238.53737632538295
902.7981427174976,238.95078165953697
911.6772564353209,239.0936195601496
920.5563701531444,234.99976418372577
929.4354838709678,238.23051948051943
