50.403225806451616,239.58333333333326
59.28233952427501,240.52320240151832
68.1614532420984,246.9516623224463
77.0405669599218,241.52782151590992
85.91968067774519,241.65821143609492
94.79879439556859,241.58441484759155
103.677908113392,242.5042731845685
112.5570218312154,240.9555418924766
121.43613554903878,235.69767995161936
130.31524926686217,239.90376214647887
139.19436298468557,239.30133206937194
148.07347670250897,248.39471717184426
156.95259042033237,238.107491191888
165.83170413815577,237.58172026548937
174.71081785597914,237.14714226330523
183.58993157380255,236.83657712232483
192.46904529162595,238.05611261351189
201.34815900944935,236.71876517193203
210.22727272727275,239.08878028512532
219.10638644509612,247.83822074239166
227.98550016291952,237.91795768780636
236.86461388074292,246.39778412605875
245.74372759856632,238.42695850147607
254.62284131638972,238.13267724667492
263.5019550342131,237.26636853041293
272.3810687520365,235.71174592498818
281.2601824698599,233.74270181498116
290.13929618768327,231.8607618233507
299.0184099055067,226.12145788360291
307.89752362333013,231.38535228037844
316.77663734115345,229.5288260108921
325.6557510589769,229.5837626304887
334.5348647768003,234.41064168390557
343.4139784946236,230.07974442605575
352.29309221244705,230.2504954732786
361.1722059302705,228.82638653504108
370.0513196480939,228.5436587107625
378.9304333659172,230.21150663824878
387.80954708374065,230.10462823612033
396.6886608015641,233.18074840340105
405.5677745193874,236.54380963873834
414.4468882372108,230.04887487821517
423.32600195503426,237.8116528596762
432.2051156728576,231.09357878144687
441.084229390681,232.70803791287685
449.96334310850443,235.27976430280484
458.84245682632786,226.4838925664671
467.7215705441512,238.75565301901082
476.6006842619746,244.68183140521947
485.47979797979804,238.84965834134192
494.35891169762135,238.4539655759101
503.2380254154448,238.22046785727954
512.1171391332682,234.09404461526975
520.9962528510916,231.53469637958267
529.875366568915,239.20353246875155
538.7544802867384,238.39831876675464
547.6335940045618,239.55722977637478
556.5127077223851,239.30759274948048
565.3918214402086,238.9514043229373
574.2709351580319,238.63903119399384
583.1500488758553,238.37602368277726
592.0291625936787,238.11499024573402
600.9082763115022,248.0908020457654
609.7873900293255,238.4747543382798
618.6665037471489,236.82198931913612
627.5456174649723,233.8855282592666
636.4247311827957,234.61899795495063
645.3038449006191,240.04575484559177
654.1829586184425,232.30063497195528
663.0620723362659,236.27798198115283
671.9411860540893,231.2510392658857
680.8202997719127,230.95120988650342
689.6994134897361,230.62449393349303
698.5785272075594,230.23678681798074
707.4576409253829,227.13504392072892
716.3367546432063,229.56405441555063
725.2158683610296,229.42935578357108
734.094982078853,229.47947294124862
742.9740957966765,232.44845216091664
751.8532095144999,229.72000825335488
760.7323232323232,226.83392389810666
769.6114369501466,229.36281142266378
778.4905506679701,228.87619726240493
787.3696643857934,225.97147409661142
796.2487781036168,235.14232864160513
805.1278918214402,230.2842131171675
814.0070055392636,228.2541091690569
822.886119257087,224.55743758171016
831.7652329749104,233.96202946894954
840.6443466927338,234.84233873615455
849.5234604105572,236.35534806517083
858.4025741283806,232.40069517545516
867.281687846204,236.51643967224953
876.1608015640273,239.30350928299205
885.0399152818508,237.93767195274515
893.9190289996742,239.4213627937816
902.7981427174976,240.03927538347048
911.6772564353209,239.0936195601496
920.5563701531444,238.881621632163
929.4354838709678,238.23051948051943
