50.403225806451616,244.36695059450466
59.28233952427501,240.52320240151832
68.1614532420984,249.93080665494992
77.0405669599218,241.52782151590992
85.91968067774519,241.65821143609492
94.79879439556859,241.58441484759155
103.677908113392,241.339251687389
112.5570218312154,246.4814082199889
121.43613554903878,248.19852954935374
130.31524926686217,239.90376214647887
139.19436298468557,239.30133206937194
148.07347670250897,238.69163510551192
156.95259042033237,228.89755905804182
165.83170413815577,240.24516185144154
174.71081785597914,237.14714226330523
183.58993157380255,236.83657712232483
192.46904529162595,236.6828447795374
201.34815900944935,236.71876517193203
210.22727272727275,237.8464827911229
219.10638644509612,236.79355299146758
227.98550016291952,237.91795768780636
236.86461388074292,237.44329240917236
245.74372759856632,238.42695850147607
254.62284131638972,238.13267724667492
263.5019550342131,237.26636853041293
272.3810687520365,235.71174592498818
281.2601824698599,233.74270181498116
290.13929618768327,231.8607618233507
299.0184099055067,230.52429907406022
307.89752362333013,229.79438897568343
316.77663734115345,229.75954859163267
325.6557510589769,229.5837626304887
334.5348647768003,233.1598873389094
343.4139784946236,224.28625751573566
352.29309221244705,225.33510303840896
361.1722059302705,230.31143004390648
370.0513196480939,231.13692326143135
378.9304333659172,230.21150663824878
387.80954708374065,237.30586351811505
396.6886608015641,230.0030593138264
405.5677745193874,229.9639333363481
414.4468882372108,230.04887487821517
423.32600195503426,230.33623931912675
432.2051156728576,243.99901046632658
441.084229390681,232.70803791287685
449.96334310850443,239.7450214946946
458.84245682632786,237.57962224667838
467.7215705441512,238.75565301901082
476.6006842619746,235.0931537011829
485.47979797979804,238.84965834134192
494.35891169762135,238.4539655759101
503.2380254154448,238.22046785727954
512.1171391332682,238.3632055995498
520.9962528510916,225.77107829935065
529.875366568915,239.20353246875155
538.7544802867384,239.52936679387767
547.6335940045618,239.55722977637478
556.5127077223851,239.30759274948048
565.3918214402086,238.9514043229373
574.2709351580319,238.63903119399384
583.1500488758553,238.37602368277726
592.0291625936787,238.11499024573402
600.9082763115022,237.8084608090219
609.7873900293255,237.40824533491636
618.6665037471489,233.02495656007596
627.5456174649723,231.68934182179993
636.4247311827957,236.64283648803243
645.3038449006191,227.99141839439176
654.1829586184425,240.37570513832785
663.0620723362659,234.41080872808158
671.9411860540893,231.2510392658857
680.8202997719127,230.95120988650342
689.6994134897361,231.33868994055345
698.5785272075594,217.5443680980204
707.4576409253829,229.85823034500214
716.3367546432063,229.22082068340714
725.2158683610296,229.42935578357108
734.094982078853,229.47947294124862
742.9740957966765,222.87536911025995
751.8532095144999,226.28835716769302
760.7323232323232,229.67480546802875
769.6114369501466,229.36281142266378
778.4905506679701,228.87619726240493
787.3696643857934,228.79501801584414
796.2487781036168,229.32156356929684
805.1278918214402,230.2842131171675
814.0070055392636,231.50029103362226
822.886119257087,228.0118237069444
831.7652329749104,233.96202946894954
840.6443466927338,234.84233873615455
849.5234604105572,227.68856182615906
858.4025741283806,233.3759129452017
867.281687846204,238.7806027355789
876.1608015640273,237.23593693668144
885.0399152818508,237.93767195274515
893.9190289996742,238.53737632538295
902.7981427174976,238.95078165953697
911.6772564353209,239.0936195601496
920.5563701531444,238.881621632163
929.4354838709678,238.23051948051943
