100.80645161290323,150.29761904761904
101.5794019826278,150.59356649175066
102.35235235235236,150.88747765044658
103.12530272207692,151.64369611340092
103.89825309180148,152.3188486176236
104.67120346152605,152.09343156877844
105.44415383125062,152.3011036505531
106.21710420097517,152.32646873286237
106.99005457069974,153.1314256134548
107.76300494042431,152.29624110028064
108.53595531014886,153.16539060023624
109.30890567987343,153.44094892347735
110.08185604959799,153.71446512427556
110.85480641932256,153.98593861893016
111.62775678904713,154.20274696515668
112.40070715877168,154.04690192074776
113.17365752849625,154.78809702902544
113.9466078982208,154.22389698481967
114.71955826794537,154.65676227184605
115.49250863766994,155.57185007060303
116.2654590073945,155.50236589885483
117.03840937711907,156.08411911091346
117.81135974684364,155.4521404394556
118.58431011656819,155.64424859075416
119.35726048629276,156.3362330110483
120.13021085601733,156.71456409446827
120.90316122574188,158.28494736320687
121.67611159546645,157.5717565266247
122.449061965191,157.8125193850413
123.22201233491558,158.0512301981031
123.99496270464013,158.28788838210943
124.7679130743647,158.30442057331558
125.54086344408927,158.7550445281528
126.31381381381382,158.87759623412742
127.08676418353839,159.21398315356578
127.85971455326296,159.44036943678412
128.63266492298752,159.6646995887428
129.40561529271207,159.88697302574104
130.17856566243665,160.10718916407822
130.9515160321612,161.15264432359987
131.72446640188576,160.54144720996646
132.49741677161035,161.01599591226366
133.2703671413349,160.96746905680192
134.04331751105946,161.1773899463232
134.81626788078404,161.38525003497912
135.5892182505086,161.591048739069
136.36216862023315,162.1588366708924
137.13511898995773,161.35817352766497
137.9080693596823,162.19607070693587
138.68101972940684,162.39361803575488
139.45397009913142,161.69562156726136
140.22692046885598,162.02320487826327
140.99987083858053,163.6457158140595
141.7728212083051,163.2425234795324
142.54577157802967,163.35037845979346
143.31872194775423,163.8959729071136
144.09167231747878,164.2795647499439
144.86462268720334,163.89963272494646
145.63757305692792,164.4785120830755
146.41052342665247,164.2554583445075
147.18347379637703,164.43026623602364
147.9564241661016,164.60300340376264
148.72937453582617,165.62823075699728
149.50232490555072,164.94226323310625
150.2752752752753,165.0543546427995
151.04822564499986,165.27323316293274
151.82117601472441,165.43560795627528
152.594126384449,165.6362219758212
153.36707675417355,164.9934700507197
154.1400271238981,165.91028464561197
154.9129774936227,166.06435903282483
155.68592786334725,166.0136200498616
156.4588782330718,166.36627754119732
157.23182860279638,166.51412049495553
158.00477897252094,167.43640301671232
158.7777293422455,166.00011892690839
159.55067971197008,166.9451771501097
160.32363008169463,167.08470335411872
161.0965804514192,167.22214891143855
161.86953082114377,167.35751323836868
162.64248119086832,167.49079575120828
163.41543156059288,167.6219958662567
164.18838193031743,167.75111299981327
164.961332300042,166.9909572863258
165.73428266976657,168.9490579917392
166.50723303949113,168.12596067452478
167.28018340921568,168.24674004510686
168.05313377894026,168.3654335156936
168.82608414866482,168.48204050258425
169.59903451838937,169.3871854838539
170.37198488811396,168.70899269047453
171.1449352578385,168.81933672407277
171.91788562756307,169.77790138018293
172.69083599728765,168.23717559398045
173.4637863670122,169.13783357907153
174.23673673673676,169.23981883647014
175.00968710646134,169.33971294056707
175.7826374761859,169.4375153076616
176.55558784591045,169.53322535405306
177.32853821563504,170.1147626532944
178.1014885853596,170.25004540635018
178.87443895508414,169.80779573200218
179.64738932480873,169.89513065857446
180.42033969453328,169.98037034594012
181.19329006425784,170.06351421039852
181.96624043398242,170.144561668249
182.73919080370695,170.22351213579077
183.51214117343153,170.28053103477586
184.2850915431561,170.0505297419654
185.05804191288064,170.44777575955723
185.83099228260522,170.51833242885738
186.6039426523298,170.679061230963
187.37689302205433,170.32265002462117
188.14984339177892,170.65069703054021
188.92279376150347,170.29868420360398
189.69574413122803,170.83960546916185
190.4686945009526,170.89755393007857
191.24164487067716,170.9533989799789
192.01459524040172,171.00714003516225
192.7875456101263,171.05877651192782
193.56049597985086,171.10830782657493
194.3334463495754,171.15573339540288
195.1063967193,171.201052634711
195.87934708902455,171.24426496079852
196.6522974587491,172.18836681171433
197.4252478284737,171.3243665385092
198.19819819819824,171.36125462273085
198.9711485679228,172.37506780333504
199.74409893764738,171.2300859917385
200.51704930737193,171.4592610524531
201.2899996770965,171.48770864237716
202.06295004682107,170.80210391195692
202.8359004165456,171.80961163719152
203.60885078627018,171.46173366922906
204.38180115599476,171.58037733680507
205.1547515257193,171.59826117559146
205.92770189544387,171.61403051304814
206.70065226516846,171.62515377905254
207.47360263489298,171.63922334916987
208.24655300461757,171.0543936280208
209.01950337434212,171.6559511755646
209.79245374406668,171.66113925086256
210.56540411379126,171.66420932262676
211.33835448351581,171.28990225343816
212.11130485324037,171.66399312075072
212.88425522296495,171.66070567970914
213.6572055926895,171.65529790033094
214.43015596241406,171.6477691989154
215.20310633213865,172.0692954501289
215.9760567018632,170.65055748006117
216.74900707158776,171.61245172543772
217.52195744131234,171.5964334988658
218.2949078110369,171.9410714374044
219.06785818076145,171.9088503444972
219.84080855048603,171.52510151015136
220.61375892021059,171.51111635016275
221.38670928993514,170.84599655790024
222.15965965965972,171.4557030585522
222.93261002938428,171.42480569047973
223.70556039910883,172.14649843152404
224.47851076883342,171.3566265912969
225.25146113855794,171.31934369278514
226.02441150828253,171.7278225714842
226.7973618780071,171.23838827941736
227.57031224773164,171.19471459716002
228.34326261745622,171.1489094862527
229.11621298718077,171.10097236299475
229.88916335690536,170.31477669661427
230.6621137266299,170.9986997446242
231.43506409635447,170.1122091070155
232.20801446607902,170.88789207244275
232.9809648358036,170.82928613192115
233.75391520552816,170.76854467684473
234.5268655752527,171.58490157640233
235.2998159449773,170.64065288822462
236.07276631470185,170.57350131015457
236.8457166844264,170.5042014221653
237.618667054151,170.43272169410832
238.39161742387554,170.3590281551576
239.1645677936001,170.28308683448677
239.93751816332468,169.67844643222878
240.71046853304924,170.12432496468065
241.4834189027738,170.04143647389296
242.25636927249835,169.5913646246319
243.02931964222293,169.86847452641769
243.80227001194748,169.97692663861733
244.57522038167204,168.7489845282197
245.34817075139662,169.59055962806272
246.12112112112118,169.49285958473527
246.89407149084573,169.39257205142633
247.66702186057032,170.15484877566485
248.43997223029487,169.18409863155932
249.21292260001943,169.07584480334904
249.985872969744,168.9648676018526
250.75882333946856,168.851133056244
251.53177370919312,168.69797992786363
252.30472407891767,168.61525604938544
253.07767444864226,168.9146148509462
253.8506248183668,168.4379004556724
254.62357518809137,167.97971299517985
255.39652555781595,168.1089191899708
256.1694759275405,167.9749320524444
256.94242629726506,168.78053772033817
257.71537666698964,168.41902644022733
258.48832703671417,167.51014773681788
259.26127740643875,167.26654261640033
260.03422777616333,167.25888028746755
260.80717814588786,168.0512050119658
261.58012851561244,166.95030462329458
262.353078885337,166.2837201606159
263.12602925506155,166.71604763991712
263.89897962478614,165.62829728336618
264.6719299945107,166.7018856386817
265.44488036423525,166.12110010957628
266.21783073395983,165.94508480823154
266.9907811036844,166.0495289562427
267.76373147340894,165.5826080403318
268.5366818431335,165.39607863212447
269.3096322128581,165.20597657997735
270.08258258258263,165.01226791306425
270.8555329523072,164.81491866055902
271.6284833220318,164.61389485163554
272.4014336917563,165.0244909688465
273.1743840614809,163.6074449451831
273.9473344312055,163.98843637809392
274.72028480093,164.0494121107984
275.4932351706546,163.55246848182878
276.2661855403792,163.32868394704653
277.0391359101037,162.34580486254816
277.8120862798283,162.59960895563623
278.5850366495529,162.9985653601245
279.3579870192774,162.3940825776429
280.130937389002,162.15039657359256
280.90388775872657,161.9026283632102
281.6768381284511,161.65074397566963
282.4497884981757,161.39470944014465
283.22273886790026,160.9469405493264
283.9956892376248,161.56061939461222
284.7686396073493,160.60136523740206
285.54158997707395,160.32839040167815
286.3145403467985,160.05109556383917
287.087490716523,159.76944675305896
287.86044108624765,160.27559302677133
288.6333914559722,158.26259452227794
289.4063418256967,158.89803677480907
290.17929219542134,158.59863236400224
290.95224256514587,158.4514320069536
291.7251929348704,157.01247012651206
292.49814330459503,158.60000508353238
293.27109367431956,157.56885927465328
294.0440440440441,157.0332993131072
294.81699441376867,157.36708892272037
295.58994478349325,156.37579687614402
296.3628951532178,156.04065317192888
297.13584552294236,155.10791759906667
297.90879589266694,156.22327703691028
298.68174626239147,155.01075848826625
299.45469663211605,154.65961306223866
300.22764700184064,154.3046976999073
301.00059737156516,153.94610459893192
301.77354774128975,153.25112569886338
302.54649811101433,152.69440741411432
303.31944848073886,152.84918084073857
304.09239885046344,152.47679876178412
304.865349220188,152.10119993248435
305.63829958991255,151.72247655049884
306.41124995963713,151.20854806554715
307.1842003293617,150.95602491910967
307.95715069908624,150.5684810650255
308.7301010688108,150.17818144889452
309.5030514385354,149.78521826837652
310.27600180825993,149.3896837211312
311.0489521779845,148.99167000481825
311.8219025477091,149.13815779018546
312.5948529174336,149.06281672375286
313.3678032871582,147.97733791900447
314.1407536568828,147.2350054098757
314.9137040266073,146.5198894726669
315.6866543963319,147.0794433533853
316.4596047660565,146.01065840028716
317.232555135781,145.7293739070494
318.0055055055056,145.31319656381598
318.7784558752302,145.51747031105714
319.5514062449547,144.4762624975981
320.3243566146793,144.055690169933
321.0973069844039,143.63383724277682
321.8702573541284,143.2107959137893
322.643207723853,142.78665838063006
323.41615809357756,142.36151684095893
324.1891084633021,142.56582362882668
324.9620588330266,142.11087410241
325.73500920275126,142.0022784044383
326.5079595724758,140.65275457034988
327.2809099422003,141.10935477805708
328.05386031192495,140.71728917637998
328.8268106816495,139.221970411776
329.599761051374,138.9353029287111
330.37271142109864,137.97782787773116
331.14566179082317,138.0751457592757
331.9186121605477,137.71694446934717
332.69156253027234,137.21498667060337
333.46451289999686,137.37967144416513
334.2374632697214,136.3555370818977
335.010413639446,135.9263006685335
335.78336400917055,135.00640755337218
336.5563143788951,135.06924924078461
337.32926474861966,134.64161208120083
338.10221511834425,133.26201983883777
338.8751654880688,132.99108978817276
339.64811585779336,133.36332194841776
340.42106622751794,132.9390621108143
341.19401659724247,132.51586892220706
341.96696696696705,132.0938313099965
342.73991733669163,132.52593089213323
343.51286770641616,130.3377201400606
344.28581807614074,130.8355412057493
345.0587684458653,131.30110491486704
345.83171881558985,130.45808681050397
346.60466918531444,129.28962838726116
347.377619555039,129.1793940652674
348.15056992476354,128.76980245064652
348.9235202944881,127.37349566335403
349.6964706642127,127.167762283371
350.46942103393724,127.55311885439035
351.2423714036618,127.15188449617526
352.0153217733864,126.75296177056275
352.78827214311093,125.70402493943082
353.5612225128355,125.32361054193572
354.3341728825601,125.5709526633453
355.1071232522846,125.86275028491653
355.8800736220092,124.79613509055488
356.6530239917338,124.24533347886974
357.4259743614583,124.03269830578571
358.1989247311829,123.71304002925142
358.9718751009075,123.28135372824144
359.744825470632,122.91043833567977
360.5177758403566,122.5428127771257
361.2907262100811,122.17856597997965
362.0636765798057,121.81778687164211
362.8366269495303,121.46056437951349
363.6095773192548,121.10698743099435
364.3825276889794,121.54699245534563
365.155478058704,121.02964427003354
365.9284284284285,120.06901912109774
366.7013787981531,119.73091362102069
367.47432916787767,119.5306609741111
368.2472795376022,118.77476107306973
369.0202299073268,119.20173558200526
369.79318027705136,118.42028270083392
370.5661306467759,118.10351737781986
371.3390810165005,117.79128687241973
372.11203138622506,117.48368011203402
372.8849817559496,117.18078602406315
373.65793212567417,116.8826935359076
374.43088249539875,116.22441401713036
375.2038328651233,116.30126906864434
375.97678323484786,116.01811494433747
376.74973360457244,115.74011812944778
377.52268397429697,115.8043061127413
378.29563434402155,115.19995213752155
379.06858471374613,115.8686894205493
379.84153508347066,115.22319335969499
380.61448545319524,114.4306061552722
381.3874358229198,114.85329896261997
382.16038619264435,113.23599632360195
382.93333656236894,113.71247803740167
383.70628693209346,113.48489874028668
384.47923730181805,113.26336602659335
385.25218767154263,113.04796857779698
386.02513804126716,112.83875501184029
386.79808841099174,112.63568986581267
387.5710387807163,112.43872707950604
388.34398915044085,112.96374545679105
389.11693952016543,112.00142592903899
389.88988988989,111.0360334567787
390.66284025961454,112.386137568895
391.4357906293391,111.5438364365049
392.2087409990637,111.3825205441545
392.98169136878823,110.63133829431183
393.7546417385128,111.07718251403885
394.5275921082374,110.53719727878331
395.3005424779619,110.79459575531621
396.0734928476865,111.58826725125097
396.8464432174111,110.53439178632188
397.6193935871356,110.41256819745264
398.3923439568602,110.08974139973648
399.1652943265848,110.18524750992964
399.9382446963093,110.0796582908597
400.7111950660339,109.97938840797333
401.4841454357585,110.81090771308199
402.257095805483,109.79462240991907
403.0300461752076,109.71003417433502
403.8029965449321,109.42379265094361
404.5759469146567,109.55621692901263
405.3488972843813,109.86544644204848
406.1218476541058,109.42257158343067
406.8947980238304,109.36319822252213
407.667748393555,108.85537994045592
408.4406987632795,108.96676766329519
409.2136491330041,109.27237654806392
409.98659950272867,108.84463775673231
410.7595498724532,108.3673495024138
411.5325002421778,109.90354536566792
412.30545061190236,109.21216677074008
413.0784009816269,109.06091487296585
413.85135135135147,108.58270376077189
414.62430172107605,109.0316283662005
415.3972520908006,109.37696725704087
416.17020246052516,109.02011862835525
416.94315283024974,108.45816146735346
417.71610319997427,108.04035211076936
418.48905356969885,109.03537940967125
419.26200393942344,108.83123422457147
420.03495430914796,109.06669948684356
420.80790467887255,109.08856521169395
421.58085504859713,108.9898154075223
422.35380541832166,108.90638421827431
423.12675578804624,109.95950212674177
423.89970615777077,109.21632461466854
424.67265652749535,109.25810829026504
425.44560689721993,109.30373737538655
426.21855726694446,109.35316580982487
426.99150763666904,108.90568978902483
427.7644580063936,109.46323648581998
428.53740837611815,109.30098261363
429.31035874584273,109.58795183658565
430.0833091155673,109.5280559777938
430.85625948529184,109.72694338045724
431.6292098550164,109.8016775742876
432.402160224741,109.87984263577016
433.17511059446554,109.96139250469686
433.9480609641901,110.04628112085967
434.7210113339147,109.27088902748666
435.49396170363923,109.77080930237868
436.2669120733638,110.3205188506837
437.0398624430884,110.41830185370996
437.8128128128129,110.5191933029319
438.5857631825375,110.6231471381414
439.3587135522621,110.96815802873833
440.1316639219866,110.84005772569088
440.9046142917112,111.65638864273214
441.6775646614358,111.70531099637286
442.4505150311603,111.18723999671992
443.2234654008849,111.3086008834852
443.9964157706095,111.43270173478152
444.769366140334,111.55949649040076
445.5423165100586,111.68893909013482
446.3152668797831,111.77855301201444
447.0882172495077,111.95558358111522
447.8611676192323,111.82001221208616
448.6341179889568,112.96436928560863
449.4070683586814,112.3607028685944
450.18001872840597,112.51862004329851
450.9529690981305,113.0534846556436
451.7259194678551,111.91972371768519
452.49886983757966,112.96547553857616
453.2718202073042,113.11886326801418
454.04477057702877,113.27439217927818
454.81772094675335,112.56197274760432
455.5906713164779,113.59168930645167
456.36362168620246,113.75336540194499
457.13657205592705,113.91699843843196
457.9095224256516,114.08254235570442
458.68247279537616,113.45617191908423
459.45542316510074,114.41917859177367
460.22837353482527,114.59017879015428
461.00132390454985,115.19830226597603
461.77427427427443,114.93731304656703
462.54722464399896,114.64933257726095
463.32017501372354,115.46832006004564
464.0931253834481,115.4701581771938
464.86607575317265,115.6508273121724
465.63902612289723,115.83294672585572
466.41197649262176,116.0164703580357
467.18492686234634,116.04971503863067
467.9578772320709,116.38754603705323
468.73082760179545,116.57500596347461
469.50377797152004,116.6452289752616
470.2767283412446,116.95353968910223
471.04967871096915,117.14452136789228
471.82262908069373,117.33658484372242
472.5955794504183,116.57340055763358
473.36852982014284,117.72377294567055
474.1414801898674,117.29689299972242
474.914430559592,118.35957900061616
475.68738092931653,118.3115945641813
476.4603312990411,118.5093201169417
477.2332816687657,118.70791368472123
478.0062320384902,118.90736065773044
478.7791824082148,118.22180328203561
479.5521327779394,119.3087563802803
480.3250831476639,118.66597964828436
481.0980335173885,120.5776337006903
481.8709838871131,119.91688525859186
482.6439342568376,120.15732901716977
483.4168846265622,120.32615759291394
484.1898349962868,119.68210217777377
484.9627853660113,120.73837603489277
485.7357357357359,120.94555352177986
486.5086861054604,121.86373058186402
487.281636475185,121.36197197840211
488.0545868449096,121.57118372855842
488.8275372146341,121.78104434689226
489.6004875843587,121.99153922361421
490.3734379540833,122.20265374893476
491.1463883238078,121.96054415016059
491.9193386935324,122.62668330621403
492.69228906325696,121.96791552001955
493.4652394329815,123.05301614041461
494.2381898027061,123.26700976188681
495.01114017243066,122.50829280130272
495.7840905421552,123.69657836462765
496.55704091187977,124.36462960897937
497.32999128160435,123.43507251349895
498.1029416513289,124.3446655213887
498.87589202105346,124.56163193519119
499.64884239077804,123.93758343656982
500.42179276050257,125.96191202297607
501.19474313022715,125.21513872419297
501.96769349995174,125.99376754556664
502.74064386967626,125.65283677529497
503.51359423940085,125.87225002900789
504.28654460912543,126.96847070802718
505.05949497884995,126.31213194381036
505.83244534857454,126.532571385321
506.6053957182991,126.75332366985205
507.37834608802365,126.74235983327463
508.15129645774823,127.19570832881745
508.92424682747276,126.70240167587646
509.69719719719734,127.639169042391
510.4701475669219,127.86126639518224
511.24309793664645,128.08358893225721
512.016048306371,128.3061220438264
512.7889986760956,128.52885112010046
513.5619490458201,128.75176155128986
514.3348994155447,128.97483872760523
515.1078497852693,129.75538104664864
515.8808001549938,129.3407316098075
516.6537505247184,129.64492462941269
517.426700894443,129.86852268833744
518.1996512641675,130.09221444344092
518.972601633892,130.98127673709925
519.7455520036167,130.53982060302636
520.5185023733412,131.3087871902791
521.2914527430657,130.98762622985342
522.0644031127904,131.3765285786936
522.8373534825149,131.4355144456066
523.6103038522394,132.04434302632671
524.3832542219641,132.38949075000522
525.1562045916886,132.1072459521576
525.9291549614131,132.96214821428038
526.7021053311378,132.5548292975956
527.4750557008623,132.77850584326745
528.2480060705868,132.30052240957917
529.0209564403115,133.22555563156973
529.793906810036,133.44889965462124
530.5668571797605,133.19887730118052
531.3398075494852,134.57411524277148
532.1127579192097,134.1180329219041
532.8857082889342,134.34072904440958
533.6586586586589,134.56322666730506
534.4316090283834,134.62260092240263
535.2045593981079,134.09827121924937
535.9775097678325,135.06065002803197
536.7504601375571,135.45095358402662
537.5234105072816,135.67225670783304
538.2963608770062,135.89328411865165
539.0693112467308,136.11402369152069
539.8422616164553,136.33446330147834
540.6152119861799,137.22071236322634
541.3881623559045,136.77439413281223
542.161112725629,137.8579400518072
542.9340630953536,137.21148277351818
543.7070134650781,137.43173753393265
544.4799638348027,137.0686731134538
545.2529142045273,138.0810038864058
546.0258645742518,138.08572652091306
546.7988149439764,139.18373623403184
547.571765313701,138.5196939493314
548.3447156834255,138.01269284405095
549.1176660531501,138.9519280277848
549.8906164228747,138.71146457289427
550.6635667925992,139.38233175657865
551.4365171623238,140.06528391038546
552.2094675320484,139.94828261412562
552.9824179017729,140.02429325732632
553.7553682714974,140.23726016641012
554.5283186412221,141.08372930578412
555.3012690109466,140.79950888854563
556.0742193806711,140.70617427434078
556.8471697503958,141.08370318127012
557.6201201201203,141.29389715480727
558.3930704898448,142.43705183190934
559.1660208595695,142.28539482653656
559.938971229294,141.92088480360303
560.7119215990185,142.12864217939034
561.4848719687432,142.36248989430132
562.2578223384677,142.54222642047725
563.0307727081922,142.74802903585322
563.8037230779169,142.68024684249215
564.5766734476414,143.04162183536585
565.3496238173659,143.36133336176945
566.1225741870905,143.56435988046493
566.8955245568151,143.76666206258585
567.6684749265396,143.67645716421214
568.4414252962642,144.58754807200475
569.2143756659888,143.82665464066307
569.9873260357133,144.56838492608694
570.7602764054379,144.76688355090758
571.5332267751623,145.51733284211917
572.306177144887,145.29828211650616
573.0791275146116,145.35754840744943
573.852077884336,144.64171732345338
574.6250282540607,145.74717788059252
575.3979786237853,145.9407121129132
576.1709289935097,146.13337650911757
576.9438793632344,146.3251589442438
577.716829732959,146.51604729333013
578.4897801026834,146.7060294314147
579.2627304724081,146.8950932335358
580.0356808421327,147.36699581227
580.8086312118571,147.04652945759
581.5815815815818,147.45665337449955
582.3545319513064,147.64192258314836
583.1274823210308,147.8262128310246
583.9004326907555,148.00951199316643
584.6733830604801,149.14478883254603
585.4463334302045,149.3239443179755
586.2192837999291,149.17072368874767
586.9922341696538,149.10915657867022
587.7651845393782,147.95810987527355
588.5381349091028,148.19151774552225
589.3110852788275,149.2638372308046
590.0840356485519,149.43877120844627
590.8569860182765,149.6126049756973
591.629936388001,149.6858874662611
592.4028867577256,149.95692337918018
593.1758371274502,150.12738376548845
593.9487874971747,149.30707846023557
594.7217378668993,150.03366452200663
595.4946882366239,150.63182416313862
596.2676386063484,150.79761695872452
597.040588976073,150.96221254422525
597.8135393457976,151.12559879467912
598.5864897155221,151.82365969442588
599.3594400852467,152.4190067796757
600.1323904549713,151.60838028614114
600.9053408246958,151.30640248430254
601.6782911944204,151.92396564758138
602.451241564145,152.0798412635558
603.2241919338695,152.23442266975064
603.997142303594,152.717159567223
604.7700926733187,152.7915667898106
605.5430430430432,152.69028038003967
606.3159934127677,152.83956369749822
607.0889437824924,152.98749218036815
607.8618941522169,153.13405370368764
608.6348445219414,153.27923614249494
609.4077948916661,152.54077739125267
610.1807452613906,153.5654152667256
610.9536956311151,153.70638770222538
611.7266460008398,154.45276632109625
612.4995963705643,153.9840376951849
613.2725467402888,153.5765798582792
614.0454971100135,154.90139325750988
614.8184474797381,154.89809901569308
615.5913978494625,154.5218186700126
616.3643482191871,154.65254339079837
617.1372985889118,155.14261166078703
617.9102489586362,154.35686359144876
618.6831993283608,155.03559429875574
619.4561496980855,155.16019643340232
620.2291000678099,155.28323760910948
621.0020504375345,155.40470570091557
621.775000807259,155.52458858385864
622.5479511769836,155.64287413297708
623.3209015467082,155.75955054153454
624.0938519164326,155.07180143716184
624.8668022861573,155.48521869571383
625.6397526558819,156.2238888895698
626.4127030256063,156.21025259094552
627.185653395331,156.31898105415965
627.9586037650556,155.5071641118398
628.73155413478,155.8253358166789
629.5045045045047,156.25265654242827
630.2774548742293,156.61307901034954
631.0504052439537,156.83948643174162
631.8233556136784,156.9390364694484
632.596305983403,157.03709494451462
633.3692563531274,157.13367276406723
634.142206722852,157.22878083523307
634.9151570925767,157.32243006513897
635.6881074623011,157.4146313609118
636.4610578320257,157.5053956296785
637.2340082017504,157.5947337785659
638.0069585714748,157.6826567147008
638.7799089411994,157.82254753611377
639.5528593109241,157.8543005772208
640.3258096806485,157.9380433178596
641.0987600503731,158.0268734413445
641.8717104200978,158.1014249535292
642.6446607898222,157.89465050241495
643.4176111595468,158.25940750923382
644.1905615292715,159.1097292692468
644.9635118989959,158.27477451977035
645.7364622687205,158.48644894257671
646.5094126384452,159.05553458193344
647.2823630081696,158.63131554780935
648.0553133778942,158.70183326670752
648.8282637476188,158.7507163014117
649.6012141173433,158.83909207270182
650.3741644870679,158.90585497405172
651.1471148567925,158.97138808380595
651.920065226517,159.36209083123939
652.6930155962416,159.09880855703472
653.4659659659662,159.16071773476307
654.2389163356906,159.2214407494032
655.0118667054153,159.15147327354202
655.7848170751399,159.92887637551914
656.5577674448643,159.39660188606294
657.330717814589,158.9797482439929
658.1036681843136,159.50764512572093
658.876618554038,159.561480211496
659.6495689237627,159.5705574911009
660.4225192934873,159.66583185057252
661.1954696632117,159.7163702181277
661.9684200329364,159.7658314938634
662.741370402661,159.36718022170757
663.5143207723854,159.86156639838367
664.2872711421101,160.03633694041088
665.0602215118347,159.95312382114815
665.8331718815591,160.12119751205122
666.6061222512838,160.0405910191718
667.3790726210084,159.7789682194028
668.1520229907328,160.1240552494697
668.9249733604574,160.16431351953858
669.6979237301821,160.94494598737603
670.4708740999065,161.2107357657971
671.2438244696311,160.27932383494766
672.0167748393558,160.54218963556485
672.7897252090802,160.35130270415758
673.5626755788048,159.57198397416187
674.3356259485295,159.7011034337476
675.1085763182539,160.4524471389158
675.8815266879785,160.48438588059423
676.6544770577032,160.51545476586355
677.4274274274276,160.5456647018507
678.2003777971522,160.5750265956826
678.9733281668769,161.2746400542174
679.7462785366013,160.18800338897486
680.5192289063259,160.658133095515
681.2921792760505,160.2341988830289
682.065129645775,160.70949718195268
682.8380800154996,160.73399987251688
683.6110303852242,160.93947362456677
684.3839807549487,159.89762549388746
685.1569311246733,161.06355270007248
685.9298814943979,160.82440278337006
686.7028318641223,161.04009450871774
687.475782233847,160.86519222773057
688.2487326035716,161.45997597940902
689.021682973296,160.90315667406702
689.7946333430207,160.92110679079332
690.5675837127453,161.00133503218782
691.3405340824697,160.95499734699658
692.1134844521944,160.97095960072718
692.886434821919,160.98628104771305
693.6593851916434,161.0009725950809
694.4323355613681,160.595777763822
695.2052859310927,161.02850961947027
695.9782363008171,161.04137691074553
696.7511866705418,161.60429866563643
697.5241370402664,160.95016301683737
698.2970874099908,161.07650478641574
699.0700377797154,161.0870924360102
699.8429881494401,161.09713744300169
700.6159385191645,161.10665071451703
701.3888888888891,161.11564315768308
702.1618392586138,161.12412567962673
702.9347896283382,160.91646060574675
703.7077399980628,161.19080502226774
704.4806903677875,161.39435752774074
705.2536407375119,160.9372518041842
706.0265911072365,161.36165194549284
706.7995414769609,161.16492326472266
707.5724918466856,161.17014173766177
708.3454422164102,161.58698783001827
709.1183925861346,161.17932159804445
709.8913429558593,161.73051339737592
710.6642933255839,161.1868980586122
711.4372436953083,161.71372207141673
712.210194065033,161.19295837637992
712.9831444347576,161.19544724953101
713.756094804482,161.1975898083627
714.5290451742067,161.1885693082741
715.3019955439313,161.21866086743455
716.0749459136557,161.9111452625927
716.8478962833804,161.20291504303285
717.620846653105,161.20348963717055
718.3937970228294,161.4390916079508
719.166747392554,161.20380711789838
719.9396977622787,161.20357181874215
720.7126481320031,161.2030883694084
721.4855985017277,161.20236767702391
722.2585488714524,161.22802455571173
723.0314992411768,161.20025819161023
723.8044496109014,160.67330143600492
724.5773999806261,160.580272633472
725.3503503503505,161.19558731878112
726.1233007200751,161.37617088555723
726.8962510897998,161.1915962235694
727.6692014595242,161.1893702433465
728.4421518292488,161.18700518421466
729.2151021989735,161.18451195330078
729.9880525686979,160.9611089625246
730.7610029384225,162.0488908934063
731.5339533081471,161.1763723011356
732.3069036778716,160.490935189555
733.0798540475962,161.17050497144126
733.8528044173208,161.16747175949942
734.6257547870453,161.16438672566366
735.3987051567699,161.20948660701222
736.1716555264945,161.15810482081764
736.944605896219,161.15492976406117
737.7175562659436,161.15174651391825
738.4905066356682,160.8822108920009
739.2634570053926,160.73016389061155
740.0364073751173,161.14225667443912
740.8093577448419,161.1391497220189
741.5823081145663,161.83926706824283
742.355258484291,161.3876642645719
743.1282088540156,161.20072855827604
743.90115922374,161.1272944060853
744.6741095934647,161.124528236173
745.4470599631893,161.12186294414295
746.2200103329137,162.03477491072815
746.9929607026384,161.11687375348487
747.765911072363,160.22111052995518
748.5388614420874,161.11235190205426
749.311811811812,162.05686568183765
750.0847621815367,161.1082851316422
750.8577125512611,161.1064183718148
751.6306629209857,161.42171472792944
752.4036132907104,161.10301004291094
753.1765636604348,161.1014652498317
753.9495140301594,161.10002455499927
754.7224643998841,161.31124037608905
755.4954147696085,160.37589114154122
756.2683651393331,161.09631093996936
757.0413155090578,161.0952705181108
757.8142658787822,161.72459020596554
758.5872162485068,160.77745192753346
759.3601666182315,162.085474446151
760.1331169879559,161.5269477657365
760.9060673576805,161.0914767423944
761.6790177274052,162.0845972160824
762.4519680971296,160.7192611921293
763.2249184668542,160.31851342855114
763.9978688365788,162.0154919610456
764.7708192063033,160.60450490222271
765.5437695760279,160.3219208334821
766.3167199457525,161.08981540616645
767.089670315477,161.893247488098
767.8626206852016,161.09005516671215
768.6355710549262,160.31253633230952
769.4085214246506,161.09058880814501
770.1814717943753,161.09096180419084
770.9544221640999,160.53202081533513
771.7273725338243,161.09191208693466
772.500322903549,161.09248614963005
773.2732732732736,161.0491557454778
774.046223642998,160.81944645697317
774.8191740127227,161.09458467899435
775.5921243824473,160.37455321350282
776.3650747521717,161.0478384832987
777.1380251218964,161.09721386824825
777.910975491621,160.67444119372698
778.6839258613454,161.66368462712848
779.45687623107,161.74563815098705
780.2298266007947,161.10146969813147
781.0027769705191,161.10265688110744
781.7757273402437,161.10389013028288
782.5486777099684,161.10516783365642
783.3216280796928,161.10648837922676
784.0945784494174,161.10785015499258
784.8675288191421,160.73608824452032
785.6404791888665,161.9316059735486
786.4134295585911,161.11216674345
787.1863799283158,160.90387370657675
787.9593302980402,161.11522106670822
788.7322806677648,161.11679637161953
789.5052310374892,161.11840162271704
790.2781814072139,161.12003520799954
791.0511317769385,160.3425625085203
791.8240821466629,160.87853547387377
792.5970325163876,161.1250898489438
793.3699828861122,161.12682065095305
794.1429332558366,161.84129069942801
794.9158836255613,161.13034146550558
795.6888339952859,161.08224971255484
796.4617843650103,161.1339304807612
797.234734734735,161.13574653364938
798.0076851044596,160.715839995302
798.780635474184,161.13941366994
799.5535858439086,161.0244151945699
800.3265362136333,160.40084529483912
801.0994865833577,160.48719995120078
801.8724369530823,160.8499450359788
802.645387322807,161.14871062860465
803.4183376925314,161.5037160968207
804.191288062256,161.1524472072182
804.9642384319807,161.89986675954202
805.7371888017051,161.52358094591202
806.5101391714297,161.15803084133526
807.2830895411544,161.15987994235485
808.0560399108788,161.1617203015292
808.8289902806034,160.5759986032955
809.6019406503281,161.16536834633686
810.3748910200525,161.16717280796757
811.1478413897771,161.16896207974779
811.9207917595018,161.17073454967615
812.6937421292262,161.1724886057514
813.4666924989508,161.1742226359722
814.2396428686754,160.79940583132228
815.0125932383999,162.1378360502128
815.7855436081245,161.17928845149476
816.5584939778491,162.13949588675072
817.3314443475736,161.1825359792134
818.1043947172982,161.18411600227998
818.8773450870228,161.18566471548283
819.6502954567472,161.86684559402426
820.4232458264719,161.18866176429233
821.1961961961965,161.66024778307326
821.9691465659209,160.82016536118988
822.7420969356456,161.1928822134964
823.5150473053702,161.19420921548974
824.2879976750946,161.1954936236103
825.0609480448193,161.19673382585665
825.8338984145439,161.1979282102275
826.6068487842683,161.19907516472162
827.379799153993,162.07452147983372
828.1527495237176,161.0750276196009
828.925699893442,161.20221532892998
829.6986502631667,160.4628362340583
830.4716006328913,161.05475898044259
831.2445510026157,160.8502452170978
832.0175013723403,161.28857539453207
832.790451742065,161.2706081657628
833.5634021117894,161.2069974304959
834.336352481514,160.90050357210967
835.1093028512387,161.20810025991244
835.8822532209631,161.36914276225815
836.6552035906877,161.2089359937587
837.4281539604124,161.20924966983966
838.2011043301368,161.1931839081683
838.9740546998614,161.20966058031084
839.7470050695861,161.20975459069837
840.5199554393105,162.1626258364843
841.2929058090351,161.2097116617708
842.0658561787598,161.20957149845304
842.8388065484842,160.41078610336322
843.6117569182088,161.209045714103
844.3847072879335,161.20865686906814
845.1576576576579,161.20818190612493
845.9306080273825,162.07478308192304
846.7035583971071,161.20696717850822
847.4765087668316,161.5213464274009
848.2494591365562,161.20538863524243
849.0224095062808,161.72569634276564
849.7953598760053,161.06918512969546
850.5683102457299,160.36127091468103
851.3412606154545,161.20108851772142
852.1142109851789,160.61251889251696
852.8871613549036,161.19834115144516
853.6601117246282,161.19681249942354
854.4330620943526,160.87718722820108
855.2060124640773,161.96036996801223
855.9789628338019,161.19158732380862
856.7519132035263,160.76294915756756
857.524863573251,161.18755507042732
858.2978139429756,161.18536946684134
859.0707643127,161.1830687293233
859.8437146824247,161.81180811437991
860.6166650521493,161.17811540448605
861.3896154218737,161.60321729611294
862.1625657915984,161.17268219990504
862.935516161323,160.22008473179818
863.7084665310474,161.14149494602643
864.481416900772,161.16360440849098
865.2543672704967,162.07867202607414
866.0273176402211,161.88640818190206
866.8002680099457,161.1533743475944
867.5732183796704,161.14970074473771
868.3461687493948,161.14589266393327
869.1191191191194,161.14194849317974
869.8920694888441,161.13786662047582
870.6650198585685,161.13364543382013
871.4379702282931,160.97377295016426
872.2109205980175,161.12477867064848
872.9838709677422,161.12012987012986
