100.80645161290323,150.53078391386003
101.5794019826278,150.01792509395233
102.35235235235236,150.88747765044658
103.12530272207692,151.17935194000574
103.89825309180148,151.4691887767276
104.67120346152605,151.3811117426281
105.44415383125062,152.04274775685664
106.21710420097517,151.95943546567995
106.99005457069974,152.6081499212281
107.76300494042431,152.1984140548373
108.53595531014886,153.16539060023624
109.30890567987343,153.44094892347735
110.08185604959799,153.71446512427556
110.85480641932256,153.98593861893016
111.62775678904713,154.6799235306981
112.40070715877168,154.5227551550058
113.17365752849625,154.78809702902544
113.9466078982208,155.05139386209865
114.71955826794537,155.31264507052475
115.49250863766994,155.57185007060303
116.2654590073945,155.82900827863284
117.03840937711907,156.08411911091346
117.81135974684364,156.33718198374416
118.58431011656819,155.8043063744849
119.35726048629276,156.89849875220395
120.13021085601733,157.08407700852987
120.90316122574188,157.328942206554
121.67611159546645,157.5717565266247
122.449061965191,157.8125193850413
123.22201233491558,158.0512301981031
123.99496270464013,159.28314639784185
124.7679130743647,158.5224933533596
125.54086344408927,158.6348552312632
126.31381381381382,158.98554132278844
127.08676418353839,159.21398315356578
127.85971455326296,159.44036943678412
128.63266492298752,159.58663330519067
129.40561529271207,159.88697302574104
130.17856566243665,160.9624814580388
130.9515160321612,160.32534742005353
131.72446640188576,160.6988534884297
132.49741677161035,160.0851626940767
133.2703671413349,160.96746905680192
134.04331751105946,162.12985941681396
134.81626788078404,161.38525003497912
135.5892182505086,161.591048739069
136.36216862023315,161.79478547489228
137.13511898995773,161.9964596587481
137.9080693596823,162.24867623756032
138.68101972940684,162.39361803575488
139.45397009913142,163.01514790375685
140.22692046885598,163.16450034719608
140.99987083858053,162.9738718689921
141.7728212083051,163.16315848332897
142.54577157802967,163.35037845979346
143.31872194775423,163.53553121468508
144.09167231747878,163.71861616430294
144.86462268720334,163.89963272494646
145.63757305692792,164.07858031291488
146.41052342665247,165.01800987750073
147.18347379637703,164.43026623602364
147.9564241661016,164.60300340376264
148.72937453582617,164.77366926402374
149.50232490555072,164.84279616977142
150.2752752752753,165.10878472730948
151.04822564499986,165.27323316293274
151.82117601472441,165.43560795627528
152.594126384449,165.59590852363652
153.36707675417355,165.75413428131563
154.1400271238981,165.91028464561197
154.9129774936227,166.06435903282483
155.68592786334725,166.2163568592535
156.4588782330718,166.65913261042414
157.23182860279638,167.00031484813474
158.00477897252094,166.65988513682746
158.7777293422455,167.1952890993215
159.55067971197008,166.9451771501097
160.32363008169463,167.08470335411872
161.0965804514192,167.22214891143855
161.86953082114377,167.42153984905505
162.64248119086832,168.01597635889354
163.41543156059288,167.0707351326535
164.18838193031743,168.15049829860757
164.961332300042,168.19315833028008
165.73428266976657,168.003095987648
166.50723303949113,168.58396064180147
167.28018340921568,168.14654221974754
168.05313377894026,168.0678834942013
168.82608414866482,167.55216719777206
169.59903451838937,169.28506123963606
170.37198488811396,168.70899269047453
171.1449352578385,169.5254251180025
171.91788562756307,169.15374314773786
172.69083599728765,169.033757752072
173.4637863670122,169.83065097973852
174.23673673673676,169.23981883647014
175.00968710646134,169.77857876603454
175.7826374761859,168.97147136023244
176.55558784591045,169.53322535405306
177.32853821563504,169.62684249604078
178.1014885853596,169.12112755169682
178.87443895508414,168.9636219418267
179.64738932480873,169.06444882997752
180.42033969453328,169.98037034594012
181.19329006425784,169.41664629956423
181.96624043398242,170.9100390167675
182.73919080370695,170.21419221625388
183.51214117343153,171.04950920089559
184.2850915431561,170.3751197651456
185.05804191288064,170.02516517253537
185.83099228260522,170.51833242885738
186.6039426523298,170.04736275431878
187.37689302205433,170.65314545732056
188.14984339177892,170.71740064908215
188.92279376150347,170.7795541809295
189.69574413122803,170.8839200947469
190.4686945009526,171.34332624364205
191.24164487067716,171.23108705409552
192.01459524040172,171.3074322219996
192.7875456101263,171.05877651192782
193.56049597985086,171.10830782657493
194.3334463495754,171.55029943444964
195.1063967193,171.9306447790653
195.87934708902455,171.24426496079852
196.6522974587491,170.4213255270217
197.4252478284737,171.3243665385092
198.19819819819824,171.36125462273085
198.9711485679228,171.39603345892925
199.74409893764738,171.4287024634035
200.51704930737193,171.4592610524531
201.2899996770965,171.48770864237716
202.06295004682107,171.51404464947512
202.8359004165456,171.53826849004622
203.60885078627018,171.24913695646617
204.38180115599476,172.21655414543818
205.1547515257193,171.59826117559146
205.92770189544387,171.2368879380395
206.70065226516846,171.62768476547456
207.47360263489298,172.31774625179727
208.24655300461757,171.64864568043342
209.01950337434212,171.6559511755646
209.79245374406668,171.66113925086256
210.56540411379126,171.66420932262676
211.33835448351581,171.66516080715635
212.11130485324037,171.66399312075072
212.88425522296495,171.66070567970914
213.6572055926895,170.82217428679698
214.43015596241406,171.6477691989154
215.20310633213865,171.63811899176181
215.9760567018632,171.78131009033913
216.74900707158776,171.61245172543772
217.52195744131234,172.2723545940214
218.2949078110369,171.57829143175303
219.06785818076145,171.5580249403987
219.84080855048603,171.53563344110216
220.61375892021059,171.51111635016275
221.38670928993514,171.48447308387966
222.15965965965972,171.32396434546465
222.93261002938428,171.42480569047973
223.70556039910883,171.39178039596155
224.47851076883342,171.3566265912969
225.25146113855794,171.31934369278514
226.02441150828253,170.50592411375857
226.7973618780071,171.95193355628803
227.57031224773164,171.19471459716002
228.34326261745622,171.1489094862527
229.11621298718077,171.79489661639042
229.88916335690536,170.2151578488413
230.6621137266299,170.9986997446242
231.43506409635447,171.44219572323678
232.20801446607902,170.88789207244275
232.9809648358036,170.82928613192115
233.75391520552816,170.76854467684473
234.5268655752527,169.9366154730286
235.2998159449773,170.64065288822462
236.07276631470185,170.42315928293937
236.8457166844264,171.26227978632403
237.618667054151,170.43272169410832
238.39161742387554,169.9125353502971
239.1645677936001,169.98049744629608
239.93751816332468,170.3486333127935
240.71046853304924,170.12432496468065
241.4834189027738,170.04143647389296
242.25636927249835,170.65343468734534
243.02931964222293,169.86847452641769
243.80227001194748,169.77833312807778
244.57522038167204,169.6857061522349
245.34817075139662,169.1847249723384
246.12112112112118,168.92127694680246
246.89407149084573,169.39257205142633
247.66702186057032,169.28966305730972
248.43997223029487,168.41515729072043
249.21292260001943,169.07584480334904
249.985872969744,168.9648676018526
250.75882333946856,168.851133056244
251.53177370919312,168.73460719569692
252.30472407891767,168.61525604938544
253.07767444864226,168.4324645804464
253.8506248183668,167.47265722686615
254.62357518809137,168.23991118760205
255.39652555781595,168.1089191899708
256.1694759275405,167.9749320524444
256.94242629726506,168.0373597103479
257.71537666698964,168.57592756928713
258.48832703671417,166.8223672392112
259.26127740643875,167.40835268686266
260.03422777616333,167.25888028746755
260.80717814588786,166.69650950779396
261.58012851561244,166.95030462329458
262.353078885337,167.0015047919445
263.12602925506155,166.62866133310376
263.89897962478614,166.09687843809627
264.6719299945107,166.29367865028578
265.44488036423525,166.12110010957628
266.21783073395983,166.7759547984725
266.9907811036844,165.76559877542542
267.76373147340894,164.72433370908814
268.5366818431335,165.39607863212447
269.3096322128581,165.20597657997735
270.08258258258263,165.01226791306425
270.8555329523072,164.81491866055902
271.6284833220318,163.98652685594072
272.4014336917563,163.81502886426992
273.1743840614809,164.20068768122914
273.9473344312055,163.98843637809392
274.72028480093,164.02022031754956
275.4932351706546,163.39406698409775
276.2661855403792,163.32868394704653
277.0391359101037,163.10098706006298
277.8120862798283,162.869343850052
278.5850366495529,162.63372034618726
279.3579870192774,163.34495940695177
280.130937389002,162.15039657359256
280.90388775872657,161.9026283632102
281.6768381284511,161.65074397566963
282.4497884981757,162.26940261122562
283.22273886790026,162.03393086511042
283.9956892376248,161.4619755362566
284.7686396073493,160.60136523740206
285.54158997707395,161.2240691068698
286.3145403467985,160.05109556383917
287.087490716523,159.46798212033508
287.86044108624765,159.17503264799888
288.6333914559722,159.19295132937
289.4063418256967,158.89803677480907
290.17929219542134,158.59863236400224
290.95224256514587,158.29470412612346
291.7251929348704,158.73006571413595
292.49814330459503,157.6972192475125
293.27109367431956,157.59551992125785
294.0440440440441,157.0332993131072
294.81699441376867,156.7067096557567
295.58994478349325,156.37579687614402
296.3628951532178,156.04065317192888
297.13584552294236,155.70137074077113
297.90879589266694,156.19136086990298
298.68174626239147,155.01075848826625
299.45469663211605,154.65961306223866
300.22764700184064,154.3046976999073
301.00059737156516,153.94610459893192
301.77354774128975,152.7794475308285
302.54649811101433,153.21825397168774
303.31944848073886,152.84918084073857
304.09239885046344,152.47679876178412
304.865349220188,152.10119993248435
305.63829958991255,151.72247655049884
306.41124995963713,151.3407208134874
307.1842003293617,150.95602491910967
307.95715069908624,150.5684810650255
308.7301010688108,149.4360626768782
309.5030514385354,149.78521826837652
310.27600180825993,149.3896837211312
311.0489521779845,148.99167000481825
311.8219025477091,149.28808450901198
312.5948529174336,148.18857385562862
313.3678032871582,147.78367581807126
314.1407536568828,147.3766674020853
314.9137040266073,146.96764080533043
315.6866543963319,146.55668822546633
316.4596047660565,146.06063904585096
317.232555135781,145.7293739070494
318.0055055055056,146.10653296077425
318.7784558752302,144.48981333348826
319.5514062449547,144.944892537189
320.3243566146793,143.77409472914414
321.0973069844039,143.63383724277682
321.8702573541284,143.56433688560355
322.643207723853,142.49845458155434
323.41615809357756,142.36151684095893
324.1891084633021,141.93546349243564
324.9620588330266,141.7793848157395
325.73500920275126,141.08099015947138
326.5079595724758,140.65275457034988
327.2809099422003,140.2239759630151
328.05386031192495,139.4871229243013
328.8268106816495,139.36515847521372
329.599761051374,138.9353029287111
330.37271142109864,138.50526904759818
331.14566179082317,137.5894028224551
331.9186121605477,137.64502199114395
332.69156253027234,136.23856757228265
333.46451289999686,137.5708867342281
334.2374632697214,136.3555370818977
335.010413639446,135.9263006685335
335.78336400917055,135.4975084123623
336.5563143788951,135.46258363989597
337.32926474861966,135.05601864693136
338.10221511834425,134.2146858610115
338.8751654880688,133.6043879486536
339.64811585779336,133.36332194841776
340.42106622751794,132.58267532264293
341.19401659724247,132.51586892220706
341.96696696696705,132.65926721806363
342.73991733669163,131.673038201583
343.51286770641616,131.0443108684108
344.28581807614074,130.8355412057493
345.0587684458653,130.41901517312994
345.83171881558985,129.43058266855738
346.60466918531444,129.59085267548852
347.377619555039,128.72261914978677
348.15056992476354,128.035937563404
348.9235202944881,128.36216675902642
349.6964706642127,127.95657591780753
350.46942103393724,128.17911296466895
351.2423714036618,127.15188449617526
352.0153217733864,126.75296177056275
352.78827214311093,126.3564396049533
353.5612225128355,125.9624069267473
354.3341728825601,125.57938283104076
355.1071232522846,125.18216574214767
355.8800736220092,124.79613509055488
356.6530239917338,124.41294963596742
357.4259743614583,124.03269830578571
358.1989247311829,122.89687210888516
358.9718751009075,123.89371311974267
359.744825470632,122.24816214162027
360.5177758403566,122.5428127771257
361.2907262100811,122.623572079928
362.0636765798057,121.81778687164211
362.8366269495303,121.46056437951349
363.6095773192548,121.10698743099435
364.3825276889794,120.75714495348498
365.155478058704,120.41112587438596
365.9284284284285,120.06901912109774
366.7013787981531,119.73091362102069
367.47432916787767,119.39689830155531
368.2472795376022,118.65256813667459
369.0202299073268,118.74149391406151
369.79318027705136,118.42028270083392
370.5661306467759,118.10351737781986
371.3390810165005,117.79128687241973
372.11203138622506,117.48368011203402
372.8849817559496,117.18078602406315
373.65793212567417,116.8826935359076
374.43088249539875,116.58949157496785
375.2038328651233,115.52122199621816
375.97678323484786,116.01811494433747
376.74973360457244,115.74011812944778
377.52268397429697,115.1607408237036
378.29563434402155,114.44631826420265
379.06858471374613,114.937960815286
379.84153508347066,114.68148251206942
380.61448545319524,113.99436075573281
381.3874358229198,114.1854206722949
382.16038619264435,113.94601499053788
382.93333656236894,113.71247803740167
383.70628693209346,113.43919084673026
384.47923730181805,113.26336602659335
385.25218767154263,113.04796857779698
386.02513804126716,112.07024120756722
386.79808841099174,112.74147306305407
387.5710387807163,112.43872707950604
388.34398915044085,111.8412602234953
389.11693952016543,112.06292434522346
389.88988988989,111.88399227683132
390.66284025961454,111.01675298028987
391.4357906293391,112.52625430046578
392.2087409990637,111.3825205441545
392.98169136878823,111.22698459006851
393.7546417385128,111.07718251403885
394.5275921082374,110.93306825585744
395.3005424779619,110.79459575531621
396.0734928476865,111.32924565044792
396.8464432174111,110.92244578868639
397.6193935871356,110.41256819745264
398.3923439568602,110.29620212539128
399.1652943265848,110.18524750992964
399.9382446963093,111.02544788411895
400.7111950660339,109.97938840797333
401.4841454357585,110.46455246006789
402.257095805483,110.4657966834558
403.0300461752076,109.71003417433502
403.8029965449321,109.63058103410225
404.5759469146567,109.80087568615073
405.3488972843813,109.48689579885813
406.1218476541058,109.42257158343067
406.8947980238304,108.73810602104527
407.667748393555,109.30872965592445
408.4406987632795,109.25911982342954
409.2136491330041,108.94770063364479
409.98659950272867,108.86004700615803
410.7595498724532,109.13898212848069
411.5325002421778,109.10834663031608
412.30545061190236,108.30163078549477
413.0784009816269,109.06091487296585
413.85135135135147,109.04402649336414
414.62430172107605,109.0316283662005
415.3972520908006,109.67524756834732
416.17020246052516,109.02011862835525
416.94315283024974,108.9168301822873
417.71610319997427,108.2209280830327
418.48905356969885,109.03537940967125
419.26200393942344,108.3115916060173
420.03495430914796,108.22916379381384
420.80790467887255,108.65793719905898
421.58085504859713,109.11450664710974
422.35380541832166,110.06897019034062
423.12675578804624,109.17843240880512
423.89970615777077,109.21632461466854
424.67265652749535,109.25810829026504
425.44560689721993,109.30373737538655
426.21855726694446,109.35316580982487
426.99150763666904,109.40634753337207
427.7644580063936,109.46323648581998
428.53740837611815,109.20174354091776
429.31035874584273,109.45198061441506
430.0833091155673,110.31908177976752
430.85625948529184,109.72694338045724
431.6292098550164,109.8016775742876
432.402160224741,109.87984263577016
433.17511059446554,109.96139250469686
433.9480609641901,110.78054153774805
434.7210113339147,110.13446242405045
435.49396170363923,110.85699430790575
436.2669120733638,110.3205188506837
437.0398624430884,110.41830185370996
437.8128128128129,111.46861975505409
438.5857631825375,109.79360035116096
439.3587135522621,110.73011729913044
440.1316639219866,110.84005772569088
440.9046142917112,111.4017463682119
441.6775646614358,111.06866513469367
442.4505150311603,111.18723999671992
443.2234654008849,110.84416991961558
443.9964157706095,111.43270173478152
444.769366140334,111.55949649040076
445.5423165100586,110.84948185730461
446.3152668797831,111.82098347377567
447.0882172495077,111.95558358111522
447.8611676192323,112.09269335194533
448.6341179889568,112.23226672605796
449.4070683586814,112.3742576432451
450.18001872840597,112.51862004329851
450.9529690981305,112.66530786601024
451.7259194678551,112.81427505117215
452.49886983757966,113.92014084767486
453.2718202073042,113.11886326801418
454.04477057702877,113.27439217927818
454.81772094675335,113.43201621216002
455.5906713164779,114.10341056037345
456.36362168620246,113.75336540194499
457.13657205592705,113.54749646180808
457.9095224256516,114.08254235570442
458.68247279537616,114.24995109355436
459.45542316510074,114.41917859177367
460.22837353482527,113.70710535064678
461.00132390454985,114.7629056284881
461.77427427427443,114.93731304656703
462.54722464399896,115.11335498418299
463.32017501372354,114.8284725346749
464.0931253834481,115.4701581771938
464.86607575317265,115.72475861162607
465.63902612289723,115.83294672585572
466.41197649262176,115.27306836221292
467.18492686234634,116.20135214850423
467.9578772320709,115.44886974071808
468.73082760179545,116.57500596347461
469.50377797152004,116.76368586756031
470.2767283412446,116.95353968910223
471.04967871096915,117.14452136789228
471.82262908069373,117.94772138335001
472.5955794504183,116.62637981796735
473.36852982014284,117.72377294567055
474.1414801898674,117.91880594287585
474.914430559592,117.9724599847897
475.68738092931653,118.3115945641813
476.4603312990411,119.07545106018262
477.2332816687657,119.06115248375426
478.0062320384902,118.90736065773044
478.7791824082148,118.67545943728193
479.5521327779394,119.3087563802803
480.3250831476639,119.31630433673332
481.0980335173885,119.71339040627566
481.8709838871131,119.91688525859186
482.6439342568376,119.48252706442065
483.4168846265622,120.32615759291394
484.1898349962868,120.53190585534101
484.9627853660113,119.78899635313766
485.7357357357359,121.07370066659422
486.5086861054604,121.15342370621275
487.281636475185,122.15019329829968
488.0545868449096,121.57118372855842
488.8275372146341,122.36195942861197
489.6004875843587,121.99153922361421
490.3734379540833,122.20265374893476
491.1463883238078,122.41437331306453
491.9193386935324,122.62668330621403
492.69228906325696,122.83956911859391
493.4652394329815,123.72597149111257
494.2381898027061,123.26700976188681
495.01114017243066,123.48153537322098
495.7840905421552,123.69657836462765
496.55704091187977,123.9121241263175
497.32999128160435,124.12815804850099
498.1029416513289,124.3446655213887
498.87589202105346,124.56163193519119
499.64884239077804,125.21893753600172
500.42179276050257,124.99688314638274
501.19474313022715,125.50881464375854
501.96769349995174,125.80058407990064
502.74064386967626,125.65283677529497
503.51359423940085,126.64379691494113
504.28654460912543,126.09201995510949
505.05949497884995,126.31213194381036
505.83244534857454,126.532571385321
506.6053957182991,126.75332366985205
507.37834608802365,126.97437418761398
508.15129645774823,127.19570832881745
508.92424682747276,127.41731148367292
509.69719719719734,127.639169042391
510.4701475669219,127.76114284038776
511.24309793664645,128.08358893225721
512.016048306371,128.3061220438264
512.7889986760956,128.52885112010046
513.5619490458201,128.75176155128986
514.3348994155447,128.97483872760523
515.1078497852693,129.19806803925715
515.8808001549938,130.00277785723773
516.6537505247184,129.64492462941269
517.426700894443,129.8251132094198
518.1996512641675,130.09221444344092
518.972601633892,130.31598528493367
519.7455520036167,130.5222875450308
520.5185023733412,130.76370578792944
521.2914527430657,130.98762622985342
522.0644031127904,131.21156731900896
522.8373534825149,131.4355144456066
523.6103038522394,131.65945299985685
524.3832542219641,131.88336837197033
525.1562045916886,132.1072459521576
525.9291549614131,131.95890247061985
526.7021053311378,132.5548292975956
527.4750557008623,132.77850584326745
528.2480060705868,133.0020861578553
529.0209564403115,134.17172233637473
529.793906810036,133.22538888449756
530.5668571797605,133.67210361722042
531.3398075494852,133.95084131180232
532.1127579192097,135.0420496165298
532.8857082889342,134.3421626419721
533.6586586586589,134.56322666730506
534.4316090283834,134.78551118429905
535.2045593981079,134.8833657404849
535.9775097678325,135.97398262963935
536.7504601375571,135.45095358402662
537.5234105072816,135.67225670783304
538.2963608770062,135.89328411865165
539.0693112467308,136.98753351219196
539.8422616164553,136.33446330147834
540.6152119861799,136.35849558775925
541.3881623559045,136.77439413281223
542.161112725629,136.99386110426494
542.9340630953536,137.212979612959
543.7070134650781,137.7086194383948
544.4799638348027,137.65012274222406
545.2529142045273,137.86812311287147
546.0258645742518,138.08572652091306
546.7988149439764,138.30292084138696
547.571765313701,138.5196939493314
548.3447156834255,138.73603371978467
549.1176660531501,138.52983125212032
549.8906164228747,140.07230731987647
550.6635667925992,139.38233175657865
551.4365171623238,139.83938153665605
552.2094675320484,140.7969159624016
552.9824179017729,139.2211181297181
553.7553682714974,140.23726016641012
554.5283186412221,140.44969673830823
555.3012690109466,140.74342598766876
556.0742193806711,140.55206526291886
556.8471697503958,141.08370318127012
557.6201201201203,140.7822010508742
558.3930704898448,142.39476505106236
559.1660208595695,141.71250009093555
559.938971229294,141.92088480360303
560.7119215990185,141.2173995943901
561.4848719687432,142.33576009333572
562.2578223384677,142.54222642047725
563.0307727081922,142.74802903585322
563.8037230779169,142.95315581450174
564.5766734476414,143.15759463146114
565.3496238173659,143.36133336176945
566.1225741870905,143.56435988046493
566.8955245568151,143.76666206258585
567.6684749265396,143.88448173014595
568.4414252962642,144.16904491725649
569.2143756659888,144.75565487433096
569.9873260357133,144.56838492608694
570.7602764054379,144.76688355090758
571.5332267751623,144.9645850893827
572.306177144887,144.22883040197866
573.0791275146116,145.35754840744943
573.852077884336,145.89293081150475
574.6250282540607,145.94780347854464
575.3979786237853,145.6456439581395
576.1709289935097,146.13337650911757
576.9438793632344,146.3251589442438
577.716829732959,146.51604729333013
578.4897801026834,146.7060294314147
579.2627304724081,146.8950932335358
580.0356808421327,147.0832265747315
580.8086312118571,147.27041733003998
581.5815815815818,147.45665337449955
582.3545319513064,147.64192258314836
583.1274823210308,148.74920042242695
583.9004326907555,148.61479878145713
584.6733830604801,148.19180794461207
585.4463334302045,148.37308856039968
586.2192837999291,148.55334171556748
586.9922341696538,149.02362353015408
587.7651845393782,149.81374533109616
588.5381349091028,149.08781516773405
589.3110852788275,150.11940000604972
590.0840356485519,149.43877120844627
590.8569860182765,149.1132066595922
591.629936388001,149.78532640759587
592.4028867577256,149.95692337918018
593.1758371274502,150.2761406522061
593.9487874971747,149.31890430903394
594.7217378668993,150.46484628242942
595.4946882366239,150.63182416313862
596.2676386063484,150.79761695872452
597.040588976073,150.96221254422525
597.8135393457976,151.12559879467912
598.5864897155221,150.5584714247965
599.3594400852467,151.44869479059884
600.1323904549713,151.60838028614114
600.9053408246958,151.7668079467892
601.6782911944204,151.92396564758138
602.451241564145,152.233708491778
603.2241919338695,153.0554996641462
603.997142303594,152.3876977412041
604.7700926733187,152.53965435295444
605.5430430430432,152.69028038003967
606.3159934127677,152.83956369749822
607.0889437824924,153.16391108005575
607.8618941522169,153.57096089704805
608.6348445219414,153.27923614249494
609.4077948916661,152.59250476147028
610.1807452613906,153.36016648463345
610.9536956311151,152.86055933159534
611.7266460008398,153.22369452410072
612.4995963705643,153.35397443704107
613.2725467402888,154.1206910027209
614.0454971100135,154.25588035101208
614.8184474797381,154.3895936150966
615.5913978494625,154.5218186700126
616.3643482191871,153.9205696714891
617.1372985889118,154.52963460454447
617.9102489586362,154.90944333013172
618.6831993283608,155.03559429875574
619.4561496980855,155.16019643340232
620.2291000678099,155.28323760910948
621.0020504375345,154.42267821742644
621.775000807259,155.52458858385864
622.5479511769836,155.1797476646253
623.3209015467082,155.75955054153454
624.0938519164326,155.8746160976242
624.8668022861573,155.98808101980472
625.6397526558819,156.75355583746546
626.4127030256063,156.21025259094552
627.185653395331,156.9768095073674
627.9586037650556,156.42615251197205
628.73155413478,156.5317778715095
629.5045045045047,156.63586803989907
630.2774548742293,157.3952527976418
631.0504052439537,156.83948643174162
631.8233556136784,156.9390364694484
632.596305983403,157.30295603155454
633.3692563531274,156.63338022870263
634.142206722852,157.21714575435988
634.9151570925767,157.32243006513897
635.6881074623011,157.10216209671316
636.4610578320257,157.5053956296785
637.2340082017504,157.5947337785659
638.0069585714748,157.6826567147008
638.7799089411994,157.76917534521016
639.5528593109241,157.8543005772208
640.3258096806485,157.9380433178596
641.0987600503731,158.02041447425344
641.8717104200978,158.1014249535292
642.6446607898222,157.470800661183
643.4176111595468,158.25940750923382
644.1905615292715,158.33640139991647
644.9635118989959,159.14492972792232
645.7364622687205,158.48644894257671
646.5094126384452,158.65615160433796
647.2823630081696,158.63131554780935
648.0553133778942,158.70183326670752
648.8282637476188,158.7710884726294
649.6012141173433,158.83909207270182
650.3741644870679,158.90585497405172
651.1471148567925,158.598583575702
651.920065226517,158.2625984303395
652.6930155962416,159.09880855703472
653.4659659659662,159.8537596032558
654.2389163356906,159.2214407494032
655.0118667054153,159.28098850808195
655.7848170751399,159.33937191792623
656.5577674448643,158.4042822661511
657.330717814589,159.45268931961888
658.1036681843136,159.17928476566107
658.876618554038,159.561480211496
659.6495689237627,159.61420548407088
660.4225192934873,159.66583185057252
661.1954696632117,159.7163702181277
661.9684200329364,159.09717600081242
662.741370402661,159.8142265849064
663.5143207723854,159.86156639838367
664.2872711421101,159.9078618414219
665.0602215118347,159.95312382114815
665.8331718815591,159.99736324468918
666.6061222512838,159.50580178520855
667.3790726210084,160.08281805172308
668.1520229907328,160.1240552494697
668.9249733604574,160.16431351953858
669.6979237301821,160.20360376905666
670.4708740999065,160.2419369051507
671.2438244696311,160.60468000203312
672.0167748393558,160.22786670956486
672.7897252090802,160.35130270415758
673.5626755788048,160.38591645782435
674.3356259485295,160.41962763370145
675.1085763182539,160.4524471389158
675.8815266879785,160.48438588059423
676.6544770577032,160.51545476586355
677.4274274274276,161.32402678086925
678.2003777971522,160.5750265956826
678.9733281668769,160.4854090434369
679.7462785366013,160.31552368549842
680.5192289063259,160.74505633888117
681.2921792760505,160.04786994754727
682.065129645775,160.64267238628656
682.8380800154996,160.73399987251688
683.6110303852242,160.75773087081384
684.3839807549487,160.4379371434835
685.1569311246733,160.8029214191136
685.9298814943979,160.51782125741704
686.7028318641223,160.577338661159
687.475782233847,160.86519222773057
688.2487326035716,161.088549031501
689.021682973296,160.90315667406702
689.7946333430207,161.36591127467014
690.5675837127453,160.93838337939425
691.3405340824697,161.4336865915762
692.1134844521944,160.97095960072718
692.886434821919,160.98628104771305
693.6593851916434,161.0009725950809
694.4323355613681,161.0150451499577
695.2052859310927,161.02850961947027
695.9782363008171,160.80313256645417
696.7511866705418,160.10575424489608
697.5241370402664,161.06536358709138
698.2970874099908,161.26753420254343
699.0700377797154,161.0870924360102
699.8429881494401,160.6707163826308
700.6159385191645,161.10665071451703
701.3888888888891,161.11564315768308
702.1618392586138,161.12412567962673
702.9347896283382,160.360612832123
703.7077399980628,161.1396045883543
704.4806903677875,161.67081184362263
705.2536407375119,161.1531746977146
706.0265911072365,160.7103779915447
706.7995414769609,161.16492326472266
707.5724918466856,160.2861232762124
708.3454422164102,161.17493754639338
709.1183925861346,161.17932159804445
709.8913429558593,161.18330479974173
710.6642933255839,161.1868980586122
711.4372436953083,160.91100770347632
712.210194065033,161.19295837637992
712.9831444347576,161.19544724953101
713.756094804482,161.1975898083627
714.5290451742067,161.19939696000185
715.3019955439313,161.20087961157537
716.0749459136557,161.20204867021005
716.8478962833804,161.5985425027739
717.620846653105,161.20348963717055
718.3937970228294,161.16767414363053
719.166747392554,160.74723988627505
719.9396977622787,161.47942479412046
720.7126481320031,161.2030883694084
721.4855985017277,161.20236767702391
722.2585488714524,161.01429870633973
723.0314992411768,161.20025819161023
723.8044496109014,161.1988912128348
724.5773999806261,161.19733061951615
725.3503503503505,161.0853491060184
726.1233007200751,161.1936722177566
726.8962510897998,160.60165664146191
727.6692014595242,160.21501869741076
728.4421518292488,161.18700518421466
729.2151021989735,161.48575534260846
729.9880525686979,161.27070050891584
730.7610029384225,161.17918460463437
731.5339533081471,161.1763723011356
732.3069036778716,160.6402345639784
733.0798540475962,161.17050497144126
733.8528044173208,160.46407491331917
734.6257547870453,161.41731176945632
735.3987051567699,161.16126077706076
736.1716555264945,161.31293155363812
736.944605896219,160.62765451215913
737.7175562659436,161.15174651391825
738.4905066356682,161.14856597751563
739.2634570053926,162.1212938688893
740.0364073751173,161.1562398835381
740.8093577448419,161.1391497220189
741.5823081145663,161.13608911184656
742.355258484291,161.13308575104895
743.1282088540156,161.1301505467529
743.90115922374,160.75184618761935
744.6741095934647,161.124528236173
745.4470599631893,160.73263907285994
746.2200103329137,161.1193093645855
746.9929607026384,161.11687375348487
747.765911072363,161.11455513664163
748.5388614420874,161.56785513321046
749.311811811812,161.1102624377216
750.0847621815367,161.1082851316422
750.8577125512611,161.1064183718148
751.6306629209857,160.60960245338936
752.4036132907104,161.6478171738638
753.1765636604348,161.1014652498317
753.9495140301594,161.10002455499927
754.7224643998841,161.09868634641228
755.4954147696085,161.09744901206943
756.2683651393331,160.4437825960668
757.0413155090578,161.1694887341622
757.8142658787822,160.4984614326567
758.5872162485068,161.0934761771129
759.3601666182315,160.43953915396943
760.1331169879559,160.31920060150253
760.9060673576805,161.0914767423944
761.6790177274052,160.35554973695008
762.4519680971296,161.69423899326657
763.2249184668542,161.0902691117785
763.9978688365788,161.99338893534912
764.7708192063033,160.8441479473077
765.5437695760279,161.08980976122956
766.3167199457525,161.08981540616645
767.089670315477,161.08989774532773
767.8626206852016,160.52278599357305
768.6355710549262,161.09028605831836
769.4085214246506,161.09058880814501
770.1814717943753,161.59445191972912
770.9544221640999,161.0914034344545
771.7273725338243,160.78069161795744
772.500322903549,160.98801127280387
773.2732732732736,161.09312401053933
774.046223642998,161.63931410771792
774.8191740127227,161.09458467899435
775.5921243824473,160.33140792977972
776.3650747521717,160.29715028679115
777.1380251218964,161.09721386824825
777.910975491621,161.0982006664133
778.6839258613454,162.06049618585067
779.45687623107,161.1003301933562
780.2298266007947,161.1424353171791
781.0027769705191,161.95292559459133
781.7757273402437,160.87806158154734
782.5486777099684,161.10516783365642
783.3216280796928,161.10648837922676
784.0945784494174,161.10785015499258
784.8675288191421,161.1092515489526
785.6404791888665,161.75450117376383
786.4134295585911,161.11216674345
787.1863799283158,161.11367731998467
787.9593302980402,161.77361894247048
788.7322806677648,161.11679637161953
789.5052310374892,161.11840162271704
790.2781814072139,161.12003520799954
791.0511317769385,161.1216955154657
791.8240821466629,161.1233809331142
792.5970325163876,161.1250898489438
793.3699828861122,161.12682065095305
794.1429332558366,160.1784406886569
794.9158836255613,161.13034146550558
795.6888339952859,161.13212825404614
796.4617843650103,161.95787858347316
797.234734734735,161.13574653364938
798.0076851044596,161.13757480070942
798.780635474184,161.13941366994
799.5535858439086,161.14126152933974
800.3265362136333,161.1431167669074
801.0994865833577,161.14497777064162
801.8724369530823,161.1468429285412
802.645387322807,160.41768732651576
803.4183376925314,161.15057925883076
804.191288062256,161.1524472072182
804.9642384319807,162.00880312731138
805.7371888017051,161.73512568627322
806.5101391714297,161.15803084133526
807.2830895411544,161.15987994235485
808.0560399108788,161.1617203015292
808.8289902806034,160.43228732618797
809.6019406503281,161.16536834633686
810.3748910200525,160.77055381279249
811.1478413897771,161.16896207974779
811.9207917595018,160.29673781289824
812.6937421292262,161.1724886057514
813.4666924989508,161.1742226359722
814.2396428686754,161.17593502833722
815.0125932383999,161.8001136753842
815.7855436081245,161.17928845149476
816.5584939778491,161.18092625828464
817.3314443475736,161.14742204173442
818.1043947172982,161.3021537414727
818.8773450870228,161.18566471548283
819.6502954567472,161.18718050682074
820.4232458264719,161.18866176429233
821.1961961961965,160.57876344138663
821.9691465659209,161.1915142296315
822.7420969356456,161.68613120038648
823.5150473053702,161.3572179571481
824.2879976750946,161.1954936236103
825.0609480448193,161.19673382585665
825.8338984145439,161.1979282102275
826.6068487842683,161.19907516472162
827.379799153993,161.20017307733758
828.1527495237176,161.8801871329635
828.925699893442,161.20221532892998
829.6986502631667,161.20315644390377
830.4716006328913,161.20404206899417
831.2445510026157,161.20487059219985
832.0175013723403,161.20564040151964
832.790451742065,161.594988996111
833.5634021117894,161.2069974304959
834.336352481514,161.20758142614977
835.1093028512387,161.20810025991244
835.8822532209631,161.20855231978248
836.6552035906877,160.21951152629225
837.4281539604124,161.20924966983966
838.2011043301368,161.20949173602418
838.9740546998614,161.20966058031084
839.7470050695861,161.20975459069837
840.5199554393105,161.20977215518545
841.2929058090351,161.2097116617708
842.0658561787598,160.6001167581726
842.8388065484842,161.20935005323088
843.6117569182088,161.85365825711995
844.3847072879335,161.20865686906814
845.1576576576579,161.20818190612493
845.9306080273825,161.91615587739264
846.7035583971071,160.88673120679448
847.4765087668316,161.46551272844937
848.2494591365562,161.98535205115087
849.0224095062808,161.02207087735633
849.7953598760053,161.203433380317
850.5683102457299,160.84392003477691
851.3412606154545,161.5549972376846
852.1142109851789,160.67963699353913
852.8871613549036,160.40207995000048
853.6601117246282,162.0966070548722
854.4330620943526,161.50122711412973
855.2060124640773,161.19343719760656
855.9789628338019,161.71013405277125
856.7519132035263,160.70716490989764
857.524863573251,161.18755507042732
858.2978139429756,161.72878023843916
859.0707643127,161.90738190941232
859.8437146824247,161.18065124587199
860.6166650521493,161.17811540448605
861.3896154218737,160.5951229146573
862.1625657915984,161.17268219990504
862.935516161323,161.16978161270737
863.7084665310474,161.1667562195698
864.481416900772,161.16360440849098
865.2543672704967,161.16032456746973
866.0273176402211,161.5480752713624
866.8002680099457,162.14547219347304
867.5732183796704,161.14970074473771
868.3461687493948,161.9098558706213
869.1191191191194,161.44985260063888
869.8920694888441,161.13786662047582
870.6650198585685,161.4102911099617
871.4379702282931,161.12928332121152
872.2109205980175,161.82635957729713
872.9838709677422,160.6998239555652
