100.80645161290323,150.29761904761904
101.5794019826278,151.52972835437782
102.35235235235236,150.88747765044658
103.12530272207692,151.17935194000574
103.89825309180148,151.4691887767276
104.67120346152605,151.7569875769115
105.44415383125062,151.969441139829
106.21710420097517,152.32646873286237
106.99005457069974,152.6241802098127
107.76300494042431,153.0288580381605
108.53595531014886,153.78522094500585
109.30890567987343,153.44094892347735
110.08185604959799,153.71446512427556
110.85480641932256,153.98593861893016
111.62775678904713,154.19304514346666
112.40070715877168,154.5227551550058
113.17365752849625,154.78809702902544
113.9466078982208,155.05139386209865
114.71955826794537,155.31264507052475
115.49250863766994,155.57185007060303
116.2654590073945,156.29667760991296
117.03840937711907,156.08411911091346
117.81135974684364,156.33718198374416
118.58431011656819,156.15037306440408
119.35726048629276,156.90045209271034
120.13021085601733,157.08407700852987
120.90316122574188,157.07477675275044
121.67611159546645,157.5717565266247
122.449061965191,157.1099359136987
123.22201233491558,157.87211553986577
123.99496270464013,158.28788838210943
124.7679130743647,158.5224933533596
125.54086344408927,158.7550445281528
126.31381381381382,158.98554132278844
127.08676418353839,159.21398315356578
127.85971455326296,159.44036943678412
128.63266492298752,159.6646995887428
129.40561529271207,159.2622198403793
130.17856566243665,160.10718916407822
130.9515160321612,160.32534742005353
131.72446640188576,160.54144720996646
132.49741677161035,160.7554879501162
133.2703671413349,161.4888819632647
134.04331751105946,161.1773899463232
134.81626788078404,160.84090972623733
135.5892182505086,162.0728835114719
136.36216862023315,161.79478547489228
137.13511898995773,162.33226341274857
137.9080693596823,162.19607070693587
138.68101972940684,162.39361803575488
139.45397009913142,162.58910106150438
140.22692046885598,161.8586165046342
140.99987083858053,162.9738718689921
141.7728212083051,163.16315848332897
142.54577157802967,163.35037845979346
143.31872194775423,163.53553121468508
144.09167231747878,163.71861616430294
144.86462268720334,163.89963272494646
145.63757305692792,164.56029420883837
146.41052342665247,165.1540173409486
147.18347379637703,164.43026623602364
147.9564241661016,164.60300340376264
148.72937453582617,164.77366926402374
149.50232490555072,164.94226323310625
150.2752752752753,165.10878472730948
151.04822564499986,165.27323316293274
151.82117601472441,165.43560795627528
152.594126384449,165.59590852363652
153.36707675417355,166.360824536614
154.1400271238981,165.91028464561197
154.9129774936227,166.06435903282483
155.68592786334725,166.2163568592535
156.4588782330718,166.36627754119732
157.23182860279638,166.73495854659492
158.00477897252094,166.65988513682746
158.7777293422455,167.33943728191213
159.55067971197008,166.9451771501097
160.32363008169463,167.08470335411872
161.0965804514192,166.53392944247273
161.86953082114377,167.35751323836868
162.64248119086832,167.49079575120828
163.41543156059288,167.6219958662567
164.18838193031743,167.60554433902706
164.961332300042,167.08814008707822
165.73428266976657,168.003095987648
166.50723303949113,168.12596067452478
167.28018340921568,168.24674004510686
168.05313377894026,168.53195946121352
168.82608414866482,168.85221684796025
169.59903451838937,168.59656042207814
170.37198488811396,168.70899269047453
171.1449352578385,168.93649621389665
171.91788562756307,168.92759193917217
172.69083599728765,169.659990686185
173.4637863670122,169.13783357907153
174.23673673673676,168.48923591746265
175.00968710646134,169.2003842268784
175.7826374761859,168.5493278842738
176.55558784591045,169.53322535405306
177.32853821563504,169.62684249604078
178.1014885853596,170.71522263210332
178.87443895508414,169.89564595918384
179.64738932480873,170.15856982210437
180.42033969453328,169.98037034594012
181.19329006425784,170.06351421039852
181.96624043398242,170.97025111808486
182.73919080370695,170.22351213579077
183.51214117343153,170.30036502932327
184.2850915431561,170.73530076770132
185.05804191288064,170.44777575955723
185.83099228260522,170.51833242885738
186.6039426523298,171.08784313996574
187.37689302205433,170.9405255770662
188.14984339177892,170.71740064908215
188.92279376150347,170.7795541809295
189.69574413122803,170.83960546916185
190.4686945009526,170.89755393007857
191.24164487067716,170.9533989799789
192.01459524040172,171.00714003516225
192.7875456101263,171.03968400462765
193.56049597985086,171.32644146736655
194.3334463495754,171.15573339540288
195.1063967193,172.06382052219138
195.87934708902455,171.24426496079852
196.6522974587491,171.28536978996485
197.4252478284737,172.32061606833153
198.19819819819824,171.40074099430234
198.9711485679228,171.39603345892925
199.74409893764738,171.72625952651742
200.51704930737193,172.31403753686024
201.2899996770965,171.48770864237716
202.06295004682107,171.23257284641318
202.8359004165456,171.98454519640157
203.60885078627018,171.0598494621479
204.38180115599476,171.58037733680507
205.1547515257193,171.59826117559146
205.92770189544387,171.61403051304814
206.70065226516846,171.04330035204623
207.47360263489298,172.27171919198796
208.24655300461757,171.25622430460584
209.01950337434212,171.6559511755646
209.79245374406668,171.66113925086256
210.56540411379126,172.26383292402016
211.33835448351581,171.66516080715635
212.11130485324037,172.28615551784253
212.88425522296495,172.57404762679212
213.6572055926895,171.65529790033094
214.43015596241406,171.6477691989154
215.20310633213865,171.63811899176181
215.9760567018632,171.62634669516945
216.74900707158776,171.61245172543772
217.52195744131234,171.5964334988658
218.2949078110369,171.9800115090718
219.06785818076145,171.5580249403987
219.84080855048603,171.56108346113191
220.61375892021059,171.51111635016275
221.38670928993514,170.60664478557428
222.15965965965972,171.4557030585522
222.93261002938428,171.42480569047973
223.70556039910883,171.39178039596155
224.47851076883342,170.750036987276
225.25146113855794,171.31934369278514
226.02441150828253,170.9772903630843
226.7973618780071,171.23838827941736
227.57031224773164,171.19471459716002
228.34326261745622,171.1489094862527
229.11621298718077,171.10097236299475
229.88916335690536,171.0509026436855
230.6621137266299,170.9986997446242
231.43506409635447,170.9443630821102
232.20801446607902,170.4884836955357
232.9809648358036,170.3475690219144
233.75391520552816,170.76854467684473
234.5268655752527,171.6128348574776
235.2998159449773,170.64065288822462
236.07276631470185,170.57350131015457
236.8457166844264,170.60616089499362
237.618667054151,169.546870547902
238.39161742387554,170.3590281551576
239.1645677936001,170.57077024156777
239.93751816332468,170.20486376126985
240.71046853304924,170.12432496468065
241.4834189027738,170.04143647389296
242.25636927249835,169.95616431808068
243.02931964222293,169.86847452641769
243.80227001194748,169.77833312807778
244.57522038167204,169.6857061522349
245.34817075139662,169.68123669472038
246.12112112112118,169.49285958473527
246.89407149084573,170.05704982116114
247.66702186057032,168.4123870631588
248.43997223029487,169.29250037385083
249.21292260001943,169.07584480334904
249.985872969744,168.9648676018526
250.75882333946856,168.99301826697567
251.53177370919312,168.19385495051483
252.30472407891767,167.72247357197645
253.07767444864226,168.49304564648318
253.8506248183668,168.36794201616408
254.62357518809137,167.53967693666357
255.39652555781595,168.1089191899708
256.1694759275405,167.9749320524444
256.94242629726506,167.42519773740779
257.71537666698964,167.81727633478894
258.48832703671417,166.70789615686164
259.26127740643875,167.1163235308851
260.03422777616333,167.2828576284744
260.80717814588786,167.79393509599132
261.58012851561244,167.93440608745485
262.353078885337,166.79113341686445
263.12602925506155,166.62866133310376
263.89897962478614,166.4628544011862
264.6719299945107,166.29367865028578
265.44488036423525,166.12110010957628
266.21783073395983,166.26290873661605
266.9907811036844,164.79832951900053
267.76373147340894,166.3672068202286
268.5366818431335,165.39607863212447
269.3096322128581,165.80978235204205
270.08258258258263,165.82441149864502
270.8555329523072,164.81491866055902
271.6284833220318,164.61389485163554
272.4014336917563,164.58689971098588
273.1743840614809,164.20068768122914
273.9473344312055,164.62365529719426
274.72028480093,163.7723746352359
275.4932351706546,163.79651123236553
276.2661855403792,162.70984483036275
277.0391359101037,163.54433213185342
277.8120862798283,162.869343850052
278.5850366495529,162.31265814456324
279.3579870192774,162.3940825776429
280.130937389002,161.82284688745133
280.90388775872657,162.55364685107793
281.6768381284511,161.65074397566963
282.4497884981757,161.39470944014465
283.22273886790026,161.13449078580913
283.9956892376248,160.870054041837
284.7686396073493,160.4060608274358
285.54158997707395,160.32839040167815
286.3145403467985,160.05109556383917
287.087490716523,159.76944675305896
287.86044108624765,159.85577104902893
288.6333914559722,158.6881447500725
289.4063418256967,158.89803677480907
290.17929219542134,158.59863236400224
290.95224256514587,158.29470412612346
291.7251929348704,157.99603510997778
292.49814330459503,157.67314047038272
293.27109367431956,156.47255364545958
294.0440440440441,157.0332993131072
294.81699441376867,156.7067096557567
295.58994478349325,155.5361959473118
296.3628951532178,156.04065317192888
297.13584552294236,155.70137074077113
297.90879589266694,154.9428954663188
298.68174626239147,155.01075848826625
299.45469663211605,153.92031392860042
300.22764700184064,154.3046976999073
301.00059737156516,153.78480634287473
301.77354774128975,153.25779614225183
302.54649811101433,153.684822485892
303.31944848073886,152.84918084073857
304.09239885046344,152.47679876178412
304.865349220188,152.10119993248435
305.63829958991255,151.72247655049884
306.41124995963713,151.3407208134874
307.1842003293617,150.8497593957373
307.95715069908624,151.15322356345902
308.7301010688108,150.17818144889452
309.5030514385354,149.78521826837652
310.27600180825993,149.3896837211312
311.0489521779845,148.99167000481825
311.8219025477091,148.59126931709747
312.5948529174336,147.21091455256217
313.3678032871582,147.78367581807126
314.1407536568828,147.3766674020853
314.9137040266073,146.96764080533043
315.6866543963319,146.2163833402988
316.4596047660565,146.14390186015265
317.232555135781,145.7293739070494
318.0055055055056,144.90354601733696
318.7784558752302,144.8954620281123
319.5514062449547,144.4762624975981
320.3243566146793,144.83147226664437
321.0973069844039,143.63383724277682
321.8702573541284,143.03530823411052
322.643207723853,142.78665838063006
323.41615809357756,142.36151684095893
324.1891084633021,141.93546349243564
324.9620588330266,141.5085905327199
325.73500920275126,140.92210905096493
326.5079595724758,140.65275457034988
327.2809099422003,140.534648511019
328.05386031192495,139.79474653512676
328.8268106816495,139.36515847521372
329.599761051374,138.9353029287111
330.37271142109864,138.50526904759818
331.14566179082317,138.0751457592757
331.9186121605477,137.64502199114395
332.69156253027234,136.47095007746393
333.46451289999686,135.9950909353972
334.2374632697214,135.46050704112983
335.010413639446,136.1535242018689
335.78336400917055,136.12447688119252
336.5563143788951,135.06924924078461
337.32926474861966,134.64161208120083
338.10221511834425,134.2146858610115
338.8751654880688,133.78855950761698
339.64811585779336,133.36332194841776
340.42106622751794,132.9390621108143
341.19401659724247,131.77162241715445
341.96696696696705,132.0938313099965
342.73991733669163,132.09403209547207
343.51286770641616,131.25357852436716
344.28581807614074,130.8355412057493
345.0587684458653,131.4148089125762
345.83171881558985,130.00408935390956
346.60466918531444,129.59085267548852
347.377619555039,129.1793940652674
348.15056992476354,128.76980245064652
348.9235202944881,127.41259886721181
349.6964706642127,127.95657591780753
350.46942103393724,127.55311885439035
351.2423714036618,127.15188449617526
352.0153217733864,127.43145992873252
352.78827214311093,126.3564396049533
353.5612225128355,125.9624069267473
354.3341728825601,125.58050733967846
355.1071232522846,125.18216574214767
355.8800736220092,125.61607322797737
356.6530239917338,124.41294963596742
357.4259743614583,124.03269830578571
358.1989247311829,123.90811440301206
358.9718751009075,123.14840559185575
359.744825470632,122.91043833567977
360.5177758403566,123.10792158945253
361.2907262100811,122.73661280355944
362.0636765798057,122.57491158255876
362.8366269495303,120.75765702626873
363.6095773192548,121.10698743099435
364.3825276889794,120.75714495348498
365.155478058704,120.41112587438596
365.9284284284285,119.43721414972319
366.7013787981531,119.73091362102069
367.47432916787767,118.4117206313103
368.2472795376022,119.06706209010214
369.0202299073268,118.43761225626218
369.79318027705136,118.42028270083392
370.5661306467759,119.05296611078187
371.3390810165005,117.79128687241973
372.11203138622506,117.48368011203402
372.8849817559496,116.5522624331486
373.65793212567417,116.8826935359076
374.43088249539875,116.58949157496785
375.2038328651233,116.45893969919321
375.97678323484786,116.01811494433747
376.74973360457244,115.74011812944778
377.52268397429697,115.46736755137566
378.29563434402155,116.06365131513594
379.06858471374613,114.937960815286
379.84153508347066,114.68148251206942
380.61448545319524,114.4306061552722
381.3874358229198,113.68476571716903
382.16038619264435,113.94601499053788
382.93333656236894,113.01195014086137
383.70628693209346,113.48489874028668
384.47923730181805,113.26336602659335
385.25218767154263,112.50719565755821
386.02513804126716,112.83875501184029
386.79808841099174,112.36325033773954
387.5710387807163,113.43434613170784
388.34398915044085,112.69902910548029
389.11693952016543,112.47147911819718
389.88988988989,111.88399227683132
390.66284025961454,111.71097832732784
391.4357906293391,111.16806776604467
392.2087409990637,111.62720913505193
392.98169136878823,111.22698459006851
393.7546417385128,111.07718251403885
394.5275921082374,111.04521043188504
395.3005424779619,110.79459575531621
396.0734928476865,110.66171895220702
396.8464432174111,109.54207729612568
397.6193935871356,110.41256819745264
398.3923439568602,110.29620212539128
399.1652943265848,110.18524750992964
399.9382446963093,110.0796582908597
400.7111950660339,109.81652716639692
401.4841454357585,109.87867384073883
402.257095805483,109.79462240991907
403.0300461752076,109.07794041677106
403.8029965449321,109.63058103410225
404.5759469146567,108.87488839422895
405.3488972843813,109.48689579885813
406.1218476541058,109.04482119672178
406.8947980238304,109.36319822252213
407.667748393555,108.4126140786689
408.4406987632795,109.25911982342954
409.2136491330041,109.21432266482934
409.98659950272867,109.17429211991575
410.7595498724532,109.13898212848069
411.5325002421778,108.94270481656764
412.30545061190236,109.17256088759497
413.0784009816269,109.06091487296585
413.85135135135147,109.04402649336414
414.62430172107605,109.0316283662005
415.3972520908006,109.80581188259069
416.17020246052516,109.02011862835525
416.94315283024974,109.0209148972575
417.71610319997427,109.02601717776554
418.48905356969885,109.24839983023202
419.26200393942344,108.4162785199906
420.03495430914796,109.64891943583729
420.80790467887255,109.08856521169395
421.58085504859713,108.46017217059074
422.35380541832166,109.14447773288282
423.12675578804624,108.55132802515253
423.89970615777077,109.21632461466854
424.67265652749535,109.25810829026504
425.44560689721993,109.30373737538655
426.21855726694446,109.35316580982487
426.99150763666904,109.40634753337207
427.7644580063936,109.46323648581998
428.53740837611815,109.52378660696054
429.31035874584273,110.13356485966328
430.0833091155673,109.74761818255044
430.85625948529184,109.72694338045724
431.6292098550164,109.8016775742876
432.402160224741,109.87984263577016
433.17511059446554,109.96139250469686
433.9480609641901,110.46461782451075
434.7210113339147,109.15808234159739
435.49396170363923,110.22589035406112
436.2669120733638,110.3205188506837
437.0398624430884,110.41830185370996
437.8128128128129,110.5191933029319
438.5857631825375,110.31612042768722
439.3587135522621,110.73011729913044
440.1316639219866,110.06198695362885
440.9046142917112,111.2886166300976
441.6775646614358,111.21319266590251
442.4505150311603,111.18723999671992
443.2234654008849,111.3086008834852
443.9964157706095,111.43270173478152
444.769366140334,111.55949649040076
445.5423165100586,111.69549142260631
446.3152668797831,112.02942201894861
447.0882172495077,111.31234099841637
447.8611676192323,112.7356444982245
448.6341179889568,112.03370178387453
449.4070683586814,111.62848315729715
450.18001872840597,112.51862004329851
450.9529690981305,112.66530786601024
451.7259194678551,111.9945751643578
452.49886983757966,112.30923476465559
453.2718202073042,113.11886326801418
454.04477057702877,113.27439217927818
454.81772094675335,112.66412657943252
455.5906713164779,113.59168930645167
456.36362168620246,113.75336540194499
457.13657205592705,113.91699843843196
457.9095224256516,114.76596220683668
458.68247279537616,113.89922778578051
459.45542316510074,114.19467441136445
460.22837353482527,114.59017879015428
461.00132390454985,114.07833399030864
461.77427427427443,115.34859405411524
462.54722464399896,115.11611439453543
463.32017501372354,115.54662555577048
464.0931253834481,115.20763128827893
464.86607575317265,115.19727026966957
465.63902612289723,115.83294672585572
466.41197649262176,116.0164703580357
467.18492686234634,116.20135214850423
467.9578772320709,116.38754603705323
468.73082760179545,116.05462879123216
469.50377797152004,116.76368586756031
470.2767283412446,117.30244433578875
471.04967871096915,117.58966072922382
471.82262908069373,117.33658484372242
472.5955794504183,117.28135288408915
473.36852982014284,117.81783200207495
474.1414801898674,117.91880594287585
474.914430559592,118.1147516362296
475.68738092931653,118.3115945641813
476.4603312990411,118.5093201169417
477.2332816687657,118.70791368472123
478.0062320384902,118.44871389916545
478.7791824082148,119.37107591944292
479.5521327779394,119.3087563802803
480.3250831476639,119.65972066656077
481.0980335173885,119.71339040627566
481.8709838871131,119.91688525859186
482.6439342568376,119.20941749087805
483.4168846265622,120.32615759291394
484.1898349962868,120.48426794626678
484.9627853660113,120.73837603489277
485.7357357357359,120.94555352177986
486.5086861054604,120.41455569792831
487.281636475185,121.14635145798003
488.0545868449096,121.57118372855842
488.8275372146341,121.78104434689226
489.6004875843587,122.89281373774232
490.3734379540833,121.63776078990212
491.1463883238078,122.41437331306453
491.9193386935324,122.42764244624921
492.69228906325696,122.83956911859391
493.4652394329815,123.05301614041461
494.2381898027061,123.12741832773874
495.01114017243066,123.95312696953812
495.7840905421552,123.69657836462765
496.55704091187977,123.9121241263175
497.32999128160435,123.40703929716231
498.1029416513289,124.3446655213887
498.87589202105346,124.18513624050316
499.64884239077804,124.51905820950371
500.42179276050257,124.99688314638274
501.19474313022715,125.21513872419297
501.96769349995174,125.43379480376016
502.74064386967626,126.60244888949923
503.51359423940085,126.73010796244337
504.28654460912543,126.36594000545664
505.05949497884995,126.31213194381036
505.83244534857454,126.532571385321
506.6053957182991,127.61576927888903
507.37834608802365,126.13322923275153
508.15129645774823,127.19570832881745
508.92424682747276,127.41731148367292
509.69719719719734,126.72709930396536
510.4701475669219,127.86126639518224
511.24309793664645,127.4473884012567
512.016048306371,128.3061220438264
512.7889986760956,128.87874898280714
513.5619490458201,128.75176155128986
514.3348994155447,128.97483872760523
515.1078497852693,129.19806803925715
515.8808001549938,129.42143487645612
516.6537505247184,129.64492462941269
517.426700894443,128.8971932091365
518.1996512641675,130.17056253655744
518.972601633892,130.31598528493367
519.7455520036167,130.53982060302636
520.5185023733412,130.76370578792944
521.2914527430657,130.4321167839558
522.0644031127904,131.21156731900896
522.8373534825149,131.2751699090481
523.6103038522394,131.6596264547629
524.3832542219641,131.88336837197033
525.1562045916886,132.0945280850888
525.9291549614131,132.33107113062914
526.7021053311378,132.50734179547732
527.4750557008623,132.18353659511078
528.2480060705868,133.44859177618844
529.0209564403115,133.22555563156973
529.793906810036,133.44889965462124
530.5668571797605,133.67210361722042
531.3398075494852,133.89515290957786
532.1127579192097,134.1180329219041
532.8857082889342,134.34072904440958
533.6586586586589,134.55948723164374
534.4316090283834,134.78551118429905
535.2045593981079,135.00756869729787
535.9775097678325,135.22938687219437
536.7504601375571,135.45095358402662
537.5234105072816,134.91350684124558
538.2963608770062,135.89328411865165
539.0693112467308,136.11402369152069
539.8422616164553,136.33446330147834
540.6152119861799,136.5545908235628
541.3881623559045,136.77439413281223
542.161112725629,136.99386110426494
542.9340630953536,137.212979612959
543.7070134650781,137.43173753393265
544.4799638348027,138.44413105581904
545.2529142045273,137.86812311287147
546.0258645742518,138.08572652091306
546.7988149439764,137.55927908784426
547.571765313701,138.07597466496532
548.3447156834255,139.46153830057307
549.1176660531501,138.9519280277848
549.8906164228747,139.1673647483701
550.6635667925992,140.2633529770109
551.4365171623238,139.5968169274488
552.2094675320484,140.2150441927806
552.9824179017729,140.02429325732632
553.7553682714974,141.083066665479
554.5283186412221,140.44969673830823
555.3012690109466,140.66159084805878
556.0742193806711,141.57462044825476
556.8471697503958,141.08370318127012
557.6201201201203,141.67742771430778
558.3930704898448,141.62548206870946
559.1660208595695,140.98751291804564
559.938971229294,141.7472021451981
560.7119215990185,142.12864217939034
561.4848719687432,142.33576009333572
562.2578223384677,142.54222642047725
563.0307727081922,142.01208323138948
563.8037230779169,142.95315581450174
564.5766734476414,142.78197323081653
565.3496238173659,143.36133336176945
566.1225741870905,143.56435988046493
566.8955245568151,143.76666206258585
567.6684749265396,143.9682277831703
568.4414252962642,144.16904491725649
569.2143756659888,144.5225071923387
569.9873260357133,144.56838492608694
570.7602764054379,144.76688355090758
571.5332267751623,144.9645850893827
572.306177144887,145.1614774165506
573.0791275146116,145.35754840744943
573.852077884336,145.41145153636626
574.6250282540607,145.28203172106424
575.3979786237853,145.9407121129132
576.1709289935097,146.13337650911757
576.9438793632344,146.3251589442438
577.716829732959,146.51604729333013
578.4897801026834,147.15719252619442
579.2627304724081,146.8950932335358
580.0356808421327,146.90372697485424
580.8086312118571,147.27041733003998
581.5815815815818,147.45665337449955
582.3545319513064,148.3755612109129
583.1274823210308,146.98965479222542
583.9004326907555,148.0039028685718
584.6733830604801,148.33748213854065
585.4463334302045,148.3897238787025
586.2192837999291,148.78893619890553
586.9922341696538,148.73255528515372
587.7651845393782,148.9107171441965
588.5381349091028,149.08781516773405
589.3110852788275,149.2638372308046
590.0840356485519,149.43877120844627
590.8569860182765,149.6126049756973
591.629936388001,149.78532640759587
592.4028867577256,149.95692337918018
593.1758371274502,150.05079517617503
593.9487874971747,149.37752104223904
594.7217378668993,150.46484628242942
595.4946882366239,150.63182416313862
596.2676386063484,150.79761695872452
597.040588976073,150.96221254422525
597.8135393457976,151.12559879467912
598.5864897155221,151.28776358512425
599.3594400852467,151.44869479059884
600.1323904549713,152.58172124261642
600.9053408246958,151.46906822246896
601.6782911944204,151.92396564758138
602.451241564145,151.8823125931265
603.2241919338695,152.11076900425059
603.997142303594,152.3876977412041
604.7700926733187,152.53965435295444
605.5430430430432,152.69028038003967
606.3159934127677,152.83956369749822
607.0889437824924,152.98749218036815
607.8618941522169,153.13405370368764
608.6348445219414,153.27923614249494
609.4077948916661,153.63851008910655
610.1807452613906,153.5654152667256
610.9536956311151,153.87413123124847
611.7266460008398,153.14836377485625
612.4995963705643,153.25091165640993
613.2725467402888,154.74605432466413
614.0454971100135,153.80980764841956
614.8184474797381,154.3895936150966
615.5913978494625,154.04049344474643
616.3643482191871,154.65254339079837
617.1372985889118,154.781755652492
617.9102489586362,154.90944333013172
618.6831993283608,155.03559429875574
619.4561496980855,155.17150440262
620.2291000678099,155.65449024459738
621.0020504375345,155.44929176565077
621.775000807259,155.52458858385864
622.5479511769836,155.64287413297708
623.3209015467082,155.75955054153454
624.0938519164326,155.6022352525494
624.8668022861573,155.42526755164926
625.6397526558819,156.09995621520287
626.4127030256063,156.21025259094552
627.185653395331,156.48648581619898
627.9586037650556,156.46370337126902
628.73155413478,156.5317778715095
629.5045045045047,156.63586803989907
630.2774548742293,156.73843392426744
631.0504052439537,156.83948643174162
631.8233556136784,157.1060109386491
632.596305983403,157.03709494451462
633.3692563531274,157.48431395771865
634.142206722852,157.49487743600514
634.9151570925767,157.13071518575492
635.6881074623011,157.4146313609118
636.4610578320257,157.5053956296785
637.2340082017504,157.5947337785659
638.0069585714748,157.6826567147008
638.7799089411994,157.76917534521016
639.5528593109241,157.8543005772208
640.3258096806485,157.9380433178596
641.0987600503731,158.02041447425344
641.8717104200978,157.998194136996
642.6446607898222,158.1810856628137
643.4176111595468,158.25940750923382
644.1905615292715,158.36392409657986
644.9635118989959,158.0077180860365
645.7364622687205,158.48644894257671
646.5094126384452,158.55952440880804
647.2823630081696,157.87800704535968
648.0553133778942,158.70183326670752
648.8282637476188,158.7710884726294
649.6012141173433,158.83909207270182
650.3741644870679,158.90585497405172
651.1471148567925,158.97138808380595
651.920065226517,159.48787145947085
652.6930155962416,159.9220602989117
653.4659659659662,159.04230406901996
654.2389163356906,158.58403776644485
655.0118667054153,159.28098850808195
655.7848170751399,159.46240711735544
656.5577674448643,159.39660188606294
657.330717814589,158.83057662149548
658.1036681843136,159.48676600083917
658.876618554038,159.561480211496
659.6495689237627,159.03563194215647
660.4225192934873,158.800814125218
661.1954696632117,159.7163702181277
661.9684200329364,159.7658314938634
662.741370402661,159.8142265849064
663.5143207723854,158.97919848160316
664.2872711421101,159.9078618414219
665.0602215118347,159.95312382114815
665.8331718815591,159.99736324468918
666.6061222512838,160.10939261642184
667.3790726210084,159.1461207620406
668.1520229907328,160.1240552494697
668.9249733604574,160.16431351953858
669.6979237301821,160.20360376905666
670.4708740999065,160.2419369051507
671.2438244696311,160.27932383494766
672.0167748393558,160.31577546557432
672.7897252090802,160.35130270415758
673.5626755788048,160.38591645782435
674.3356259485295,160.90894510989497
675.1085763182539,160.4524471389158
675.8815266879785,160.48438588059423
676.6544770577032,160.51545476586355
677.4274274274276,159.54679863392815
678.2003777971522,161.00337416202564
678.9733281668769,160.8013871514447
679.7462785366013,159.78790313786786
680.5192289063259,160.658133095515
681.2921792760505,160.6842118919943
682.065129645775,161.69527528598775
682.8380800154996,160.2953765717415
683.6110303852242,161.49843043078465
684.3839807549487,160.94409106206396
685.1569311246733,160.09637651379697
685.9298814943979,160.82440278337006
686.7028318641223,160.84515608386678
687.475782233847,161.05101835878665
688.2487326035716,160.53709269890138
689.021682973296,160.90315667406702
689.7946333430207,161.8474726982388
690.5675837127453,160.10187037128117
691.3405340824697,161.5340800458954
692.1134844521944,160.97095960072718
692.886434821919,160.98628104771305
693.6593851916434,160.02323285986128
694.4323355613681,161.8668512366513
695.2052859310927,161.02850961947027
695.9782363008171,161.71977239729046
696.7511866705418,160.71383154700413
697.5241370402664,160.64843797877262
698.2970874099908,161.07650478641574
699.0700377797154,160.26490397723276
699.8429881494401,161.09713744300169
700.6159385191645,161.10665071451703
701.3888888888891,160.39757806688593
702.1618392586138,161.12412567962673
702.9347896283382,161.13210918747487
703.7077399980628,161.1396045883543
704.4806903677875,161.14662278939198
705.2536407375119,160.93519972716632
706.0265911072365,161.42555791451963
706.7995414769609,161.82979323769425
707.5724918466856,161.17014173766177
708.3454422164102,161.17493754639338
709.1183925861346,161.17932159804445
709.8913429558593,161.06198862235436
710.6642933255839,161.1868980586122
711.4372436953083,161.07937852357782
712.210194065033,161.50525007757523
712.9831444347576,161.19544724953101
713.756094804482,162.18245814233222
714.5290451742067,161.8395260894778
715.3019955439313,160.56441988245535
716.0749459136557,161.20204867021005
716.8478962833804,161.20291504303285
717.620846653105,160.2479246227884
718.3937970228294,161.20378335975013
719.166747392554,161.20380711789838
719.9396977622787,161.20357181874215
720.7126481320031,161.0055510243205
721.4855985017277,161.4410477885529
722.2585488714524,161.0795345360881
723.0314992411768,161.20025819161023
723.8044496109014,161.84370426082566
724.5773999806261,161.9121975465419
725.3503503503505,161.04119767362985
726.1233007200751,160.88400428655356
726.8962510897998,160.4868275540765
727.6692014595242,161.1893702433465
728.4421518292488,161.18700518421466
729.2151021989735,161.18451195330078
729.9880525686979,161.18190145773173
730.7610029384225,162.02385856139972
731.5339533081471,161.1763723011356
732.3069036778716,160.95454849433017
733.0798540475962,160.35360142552
733.8528044173208,161.16747175949942
734.6257547870453,161.16438672566366
735.3987051567699,161.16126077706076
736.1716555264945,161.15810482081764
736.944605896219,161.15492976406117
737.7175562659436,161.62180157230557
738.4905066356682,161.14856597751563
739.2634570053926,161.61077612101562
740.0364073751173,160.958510375926
740.8093577448419,161.1391497220189
741.5823081145663,161.782462522813
742.355258484291,161.14463445671586
743.1282088540156,161.1301505467529
743.90115922374,161.1272944060853
744.6741095934647,161.124528236173
745.4470599631893,161.63735287076412
746.2200103329137,160.98315187784056
746.9929607026384,161.11687375348487
747.765911072363,161.11455513664163
748.5388614420874,161.11235190205426
749.311811811812,161.1102624377216
750.0847621815367,160.49385185737316
750.8577125512611,162.03310473065275
751.6306629209857,161.1046605462382
752.4036132907104,160.60829275216122
753.1765636604348,160.94688583951185
753.9495140301594,161.10002455499927
754.7224643998841,161.09868634641228
755.4954147696085,160.2138257105355
756.2683651393331,160.63846838503017
757.0413155090578,161.0952705181108
757.8142658787822,161.09432613449235
758.5872162485068,161.0600936609163
759.3601666182315,162.07231568297615
760.1331169879559,160.24252798092962
760.9060673576805,161.0914767423944
761.6790177274052,161.41720097888788
762.4519680971296,161.09058636375235
763.2249184668542,160.99698692797134
763.9978688365788,160.25532915773155
764.7708192063033,161.08988242251837
765.5437695760279,161.08980976122956
766.3167199457525,161.08981540616645
767.089670315477,160.75348424758278
767.8626206852016,161.09005516671215
768.6355710549262,161.09028605831836
769.4085214246506,161.70581847098225
770.1814717943753,161.09096180419084
770.9544221640999,161.0914034344545
771.7273725338243,161.09191208693466
772.500322903549,160.3737745241407
773.2732732732736,161.09312401053933
774.046223642998,161.74728757120144
774.8191740127227,161.5113495030273
775.5921243824473,161.33432848680943
776.3650747521717,161.0962811962892
777.1380251218964,160.71630047398605
777.910975491621,161.0982006664133
778.6839258613454,161.0992399787831
779.45687623107,161.1003301933562
780.2298266007947,161.10146969813147
781.0027769705191,160.90016209301942
781.7757273402437,161.48987515261922
782.5486777099684,161.10516783365642
783.3216280796928,161.10648837922676
784.0945784494174,160.39154336879304
784.8675288191421,160.22728543344704
785.6404791888665,162.0142749818116
786.4134295585911,161.11216674345
787.1863799283158,161.11367731998467
787.9593302980402,160.25918266491567
788.7322806677648,162.08547518833558
789.5052310374892,161.50572924780872
790.2781814072139,162.09134072825393
791.0511317769385,161.36278265448973
791.8240821466629,161.27934074857578
792.5970325163876,161.1250898489438
793.3699828861122,161.12682065095305
794.1429332558366,160.84094434208234
794.9158836255613,161.13034146550558
795.6888339952859,161.13212825404614
796.4617843650103,161.1339304807612
797.234734734735,161.13574653364938
798.0076851044596,161.13757480070942
798.780635474184,160.2675149847269
799.5535858439086,161.14126152933974
800.3265362136333,161.1431167669074
801.0994865833577,160.49809185938855
801.8724369530823,161.1468429285412
802.645387322807,160.88389521994463
803.4183376925314,160.51095901923333
804.191288062256,161.65002321038074
804.9642384319807,161.15431286176562
805.7371888017051,160.34967061875818
806.5101391714297,162.00721539268824
807.2830895411544,161.15987994235485
808.0560399108788,160.6569467897492
808.8289902806034,161.16355030685696
809.6019406503281,161.16536834633686
810.3748910200525,161.16717280796757
811.1478413897771,160.84308307068525
811.9207917595018,161.17073454967615
812.6937421292262,161.1724886057514
813.4666924989508,161.1742226359722
814.2396428686754,160.30237418920794
815.0125932383999,162.1499197868516
815.7855436081245,161.63402472096413
816.5584939778491,161.18092625828464
817.3314443475736,161.8684308968438
818.1043947172982,161.18411600227998
818.8773450870228,161.18566471548283
819.6502954567472,161.01731534623917
820.4232458264719,161.18866176429233
821.1961961961965,161.19010687589636
821.9691465659209,161.1915142296315
822.7420969356456,161.1928822134964
823.5150473053702,161.07656415078083
824.2879976750946,161.1954936236103
825.0609480448193,161.19673382585665
825.8338984145439,161.1979282102275
826.6068487842683,161.19907516472162
827.379799153993,160.4477079633064
828.1527495237176,162.16742427150132
828.925699893442,161.20221532892998
829.6986502631667,161.20315644390377
830.4716006328913,161.20404206899417
831.2445510026157,161.20487059219985
832.0175013723403,161.20564040151964
832.790451742065,161.2063498849521
833.5634021117894,161.2069974304959
834.336352481514,161.20758142614977
835.1093028512387,160.89083460763038
835.8822532209631,161.1923477916765
836.6552035906877,161.23434290831352
837.4281539604124,161.20924966983966
838.2011043301368,160.85426089305312
838.9740546998614,161.20966058031084
839.7470050695861,161.20975459069837
840.5199554393105,161.20977215518545
841.2929058090351,161.2097116617708
842.0658561787598,161.20957149845304
842.8388065484842,161.20935005323088
843.6117569182088,161.209045714103
844.3847072879335,161.20865686906814
845.1576576576579,160.67583308448448
845.9306080273825,161.20761921327207
846.7035583971071,161.25393448160807
847.4765087668316,161.0174918546805
848.2494591365562,161.20538863524243
849.0224095062808,161.20445890273783
849.7953598760053,161.8254448946888
850.5683102457299,161.2023104559786
851.3412606154545,161.53818869725504
852.1142109851789,161.19976595354402
852.8871613549036,160.79755107206324
853.6601117246282,161.19681249942354
854.4330620943526,160.83990984238682
855.2060124640773,160.32385106755706
855.9789628338019,161.19158732380862
856.7519132035263,161.18962715208266
857.524863573251,161.18755507042732
858.2978139429756,160.5835550149162
859.0707643127,161.1195013151772
859.8437146824247,161.18065124587199
860.6166650521493,161.92073499561232
861.3896154218737,161.1754595931642
862.1625657915984,161.7460314594002
862.935516161323,161.16978161270737
863.7084665310474,161.1667562195698
864.481416900772,161.16360440849098
865.2543672704967,160.5053736695211
866.0273176402211,161.1851637307242
866.8002680099457,161.1533743475944
867.5732183796704,161.14970074473771
868.3461687493948,161.14589266393327
869.1191191191194,161.47777250655966
869.8920694888441,161.13786662047582
870.6650198585685,161.13364543382013
871.4379702282931,161.12928332121152
872.2109205980175,161.12477867064848
872.9838709677422,160.23593469483825
