100.80645161290323,150.90843975639976
101.5794019826278,150.59356649175066
102.35235235235236,150.88747765044658
103.12530272207692,151.1758876560369
103.89825309180148,151.97648840856786
104.67120346152605,151.7776655977114
105.44415383125062,152.3079716691346
106.21710420097517,153.14460979782638
106.99005457069974,152.6081499212281
107.76300494042431,152.88779073825293
108.53595531014886,152.65446679448723
109.30890567987343,153.44094892347735
110.08185604959799,153.71446512427556
110.85480641932256,153.98593861893016
111.62775678904713,154.367943764282
112.40070715877168,154.5227551550058
113.17365752849625,154.87899453381522
113.9466078982208,154.26560032881346
114.71955826794537,155.31264507052475
115.49250863766994,155.57185007060303
116.2654590073945,155.82900827863284
117.03840937711907,157.0273766838488
117.81135974684364,155.77177894358067
118.58431011656819,155.99426785595583
119.35726048629276,156.83716151625305
120.13021085601733,157.08407700852987
120.90316122574188,157.20083746565473
121.67611159546645,157.5717565266247
122.449061965191,158.33283604379238
123.22201233491558,158.27507777260158
123.99496270464013,158.28788838210943
124.7679130743647,158.45779258063044
125.54086344408927,158.7550445281528
126.31381381381382,158.98554132278844
127.08676418353839,159.21398315356578
127.85971455326296,159.44036943678412
128.63266492298752,159.54213609742263
129.40561529271207,159.88697302574104
130.17856566243665,160.10718916407822
130.9515160321612,160.32534742005353
131.72446640188576,160.54144720996646
132.49741677161035,160.7554879501162
133.2703671413349,161.5339182998467
134.04331751105946,161.1773899463232
134.81626788078404,161.38525003497912
135.5892182505086,161.15521216469617
136.36216862023315,162.52703800615058
137.13511898995773,161.57408787198258
137.9080693596823,162.89772786351978
138.68101972940684,161.64075558849265
139.45397009913142,162.58910106150438
140.22692046885598,163.4929657405655
140.99987083858053,162.9738718689921
141.7728212083051,163.16315848332897
142.54577157802967,163.35037845979346
143.31872194775423,163.53553121468508
144.09167231747878,163.71861616430294
144.86462268720334,163.89963272494646
145.63757305692792,164.77406795061384
146.41052342665247,164.19714960131628
147.18347379637703,164.43026623602364
147.9564241661016,165.105854229646
148.72937453582617,165.52552503945486
149.50232490555072,164.94226323310625
150.2752752752753,165.0618578835004
151.04822564499986,164.56188645879942
151.82117601472441,165.43560795627528
152.594126384449,165.59590852363652
153.36707675417355,164.83215360618803
154.1400271238981,166.08079010317863
154.9129774936227,166.6610554665869
155.68592786334725,167.04818976086642
156.4588782330718,166.8177447131649
157.23182860279638,166.51412049495553
158.00477897252094,165.8272041602722
158.7777293422455,166.80357088311249
159.55067971197008,166.9451771501097
160.32363008169463,168.01455554121335
161.0965804514192,167.23261797865754
161.86953082114377,168.08042169895606
162.64248119086832,167.70289724017445
163.41543156059288,167.6219958662567
164.18838193031743,167.75111299981327
164.961332300042,167.8781465681773
165.73428266976657,168.003095987648
166.50723303949113,167.8678582598016
167.28018340921568,167.8024792212785
168.05313377894026,168.3654335156936
168.82608414866482,168.48204050258425
169.59903451838937,169.4595070620971
170.37198488811396,169.16258570653136
171.1449352578385,168.81933672407277
171.91788562756307,168.37538650175253
172.69083599728765,169.033757752072
173.4637863670122,168.8843375301764
174.23673673673676,169.23981883647014
175.00968710646134,169.33971294056707
175.7826374761859,168.9759092700791
176.55558784591045,169.53322535405306
177.32853821563504,169.62684249604078
178.1014885853596,168.85126028238287
178.87443895508414,170.7128467657997
179.64738932480873,169.89513065857446
180.42033969453328,169.98037034594012
181.19329006425784,170.06351421039852
181.96624043398242,169.47586139197574
182.73919080370695,170.22351213579077
183.51214117343153,171.23361456175152
184.2850915431561,170.76905760650308
185.05804191288064,170.44777575955723
185.83099228260522,171.4771722454844
186.6039426523298,170.58678918934538
187.37689302205433,170.65314545732056
188.14984339177892,170.71740064908215
188.92279376150347,170.7795541809295
189.69574413122803,170.83960546916185
190.4686945009526,171.64217217317787
191.24164487067716,170.9533989799789
192.01459524040172,171.00714003516225
192.7875456101263,171.05877651192782
193.56049597985086,171.72490654301217
194.3334463495754,171.15573339540288
195.1063967193,170.72505715250892
195.87934708902455,172.04591139416758
196.6522974587491,171.28536978996485
197.4252478284737,172.02938589750326
198.19819819819824,170.55191952109988
198.9711485679228,171.39603345892925
199.74409893764738,171.4287024634035
200.51704930737193,171.4592610524531
201.2899996770965,171.48770864237716
202.06295004682107,171.51404464947512
202.8359004165456,171.53826849004622
203.60885078627018,171.0570189444382
204.38180115599476,171.2011961903558
205.1547515257193,171.59826117559146
205.92770189544387,171.61403051304814
206.70065226516846,171.62768476547456
207.47360263489298,171.63922334916987
208.24655300461757,171.64864568043342
209.01950337434212,170.79834968443262
209.79245374406668,171.66113925086256
210.56540411379126,171.8163622081753
211.33835448351581,171.66516080715635
212.11130485324037,171.66399312075072
212.88425522296495,171.66070567970914
213.6572055926895,171.65529790033094
214.43015596241406,171.69073416207652
215.20310633213865,171.63811899176181
215.9760567018632,171.62634669516945
216.74900707158776,171.61245172543772
217.52195744131234,170.92109039072432
218.2949078110369,170.5896986468159
219.06785818076145,171.0583025205925
219.84080855048603,171.82605430700283
220.61375892021059,171.51111635016275
221.38670928993514,171.9907884545691
222.15965965965972,170.55845431266394
222.93261002938428,171.42480569047973
223.70556039910883,171.04808870468642
224.47851076883342,170.3754712285247
225.25146113855794,172.08049124944282
226.02441150828253,171.27993111672552
226.7973618780071,171.23838827941736
227.57031224773164,171.19471459716002
228.34326261745622,171.1489094862527
229.11621298718077,170.20952495733417
229.88916335690536,171.0509026436855
230.6621137266299,170.9986997446242
231.43506409635447,170.9443630821102
232.20801446607902,171.4516382113796
232.9809648358036,170.82928613192115
233.75391520552816,170.14088842019927
234.5268655752527,171.63574270608774
235.2998159449773,171.13289765121056
236.07276631470185,171.24226049869972
236.8457166844264,170.5042014221653
237.618667054151,170.43272169410832
238.39161742387554,170.3590281551576
239.1645677936001,170.28308683448677
239.93751816332468,170.20486376126985
240.71046853304924,170.12432496468065
241.4834189027738,170.80517215072894
242.25636927249835,169.95616431808068
243.02931964222293,169.49386380393798
243.80227001194748,169.0045136006702
244.57522038167204,169.00120445402848
245.34817075139662,169.59055962806272
246.12112112112118,169.49285958473527
246.89407149084573,169.39257205142633
247.66702186057032,169.88994796820268
248.43997223029487,169.18409863155932
249.21292260001943,169.07584480334904
249.985872969744,169.83132989588714
250.75882333946856,168.851133056244
251.53177370919312,168.71764650150214
252.30472407891767,168.61525604938544
253.07767444864226,168.49304564648318
253.8506248183668,169.23135270886286
254.62357518809137,168.23991118760205
255.39652555781595,167.3346993055553
256.1694759275405,167.9749320524444
256.94242629726506,167.83791580419646
257.71537666698964,166.78872521718836
258.48832703671417,166.73532359043605
259.26127740643875,167.40835268686266
260.03422777616333,167.92377824685502
260.80717814588786,167.10620892322024
261.58012851561244,166.2994325419105
262.353078885337,166.79113341686445
263.12602925506155,166.90726949249606
263.89897962478614,166.1189304517204
264.6719299945107,165.48597405730035
265.44488036423525,166.12110010957628
266.21783073395983,166.83604782910953
266.9907811036844,165.76559877542542
267.76373147340894,165.5826080403318
268.5366818431335,165.54349698956523
269.3096322128581,164.8318220148957
270.08258258258263,164.5248954864058
270.8555329523072,165.2749050247322
271.6284833220318,165.37762908086268
272.4014336917563,164.7074333247977
273.1743840614809,164.20068768122914
273.9473344312055,163.98843637809392
274.72028480093,163.7723746352359
275.4932351706546,163.55246848182878
276.2661855403792,163.32868394704653
277.0391359101037,163.10098706006298
277.8120862798283,162.869343850052
278.5850366495529,162.71319138423533
279.3579870192774,162.3940825776429
280.130937389002,162.15039657359256
280.90388775872657,161.9026283632102
281.6768381284511,161.5649213633609
282.4497884981757,161.39470944014465
283.22273886790026,161.13449078580913
283.9956892376248,160.870054041837
284.7686396073493,160.60136523740206
285.54158997707395,160.32839040167815
286.3145403467985,160.80568710133585
287.087490716523,159.76944675305896
287.86044108624765,159.02961928415633
288.6333914559722,158.7093888420727
289.4063418256967,157.9929181968319
290.17929219542134,158.59863236400224
290.95224256514587,158.29470412612346
291.7251929348704,157.9862180903465
292.49814330459503,157.67314047038272
293.27109367431956,157.35547365053577
294.0440440440441,157.0332993131072
294.81699441376867,156.7067096557567
295.58994478349325,155.78749096968284
296.3628951532178,156.04065317192888
297.13584552294236,155.70137074077113
297.90879589266694,155.35804178033032
298.68174626239147,154.79904557386436
299.45469663211605,154.17710865578138
300.22764700184064,153.70496784836297
301.00059737156516,153.94610459893192
301.77354774128975,153.58392595697217
302.54649811101433,152.84683821722422
303.31944848073886,152.5381208346155
304.09239885046344,152.47679876178412
304.865349220188,151.1228035396562
305.63829958991255,151.72247655049884
306.41124995963713,151.3407208134874
307.1842003293617,150.95602491910967
307.95715069908624,150.5684810650255
308.7301010688108,150.17818144889452
309.5030514385354,149.78521826837652
310.27600180825993,149.3896837211312
311.0489521779845,148.99167000481825
311.8219025477091,147.74638541210604
312.5948529174336,148.18857385562862
313.3678032871582,146.91779059236111
314.1407536568828,147.3766674020853
314.9137040266073,146.96764080533043
315.6866543963319,146.55668822546633
316.4596047660565,146.14390186015265
317.232555135781,145.55118125982258
318.0055055055056,145.31319656381598
318.7784558752302,144.8954620281123
319.5514062449547,144.4762624975981
320.3243566146793,144.055690169933
321.0973069844039,143.77468259585814
321.8702573541284,143.2107959137893
322.643207723853,142.13176475244566
323.41615809357756,143.3420226050302
324.1891084633021,141.6024957785547
324.9620588330266,141.5085905327199
325.73500920275126,141.08099015947138
326.5079595724758,140.65275457034988
327.2809099422003,140.2239759630151
328.05386031192495,139.79474653512676
328.8268106816495,139.36515847521372
329.599761051374,138.9353029287111
330.37271142109864,138.01372326390376
331.14566179082317,138.0751457592757
331.9186121605477,137.64502199114395
332.69156253027234,137.21498667060337
333.46451289999686,136.78512872505448
334.2374632697214,136.3555370818977
335.010413639446,136.14930156396395
335.78336400917055,135.4975084123623
336.5563143788951,134.49251238915934
337.32926474861966,134.34150428233366
338.10221511834425,134.2146858610115
338.8751654880688,133.78855950761698
339.64811585779336,134.2963418927269
340.42106622751794,132.9390621108143
341.19401659724247,132.51586892220706
341.96696696696705,132.0938313099965
342.73991733669163,132.30156693132776
343.51286770641616,131.25357852436716
344.28581807614074,130.8355412057493
345.0587684458653,130.41901517312994
345.83171881558985,130.33773660250299
346.60466918531444,130.51949052414918
347.377619555039,129.1793940652674
348.15056992476354,128.5233626063379
348.9235202944881,128.73144629099752
349.6964706642127,126.98059952256249
350.46942103393724,127.55311885439035
351.2423714036618,128.0518250325987
352.0153217733864,126.86819336035676
352.78827214311093,125.90061983509145
353.5612225128355,125.9624069267473
354.3341728825601,125.51175257093254
355.1071232522846,125.18216574214767
355.8800736220092,124.79613509055488
356.6530239917338,124.41294963596742
357.4259743614583,124.03269830578571
358.1989247311829,123.65547002741023
358.9718751009075,123.28135372824144
359.744825470632,122.91043833567977
360.5177758403566,122.5428127771257
361.2907262100811,122.17856597997965
362.0636765798057,121.81778687164211
362.8366269495303,121.46056437951349
363.6095773192548,120.52960290412946
364.3825276889794,120.08047588968928
365.155478058704,120.41112587438596
365.9284284284285,120.87484388703706
366.7013787981531,119.73091362102069
367.47432916787767,119.15420009117314
368.2472795376022,118.80373842082675
369.0202299073268,118.74149391406151
369.79318027705136,118.42028270083392
370.5661306467759,118.10351737781986
371.3390810165005,117.79128687241973
372.11203138622506,117.48368011203402
372.8849817559496,117.18078602406315
373.65793212567417,116.8826935359076
374.43088249539875,116.58949157496785
375.2038328651233,116.30126906864434
375.97678323484786,116.01811494433747
376.74973360457244,115.74011812944778
377.52268397429697,115.46736755137566
378.29563434402155,115.19995213752155
379.06858471374613,114.937960815286
379.84153508347066,115.4354297933972
380.61448545319524,114.4306061552722
381.3874358229198,113.87301705099738
382.16038619264435,113.94601499053788
382.93333656236894,113.94865231399514
383.70628693209346,113.48489874028668
384.47923730181805,113.26336602659335
385.25218767154263,113.04796857779698
386.02513804126716,112.83875501184029
386.79808841099174,112.63568986581267
387.5710387807163,112.43872707950604
388.34398915044085,112.24782059271236
389.11693952016543,112.189864903651
389.88988988989,111.88399227683132
390.66284025961454,112.00772469620681
391.4357906293391,111.5438364365049
392.2087409990637,111.3825205441545
392.98169136878823,111.22698459006851
393.7546417385128,110.19089237024843
394.5275921082374,111.87654470386488
395.3005424779619,110.79459575531621
396.0734928476865,111.54751189719126
396.8464432174111,110.53439178632188
397.6193935871356,110.41256819745264
398.3923439568602,110.29620212539128
399.1652943265848,110.19705807016126
399.9382446963093,109.4700219532909
400.7111950660339,109.97938840797333
401.4841454357585,109.8843918010625
402.257095805483,110.55187026164639
403.0300461752076,109.84093104663256
403.8029965449321,109.95632823689766
404.5759469146567,109.55621692901263
405.3488972843813,108.91391536528226
406.1218476541058,109.42257158343067
406.8947980238304,108.43123624628629
407.667748393555,109.30872965592445
408.4406987632795,109.25911982342954
409.2136491330041,108.64865518397097
409.98659950272867,109.17429211991575
410.7595498724532,109.13898212848069
411.5325002421778,108.11096415135964
412.30545061190236,109.08233956521383
413.0784009816269,109.06091487296585
413.85135135135147,109.04402649336414
414.62430172107605,109.61499584706804
415.3972520908006,109.02367443126691
416.17020246052516,109.02011862835525
416.94315283024974,109.0209148972575
417.71610319997427,109.02601717776554
418.48905356969885,109.03537940967125
419.26200393942344,109.07580139417422
420.03495430914796,109.06669948684356
420.80790467887255,109.43018160388901
421.58085504859713,108.74653010946058
422.35380541832166,109.14447773288282
423.12675578804624,108.253413264011
423.89970615777077,109.21632461466854
424.67265652749535,108.42620696984376
425.44560689721993,108.96847634862051
426.21855726694446,109.35316580982487
426.99150763666904,109.40634753337207
427.7644580063936,109.38199831537509
428.53740837611815,109.19219965591142
429.31035874584273,109.58795183658565
430.0833091155673,109.71733247749222
430.85625948529184,109.72694338045724
431.6292098550164,109.8016775742876
432.402160224741,109.87984263577016
433.17511059446554,109.96139250469686
433.9480609641901,110.04628112085967
434.7210113339147,110.13446242405045
435.49396170363923,110.22589035406112
436.2669120733638,110.3205188506837
437.0398624430884,110.41830185370996
437.8128128128129,111.07290174130445
438.5857631825375,110.6231471381414
439.3587135522621,110.73011729913044
440.1316639219866,111.39798691096165
440.9046142917112,110.95292235761465
441.6775646614358,110.75399079514797
442.4505150311603,111.18723999671992
443.2234654008849,111.3086008834852
443.9964157706095,111.99905746604259
444.769366140334,111.55949649040076
445.5423165100586,111.95450570579229
446.3152668797831,111.78993921786628
447.0882172495077,111.54769898529948
447.8611676192323,112.34678013373073
448.6341179889568,112.23226672605796
449.4070683586814,112.3742576432451
450.18001872840597,112.51862004329851
450.9529690981305,112.66530786601024
451.7259194678551,112.84079250411544
452.49886983757966,113.76986481850469
453.2718202073042,113.11886326801418
454.04477057702877,113.64765656866987
454.81772094675335,113.43201621216002
455.5906713164779,113.59168930645167
456.36362168620246,113.75336540194499
457.13657205592705,113.39638367295952
457.9095224256516,113.15338431116558
458.68247279537616,114.24995109355436
459.45542316510074,114.15969166964076
460.22837353482527,115.48107848371242
461.00132390454985,114.25414554849927
461.77427427427443,115.42129295505818
462.54722464399896,115.11335498418299
463.32017501372354,115.29098538112795
464.0931253834481,115.4701581771938
464.86607575317265,115.6508273121724
465.63902612289723,115.83294672585572
466.41197649262176,116.8041051024491
467.18492686234634,116.20135214850423
467.9578772320709,116.38754603705323
468.73082760179545,116.57500596347461
469.50377797152004,116.76368586756031
470.2767283412446,116.94791458523765
471.04967871096915,117.14452136789228
471.82262908069373,116.58347531340715
472.5955794504183,117.52968405638453
473.36852982014284,118.22991669110924
474.1414801898674,118.32145442995233
474.914430559592,118.1147516362296
475.68738092931653,118.29934424703089
476.4603312990411,118.5093201169417
477.2332816687657,119.31368872376457
478.0062320384902,119.50865958407383
478.7791824082148,119.8736368495494
479.5521327779394,119.08517626471904
480.3250831476639,119.51067591024204
481.0980335173885,119.71339040627566
481.8709838871131,119.35339060626211
482.6439342568376,120.12114585740112
483.4168846265622,120.32615759291394
484.1898349962868,120.53190585534101
484.9627853660113,120.73837603489277
485.7357357357359,120.94555352177986
486.5086861054604,120.9935660851691
487.281636475185,121.36197197840211
488.0545868449096,121.57118372855842
488.8275372146341,121.78104434689226
489.6004875843587,121.99153922361421
490.3734379540833,122.20265374893476
491.1463883238078,122.41437331306453
491.9193386935324,122.62668330621403
492.69228906325696,122.83956911859391
493.4652394329815,122.5709542687241
494.2381898027061,123.26700976188681
495.01114017243066,124.21407072235127
495.7840905421552,123.69657836462765
496.55704091187977,123.9121241263175
497.32999128160435,123.65765575730266
498.1029416513289,124.3446655213887
498.87589202105346,124.56163193519119
499.64884239077804,124.61425583623266
500.42179276050257,125.50983373803514
501.19474313022715,125.69248479911239
501.96769349995174,125.43379480376016
502.74064386967626,125.65100107876205
503.51359423940085,125.56410056891923
504.28654460912543,126.09201995510949
505.05949497884995,126.31213194381036
505.83244534857454,126.532571385321
506.6053957182991,127.61447201442321
507.37834608802365,126.97437418761398
508.15129645774823,127.19570832881745
508.92424682747276,127.41731148367292
509.69719719719734,127.639169042391
510.4701475669219,127.86126639518224
511.24309793664645,127.64064064010995
512.016048306371,128.3061220438264
512.7889986760956,128.52885112010046
513.5619490458201,128.75176155128986
514.3348994155447,128.97483872760523
515.1078497852693,129.42225209871498
515.8808001549938,129.42143487645612
516.6537505247184,129.64492462941269
517.426700894443,129.86852268833744
518.1996512641675,131.03968518701797
518.972601633892,130.31598528493367
519.7455520036167,130.53982060302636
520.5185023733412,130.76370578792944
521.2914527430657,130.98762622985342
522.0644031127904,131.70141301931295
522.8373534825149,131.541639961645
523.6103038522394,132.43652584575125
524.3832542219641,131.92224069306005
525.1562045916886,132.1072459521576
525.9291549614131,132.91453462496625
526.7021053311378,132.5548292975956
527.4750557008623,132.51685703759577
528.2480060705868,133.0020861578553
529.0209564403115,133.22555563156973
529.793906810036,133.44889965462124
530.5668571797605,134.3784880146049
531.3398075494852,133.89515290957786
532.1127579192097,134.78211603962495
532.8857082889342,134.34072904440958
533.6586586586589,134.56322666730506
534.4316090283834,134.58604542268395
535.2045593981079,135.53182534391246
535.9775097678325,135.22199810399087
536.7504601375571,135.45095358402662
537.5234105072816,135.55483801975527
538.2963608770062,135.9127002581129
539.0693112467308,136.47647545255234
539.8422616164553,136.33446330147834
540.6152119861799,136.5545908235628
541.3881623559045,136.10379563153705
542.161112725629,136.99386110426494
542.9340630953536,137.212979612959
543.7070134650781,137.43173753393265
544.4799638348027,137.65012274222406
545.2529142045273,137.86812311287147
546.0258645742518,138.08572652091306
546.7988149439764,138.30292084138696
547.571765313701,138.5797834639199
548.3447156834255,138.73603371978467
549.1176660531501,138.28087744195108
549.8906164228747,138.40175515542356
550.6635667925992,139.32100827723
551.4365171623238,139.5968169274488
552.2094675320484,139.81080813601858
552.9824179017729,139.19631854285493
553.7553682714974,140.23726016641012
554.5283186412221,139.9598908315381
555.3012690109466,141.24179790773408
556.0742193806711,141.39080280948127
556.8471697503958,141.08370318127012
557.6201201201203,141.29389715480727
558.3930704898448,141.85523394119207
559.1660208595695,142.37771174070878
559.938971229294,141.92088480360303
560.7119215990185,142.71651322200825
561.4848719687432,142.8215884792989
562.2578223384677,142.54222642047725
563.0307727081922,142.74802903585322
563.8037230779169,142.72823380272314
564.5766734476414,142.58604956028725
565.3496238173659,144.3562166666492
566.1225741870905,143.56435988046493
566.8955245568151,143.76666206258585
567.6684749265396,143.9682277831703
568.4414252962642,144.16904491725649
569.2143756659888,144.36910133988266
569.9873260357133,144.56838492608694
570.7602764054379,145.6523113216207
571.5332267751623,145.48446844691037
572.306177144887,145.1614774165506
573.0791275146116,145.42966605820314
573.852077884336,145.6665101783955
574.6250282540607,145.74717788059252
575.3979786237853,145.9407121129132
576.1709289935097,146.13337650911757
576.9438793632344,146.3251589442438
577.716829732959,146.51604729333013
578.4897801026834,147.01055495186154
579.2627304724081,146.8950932335358
580.0356808421327,147.63019915338901
580.8086312118571,146.32065957839146
581.5815815815818,147.45665337449955
582.3545319513064,147.64192258314836
583.1274823210308,148.59103539292357
583.9004326907555,148.114794376301
584.6733830604801,147.56936758825182
585.4463334302045,148.53925216759313
586.2192837999291,148.55334171556748
586.9922341696538,148.3236562085914
587.7651845393782,149.12543115310427
588.5381349091028,149.08781516773405
589.3110852788275,149.1208880345436
590.0840356485519,149.43877120844627
590.8569860182765,149.82611139356243
591.629936388001,150.68807076022023
592.4028867577256,149.95692337918018
593.1758371274502,150.12738376548845
593.9487874971747,150.29669544155877
594.7217378668993,150.46484628242942
595.4946882366239,151.42559014743844
596.2676386063484,150.07724482501214
597.040588976073,151.5165791860356
597.8135393457976,151.12559879467912
598.5864897155221,151.28776358512425
599.3594400852467,151.44869479059884
600.1323904549713,152.17788514849627
600.9053408246958,151.7668079467892
601.6782911944204,151.92396564758138
602.451241564145,151.21685084509153
603.2241919338695,152.23442266975064
603.997142303594,152.3876977412041
604.7700926733187,151.68023444910352
605.5430430430432,151.91438481267772
606.3159934127677,152.78287003171326
607.0889437824924,152.98749218036815
607.8618941522169,152.8837224602917
608.6348445219414,152.94672202192095
609.4077948916661,153.42302737182817
610.1807452613906,153.5654152667256
610.9536956311151,153.70638770222538
611.7266460008398,154.28796170378882
612.4995963705643,153.9840376951849
613.2725467402888,154.1206910027209
614.0454971100135,154.3641245933591
614.8184474797381,154.91169376436736
615.5913978494625,154.5218186700126
616.3643482191871,155.24040204531659
617.1372985889118,154.781755652492
617.9102489586362,154.90944333013172
618.6831993283608,155.03559429875574
619.4561496980855,155.0046554043365
620.2291000678099,154.4328425499751
621.0020504375345,155.40470570091557
621.775000807259,155.52458858385864
622.5479511769836,155.88113859929078
623.3209015467082,155.75955054153454
624.0938519164326,155.8746160976242
624.8668022861573,155.98808101980472
625.6397526558819,155.59865987487538
626.4127030256063,156.21025259094552
627.185653395331,156.31898105415965
627.9586037650556,156.42615251197205
628.73155413478,156.5317778715095
629.5045045045047,156.63586803989907
630.2774548742293,156.73843392426744
631.0504052439537,156.8289600333336
631.8233556136784,157.170968085755
632.596305983403,157.22955977970406
633.3692563531274,157.13367276406723
634.142206722852,157.22878083523307
634.9151570925767,157.32243006513897
635.6881074623011,157.6717816301044
636.4610578320257,157.5053956296785
637.2340082017504,158.0079462516443
638.0069585714748,157.6826567147008
638.7799089411994,156.8014025379235
639.5528593109241,157.8543005772208
640.3258096806485,157.9380433178596
641.0987600503731,158.02041447425344
641.8717104200978,158.1014249535292
642.6446607898222,158.1810856628137
643.4176111595468,158.25940750923382
644.1905615292715,158.33640139991647
644.9635118989959,158.41207824198847
645.7364622687205,158.68202792916026
646.5094126384452,159.13498861937862
647.2823630081696,158.63131554780935
648.0553133778942,158.70183326670752
648.8282637476188,157.79522776001352
649.6012141173433,158.83909207270182
650.3741644870679,159.42432652632328
651.1471148567925,158.07385096866832
651.920065226517,158.2245557615856
652.6930155962416,159.09880855703472
653.4659659659662,159.16071773476307
654.2389163356906,159.53297517873725
655.0118667054153,159.28098850808195
655.7848170751399,159.33937191792623
656.5577674448643,159.39660188606294
657.330717814589,159.45268931961888
658.1036681843136,158.94007843138695
658.876618554038,158.90002446633903
659.6495689237627,159.67533883909837
660.4225192934873,159.66583185057252
661.1954696632117,159.7163702181277
661.9684200329364,158.85281198411053
662.741370402661,159.8142265849064
663.5143207723854,159.86156639838367
664.2872711421101,159.9078618414219
665.0602215118347,159.95312382114815
665.8331718815591,159.187918247847
666.6061222512838,161.02620596450555
667.3790726210084,160.08281805172308
668.1520229907328,160.05119163971128
668.9249733604574,160.46429681500715
669.6979237301821,160.12881627030347
670.4708740999065,160.2419369051507
671.2438244696311,160.27932383494766
672.0167748393558,159.5189264945496
672.7897252090802,161.16129762415542
673.5626755788048,160.36600398300112
674.3356259485295,160.41962763370145
675.1085763182539,160.4524471389158
675.8815266879785,160.48438588059423
676.6544770577032,159.65203653176175
677.4274274274276,160.5456647018507
678.2003777971522,161.48171858051884
678.9733281668769,161.51534007133853
679.7462785366013,159.68578933651946
680.5192289063259,160.658133095515
681.2921792760505,160.6842118919943
682.065129645775,161.06962616381009
682.8380800154996,160.73399987251688
683.6110303852242,160.52874436163015
684.3839807549487,160.7807010839705
685.1569311246733,160.8029214191136
685.9298814943979,160.82440278337006
686.7028318641223,160.84515608386678
687.475782233847,160.56611622130788
688.2487326035716,160.88452212208838
689.021682973296,160.90315667406702
689.7946333430207,160.965384687675
690.5675837127453,160.93838337939425
691.3405340824697,161.2082466987835
692.1134844521944,160.1413672626093
692.886434821919,160.98628104771305
693.6593851916434,161.0009725950809
694.4323355613681,161.0150451499577
695.2052859310927,161.02850961947027
695.9782363008171,161.16343986215372
696.7511866705418,161.05365793091022
697.5241370402664,161.06536358709138
698.2970874099908,161.81025560114625
699.0700377797154,161.6247542823018
699.8429881494401,160.75656313234316
700.6159385191645,161.10665071451703
701.3888888888891,161.11564315768308
702.1618392586138,161.12412567962673
702.9347896283382,160.18279252737113
703.7077399980628,160.8126473865601
704.4806903677875,160.60755507283096
705.2536407375119,161.1531746977146
706.0265911072365,161.78402749817403
706.7995414769609,161.16492326472266
707.5724918466856,161.17014173766177
708.3454422164102,161.17493754639338
709.1183925861346,160.80315576442197
709.8913429558593,161.18330479974173
710.6642933255839,161.1868980586122
711.4372436953083,161.19011228178263
712.210194065033,161.19295837637992
712.9831444347576,161.68034310301806
713.756094804482,161.10729319032737
714.5290451742067,160.6589956133591
715.3019955439313,161.20087961157537
716.0749459136557,161.20204867021005
716.8478962833804,161.20291504303285
717.620846653105,160.8210881120411
718.3937970228294,161.69535236967369
719.166747392554,160.84245242767426
719.9396977622787,161.20357181874215
720.7126481320031,160.8913667656791
721.4855985017277,162.06726325176655
722.2585488714524,161.20142064871553
723.0314992411768,161.20025819161023
723.8044496109014,161.97294933607301
724.5773999806261,161.19733061951615
725.3503503503505,161.19558731878112
726.1233007200751,161.1936722177566
726.8962510897998,161.1915962235694
727.6692014595242,161.1893702433465
728.4421518292488,161.18700518421466
729.2151021989735,161.18451195330078
729.9880525686979,162.1100770456084
730.7610029384225,161.17918460463437
731.5339533081471,161.1763723011356
732.3069036778716,161.38707502458468
733.0798540475962,161.43863860985252
733.8528044173208,161.16747175949942
734.6257547870453,160.38334080141243
735.3987051567699,161.16126077706076
736.1716555264945,161.15810482081764
736.944605896219,161.29364579689454
737.7175562659436,161.15174651391825
738.4905066356682,160.71723865700164
739.2634570053926,161.14539906198033
740.0364073751173,160.54532145505246
740.8093577448419,160.57378207656964
741.5823081145663,160.5590392781574
742.355258484291,161.13308575104895
743.1282088540156,161.1301505467529
743.90115922374,161.1272944060853
744.6741095934647,161.124528236173
745.4470599631893,160.86339793412415
746.2200103329137,160.96554189517343
746.9929607026384,160.83634635940436
747.765911072363,161.11455513664163
748.5388614420874,161.11235190205426
749.311811811812,161.1102624377216
750.0847621815367,160.99901515539128
750.8577125512611,161.1064183718148
751.6306629209857,161.1046605462382
752.4036132907104,161.10301004291094
753.1765636604348,160.9159281421897
753.9495140301594,161.10002455499927
754.7224643998841,161.09868634641228
755.4954147696085,160.11895311563038
756.2683651393331,161.57390355353252
757.0413155090578,161.20317758403124
757.8142658787822,161.09432613449235
758.5872162485068,160.9132600201943
759.3601666182315,161.09271903397092
760.1331169879559,161.0920530930652
760.9060673576805,161.0914767423944
761.6790177274052,161.75918538072108
762.4519680971296,160.1027776557884
763.2249184668542,161.0902691117785
763.9978688365788,160.65531693851625
764.7708192063033,160.29495283062377
765.5437695760279,160.75696200334548
766.3167199457525,162.08230313773052
767.089670315477,161.09363157749698
767.8626206852016,161.09005516671215
768.6355710549262,161.09028605831836
769.4085214246506,161.09058880814501
770.1814717943753,161.09096180419084
770.9544221640999,161.0914034344545
771.7273725338243,160.73352518401373
772.500322903549,160.24240205412855
773.2732732732736,161.09312401053933
774.046223642998,161.09382405766124
774.8191740127227,161.09458467899435
775.5921243824473,162.0407119621929
776.3650747521717,161.0962811962892
777.1380251218964,161.09721386824825
777.910975491621,161.2633187723343
778.6839258613454,161.0992399787831
779.45687623107,161.1003301933562
780.2298266007947,161.8265387068163
781.0027769705191,161.10265688110744
781.7757273402437,161.21863617422105
782.5486777099684,161.10516783365642
783.3216280796928,161.17719574076224
784.0945784494174,161.47898855176402
784.8675288191421,161.1092515489526
785.6404791888665,161.11069094910553
786.4134295585911,161.39159395313442
787.1863799283158,161.11367731998467
787.9593302980402,160.88677165516563
788.7322806677648,160.45711684834347
789.5052310374892,161.11840162271704
790.2781814072139,161.12003520799954
791.0511317769385,161.1216955154657
791.8240821466629,161.69343013634665
792.5970325163876,161.29378622482048
793.3699828861122,161.12682065095305
794.1429332558366,161.1285717271408
794.9158836255613,161.15694161768602
795.6888339952859,160.76017567538813
796.4617843650103,161.1339304807612
797.234734734735,161.13574653364938
798.0076851044596,161.13757480070942
798.780635474184,161.13941366994
799.5535858439086,161.14126152933974
800.3265362136333,161.1431167669074
801.0994865833577,161.69761300840622
801.8724369530823,161.1468429285412
802.645387322807,161.14871062860465
803.4183376925314,161.15057925883076
804.191288062256,161.1524472072182
804.9642384319807,160.68798758940645
805.7371888017051,161.15617461047174
806.5101391714297,161.15803084133526
807.2830895411544,160.60061348025604
808.0560399108788,161.1617203015292
808.8289902806034,161.52587831424128
809.6019406503281,161.16536834633686
810.3748910200525,161.16717280796757
811.1478413897771,161.16896207974779
811.9207917595018,161.35178824584423
812.6937421292262,161.1724886057514
813.4666924989508,161.1742226359722
814.2396428686754,160.82369455519174
815.0125932383999,160.2359328417497
815.7855436081245,161.52794568002767
816.5584939778491,160.21965913007085
817.3314443475736,161.1825359792134
818.1043947172982,161.2073279519233
818.8773450870228,161.51474213227343
819.6502954567472,161.18718050682074
820.4232458264719,161.18866176429233
821.1961961961965,161.26540745369377
821.9691465659209,160.82473926658187
822.7420969356456,161.1928822134964
823.5150473053702,161.19420921548974
824.2879976750946,161.8893797368761
825.0609480448193,161.70123619486492
825.8338984145439,161.62089621812666
826.6068487842683,161.10534161349247
827.379799153993,161.1131821445135
828.1527495237176,161.20122033607413
828.925699893442,161.20221532892998
829.6986502631667,161.20315644390377
830.4716006328913,160.7261678753357
831.2445510026157,161.20487059219985
832.0175013723403,161.16679480019798
832.790451742065,161.2063498849521
833.5634021117894,161.2069974304959
834.336352481514,161.20758142614977
835.1093028512387,161.09981378175576
835.8822532209631,161.20855231978248
836.6552035906877,161.2089359937587
837.4281539604124,161.20924966983966
838.2011043301368,161.20949173602418
838.9740546998614,161.20966058031084
839.7470050695861,160.86313500445422
840.5199554393105,161.20977215518545
841.2929058090351,161.41136641272087
842.0658561787598,160.5949353900472
842.8388065484842,161.32864014589165
843.6117569182088,161.209045714103
844.3847072879335,161.65341716990093
845.1576576576579,161.20818190612493
845.9306080273825,161.20761921327207
846.7035583971071,161.20696717850822
847.4765087668316,161.5237260791438
848.2494591365562,161.20538863524243
849.0224095062808,161.21554021461986
849.7953598760053,161.203433380317
850.5683102457299,161.7755789046127
851.3412606154545,161.52346314202205
852.1142109851789,161.54031080271616
852.8871613549036,161.19834115144516
853.6601117246282,160.95596473319364
854.4330620943526,161.93502885051524
855.2060124640773,161.92860206458553
855.9789628338019,161.19158732380862
856.7519132035263,161.18962715208266
857.524863573251,161.18755507042732
858.2978139429756,161.18536946684134
859.0707643127,161.4620019765596
859.8437146824247,161.18065124587199
860.6166650521493,161.17811540448605
861.3896154218737,161.1754595931642
862.1625657915984,161.73350268188292
862.935516161323,161.16978161270737
863.7084665310474,161.1667562195698
864.481416900772,160.5775713920722
865.2543672704967,161.16032456746973
866.0273176402211,161.15691508450465
866.8002680099457,161.1533743475944
867.5732183796704,161.1125169144219
868.3461687493948,161.16381739898196
869.1191191191194,161.14194849317974
869.8920694888441,160.54056042614243
870.6650198585685,161.13364543382013
871.4379702282931,161.45030860871302
872.2109205980175,161.41511381733102
872.9838709677422,161.93083671044252
