100.80645161290323,150.29761904761904
101.5794019826278,150.59356649175066
102.35235235235236,150.88747765044658
103.12530272207692,151.17935194000574
103.89825309180148,151.90564719082874
104.67120346152605,151.7569875769115
105.44415383125062,152.04274775685664
106.21710420097517,153.11386834992436
106.99005457069974,152.6081499212281
107.76300494042431,153.49336283744924
108.53595531014886,153.16539060023624
109.30890567987343,153.1701551189436
110.08185604959799,153.71446512427556
110.85480641932256,153.6357196206285
111.62775678904713,154.2553688237405
112.40070715877168,154.5227551550058
113.17365752849625,155.1361143283385
113.9466078982208,154.7624763731461
114.71955826794537,155.83019695599205
115.49250863766994,156.51049454417654
116.2654590073945,155.82900827863284
117.03840937711907,156.08411911091346
117.81135974684364,156.90964426046895
118.58431011656819,156.58819631342428
119.35726048629276,156.83716151625305
120.13021085601733,157.08407700852987
120.90316122574188,157.328942206554
121.67611159546645,157.2299951631103
122.449061965191,157.8125193850413
123.22201233491558,158.0512301981031
123.99496270464013,158.55420813127623
124.7679130743647,157.58808261264235
125.54086344408927,158.551390056664
126.31381381381382,158.7979635559878
127.08676418353839,159.21398315356578
127.85971455326296,159.44036943678412
128.63266492298752,159.6646995887428
129.40561529271207,159.27149995886973
130.17856566243665,160.10718916407822
130.9515160321612,160.32534742005353
131.72446640188576,160.54144720996646
132.49741677161035,160.7554879501162
133.2703671413349,160.96746905680192
134.04331751105946,161.1773899463232
134.81626788078404,161.38525003497912
135.5892182505086,161.95215851065066
136.36216862023315,162.4573464665337
137.13511898995773,161.9964596587481
137.9080693596823,161.88579598590775
138.68101972940684,162.39361803575488
139.45397009913142,162.58910106150438
140.22692046885598,163.35373957001968
140.99987083858053,162.9738718689921
141.7728212083051,163.16315848332897
142.54577157802967,162.757380638898
143.31872194775423,163.53553121468508
144.09167231747878,163.71861616430294
144.86462268720334,163.89963272494646
145.63757305692792,164.07858031291488
146.41052342665247,164.2554583445075
147.18347379637703,163.82340152913565
147.9564241661016,164.60300340376264
148.72937453582617,164.7489987754559
149.50232490555072,165.48540507297855
150.2752752752753,165.10878472730948
151.04822564499986,165.27323316293274
151.82117601472441,165.43560795627528
152.594126384449,165.59590852363652
153.36707675417355,166.71910443683657
154.1400271238981,165.91028464561197
154.9129774936227,166.06435903282483
155.68592786334725,166.2163568592535
156.4588782330718,166.42002873663682
157.23182860279638,166.9223969840174
158.00477897252094,166.8164082083107
158.7777293422455,166.80357088311249
159.55067971197008,166.20938784179592
160.32363008169463,167.39608631121317
161.0965804514192,167.22214891143855
161.86953082114377,167.35751323836868
162.64248119086832,168.3171902659603
163.41543156059288,166.93649936229752
164.18838193031743,167.75111299981327
164.961332300042,167.03413822224198
165.73428266976657,168.003095987648
166.50723303949113,168.12596067452478
167.28018340921568,168.24674004510686
168.05313377894026,168.28905852984659
168.82608414866482,167.59736539516695
169.59903451838937,169.0727332467629
170.37198488811396,168.70899269047453
171.1449352578385,168.81933672407277
171.91788562756307,169.229828518843
172.69083599728765,169.033757752072
173.4637863670122,169.63721628627133
174.23673673673676,169.27094975817093
175.00968710646134,168.46853815146764
175.7826374761859,168.68649230067817
176.55558784591045,169.53322535405306
177.32853821563504,169.62684249604078
178.1014885853596,169.7183661499241
178.87443895508414,169.84695086343217
179.64738932480873,169.89513065857446
180.42033969453328,169.28713830018353
181.19329006425784,170.06351421039852
181.96624043398242,170.15215976904534
182.73919080370695,169.24993811703604
183.51214117343153,170.30036502932327
184.2850915431561,169.6489386164235
185.05804191288064,170.44777575955723
185.83099228260522,170.8785704197478
186.6039426523298,170.58678918934538
187.37689302205433,169.8739615911159
188.14984339177892,170.3915372644749
188.92279376150347,170.7795541809295
189.69574413122803,171.65116908722948
190.4686945009526,169.98502610838477
191.24164487067716,170.9533989799789
192.01459524040172,171.35130845601498
192.7875456101263,171.05877651192782
193.56049597985086,171.10830782657493
194.3334463495754,170.8713668983882
195.1063967193,171.201052634711
195.87934708902455,171.24426496079852
196.6522974587491,171.28536978996485
197.4252478284737,171.3243665385092
198.19819819819824,171.36125462273085
198.9711485679228,171.39603345892925
199.74409893764738,171.4287024634035
200.51704930737193,171.4592610524531
201.2899996770965,171.48770864237716
202.06295004682107,171.51404464947512
202.8359004165456,171.45894158264377
203.60885078627018,171.5603795803898
204.38180115599476,171.01796418730817
205.1547515257193,171.6824470698081
205.92770189544387,171.61403051304814
206.70065226516846,171.23773667208275
207.47360263489298,170.98308731506077
208.24655300461757,171.5402345319267
209.01950337434212,172.15332473858376
209.79245374406668,172.40549415476204
210.56540411379126,171.13124607287816
211.33835448351581,171.66516080715635
212.11130485324037,172.28953556112702
212.88425522296495,171.66070567970914
213.6572055926895,171.65529790033094
214.43015596241406,171.02766755313027
215.20310633213865,171.80770669400846
215.9760567018632,171.62634669516945
216.74900707158776,171.47566578398764
217.52195744131234,171.5964334988658
218.2949078110369,171.57829143175303
219.06785818076145,171.2013358537591
219.84080855048603,171.6360284652604
220.61375892021059,171.51111635016275
221.38670928993514,171.48447308387966
222.15965965965972,171.4557030585522
222.93261002938428,171.42480569047973
223.70556039910883,170.63535724597887
224.47851076883342,172.02496755252346
225.25146113855794,171.31934369278514
226.02441150828253,171.6368537781408
226.7973618780071,171.23838827941736
227.57031224773164,170.3606107041383
228.34326261745622,171.1489094862527
229.11621298718077,171.10097236299475
229.88916335690536,171.0509026436855
230.6621137266299,169.9987890153423
231.43506409635447,170.9443630821102
232.20801446607902,170.88789207244275
232.9809648358036,170.67770682400945
233.75391520552816,170.76854467684473
234.5268655752527,170.5467896382974
235.2998159449773,170.64065288822462
236.07276631470185,171.38816032997673
236.8457166844264,170.5042014221653
237.618667054151,169.81820939007218
238.39161742387554,170.3590281551576
239.1645677936001,170.28308683448677
239.93751816332468,170.5798438865319
240.71046853304924,170.12432496468065
241.4834189027738,169.9585237051002
242.25636927249835,170.47152451943484
243.02931964222293,169.86847452641769
243.80227001194748,170.5851876454056
244.57522038167204,169.057790356325
245.34817075139662,169.59055962806272
246.12112112112118,168.67515194259667
246.89407149084573,169.39257205142633
247.66702186057032,170.04269464222557
248.43997223029487,168.6618336242626
249.21292260001943,169.07584480334904
249.985872969744,169.81463160089737
250.75882333946856,168.851133056244
251.53177370919312,168.73460719569692
252.30472407891767,168.61525604938544
253.07767444864226,168.49304564648318
253.8506248183668,167.91096465328334
254.62357518809137,168.23991118760205
255.39652555781595,168.43739713425762
256.1694759275405,167.9749320524444
256.94242629726506,168.6092927284267
257.71537666698964,167.69783647440096
258.48832703671417,167.55466009223176
259.26127740643875,167.40835268686266
260.03422777616333,168.1462025795629
260.80717814588786,167.52481575950534
261.58012851561244,166.95030462329458
262.353078885337,166.79113341686445
263.12602925506155,166.62866133310376
263.89897962478614,166.01800923437986
264.6719299945107,166.29367865028578
265.44488036423525,166.13219959571555
266.21783073395983,165.94508480823154
266.9907811036844,165.76559877542542
267.76373147340894,165.5826080403318
268.5366818431335,165.39607863212447
269.3096322128581,165.20597657997735
270.08258258258263,165.01226791306425
270.8555329523072,165.163870926756
271.6284833220318,164.61389485163554
272.4014336917563,164.40916251546764
273.1743840614809,163.7197004427117
273.9473344312055,163.98843637809392
274.72028480093,164.26801861452395
275.4932351706546,164.11636820205558
276.2661855403792,162.68677131780748
277.0391359101037,163.10098706006298
277.8120862798283,162.869343850052
278.5850366495529,162.63372034618726
279.3579870192774,162.3940825776429
280.130937389002,162.78426302667174
280.90388775872657,161.9026283632102
281.6768381284511,161.65074397566963
282.4497884981757,161.39470944014465
283.22273886790026,161.13449078580913
283.9956892376248,160.60441853440165
284.7686396073493,160.60136523740206
285.54158997707395,160.32839040167815
286.3145403467985,159.2665831629143
287.087490716523,159.76944675305896
287.86044108624765,159.48340999851123
288.6333914559722,159.19295132937
289.4063418256967,158.89803677480907
290.17929219542134,158.59863236400224
290.95224256514587,157.9762572767638
291.7251929348704,158.82511712393793
292.49814330459503,157.67314047038272
293.27109367431956,157.35547365053577
294.0440440440441,156.45689889867307
294.81699441376867,156.7067096557567
295.58994478349325,156.117398850324
296.3628951532178,155.40831692338577
297.13584552294236,156.1290604105295
297.90879589266694,155.35804178033032
298.68174626239147,155.01075848826625
299.45469663211605,154.55062528272475
300.22764700184064,154.3046976999073
301.00059737156516,153.94610459893192
301.77354774128975,153.58392595697217
302.54649811101433,152.6481544142777
303.31944848073886,153.78533025830987
304.09239885046344,152.47682402362113
304.865349220188,152.10119993248435
305.63829958991255,151.72247655049884
306.41124995963713,151.3407208134874
307.1842003293617,150.2307124055462
307.95715069908624,150.08392893903957
308.7301010688108,150.17818144889452
309.5030514385354,149.78521826837652
310.27600180825993,149.3896837211312
311.0489521779845,148.13368892573814
311.8219025477091,148.13847531018249
312.5948529174336,148.18857385562862
313.3678032871582,147.1624361142148
314.1407536568828,146.44122925484905
314.9137040266073,146.96764080533043
315.6866543963319,146.55668822546633
316.4596047660565,146.14390186015265
317.232555135781,145.7293739070494
318.0055055055056,144.55324828048293
318.7784558752302,144.8954620281123
319.5514062449547,143.9410453729027
320.3243566146793,144.055690169933
321.0973069844039,143.63383724277682
321.8702573541284,143.2107959137893
322.643207723853,142.78665838063006
323.41615809357756,142.43107331720398
324.1891084633021,141.93546349243564
324.9620588330266,141.83788079424085
325.73500920275126,141.08099015947138
326.5079595724758,140.1603499364025
327.2809099422003,140.2239759630151
328.05386031192495,139.79474653512676
328.8268106816495,139.70137475870732
329.599761051374,138.9353029287111
330.37271142109864,139.24757795647187
331.14566179082317,138.56849013953467
331.9186121605477,137.64502199114395
332.69156253027234,136.71630256250216
333.46451289999686,136.15811099744175
334.2374632697214,136.42802570937857
335.010413639446,135.9263006685335
335.78336400917055,135.65795984949335
336.5563143788951,135.06924924078461
337.32926474861966,134.64161208120083
338.10221511834425,133.90599285813616
338.8751654880688,133.69807465081968
339.64811585779336,132.74611040892728
340.42106622751794,132.96507608974645
341.19401659724247,132.51586892220706
341.96696696696705,132.69844648458974
342.73991733669163,132.05498091005992
343.51286770641616,131.25357852436716
344.28581807614074,131.20381015310411
345.0587684458653,131.27940040655818
345.83171881558985,129.1765398898768
346.60466918531444,129.59085267548852
347.377619555039,129.1793940652674
348.15056992476354,128.76980245064652
348.9235202944881,128.36216675902642
349.6964706642127,127.95657591780753
350.46942103393724,126.71030481922428
351.2423714036618,127.15188449617526
352.0153217733864,126.75296177056275
352.78827214311093,126.3564396049533
353.5612225128355,125.9624069267473
354.3341728825601,125.32878038602433
355.1071232522846,125.18216574214767
355.8800736220092,124.79613509055488
356.6530239917338,124.41294963596742
357.4259743614583,124.03269830578571
358.1989247311829,123.44218901014844
358.9718751009075,122.28753918923795
359.744825470632,122.91043833567977
360.5177758403566,122.09072871102823
361.2907262100811,122.17856597997965
362.0636765798057,121.81778687164211
362.8366269495303,121.46056437951349
363.6095773192548,120.81630108006529
364.3825276889794,120.75714495348498
365.155478058704,121.40430687845422
365.9284284284285,120.06901912109774
366.7013787981531,119.73091362102069
367.47432916787767,119.8596441576919
368.2472795376022,119.06706209010214
369.0202299073268,118.61379799055521
369.79318027705136,118.42028270083392
370.5661306467759,118.10351737781986
371.3390810165005,118.12391587665995
372.11203138622506,117.48368011203402
372.8849817559496,117.18078602406315
373.65793212567417,116.73336883788281
374.43088249539875,116.13136364046058
375.2038328651233,117.09154310151277
375.97678323484786,116.01811494433747
376.74973360457244,115.48824510078217
377.52268397429697,115.46736755137566
378.29563434402155,114.56242696832255
379.06858471374613,114.937960815286
379.84153508347066,115.213845820275
380.61448545319524,114.4306061552722
381.3874358229198,114.1854206722949
382.16038619264435,113.99873738443655
382.93333656236894,113.71247803740167
383.70628693209346,113.48489874028668
384.47923730181805,114.17405160290059
385.25218767154263,113.04796857779698
386.02513804126716,112.68291657682273
386.79808841099174,112.63568986581267
387.5710387807163,112.43872707950604
388.34398915044085,111.91714855097239
389.11693952016543,112.06292434522346
389.88988988989,111.88399227683132
390.66284025961454,110.75887693018421
391.4357906293391,111.5438364365049
392.2087409990637,111.06825689412747
392.98169136878823,111.22698459006851
393.7546417385128,111.07718251403885
394.5275921082374,110.70557691352202
395.3005424779619,110.79459575531621
396.0734928476865,110.66171895220702
396.8464432174111,110.9974012925363
397.6193935871356,110.68130374811587
398.3923439568602,110.29620212539128
399.1652943265848,110.18524750992964
399.9382446963093,110.0796582908597
400.7111950660339,109.83888742526977
401.4841454357585,109.8843918010625
402.257095805483,109.79462240991907
403.0300461752076,109.71003417433502
403.8029965449321,109.63058103410225
404.5759469146567,109.55621692901263
405.3488972843813,109.48689579885813
406.1218476541058,109.42257158343067
406.8947980238304,109.36319822252213
407.667748393555,108.54741611429336
408.4406987632795,109.25911982342954
409.2136491330041,109.21432266482934
409.98659950272867,109.17429211991575
410.7595498724532,109.13898212848069
411.5325002421778,109.10834663031608
412.30545061190236,109.08233956521383
413.0784009816269,109.06091487296585
413.85135135135147,109.04402649336414
414.62430172107605,108.7108085987495
415.3972520908006,108.31041744274631
416.17020246052516,109.02011862835525
416.94315283024974,109.0209148972575
417.71610319997427,109.34106677842452
418.48905356969885,109.03537940967125
419.26200393942344,109.04895553276664
420.03495430914796,108.79487375195515
420.80790467887255,108.82586835222718
421.58085504859713,109.11450664710974
422.35380541832166,109.51859849800276
423.12675578804624,109.17843240880512
423.89970615777077,108.97273367144892
424.67265652749535,108.48119856616701
425.44560689721993,109.30373737538655
426.21855726694446,109.41177155124167
426.99150763666904,108.79687901164948
427.7644580063936,109.46323648581998
428.53740837611815,109.09432243408143
429.31035874584273,109.38545748454446
430.0833091155673,109.65568611448724
430.85625948529184,109.60895652171162
431.6292098550164,109.8016775742876
432.402160224741,109.87984263577016
433.17511059446554,110.47010058176426
433.9480609641901,110.04628112085967
434.7210113339147,111.07841763101266
435.49396170363923,111.01306349616249
436.2669120733638,110.3205188506837
437.0398624430884,110.48862062556519
437.8128128128129,110.5191933029319
438.5857631825375,111.3155895678355
439.3587135522621,110.73011729913044
440.1316639219866,110.56164822828566
440.9046142917112,110.95292235761465
441.6775646614358,111.06866513469367
442.4505150311603,111.18723999671992
443.2234654008849,111.3086008834852
443.9964157706095,111.43270173478152
444.769366140334,111.55949649040076
445.5423165100586,111.68893909013482
446.3152668797831,111.82098347377567
447.0882172495077,111.95558358111522
447.8611676192323,112.09269335194533
448.6341179889568,112.23226672605796
449.4070683586814,112.3742576432451
450.18001872840597,112.51862004329851
450.9529690981305,113.14801289452973
451.7259194678551,112.81427505117215
452.49886983757966,112.96547553857616
453.2718202073042,112.7868716455131
454.04477057702877,113.27439217927818
454.81772094675335,113.43201621216002
455.5906713164779,113.59168930645167
456.36362168620246,113.30387298390326
457.13657205592705,112.96773747394369
457.9095224256516,114.63677724908023
458.68247279537616,114.24995109355436
459.45542316510074,114.41917859177367
460.22837353482527,114.59017879015428
461.00132390454985,114.34681460210128
461.77427427427443,114.93731304656703
462.54722464399896,115.1412162660715
463.32017501372354,115.36636253385895
464.0931253834481,115.4701581771938
464.86607575317265,115.6508273121724
465.63902612289723,115.83294672585572
466.41197649262176,116.87784006982106
467.18492686234634,115.76705065130685
467.9578772320709,116.58731085534018
468.73082760179545,116.49997223269355
469.50377797152004,116.76368586756031
470.2767283412446,116.95353968910223
471.04967871096915,116.21179250056377
471.82262908069373,117.30441047341228
472.5955794504183,117.52968405638453
473.36852982014284,117.72377294567055
474.1414801898674,117.91880594287585
474.914430559592,118.31815814454826
475.68738092931653,118.3115945641813
476.4603312990411,118.8421224976096
477.2332816687657,118.70791368472123
478.0062320384902,118.90736065773044
478.7791824082148,119.10764642617997
479.5521327779394,120.21191293356253
480.3250831476639,119.88786569601406
481.0980335173885,119.71339040627566
481.8709838871131,119.91688525859186
482.6439342568376,120.12114585740112
483.4168846265622,121.04918081915052
484.1898349962868,119.8558415512633
484.9627853660113,119.93070215255523
485.7357357357359,120.94555352177986
486.5086861054604,121.15342370621275
487.281636475185,121.36197197840211
488.0545868449096,121.57118372855842
488.8275372146341,121.78104434689226
489.6004875843587,121.99153922361421
490.3734379540833,122.20265374893476
491.1463883238078,123.19480778812208
491.9193386935324,122.62668330621403
492.69228906325696,122.83956911859391
493.4652394329815,122.64482523095545
494.2381898027061,123.26700976188681
495.01114017243066,123.48153537322098
495.7840905421552,123.69657836462765
496.55704091187977,122.9337366659403
497.32999128160435,124.55607290350576
498.1029416513289,124.3446655213887
498.87589202105346,124.56163193519119
499.64884239077804,124.77904268011905
500.42179276050257,124.99688314638274
501.19474313022715,125.21513872419297
501.96769349995174,125.43379480376016
502.74064386967626,125.65283677529497
503.51359423940085,125.87225002900789
504.28654460912543,126.17509008094568
505.05949497884995,126.31213194381036
505.83244534857454,126.532571385321
506.6053957182991,125.89679970649722
507.37834608802365,126.63801364478577
508.15129645774823,127.19570832881745
508.92424682747276,126.76774651945166
509.69719719719734,127.639169042391
510.4701475669219,127.82971823504695
511.24309793664645,128.08358893225721
512.016048306371,128.3061220438264
512.7889986760956,128.5047627015829
513.5619490458201,128.75176155128986
514.3348994155447,128.97483872760523
515.1078497852693,128.77714764368372
515.8808001549938,129.42143487645612
516.6537505247184,129.64492462941269
517.426700894443,130.33480106837072
518.1996512641675,130.09221444344092
518.972601633892,130.31598528493367
519.7455520036167,130.53982060302636
520.5185023733412,130.76370578792944
521.2914527430657,130.41934535074955
522.0644031127904,131.21156731900896
522.8373534825149,130.7806183842521
523.6103038522394,131.65945299985685
524.3832542219641,131.88336837197033
525.1562045916886,132.1072459521576
525.9291549614131,132.78204825957428
526.7021053311378,132.5548292975956
527.4750557008623,132.77850584326745
528.2480060705868,133.0020861578553
529.0209564403115,133.67328177339527
529.793906810036,133.44889965462124
530.5668571797605,133.67210361722042
531.3398075494852,133.89515290957786
532.1127579192097,134.29156353889937
532.8857082889342,134.34072904440958
533.6586586586589,134.56322666730506
534.4316090283834,134.1841715077223
535.2045593981079,135.00756869729787
535.9775097678325,135.22938687219437
536.7504601375571,135.2306097825502
537.5234105072816,135.90674572394855
538.2963608770062,135.16666641436134
539.0693112467308,135.26854591270262
539.8422616164553,135.38766778877854
540.6152119861799,136.5545908235628
541.3881623559045,137.2543455219566
542.161112725629,137.95919055988952
542.9340630953536,136.75778306638117
543.7070134650781,136.516081948145
544.4799638348027,137.65012274222406
545.2529142045273,137.4793652528894
546.0258645742518,138.08572652091306
546.7988149439764,138.30292084138696
547.571765313701,138.5196939493314
548.3447156834255,139.1346552220959
549.1176660531501,138.9519280277848
549.8906164228747,138.16777888914075
550.6635667925992,139.38233175657865
551.4365171623238,139.5968169274488
552.2094675320484,139.81080813601858
552.9824179017729,140.02429325732632
553.7553682714974,139.2898094776455
554.5283186412221,140.44969673830823
555.3012690109466,140.66159084805878
556.0742193806711,140.8729303707
556.8471697503958,141.08370318127012
557.6201201201203,140.3989118312502
558.3930704898448,141.55693143841114
559.1660208595695,142.15575051979084
559.938971229294,141.91086868471015
560.7119215990185,142.12864217939034
561.4848719687432,141.43429536100336
562.2578223384677,141.69912512753908
563.0307727081922,142.74802903585322
563.8037230779169,142.5963744291352
564.5766734476414,143.78857682523088
565.3496238173659,143.36133336176945
566.1225741870905,143.56435988046493
566.8955245568151,143.76666206258585
567.6684749265396,143.9682277831703
568.4414252962642,145.0680676929391
569.2143756659888,144.8738428738726
569.9873260357133,145.39801366213288
570.7602764054379,144.76688355090758
571.5332267751623,144.15186335537993
572.306177144887,145.1614774165506
573.0791275146116,145.35754840744943
573.852077884336,145.11797931780455
574.6250282540607,145.74717788059252
575.3979786237853,145.9407121129132
576.1709289935097,145.84293903064153
576.9438793632344,146.3251589442438
577.716829732959,146.71820594097815
578.4897801026834,146.7060294314147
579.2627304724081,146.8950932335358
580.0356808421327,146.9784059474205
580.8086312118571,147.9353176697351
581.5815815815818,147.8727782497288
582.3545319513064,147.64192258314836
583.1274823210308,148.33875013192653
583.9004326907555,148.00951199316643
584.6733830604801,147.92303322754907
585.4463334302045,148.96228805752258
586.2192837999291,148.79191990676625
586.9922341696538,147.7988088763278
587.7651845393782,148.9107171441965
588.5381349091028,148.40957691328202
589.3110852788275,150.13711338085935
590.0840356485519,150.01841289504745
590.8569860182765,149.6126049756973
591.629936388001,150.17791653788748
592.4028867577256,149.95692337918018
593.1758371274502,150.74506732648885
593.9487874971747,151.10110003853362
594.7217378668993,149.62852993498544
595.4946882366239,150.63182416313862
596.2676386063484,150.79761695872452
597.040588976073,150.96221254422525
597.8135393457976,151.12559879467912
598.5864897155221,151.97908184190385
599.3594400852467,150.51057929012714
600.1323904549713,150.8551086844262
600.9053408246958,152.6054590754877
601.6782911944204,151.06976935708863
602.451241564145,151.83315058146295
603.2241919338695,152.77082579696113
603.997142303594,152.3876977412041
604.7700926733187,152.53965435295444
605.5430430430432,152.10793477645086
606.3159934127677,152.83956369749822
607.0889437824924,152.98749218036815
607.8618941522169,153.13405370368764
608.6348445219414,152.46291055781262
609.4077948916661,152.69515709787845
610.1807452613906,153.5654152667256
610.9536956311151,153.5473727195383
611.7266460008398,153.68009195634355
612.4995963705643,153.9840376951849
613.2725467402888,154.89391070371136
614.0454971100135,154.25588035101208
614.8184474797381,154.3895936150966
615.5913978494625,154.5218186700126
616.3643482191871,154.65254339079837
617.1372985889118,154.781755652492
617.9102489586362,154.90944333013172
618.6831993283608,155.03559429875574
619.4561496980855,155.16019643340232
620.2291000678099,155.28323760910948
621.0020504375345,155.40470570091557
621.775000807259,155.52458858385864
622.5479511769836,156.09660931833105
623.3209015467082,155.75955054153454
624.0938519164326,155.8746160976242
624.8668022861573,155.98808101980472
625.6397526558819,155.9671736740175
626.4127030256063,155.2120691589354
627.185653395331,156.04097320264887
627.9586037650556,156.00178580822765
628.73155413478,156.75855032124002
629.5045045045047,156.47252496999465
630.2774548742293,156.73843392426744
631.0504052439537,156.96487253541991
631.8233556136784,156.1126358303788
632.596305983403,157.03709494451462
633.3692563531274,157.13367276406723
634.142206722852,157.22878083523307
634.9151570925767,156.6884097890786
635.6881074623011,157.4146313609118
636.4610578320257,157.5053956296785
637.2340082017504,157.5947337785659
638.0069585714748,156.8384119703491
638.7799089411994,157.76917534521016
639.5528593109241,157.8543005772208
640.3258096806485,157.9380433178596
641.0987600503731,158.15009257335225
641.8717104200978,157.319341303693
642.6446607898222,158.15368260030957
643.4176111595468,158.25940750923382
644.1905615292715,158.33640139991647
644.9635118989959,158.41207824198847
645.7364622687205,158.51302575220964
646.5094126384452,158.55952440880804
647.2823630081696,158.63131554780935
648.0553133778942,158.70183326670752
648.8282637476188,158.32440884999943
649.6012141173433,158.22268165244455
650.3741644870679,159.41946654038892
651.1471148567925,158.97138808380595
651.920065226517,159.7056973968328
652.6930155962416,159.09880855703472
653.4659659659662,159.16071773476307
654.2389163356906,159.2214407494032
655.0118667054153,159.28098850808195
655.7848170751399,159.33937191792623
656.5577674448643,160.0359297403464
657.330717814589,159.45268931961888
658.1036681843136,159.79560407131723
658.876618554038,159.561480211496
659.6495689237627,159.61420548407088
660.4225192934873,159.66583185057252
661.1954696632117,159.7163702181277
661.9684200329364,160.75375485433264
662.741370402661,159.8142265849064
663.5143207723854,159.28747700399947
664.2872711421101,159.9078618414219
665.0602215118347,159.95312382114815
665.8331718815591,159.99736324468918
666.6061222512838,160.0405910191718
667.3790726210084,160.08281805172308
668.1520229907328,159.13112252772657
668.9249733604574,160.16431351953858
669.6979237301821,160.20360376905666
670.4708740999065,160.2419369051507
671.2438244696311,160.8837359590679
672.0167748393558,160.31577546557432
672.7897252090802,160.85237784013083
673.5626755788048,159.4604201693497
674.3356259485295,161.25971954603483
675.1085763182539,161.29798306209292
675.8815266879785,160.48438588059423
676.6544770577032,160.70650363515927
677.4274274274276,160.18852542166348
678.2003777971522,160.5750265956826
678.9733281668769,160.60355135448606
679.7462785366013,160.63124988538786
680.5192289063259,161.24800017989767
681.2921792760505,159.7780977206877
682.065129645775,160.70949718195268
682.8380800154996,160.73399987251688
683.6110303852242,160.75773087081384
684.3839807549487,160.7807010839705
685.1569311246733,160.73877694676068
685.9298814943979,159.9960082277642
686.7028318641223,161.7307020976177
687.475782233847,161.80581815376627
688.2487326035716,160.88452212208838
689.021682973296,160.90315667406702
689.7946333430207,160.92110679079332
690.5675837127453,160.93838337939425
691.3405340824697,161.92626306933278
692.1134844521944,160.97095960072718
692.886434821919,160.59468311615854
693.6593851916434,160.5106848196604
694.4323355613681,161.27382939064242
695.2052859310927,161.02850961947027
695.9782363008171,161.04137691074553
696.7511866705418,161.05365793091022
697.5241370402664,161.06536358709138
698.2970874099908,161.47574606983025
699.0700377797154,161.0870924360102
699.8429881494401,161.09713744300169
700.6159385191645,160.12488435557927
701.3888888888891,160.17140007687004
702.1618392586138,161.12412567962673
702.9347896283382,161.13210918747487
703.7077399980628,161.1396045883543
704.4806903677875,161.14662278939198
705.2536407375119,161.1531746977146
706.0265911072365,160.9597564784091
706.7995414769609,161.16492326472266
707.5724918466856,161.17014173766177
708.3454422164102,161.17493754639338
709.1183925861346,161.8490349486407
709.8913429558593,161.18330479974173
710.6642933255839,161.1868980586122
711.4372436953083,161.19011228178263
712.210194065033,160.68829703645645
712.9831444347576,161.19544724953101
713.756094804482,161.1975898083627
714.5290451742067,160.6027538268588
715.3019955439313,161.20087961157537
716.0749459136557,161.53258339581262
716.8478962833804,160.87473272292866
717.620846653105,160.21034465618467
718.3937970228294,161.99227998156277
719.166747392554,161.20380711789838
719.9396977622787,160.24373652861726
720.7126481320031,161.2030883694084
721.4855985017277,161.20236767702391
722.2585488714524,161.20142064871553
723.0314992411768,161.20025819161023
723.8044496109014,161.1988912128348
724.5773999806261,160.53267524572064
725.3503503503505,161.19558731878112
726.1233007200751,160.28051836489533
726.8962510897998,162.1850815728508
727.6692014595242,161.91933376397688
728.4421518292488,161.18700518421466
729.2151021989735,161.18451195330078
729.9880525686979,161.6298648735874
730.7610029384225,161.17918460463437
731.5339533081471,161.1763723011356
732.3069036778716,161.1734754543623
733.0798540475962,161.17050497144126
733.8528044173208,161.16747175949942
734.6257547870453,161.16438672566366
735.3987051567699,161.16126077706076
736.1716555264945,161.15810482081764
736.944605896219,160.20800892626832
737.7175562659436,161.15174651391825
738.4905066356682,160.67399133677338
739.2634570053926,161.14539906198033
740.0364073751173,161.245637719096
740.8093577448419,161.1391497220189
741.5823081145663,161.13608911184656
742.355258484291,161.13308575104895
743.1282088540156,161.4825890901952
743.90115922374,161.1272944060853
744.6741095934647,161.45941370183476
745.4470599631893,161.12186294414295
746.2200103329137,161.1193093645855
746.9929607026384,161.11687375348487
747.765911072363,161.3403003630254
748.5388614420874,161.11235190205426
749.311811811812,161.1102624377216
750.0847621815367,161.0058209813242
750.8577125512611,161.1064183718148
751.6306629209857,161.1046605462382
752.4036132907104,161.10301004291094
753.1765636604348,161.1014652498317
753.9495140301594,162.0977917640592
754.7224643998841,161.09868634641228
755.4954147696085,160.84672740764935
756.2683651393331,161.09631093996936
757.0413155090578,160.21093481012787
757.8142658787822,161.09432613449235
758.5872162485068,160.7771697760448
759.3601666182315,161.09271903397092
760.1331169879559,161.0920530930652
760.9060673576805,161.0914767423944
761.6790177274052,161.09098836995724
762.4519680971296,161.09058636375235
763.2249184668542,161.0902691117785
763.9978688365788,160.18792342184
764.7708192063033,161.20705620858317
765.5437695760279,161.08980976122956
766.3167199457525,161.08981540616645
767.089670315477,161.40374557701824
767.8626206852016,160.75932426436177
768.6355710549262,161.09028605831836
769.4085214246506,160.91582162457541
770.1814717943753,161.09096180419084
770.9544221640999,161.29044666641965
771.7273725338243,161.75031008132856
772.500322903549,162.018981501151
773.2732732732736,161.09312401053933
774.046223642998,161.09382405766124
774.8191740127227,160.32727080555142
775.5921243824473,160.93563261870696
776.3650747521717,161.0962811962892
777.1380251218964,161.09721386824825
777.910975491621,161.0982006664133
778.6839258613454,161.0992399787831
779.45687623107,160.97798115768703
780.2298266007947,162.04627485692743
781.0027769705191,161.10265688110744
781.7757273402437,161.10389013028288
782.5486777099684,161.61304925289872
783.3216280796928,161.10648837922676
784.0945784494174,161.10785015499258
784.8675288191421,161.1092515489526
785.6404791888665,161.44888592956218
786.4134295585911,160.86129311080003
787.1863799283158,161.11367731998467
787.9593302980402,161.11522106670822
788.7322806677648,161.65117634578706
789.5052310374892,161.11840162271704
790.2781814072139,161.12003520799954
791.0511317769385,161.3220304382037
791.8240821466629,161.1233809331142
792.5970325163876,161.1250898489438
793.3699828861122,161.60662142050973
794.1429332558366,161.1285717271408
794.9158836255613,161.13034146550558
795.6888339952859,160.18327803320346
796.4617843650103,161.1339304807612
797.234734734735,161.13574653364938
798.0076851044596,161.13757480070942
798.780635474184,161.13941366994
799.5535858439086,161.59936896475352
800.3265362136333,160.1832619397038
801.0994865833577,160.620553714068
801.8724369530823,161.9967017622548
802.645387322807,161.14871062860465
803.4183376925314,160.18164150292074
804.191288062256,161.48682353205044
804.9642384319807,161.15431286176562
805.7371888017051,160.18726300247306
806.5101391714297,160.5956836798082
807.2830895411544,162.05902071232737
808.0560399108788,160.26909464809066
808.8289902806034,161.27979012137328
809.6019406503281,161.16536834633686
810.3748910200525,161.16717280796757
811.1478413897771,161.72654315973858
811.9207917595018,161.17007317148062
812.6937421292262,161.1724886057514
813.4666924989508,161.1742226359722
814.2396428686754,161.17593502833722
815.0125932383999,160.82555252407673
815.7855436081245,161.17928845149476
816.5584939778491,161.18092625828464
817.3314443475736,161.1825359792134
818.1043947172982,161.18411600227998
818.8773450870228,161.18566471548283
819.6502954567472,160.26633398182503
820.4232458264719,161.18866176429233
821.1961961961965,161.19010687589636
821.9691465659209,161.1915142296315
822.7420969356456,161.1928822134964
823.5150473053702,160.60887776800143
824.2879976750946,161.1954936236103
825.0609480448193,161.19673382585665
825.8338984145439,161.1979282102275
826.6068487842683,161.14148363503475
827.379799153993,160.44146217122807
828.1527495237176,161.20122033607413
828.925699893442,161.20221532892998
829.6986502631667,161.20315644390377
830.4716006328913,161.20404206899417
831.2445510026157,162.07328878091684
832.0175013723403,161.20564040151964
832.790451742065,160.82398944448065
833.5634021117894,162.1294320521031
834.336352481514,161.20758142614977
835.1093028512387,161.20810025991244
835.8822532209631,160.96908484609813
836.6552035906877,161.6800761812578
837.4281539604124,161.20924966983966
838.2011043301368,160.3650006750863
838.9740546998614,161.20966058031084
839.7470050695861,161.95660479399336
840.5199554393105,160.36353048785892
841.2929058090351,161.61782778328052
842.0658561787598,161.20957149845304
842.8388065484842,161.20935005323088
843.6117569182088,161.39650422061848
844.3847072879335,161.20865686906814
845.1576576576579,161.20818190612493
845.9306080273825,161.20761921327207
846.7035583971071,161.20696717850822
847.4765087668316,160.37511420954476
848.2494591365562,161.20538863524243
849.0224095062808,161.20445890273783
849.7953598760053,161.203433380317
850.5683102457299,160.90659462589537
851.3412606154545,160.98518020541766
852.1142109851789,161.19976595354402
852.8871613549036,161.0333989821536
853.6601117246282,161.19681249942354
854.4330620943526,161.19517838547773
855.2060124640773,160.45714018196904
855.9789628338019,161.19158732380862
856.7519132035263,161.18962715208266
857.524863573251,161.03334742414805
858.2978139429756,161.18536946684134
859.0707643127,161.1830687293233
859.8437146824247,161.73619981097633
860.6166650521493,160.23129996250628
861.3896154218737,160.21728859735492
862.1625657915984,160.32425031405234
862.935516161323,161.16978161270737
863.7084665310474,161.1667562195698
864.481416900772,161.16360440849098
865.2543672704967,161.16032456746973
866.0273176402211,162.12246394728945
866.8002680099457,160.64496271218172
867.5732183796704,161.46928333473588
868.3461687493948,160.4414975033894
869.1191191191194,161.14194849317974
869.8920694888441,161.90119647297018
870.6650198585685,161.86935697392263
871.4379702282931,161.12928332121152
872.2109205980175,161.12477867064848
872.9838709677422,161.12012987012986
