100.80645161290323,150.54263792085607
101.5794019826278,150.59356649175066
102.35235235235236,151.75946822660651
103.12530272207692,151.17935194000574
103.89825309180148,151.4691887767276
104.67120346152605,151.7569875769115
105.44415383125062,152.04274775685664
106.21710420097517,151.7712870510684
106.99005457069974,153.60430565615022
107.76300494042431,152.1834192172483
108.53595531014886,153.16539060023624
109.30890567987343,153.44094892347735
110.08185604959799,153.71446512427556
110.85480641932256,154.22902280878859
111.62775678904713,154.56214324657944
112.40070715877168,154.12257869172956
113.17365752849625,155.72058020595097
113.9466078982208,155.05139386209865
114.71955826794537,155.31264507052475
115.49250863766994,155.57185007060303
116.2654590073945,155.03879557870454
117.03840937711907,155.39828813135614
117.81135974684364,157.30536157413664
118.58431011656819,155.78652445866177
119.35726048629276,156.83716151625305
120.13021085601733,157.08407700852987
120.90316122574188,157.328942206554
121.67611159546645,157.5717565266247
122.449061965191,157.8125193850413
123.22201233491558,158.0512301981031
123.99496270464013,158.28788838210943
124.7679130743647,158.5224933533596
125.54086344408927,158.7550445281528
126.31381381381382,158.98554132278844
127.08676418353839,159.21398315356578
127.85971455326296,159.44036943678412
128.63266492298752,159.6646995887428
129.40561529271207,160.0762970002405
130.17856566243665,160.10718916407822
130.9515160321612,160.32534742005353
131.72446640188576,159.92029297257935
132.49741677161035,161.68571949237972
133.2703671413349,160.96746905680192
134.04331751105946,160.65175227189027
134.81626788078404,161.16144180146964
135.5892182505086,160.60654973463855
136.36216862023315,161.2613707939446
137.13511898995773,161.9964596587481
137.9080693596823,162.19607070693587
138.68101972940684,162.39361803575488
139.45397009913142,161.94540580811744
140.22692046885598,162.7825192004837
140.99987083858053,163.23330179498268
141.7728212083051,163.16315848332897
142.54577157802967,163.76153394782125
143.31872194775423,163.53553121468508
144.09167231747878,163.71861616430294
144.86462268720334,163.1579541334325
145.63757305692792,164.07858031291488
146.41052342665247,164.2554583445075
147.18347379637703,164.43026623602364
147.9564241661016,164.43875564738516
148.72937453582617,163.9621816429038
149.50232490555072,164.94226323310625
150.2752752752753,165.10878472730948
151.04822564499986,165.27323316293274
151.82117601472441,165.00669113116194
152.594126384449,165.59590852363652
153.36707675417355,165.75413428131563
154.1400271238981,165.72199304763961
154.9129774936227,166.06435903282483
155.68592786334725,166.2163568592535
156.4588782330718,167.21176686527033
157.23182860279638,165.83357336435157
158.00477897252094,166.65988513682746
158.7777293422455,166.80357088311249
159.55067971197008,166.73700067470085
160.32363008169463,167.08470335411872
161.0965804514192,167.26156618150972
161.86953082114377,166.83837431891556
162.64248119086832,167.49079575120828
163.41543156059288,167.6219958662567
164.18838193031743,167.63619013658092
164.961332300042,167.9999907660472
165.73428266976657,168.90392057291987
166.50723303949113,168.12596067452478
167.28018340921568,168.24674004510686
168.05313377894026,168.3654335156936
168.82608414866482,169.22400247263215
169.59903451838937,168.59656042207814
170.37198488811396,168.70899269047453
171.1449352578385,168.81933672407277
171.91788562756307,168.92759193917217
172.69083599728765,169.033757752072
173.4637863670122,169.13783357907153
174.23673673673676,169.23981883647014
175.00968710646134,169.33971294056707
175.7826374761859,168.68029848233354
176.55558784591045,170.04030111534382
177.32853821563504,169.0644390867968
178.1014885853596,170.32529580046275
178.87443895508414,169.64496075596878
179.64738932480873,169.89513065857446
180.42033969453328,170.04216232142562
181.19329006425784,170.06351421039852
181.96624043398242,170.144561668249
182.73919080370695,170.22351213579077
183.51214117343153,170.1575485441529
184.2850915431561,170.0078336530728
185.05804191288064,169.5989376265172
185.83099228260522,170.51833242885738
186.6039426523298,170.58678918934538
187.37689302205433,170.65314545732056
188.14984339177892,170.71740064908215
188.92279376150347,170.7795541809295
189.69574413122803,170.44491612381358
190.4686945009526,170.14255239286396
191.24164487067716,170.9533989799789
192.01459524040172,171.00714003516225
192.7875456101263,170.37101388101593
193.56049597985086,171.10830782657493
194.3334463495754,171.15573339540288
195.1063967193,170.90007650542051
195.87934708902455,171.24426496079852
196.6522974587491,170.8813414053051
197.4252478284737,170.81268337662095
198.19819819819824,172.14091873831924
198.9711485679228,171.39603345892925
199.74409893764738,171.4287024634035
200.51704930737193,172.33373542510654
201.2899996770965,171.2888836798491
202.06295004682107,171.51404464947512
202.8359004165456,171.53826849004622
203.60885078627018,171.5603795803898
204.38180115599476,171.58037733680507
205.1547515257193,171.59826117559146
205.92770189544387,171.61403051304814
206.70065226516846,172.15534599917876
207.47360263489298,171.72958097332486
208.24655300461757,172.63563007760894
209.01950337434212,171.6559511755646
209.79245374406668,171.66113925086256
210.56540411379126,171.66420932262676
211.33835448351581,171.47326257248704
212.11130485324037,172.49388285474674
212.88425522296495,171.66070567970914
213.6572055926895,171.65529790033094
214.43015596241406,171.81597573350598
215.20310633213865,171.1624725313588
215.9760567018632,170.82389415227453
216.74900707158776,171.61245172543772
217.52195744131234,171.83008954018172
218.2949078110369,172.35992035391
219.06785818076145,171.17501320271597
219.84080855048603,171.53563344110216
220.61375892021059,171.2338965715398
221.38670928993514,171.95354466956934
222.15965965965972,171.95151671386066
222.93261002938428,171.69137789373502
223.70556039910883,171.30579273281984
224.47851076883342,171.3566265912969
225.25146113855794,171.31934369278514
226.02441150828253,170.653551949136
226.7973618780071,171.23838827941736
227.57031224773164,171.93086254549635
228.34326261745622,171.1489094862527
229.11621298718077,171.10097236299475
229.88916335690536,171.0509026436855
230.6621137266299,170.9986997446242
231.43506409635447,170.8433846333425
232.20801446607902,170.88789207244275
232.9809648358036,170.82928613192115
233.75391520552816,170.3499004278185
234.5268655752527,170.7056671235128
235.2998159449773,171.240898497871
236.07276631470185,170.00416992933225
236.8457166844264,170.5042014221653
237.618667054151,170.82859464295115
238.39161742387554,170.3590281551576
239.1645677936001,170.28308683448677
239.93751816332468,170.07365477380858
240.71046853304924,170.12432496468065
241.4834189027738,170.92107257153128
242.25636927249835,170.06565033579025
243.02931964222293,169.22170699675362
243.80227001194748,169.77833312807778
244.57522038167204,170.67813667120114
245.34817075139662,169.59055962806272
246.12112112112118,169.49285958473527
246.89407149084573,168.65842707451588
247.66702186057032,169.28966305730972
248.43997223029487,169.18409863155932
249.21292260001943,169.18748125709092
249.985872969744,167.9712530928453
250.75882333946856,169.00539487525756
251.53177370919312,168.73460719569692
252.30472407891767,168.61525604938544
253.07767444864226,168.49304564648318
253.8506248183668,168.36794201616408
254.62357518809137,168.23991118760205
255.39652555781595,168.0201390089572
256.1694759275405,167.9749320524444
256.94242629726506,167.83791580419646
257.71537666698964,166.823863845293
258.48832703671417,167.02837554768158
259.26127740643875,167.40835268686266
260.03422777616333,167.25888028746755
260.80717814588786,167.44235831803613
261.58012851561244,166.95030462329458
262.353078885337,165.96920602077952
263.12602925506155,167.21221004736927
263.89897962478614,166.4628544011862
264.6719299945107,166.29367865028578
265.44488036423525,166.8052263958306
266.21783073395983,165.94508480823154
266.9907811036844,165.76559877542542
267.76373147340894,165.1772598260167
268.5366818431335,165.39607863212447
269.3096322128581,165.20597657997735
270.08258258258263,164.66073822836873
270.8555329523072,164.81491866055902
271.6284833220318,164.61389485163554
272.4014336917563,164.55301140043952
273.1743840614809,164.20068768122914
273.9473344312055,163.29473097127848
274.72028480093,163.4684772563633
275.4932351706546,163.55246848182878
276.2661855403792,163.32868394704653
277.0391359101037,163.6494724636106
277.8120862798283,162.869343850052
278.5850366495529,162.63372034618726
279.3579870192774,162.22554342509665
280.130937389002,162.15039657359256
280.90388775872657,161.9026283632102
281.6768381284511,161.47713185541696
282.4497884981757,161.39470944014465
283.22273886790026,161.13449078580913
283.9956892376248,160.870054041837
284.7686396073493,159.69533973633352
285.54158997707395,160.70790482816136
286.3145403467985,160.05109556383917
287.087490716523,159.76944675305896
287.86044108624765,159.48340999851123
288.6333914559722,159.6816004872566
289.4063418256967,157.9639283827768
290.17929219542134,158.59863236400224
290.95224256514587,158.29470412612346
291.7251929348704,157.9862180903465
292.49814330459503,158.02503421466776
293.27109367431956,157.35547365053577
294.0440440440441,157.0332993131072
294.81699441376867,156.7067096557567
295.58994478349325,156.37579687614402
296.3628951532178,156.04065317192888
297.13584552294236,155.70137074077113
297.90879589266694,156.308450295941
298.68174626239147,155.01075848826625
299.45469663211605,154.65961306223866
300.22764700184064,154.3046976999073
301.00059737156516,153.94610459893192
301.77354774128975,153.57046224378368
302.54649811101433,153.21825397168774
303.31944848073886,152.73905669211592
304.09239885046344,153.32219711835756
304.865349220188,151.57276898078112
305.63829958991255,151.1351807323905
306.41124995963713,151.3407208134874
307.1842003293617,150.97370126400776
307.95715069908624,150.5684810650255
308.7301010688108,150.17229296739137
309.5030514385354,150.435164419686
310.27600180825993,149.3896837211312
311.0489521779845,149.06879991242505
311.8219025477091,148.59126931709747
312.5948529174336,148.18857385562862
313.3678032871582,147.24027467413268
314.1407536568828,147.3382799196584
314.9137040266073,147.3873983739976
315.6866543963319,146.55668822546633
316.4596047660565,146.14390186015265
317.232555135781,146.50920900897515
318.0055055055056,145.6675451605024
318.7784558752302,144.8954620281123
319.5514062449547,144.4762624975981
320.3243566146793,143.6841081157458
321.0973069844039,142.93784358820832
321.8702573541284,142.44712625425504
322.643207723853,141.89878508321803
323.41615809357756,142.36151684095893
324.1891084633021,141.93546349243564
324.9620588330266,141.0103737767431
325.73500920275126,141.08099015947138
326.5079595724758,140.34318725638508
327.2809099422003,140.2239759630151
328.05386031192495,139.46695866408487
328.8268106816495,139.36515847521372
329.599761051374,138.1700346197669
330.37271142109864,138.50526904759818
331.14566179082317,137.745708701939
331.9186121605477,137.3101326073102
332.69156253027234,137.21498667060337
333.46451289999686,136.78512872505448
334.2374632697214,136.3555370818977
335.010413639446,135.9263006685335
335.78336400917055,135.39748550769662
336.5563143788951,135.56771456829335
337.32926474861966,133.80366176075347
338.10221511834425,134.58183842514288
338.8751654880688,133.78855950761698
339.64811585779336,134.06408982571133
340.42106622751794,133.16929613266632
341.19401659724247,132.51586892220706
341.96696696696705,132.0938313099965
342.73991733669163,130.68500745793534
343.51286770641616,131.25357852436716
344.28581807614074,131.584549295008
345.0587684458653,130.41901517312994
345.83171881558985,130.00408935390956
346.60466918531444,130.3830039999016
347.377619555039,129.1793940652674
348.15056992476354,128.76980245064652
348.9235202944881,127.63434356727959
349.6964706642127,128.431741446798
350.46942103393724,127.55311885439035
351.2423714036618,127.15188449617526
352.0153217733864,126.75296177056275
352.78827214311093,126.26406746156441
353.5612225128355,125.7999518829385
354.3341728825601,125.26512414236693
355.1071232522846,125.78749987175287
355.8800736220092,124.60519590219185
356.6530239917338,124.41294963596742
357.4259743614583,124.11782729021033
358.1989247311829,123.75527463532597
358.9718751009075,123.28135372824144
359.744825470632,122.91043833567977
360.5177758403566,121.61253396581718
361.2907262100811,122.17856597997965
362.0636765798057,122.8140866113485
362.8366269495303,121.46056437951349
363.6095773192548,121.94178646378191
364.3825276889794,120.75714495348498
365.155478058704,119.73572249229012
365.9284284284285,120.03877319631458
366.7013787981531,119.79602990442386
367.47432916787767,119.39689830155531
368.2472795376022,119.06706209010214
369.0202299073268,118.74149391406151
369.79318027705136,117.81394487527434
370.5661306467759,118.10351737781986
371.3390810165005,117.79128687241973
372.11203138622506,118.39663915133659
372.8849817559496,117.73635264042031
373.65793212567417,116.8826935359076
374.43088249539875,116.58949157496785
375.2038328651233,116.30126906864434
375.97678323484786,115.26076061531754
376.74973360457244,115.74011812944778
377.52268397429697,114.81791070808495
378.29563434402155,115.19995213752155
379.06858471374613,114.937960815286
379.84153508347066,114.68148251206942
380.61448545319524,114.4306061552722
381.3874358229198,114.1593766693587
382.16038619264435,113.94601499053788
382.93333656236894,113.71247803740167
383.70628693209346,113.48489874028668
384.47923730181805,113.26336602659335
385.25218767154263,112.42896518260987
386.02513804126716,112.83875501184029
386.79808841099174,112.63568986581267
387.5710387807163,112.43872707950604
388.34398915044085,112.24782059271236
389.11693952016543,111.49126070112305
389.88988988989,111.88399227683132
390.66284025961454,111.71097832732784
391.4357906293391,112.14148849297699
392.2087409990637,111.3825205441545
392.98169136878823,111.22698459006851
393.7546417385128,111.07718251403885
394.5275921082374,110.00578100589541
395.3005424779619,110.79459575531621
396.0734928476865,110.66171895220702
396.8464432174111,110.74665603018057
397.6193935871356,110.72193107968201
398.3923439568602,110.50150038096947
399.1652943265848,110.18524750992964
399.9382446963093,110.6659933743268
400.7111950660339,109.97938840797333
401.4841454357585,109.8843918010625
402.257095805483,109.79462240991907
403.0300461752076,109.09314810240123
403.8029965449321,109.63058103410225
404.5759469146567,109.55621692901263
405.3488972843813,109.48689579885813
406.1218476541058,110.39608222212172
406.8947980238304,109.36319822252213
407.667748393555,109.30872965592445
408.4406987632795,109.60597243979706
409.2136491330041,109.95027355106535
409.98659950272867,109.17429211991575
410.7595498724532,109.13898212848069
411.5325002421778,109.51766137857572
412.30545061190236,109.08233956521383
413.0784009816269,108.84381136699787
413.85135135135147,108.84246619721092
414.62430172107605,109.0316283662005
415.3972520908006,109.02367443126691
416.17020246052516,109.02011862835525
416.94315283024974,108.7544896649086
417.71610319997427,108.74860454351642
418.48905356969885,109.03537940967125
419.26200393942344,109.04895553276664
420.03495430914796,109.06669948684356
420.80790467887255,109.08856521169395
421.58085504859713,109.11450664710974
422.35380541832166,109.14447773288282
423.12675578804624,108.86220449252757
423.89970615777077,109.21632461466854
424.67265652749535,109.25810829026504
425.44560689721993,109.30373737538655
426.21855726694446,110.26751544379295
426.99150763666904,109.40634753337207
427.7644580063936,109.58315496291024
428.53740837611815,108.91064079091397
429.31035874584273,108.76959872775394
430.0833091155673,108.6757691125207
430.85625948529184,110.29977498155745
431.6292098550164,109.8016775742876
432.402160224741,109.12459289739374
433.17511059446554,110.32250168929819
433.9480609641901,109.88966982111016
434.7210113339147,110.13446242405045
435.49396170363923,110.01408883452129
436.2669120733638,110.30286840428008
437.0398624430884,109.4680393021294
437.8128128128129,110.5191933029319
438.5857631825375,110.31602124114349
439.3587135522621,110.94104326323205
440.1316639219866,110.29848189198565
440.9046142917112,110.95292235761465
441.6775646614358,111.06866513469367
442.4505150311603,111.18723999671992
443.2234654008849,111.95782052117082
443.9964157706095,111.43270173478152
444.769366140334,112.29495301261801
445.5423165100586,111.68893909013482
446.3152668797831,111.18644428682157
447.0882172495077,111.95558358111522
447.8611676192323,111.28443368717723
448.6341179889568,112.23226672605796
449.4070683586814,112.3742576432451
450.18001872840597,112.51862004329851
450.9529690981305,111.83041465733973
451.7259194678551,112.25729816210485
452.49886983757966,112.48320777716816
453.2718202073042,113.11886326801418
454.04477057702877,113.27439217927818
454.81772094675335,113.558969987005
455.5906713164779,112.89726332408038
456.36362168620246,113.82986342982468
457.13657205592705,113.91699843843196
457.9095224256516,114.08254235570442
458.68247279537616,114.24995109355436
459.45542316510074,114.72430014876798
460.22837353482527,114.59017879015428
461.00132390454985,114.69311040195365
461.77427427427443,114.93731304656703
462.54722464399896,114.87100095701001
463.32017501372354,116.2339914547556
464.0931253834481,115.62931941965503
464.86607575317265,116.36598471473674
465.63902612289723,115.83294672585572
466.41197649262176,116.0164703580357
467.18492686234634,116.1226053156812
467.9578772320709,116.38754603705323
468.73082760179545,116.57500596347461
469.50377797152004,116.76368586756031
470.2767283412446,117.03484770683193
471.04967871096915,117.14452136789228
471.82262908069373,116.35070343453184
472.5955794504183,116.61435213366029
473.36852982014284,117.93672698303558
474.1414801898674,118.16365174597335
474.914430559592,117.5383454185506
475.68738092931653,118.3115945641813
476.4603312990411,118.5093201169417
477.2332816687657,118.70791368472123
478.0062320384902,118.90736065773044
478.7791824082148,118.95963894137272
479.5521327779394,119.3087563802803
480.3250831476639,119.86140710115826
481.0980335173885,119.71339040627566
481.8709838871131,120.73254780044627
482.6439342568376,120.67809199031261
483.4168846265622,120.32615759291394
484.1898349962868,120.69126771466277
484.9627853660113,120.73837603489277
485.7357357357359,120.94555352177986
486.5086861054604,121.15342370621275
487.281636475185,121.36197197840211
488.0545868449096,122.0879254296934
488.8275372146341,121.78104434689226
489.6004875843587,121.53873129747684
490.3734379540833,122.18096578264428
491.1463883238078,122.41437331306453
491.9193386935324,122.62668330621403
492.69228906325696,122.83956911859391
493.4652394329815,123.84797341166117
494.2381898027061,122.4689553504237
495.01114017243066,123.48153537322098
495.7840905421552,123.69657836462765
496.55704091187977,123.27299996652961
497.32999128160435,124.3810999558888
498.1029416513289,124.3446655213887
498.87589202105346,123.61812168571505
499.64884239077804,124.77904268011905
500.42179276050257,125.90879091168947
501.19474313022715,125.67108843426949
501.96769349995174,125.43379480376016
502.74064386967626,126.31488638332894
503.51359423940085,125.87225002900789
504.28654460912543,126.359038864383
505.05949497884995,126.31213194381036
505.83244534857454,126.532571385321
506.6053957182991,126.75332366985205
507.37834608802365,126.97437418761398
508.15129645774823,126.64768790768065
508.92424682747276,126.84946449139217
509.69719719719734,126.7797730858348
510.4701475669219,127.86126639518224
511.24309793664645,128.08358893225721
512.016048306371,128.3061220438264
512.7889986760956,127.90415898788005
513.5619490458201,128.75176155128986
514.3348994155447,128.97483872760523
515.1078497852693,129.19806803925715
515.8808001549938,129.42143487645612
516.6537505247184,129.64492462941269
517.426700894443,129.02978354249385
518.1996512641675,130.09221444344092
518.972601633892,130.31598528493367
519.7455520036167,130.53982060302636
520.5185023733412,131.67738000835342
521.2914527430657,130.98762622985342
522.0644031127904,131.21156731900896
522.8373534825149,131.4355144456066
523.6103038522394,131.65945299985685
524.3832542219641,131.7913422099338
525.1562045916886,132.1072459521576
525.9291549614131,132.33107113062914
526.7021053311378,132.82688858816266
527.4750557008623,132.77850584326745
528.2480060705868,132.8255178261721
529.0209564403115,132.44827742854108
529.793906810036,133.44889965462124
530.5668571797605,132.84046494086905
531.3398075494852,134.241184705796
532.1127579192097,134.1180329219041
532.8857082889342,134.4718796745244
533.6586586586589,134.56322666730506
534.4316090283834,134.4188396670549
535.2045593981079,135.00756869729787
535.9775097678325,135.22938687219437
536.7504601375571,135.45095358402662
537.5234105072816,136.64855052175815
538.2963608770062,135.89328411865165
539.0693112467308,136.11402369152069
539.8422616164553,137.25005855364037
540.6152119861799,136.5545908235628
541.3881623559045,137.1276003404303
542.161112725629,136.72785388733735
542.9340630953536,137.32906112379916
543.7070134650781,137.43173753393265
544.4799638348027,137.69933032687695
545.2529142045273,137.86812311287147
546.0258645742518,137.7441257194239
546.7988149439764,138.30292084138696
547.571765313701,138.5196939493314
548.3447156834255,138.73603371978467
549.1176660531501,138.9519280277848
549.8906164228747,139.1673647483701
550.6635667925992,139.96918287482788
551.4365171623238,140.4151978976399
552.2094675320484,140.6893782518299
552.9824179017729,140.02429325732632
553.7553682714974,140.23726016641012
554.5283186412221,140.5518255025249
555.3012690109466,140.66159084805878
556.0742193806711,140.201629009551
556.8471697503958,141.08370318127012
557.6201201201203,141.59394198829412
558.3930704898448,141.5035001663497
559.1660208595695,141.71250009093555
559.938971229294,141.92088480360303
560.7119215990185,142.39085273964378
561.4848719687432,142.33576009333572
562.2578223384677,142.54222642047725
563.0307727081922,142.74802903585322
563.8037230779169,142.95315581450174
564.5766734476414,143.69016903358514
565.3496238173659,143.36133336176945
566.1225741870905,143.21652611996444
566.8955245568151,143.76666206258585
567.6684749265396,143.08353645615276
568.4414252962642,144.16904491725649
569.2143756659888,144.36910133988266
569.9873260357133,144.6000157107994
570.7602764054379,145.57328511837412
571.5332267751623,145.49485370851122
572.306177144887,145.1614774165506
573.0791275146116,145.35754840744943
573.852077884336,145.55278593711728
574.6250282540607,145.74717788059252
575.3979786237853,145.9407121129132
576.1709289935097,145.86793094882893
576.9438793632344,146.3251589442438
577.716829732959,146.51604729333013
578.4897801026834,146.7060294314147
579.2627304724081,146.8950932335358
580.0356808421327,146.32639662508953
580.8086312118571,147.66230952796633
581.5815815815818,147.45665337449955
582.3545319513064,148.37443286544607
583.1274823210308,147.8262128310246
583.9004326907555,148.00951199316643
584.6733830604801,148.19180794461207
585.4463334302045,148.37308856039968
586.2192837999291,148.55334171556748
586.9922341696538,148.73255528515372
587.7651845393782,148.36049288045692
588.5381349091028,149.08781516773405
589.3110852788275,148.37203721717708
590.0840356485519,149.43877120844627
590.8569860182765,148.67193500732338
591.629936388001,150.52190242278076
592.4028867577256,149.95692337918018
593.1758371274502,150.12738376548845
593.9487874971747,150.7416061338978
594.7217378668993,150.12120550899104
595.4946882366239,150.63182416313862
596.2676386063484,151.51252289912978
597.040588976073,150.86905936998355
597.8135393457976,151.12559879467912
598.5864897155221,151.28776358512425
599.3594400852467,150.45504935505693
600.1323904549713,151.60838028614114
600.9053408246958,151.7668079467892
601.6782911944204,152.64187448117633
602.451241564145,151.87867710697088
603.2241919338695,152.23442266975064
603.997142303594,152.3876977412041
604.7700926733187,152.53965435295444
605.5430430430432,153.18204630420746
606.3159934127677,152.98058159343913
607.0889437824924,152.10505488725897
607.8618941522169,153.61489967353197
608.6348445219414,153.30709699885696
609.4077948916661,153.42302737182817
610.1807452613906,153.5654152667256
610.9536956311151,153.70638770222538
611.7266460008398,154.80249640364343
612.4995963705643,153.9840376951849
613.2725467402888,154.1206910027209
614.0454971100135,154.25588035101208
614.8184474797381,154.3895936150966
615.5913978494625,154.91690453666664
616.3643482191871,154.65254339079837
617.1372985889118,154.781755652492
617.9102489586362,155.65357985512836
618.6831993283608,155.03559429875574
619.4561496980855,155.01788412868106
620.2291000678099,155.28323760910948
621.0020504375345,155.40470570091557
621.775000807259,155.52458858385864
622.5479511769836,155.64287413297708
623.3209015467082,155.45537767259293
624.0938519164326,156.6042447459382
624.8668022861573,155.98808101980472
625.6397526558819,156.77016495294987
626.4127030256063,157.16042880677062
627.185653395331,156.31898105415965
627.9586037650556,156.42615251197205
628.73155413478,156.5317778715095
629.5045045045047,156.63586803989907
630.2774548742293,155.74299793936524
631.0504052439537,157.72921457954325
631.8233556136784,156.21130092342352
632.596305983403,156.08783317950488
633.3692563531274,156.31151917937288
634.142206722852,157.22878083523307
634.9151570925767,156.42768582009882
635.6881074623011,157.4146313609118
636.4610578320257,157.5053956296785
637.2340082017504,157.72572384782794
638.0069585714748,158.39258840924433
638.7799089411994,157.76917534521016
639.5528593109241,158.0811964073074
640.3258096806485,157.54345046823101
641.0987600503731,158.13439948692897
641.8717104200978,158.7014139552636
642.6446607898222,158.1810856628137
643.4176111595468,158.25940750923382
644.1905615292715,158.4347555297367
644.9635118989959,158.41207824198847
645.7364622687205,158.48644894257671
646.5094126384452,159.32749419082384
647.2823630081696,158.63131554780935
648.0553133778942,159.03899723861582
648.8282637476188,158.90215244660106
649.6012141173433,158.83909207270182
650.3741644870679,158.627032889055
651.1471148567925,159.68368426475178
651.920065226517,159.0357023090913
652.6930155962416,159.09880855703472
653.4659659659662,158.60418713220946
654.2389163356906,159.2214407494032
655.0118667054153,159.28098850808195
655.7848170751399,159.33937191792623
656.5577674448643,159.39660188606294
657.330717814589,160.20014198803426
658.1036681843136,160.21331722896034
658.876618554038,159.561480211496
659.6495689237627,159.61420548407088
660.4225192934873,160.18387287961883
661.1954696632117,159.7163702181277
661.9684200329364,159.7658314938634
662.741370402661,159.8142265849064
663.5143207723854,159.86156639838367
664.2872711421101,159.9078618414219
665.0602215118347,160.59473976030984
665.8331718815591,160.39422485930052
666.6061222512838,160.97684066286914
667.3790726210084,159.47769227404945
668.1520229907328,160.4922855807404
668.9249733604574,160.03688185471745
669.6979237301821,160.20360376905666
670.4708740999065,160.2419369051507
671.2438244696311,160.27932383494766
672.0167748393558,160.31577546557432
672.7897252090802,160.25575968230402
673.5626755788048,160.63694924590158
674.3356259485295,159.89078273548944
675.1085763182539,160.4524471389158
675.8815266879785,160.48438588059423
676.6544770577032,159.60078123816064
677.4274274274276,160.5456647018507
678.2003777971522,159.7934086839985
678.9733281668769,160.60355135448606
679.7462785366013,160.63124988538786
680.5192289063259,160.658133095515
681.2921792760505,160.6842118919943
682.065129645775,160.36257192427288
682.8380800154996,160.73399987251688
683.6110303852242,160.75773087081384
684.3839807549487,160.7807010839705
685.1569311246733,160.8029214191136
685.9298814943979,161.06419441022646
686.7028318641223,160.30015988045247
687.475782233847,160.86519222773057
688.2487326035716,159.95636473098077
689.021682973296,160.90315667406702
689.7946333430207,160.44863822174867
690.5675837127453,160.93838337939425
691.3405340824697,161.8694053495027
692.1134844521944,161.41272612838648
692.886434821919,160.98628104771305
693.6593851916434,160.32210555159787
694.4323355613681,160.1502689835223
695.2052859310927,161.90883569802034
695.9782363008171,160.92224169563505
696.7511866705418,161.48855848815614
697.5241370402664,161.06536358709138
698.2970874099908,161.07650478641574
699.0700377797154,161.0870924360102
699.8429881494401,161.09713744300169
700.6159385191645,160.34308444672902
701.3888888888891,161.11564315768308
702.1618392586138,160.4429795910927
702.9347896283382,161.56255587925904
703.7077399980628,161.05726208204152
704.4806903677875,161.13756842078453
705.2536407375119,160.61332571815652
706.0265911072365,161.15927122044926
706.7995414769609,161.16492326472266
707.5724918466856,161.17014173766177
708.3454422164102,161.30721439433896
709.1183925861346,161.17932159804445
709.8913429558593,161.18330479974173
710.6642933255839,161.1868980586122
711.4372436953083,161.19011228178263
712.210194065033,161.19295837637992
712.9831444347576,161.19544724953101
713.756094804482,160.2048716443932
714.5290451742067,161.19939696000185
715.3019955439313,160.7070673661478
716.0749459136557,161.20204867021005
716.8478962833804,161.20291504303285
717.620846653105,161.20348963717055
718.3937970228294,161.20378335975013
719.166747392554,161.20380711789838
719.9396977622787,161.20357181874215
720.7126481320031,161.2030883694084
721.4855985017277,161.20236767702391
722.2585488714524,161.10716898797222
723.0314992411768,160.33926684277057
723.8044496109014,161.69151918125692
724.5773999806261,161.19733061951615
725.3503503503505,161.19558731878112
726.1233007200751,161.1936722177566
726.8962510897998,161.1915962235694
727.6692014595242,161.1893702433465
728.4421518292488,161.18700518421466
729.2151021989735,160.33608730818057
729.9880525686979,161.18190145773173
730.7610029384225,161.73701305711072
731.5339533081471,161.1763723011356
732.3069036778716,160.81236519558738
733.0798540475962,160.57568078417557
733.8528044173208,161.16747175949942
734.6257547870453,161.015899220943
735.3987051567699,161.16126077706076
736.1716555264945,160.9323460069796
736.944605896219,161.15492976406117
737.7175562659436,161.00015472141797
738.4905066356682,160.86934185009247
739.2634570053926,161.30325680907004
740.0364073751173,161.14225667443912
740.8093577448419,161.1391497220189
741.5823081145663,160.92556481224585
742.355258484291,161.13308575104895
743.1282088540156,160.9113276702384
743.90115922374,161.1272944060853
744.6741095934647,161.72322757788154
745.4470599631893,160.2609032970838
746.2200103329137,161.1359065955719
746.9929607026384,161.11687375348487
747.765911072363,161.11455513664163
748.5388614420874,161.13629345255228
749.311811811812,161.1102624377216
750.0847621815367,161.64682809053033
750.8577125512611,160.12070332172152
751.6306629209857,161.1046605462382
752.4036132907104,161.2181776165402
753.1765636604348,161.02135659701668
753.9495140301594,161.10002455499927
754.7224643998841,161.09868634641228
755.4954147696085,161.09744901206943
756.2683651393331,161.09631093996936
757.0413155090578,161.0952705181108
757.8142658787822,161.09432613449235
758.5872162485068,161.0934761771129
759.3601666182315,161.09271903397092
760.1331169879559,161.0920530930652
760.9060673576805,161.0914767423944
761.6790177274052,161.09098836995724
762.4519680971296,161.09058636375235
763.2249184668542,161.0902691117785
763.9978688365788,161.09003500203426
764.7708192063033,160.5718690674
765.5437695760279,161.08980976122956
766.3167199457525,161.90324155129122
767.089670315477,160.86365072382014
767.8626206852016,161.09005516671215
768.6355710549262,161.09028605831836
769.4085214246506,161.3408862707113
770.1814717943753,161.8527328724634
770.9544221640999,161.0914034344545
771.7273725338243,161.52859843646144
772.500322903549,161.09248614963005
773.2732732732736,161.09312401053933
774.046223642998,161.09382405766124
774.8191740127227,161.09458467899435
775.5921243824473,161.09540426253747
776.3650747521717,161.0962811962892
777.1380251218964,161.09721386824825
777.910975491621,161.0982006664133
778.6839258613454,161.0992399787831
779.45687623107,161.82973605519695
780.2298266007947,161.09546635650202
781.0027769705191,161.56000648967478
781.7757273402437,161.71241631154595
782.5486777099684,161.10516783365642
783.3216280796928,161.10648837922676
784.0945784494174,161.10785015499258
784.8675288191421,161.1092515489526
785.6404791888665,161.11069094910553
786.4134295585911,161.11216674345
787.1863799283158,160.48070788781027
787.9593302980402,161.11522106670822
788.7322806677648,160.92443112790184
789.5052310374892,161.11840162271704
790.2781814072139,161.12003520799954
791.0511317769385,160.4831033850918
791.8240821466629,160.53442111680965
792.5970325163876,160.4130121704128
793.3699828861122,161.32573041160842
794.1429332558366,161.1285717271408
794.9158836255613,161.13034146550558
795.6888339952859,161.1597124335878
796.4617843650103,161.1339304807612
797.234734734735,161.57814012901937
798.0076851044596,161.13757480070942
798.780635474184,160.85195336944707
799.5535858439086,161.14126152933974
800.3265362136333,161.1431167669074
801.0994865833577,161.14497777064162
801.8724369530823,160.83063748703523
802.645387322807,161.14871062860465
803.4183376925314,161.15057925883076
804.191288062256,161.1524472072182
804.9642384319807,161.15431286176562
805.7371888017051,161.15617461047174
806.5101391714297,161.15803084133526
807.2830895411544,161.15987994235485
808.0560399108788,161.1617203015292
808.8289902806034,161.9548904617956
809.6019406503281,161.16536834633686
810.3748910200525,161.16717280796757
811.1478413897771,161.16896207974779
811.9207917595018,161.17073454967615
812.6937421292262,161.73983529064077
813.4666924989508,161.1742226359722
814.2396428686754,161.17593502833722
815.0125932383999,161.17762417084518
815.7855436081245,161.65733505611755
816.5584939778491,161.18092625828464
817.3314443475736,160.22094515884172
818.1043947172982,161.18411600227998
818.8773450870228,161.18566471548283
819.6502954567472,161.18718050682074
820.4232458264719,160.49893211196482
821.1961961961965,161.19010687589636
821.9691465659209,161.1915142296315
822.7420969356456,161.66343241727827
823.5150473053702,161.19420921548974
824.2879976750946,161.1954936236103
825.0609480448193,161.19673382585665
825.8338984145439,161.1979282102275
826.6068487842683,161.19907516472162
827.379799153993,161.20017307733758
828.1527495237176,161.20122033607413
828.925699893442,161.74634137514883
829.6986502631667,161.38118610626725
830.4716006328913,162.1435479951487
831.2445510026157,161.20487059219985
832.0175013723403,160.99717874605872
832.790451742065,161.53590345000762
833.5634021117894,161.2069974304959
834.336352481514,161.20758142614977
835.1093028512387,161.20810025991244
835.8822532209631,160.27292968233584
836.6552035906877,161.2089359937587
837.4281539604124,161.20924966983966
838.2011043301368,160.60436761389676
838.9740546998614,160.92785161622115
839.7470050695861,161.20975459069837
840.5199554393105,160.7806476637498
841.2929058090351,161.2097116617708
842.0658561787598,161.20957149845304
842.8388065484842,160.72768787448774
843.6117569182088,160.77514039596468
844.3847072879335,160.2671277395397
845.1576576576579,161.20818190612493
845.9306080273825,161.20761921327207
846.7035583971071,161.20696717850822
847.4765087668316,161.20622418983214
848.2494591365562,161.20538863524243
849.0224095062808,161.20445890273783
849.7953598760053,160.9930682209694
850.5683102457299,161.2023104559786
851.3412606154545,161.20108851772142
852.1142109851789,161.19976595354402
852.8871613549036,161.19834115144516
853.6601117246282,161.19681249942354
854.4330620943526,161.19517838547773
855.2060124640773,161.287726141247
855.9789628338019,161.19158732380862
856.7519132035263,161.18962715208266
857.524863573251,161.18755507042732
858.2978139429756,161.18536946684134
859.0707643127,161.1830687293233
859.8437146824247,161.18065124587199
860.6166650521493,161.17811540448605
861.3896154218737,160.78710697004695
862.1625657915984,160.40277378598708
862.935516161323,161.16978161270737
863.7084665310474,161.76618525096868
864.481416900772,160.50376651983197
865.2543672704967,160.26316713916853
866.0273176402211,161.15691508450465
866.8002680099457,161.1533743475944
867.5732183796704,161.14970074473771
868.3461687493948,161.14589266393327
869.1191191191194,161.05941373461565
869.8920694888441,161.13786662047582
870.6650198585685,161.13364543382013
871.4379702282931,161.12928332121152
872.2109205980175,161.12477867064848
872.9838709677422,161.12012987012986
