100.80645161290323,150.29761904761904
101.5794019826278,150.09013528507785
102.35235235235236,150.88747765044658
103.12530272207692,151.17935194000574
103.89825309180148,151.16276352447125
104.67120346152605,151.7569875769115
105.44415383125062,152.04274775685664
106.21710420097517,152.32646873286237
106.99005457069974,151.79121131697892
107.76300494042431,153.42858031888693
108.53595531014886,153.16539060023624
109.30890567987343,153.44094892347735
110.08185604959799,153.71446512427556
110.85480641932256,153.98593861893016
111.62775678904713,154.2553688237405
112.40070715877168,154.85667862015052
113.17365752849625,154.78809702902544
113.9466078982208,154.74134545435385
114.71955826794537,155.31264507052475
115.49250863766994,155.0725499027271
116.2654590073945,155.82900827863284
117.03840937711907,156.08411911091346
117.81135974684364,156.80477436134743
118.58431011656819,156.58819631342428
119.35726048629276,157.72948006000038
120.13021085601733,157.08407700852987
120.90316122574188,156.53482285912256
121.67611159546645,158.2285702948603
122.449061965191,157.7409780581312
123.22201233491558,158.0512301981031
123.99496270464013,159.03352959280906
124.7679130743647,158.59933821163634
125.54086344408927,158.7550445281528
126.31381381381382,158.98554132278844
127.08676418353839,159.21398315356578
127.85971455326296,159.08646209546276
128.63266492298752,159.70369421515102
129.40561529271207,159.88697302574104
130.17856566243665,159.4596831234127
130.9515160321612,161.2047873699607
131.72446640188576,159.90578353210836
132.49741677161035,160.7554879501162
133.2703671413349,160.96746905680192
134.04331751105946,161.95502347835154
134.81626788078404,161.7091095268595
135.5892182505086,161.591048739069
136.36216862023315,162.29606173803407
137.13511898995773,161.9964596587481
137.9080693596823,162.62225396781446
138.68101972940684,162.63679672989915
139.45397009913142,161.87935682895466
140.22692046885598,162.55306397038734
140.99987083858053,163.5319354163316
141.7728212083051,162.83859976463248
142.54577157802967,163.35037845979346
143.31872194775423,163.51325641604458
144.09167231747878,163.9652572366202
144.86462268720334,164.23541715154218
145.63757305692792,164.71072663646993
146.41052342665247,163.6692217393271
147.18347379637703,163.89136657827956
147.9564241661016,164.60300340376264
148.72937453582617,164.77366926402374
149.50232490555072,163.96982264071053
150.2752752752753,165.10878472730948
151.04822564499986,165.07937642536643
151.82117601472441,165.43560795627528
152.594126384449,164.699636104807
153.36707675417355,165.75413428131563
154.1400271238981,165.50324556425397
154.9129774936227,166.92674109894438
155.68592786334725,166.2163568592535
156.4588782330718,165.8124298950381
157.23182860279638,166.03580187400314
158.00477897252094,165.70259500602242
158.7777293422455,166.9477687699916
159.55067971197008,166.9451771501097
160.32363008169463,166.71068775274668
161.0965804514192,166.65884441925743
161.86953082114377,166.77746919096865
162.64248119086832,167.49079575120828
163.41543156059288,167.79967183898034
164.18838193031743,166.7801437710372
164.961332300042,167.8781465681773
165.73428266976657,168.003095987648
166.50723303949113,167.54826524212356
167.28018340921568,168.24674004510686
168.05313377894026,168.3654335156936
168.82608414866482,168.48204050258425
169.59903451838937,168.59656042207814
170.37198488811396,168.0644075676207
171.1449352578385,169.15422530796846
171.91788562756307,168.92759193917217
172.69083599728765,168.33473366955835
173.4637863670122,170.02183589323758
174.23673673673676,169.2596792445104
175.00968710646134,169.33971294056707
175.7826374761859,169.4375153076616
176.55558784591045,169.53322535405306
177.32853821563504,169.6285191257604
178.1014885853596,169.7183661499241
178.87443895508414,170.15983206827832
179.64738932480873,170.23371537008936
180.42033969453328,169.98037034594012
181.19329006425784,171.02853198852486
181.96624043398242,170.144561668249
182.73919080370695,170.22351213579077
183.51214117343153,170.30036502932327
184.2850915431561,170.3751197651456
185.05804191288064,169.78076987886476
185.83099228260522,170.51833242885738
186.6039426523298,170.58678918934538
187.37689302205433,170.65314545732056
188.14984339177892,170.71740064908215
188.92279376150347,170.6265777500981
189.69574413122803,170.83960546916185
190.4686945009526,171.08528723538504
191.24164487067716,170.9533989799789
192.01459524040172,171.00714003516225
192.7875456101263,171.05877651192782
193.56049597985086,171.53352816396733
194.3334463495754,171.15573339540288
195.1063967193,171.201052634711
195.87934708902455,171.24426496079852
196.6522974587491,171.2724218581425
197.4252478284737,171.3243665385092
198.19819819819824,171.73128570717742
198.9711485679228,171.39603345892925
199.74409893764738,171.15461525515445
200.51704930737193,171.4592610524531
201.2899996770965,171.48770864237716
202.06295004682107,171.08305213106811
202.8359004165456,171.53826849004622
203.60885078627018,171.5603795803898
204.38180115599476,171.98141493977712
205.1547515257193,172.1416440793624
205.92770189544387,171.61403051304814
206.70065226516846,171.62768476547456
207.47360263489298,171.63922334916987
208.24655300461757,171.64864568043342
209.01950337434212,171.96033764135453
209.79245374406668,170.75420068077275
210.56540411379126,171.66420932262676
211.33835448351581,171.66516080715635
212.11130485324037,171.13907117288676
212.88425522296495,171.66070567970914
213.6572055926895,171.65529790033094
214.43015596241406,172.50500003626257
215.20310633213865,171.63811899176181
215.9760567018632,171.0930655978268
216.74900707158776,171.61245172543772
217.52195744131234,171.5964334988658
218.2949078110369,171.83142417217414
219.06785818076145,171.5580249403987
219.84080855048603,170.65773936197752
220.61375892021059,171.51111635016275
221.38670928993514,172.08693228298043
222.15965965965972,170.5255008619805
222.93261002938428,170.4773586979041
223.70556039910883,171.35749077992557
224.47851076883342,171.3566265912969
225.25146113855794,171.7843681514606
226.02441150828253,171.27993111672552
226.7973618780071,172.0790711642197
227.57031224773164,171.19471459716002
228.34326261745622,171.5345637041311
229.11621298718077,171.10097236299475
229.88916335690536,171.4151755126572
230.6621137266299,170.9986997446242
231.43506409635447,170.7317275354074
232.20801446607902,170.30973246888405
232.9809648358036,170.82928613192115
233.75391520552816,170.00314639958802
234.5268655752527,170.7056671235128
235.2998159449773,170.64065288822462
236.07276631470185,170.57350131015457
236.8457166844264,170.5042014221653
237.618667054151,170.43272169410832
238.39161742387554,170.830703785194
239.1645677936001,170.28308683448677
239.93751816332468,170.20486376126985
240.71046853304924,170.43989644827434
241.4834189027738,170.04143647389296
242.25636927249835,170.16092735734355
243.02931964222293,169.86847452641769
243.80227001194748,169.55719241047643
244.57522038167204,169.39423825073834
245.34817075139662,169.84445427026117
246.12112112112118,170.4028766553371
246.89407149084573,169.39257205142633
247.66702186057032,169.28966305730972
248.43997223029487,169.38728671830924
249.21292260001943,169.07584480334904
249.985872969744,168.39853775683704
250.75882333946856,168.851133056244
251.53177370919312,168.73460719569692
252.30472407891767,168.61525604938544
253.07767444864226,168.8288100595277
253.8506248183668,168.54220251644466
254.62357518809137,169.01367459741894
255.39652555781595,168.71756538533117
256.1694759275405,167.9749320524444
256.94242629726506,167.83791580419646
257.71537666698964,167.45866841372302
258.48832703671417,166.6261544087861
259.26127740643875,167.65908117062207
260.03422777616333,166.88631789732602
260.80717814588786,167.10620892322024
261.58012851561244,167.17909933732875
262.353078885337,166.79113341686445
263.12602925506155,166.62866133310376
263.89897962478614,166.4628544011862
264.6719299945107,166.5614809083282
265.44488036423525,166.92558233627878
266.21783073395983,165.94508480823154
266.9907811036844,165.76559877542542
267.76373147340894,165.5826080403318
268.5366818431335,165.39607863212447
269.3096322128581,165.20597657997735
270.08258258258263,165.01226791306425
270.8555329523072,164.4682257352464
271.6284833220318,164.61389485163554
272.4014336917563,164.40916251546764
273.1743840614809,164.20068768122914
273.9473344312055,163.88019375431134
274.72028480093,163.7723746352359
275.4932351706546,162.72162254633528
276.2661855403792,163.1854243774115
277.0391359101037,163.37514777948059
277.8120862798283,162.869343850052
278.5850366495529,162.63372034618726
279.3579870192774,163.05780933725524
280.130937389002,162.15039657359256
280.90388775872657,161.9026283632102
281.6768381284511,161.65074397566963
282.4497884981757,161.39470944014465
283.22273886790026,161.13449078580913
283.9956892376248,160.1976750632039
284.7686396073493,160.49303605773773
285.54158997707395,160.32839040167815
286.3145403467985,160.05109556383917
287.087490716523,159.76944675305896
287.86044108624765,159.48340999851123
288.6333914559722,159.19295132937
289.4063418256967,158.89803677480907
290.17929219542134,158.59863236400224
290.95224256514587,158.29470412612346
291.7251929348704,158.66407761780968
292.49814330459503,158.53261858230042
293.27109367431956,157.35547365053577
294.0440440440441,157.0332993131072
294.81699441376867,157.66228208042008
295.58994478349325,156.37579687614402
296.3628951532178,155.7553019013544
297.13584552294236,155.91482116495138
297.90879589266694,155.35804178033032
298.68174626239147,154.57433321932305
299.45469663211605,154.65961306223866
300.22764700184064,154.3046976999073
301.00059737156516,154.07748545149195
301.77354774128975,153.58392595697217
302.54649811101433,153.21825397168774
303.31944848073886,152.56625158793474
304.09239885046344,152.47679876178412
304.865349220188,152.10119993248435
305.63829958991255,150.90841504133996
306.41124995963713,150.79281115693416
307.1842003293617,151.0814299758928
307.95715069908624,150.5684810650255
308.7301010688108,150.17818144889452
309.5030514385354,150.3024153620661
310.27600180825993,149.3896837211312
311.0489521779845,148.99167000481825
311.8219025477091,148.3978588010442
312.5948529174336,148.18857385562862
313.3678032871582,146.78610124209473
314.1407536568828,147.3766674020853
314.9137040266073,146.3110160464111
315.6866543963319,146.55668822546633
316.4596047660565,146.14390186015265
317.232555135781,146.25042342692745
318.0055055055056,145.51101228729888
318.7784558752302,145.6346077156743
319.5514062449547,144.4762624975981
320.3243566146793,143.9602070681863
321.0973069844039,144.2198994288962
321.8702573541284,143.2107959137893
322.643207723853,142.30727748771412
323.41615809357756,142.36151684095893
324.1891084633021,141.519693053218
324.9620588330266,141.5085905327199
325.73500920275126,141.08099015947138
326.5079595724758,140.65275457034988
327.2809099422003,140.2239759630151
328.05386031192495,139.79474653512676
328.8268106816495,140.16578450596754
329.599761051374,137.96633565163947
330.37271142109864,138.50526904759818
331.14566179082317,137.47656555458127
331.9186121605477,136.86866639612694
332.69156253027234,136.47526779098806
333.46451289999686,137.2439060149646
334.2374632697214,137.25748881663156
335.010413639446,135.4736141481786
335.78336400917055,136.05166696999424
336.5563143788951,135.9336752445476
337.32926474861966,134.64161208120083
338.10221511834425,135.00798185985894
338.8751654880688,134.14659506346948
339.64811585779336,133.36332194841776
340.42106622751794,132.9390621108143
341.19401659724247,132.98297336952197
341.96696696696705,132.0938313099965
342.73991733669163,131.673038201583
343.51286770641616,131.25380385146903
344.28581807614074,130.8355412057493
345.0587684458653,130.41901517312994
345.83171881558985,130.00408935390956
346.60466918531444,130.40908800170828
347.377619555039,129.1793940652674
348.15056992476354,128.76980245064652
348.9235202944881,128.59135911822054
349.6964706642127,127.95657591780753
350.46942103393724,127.21176938939254
351.2423714036618,127.59291752534351
352.0153217733864,127.41611874273912
352.78827214311093,126.3564396049533
353.5612225128355,126.94316166180026
354.3341728825601,125.5709526633453
355.1071232522846,125.18216574214767
355.8800736220092,124.79613509055488
356.6530239917338,124.41294963596742
357.4259743614583,124.17016229086886
358.1989247311829,123.65547002741023
358.9718751009075,123.28135372824144
359.744825470632,122.91043833567977
360.5177758403566,122.5428127771257
361.2907262100811,122.17856597997965
362.0636765798057,121.81778687164211
362.8366269495303,121.46056437951349
363.6095773192548,121.92337121389191
364.3825276889794,120.79118076265803
365.155478058704,119.50170270237548
365.9284284284285,120.06901912109774
366.7013787981531,119.45644915768551
367.47432916787767,119.58335094971078
368.2472795376022,119.06706209010214
369.0202299073268,118.74149391406151
369.79318027705136,119.19092965297753
370.5661306467759,118.10351737781986
371.3390810165005,118.35995151435225
372.11203138622506,117.48368011203402
372.8849817559496,117.18078602406315
373.65793212567417,116.8826935359076
374.43088249539875,116.58949157496785
375.2038328651233,116.30126906864434
375.97678323484786,116.01811494433747
376.74973360457244,115.74011812944778
377.52268397429697,115.46736755137566
378.29563434402155,115.19995213752155
379.06858471374613,114.937960815286
379.84153508347066,114.63180397013848
380.61448545319524,114.4306061552722
381.3874358229198,113.66304228852964
382.16038619264435,113.45290058865241
382.93333656236894,114.07559471500696
383.70628693209346,112.94589563760033
384.47923730181805,113.08930424654903
385.25218767154263,113.04796857779698
386.02513804126716,113.08670326718952
386.79808841099174,112.63568986581267
387.5710387807163,112.43872707950604
388.34398915044085,112.25108333424132
389.11693952016543,112.06292434522346
389.88988988989,111.68324577841625
390.66284025961454,111.71097832732784
391.4357906293391,110.8309531277766
392.2087409990637,111.3825205441545
392.98169136878823,110.71173216776022
393.7546417385128,111.07718251403885
394.5275921082374,111.62251959605605
395.3005424779619,111.78455457693155
396.0734928476865,110.66171895220702
396.8464432174111,110.53439178632188
397.6193935871356,111.28954286273596
398.3923439568602,109.76541769364638
399.1652943265848,109.26083163337593
399.9382446963093,109.24698311278037
400.7111950660339,110.72685753724372
401.4841454357585,109.8843918010625
402.257095805483,110.44734010607411
403.0300461752076,109.71003417433502
403.8029965449321,109.63058103410225
404.5759469146567,109.96007141443025
405.3488972843813,110.46060374780309
406.1218476541058,109.42257158343067
406.8947980238304,109.36319822252213
407.667748393555,109.30872965592445
408.4406987632795,109.03648653158302
409.2136491330041,109.0000192396741
409.98659950272867,109.17429211991575
410.7595498724532,109.20337806203732
411.5325002421778,108.5035728096656
412.30545061190236,109.08233956521383
413.0784009816269,109.06091487296585
413.85135135135147,109.04402649336414
414.62430172107605,109.0316283662005
415.3972520908006,109.02367443126691
416.17020246052516,109.02011862835525
416.94315283024974,109.59369211114708
417.71610319997427,109.02601717776554
418.48905356969885,109.03537940967125
419.26200393942344,108.62384813508851
420.03495430914796,109.06669948684356
420.80790467887255,108.40766334859958
421.58085504859713,109.11450664710974
422.35380541832166,109.14447773288282
423.12675578804624,109.17843240880512
423.89970615777077,108.43210099972323
424.67265652749535,109.6056451875636
425.44560689721993,108.83291755472271
426.21855726694446,108.60090099521825
426.99150763666904,109.29073334294145
427.7644580063936,109.46323648581998
428.53740837611815,108.69198445439254
429.31035874584273,109.58795183658565
430.0833091155673,109.65568611448724
430.85625948529184,110.58423995904802
431.6292098550164,110.05689193393964
432.402160224741,109.87984263577016
433.17511059446554,109.5285531867522
433.9480609641901,110.04628112085967
434.7210113339147,109.66379774996307
435.49396170363923,111.07121654308584
436.2669120733638,110.23784112329575
437.0398624430884,110.41830185370996
437.8128128128129,109.81131312356335
438.5857631825375,110.6231471381414
439.3587135522621,110.73011729913044
440.1316639219866,110.84005772569088
440.9046142917112,111.84766728972002
441.6775646614358,111.06866513469367
442.4505150311603,111.03805504937995
443.2234654008849,112.23105455557905
443.9964157706095,111.26521985371903
444.769366140334,111.55949649040076
445.5423165100586,111.68893909013482
446.3152668797831,111.24443369151636
447.0882172495077,111.74477573115378
447.8611676192323,112.4844562109085
448.6341179889568,112.23226672605796
449.4070683586814,112.3742576432451
450.18001872840597,113.25830545152508
450.9529690981305,112.66530786601024
451.7259194678551,112.81427505117215
452.49886983757966,112.96547553857616
453.2718202073042,113.11886326801418
454.04477057702877,112.97682882242769
454.81772094675335,114.22238712732239
455.5906713164779,113.59168930645167
456.36362168620246,113.75336540194499
457.13657205592705,113.91699843843196
457.9095224256516,114.08254235570442
458.68247279537616,114.24995109355436
459.45542316510074,114.09563060105117
460.22837353482527,114.59017879015428
461.00132390454985,115.4612156720022
461.77427427427443,114.93731304656703
462.54722464399896,116.03483254545799
463.32017501372354,115.29098538112795
464.0931253834481,115.7869949366787
464.86607575317265,116.21904237168997
465.63902612289723,115.83294672585572
466.41197649262176,115.9654537684535
467.18492686234634,116.20135214850423
467.9578772320709,116.38754603705323
468.73082760179545,117.50535018611292
469.50377797152004,117.7390637665392
470.2767283412446,116.95353968910223
471.04967871096915,117.60348986472171
471.82262908069373,117.8700423040938
472.5955794504183,117.52968405638453
473.36852982014284,118.00190836564362
474.1414801898674,117.91880594287585
474.914430559592,119.03095610767794
475.68738092931653,118.3115945641813
476.4603312990411,118.5093201169417
477.2332816687657,118.70791368472123
478.0062320384902,119.1633936261984
478.7791824082148,119.29049531532453
479.5521327779394,119.3087563802803
480.3250831476639,119.51067591024204
481.0980335173885,119.71339040627566
481.8709838871131,119.91688525859186
482.6439342568376,119.19002070538956
483.4168846265622,120.32615759291394
484.1898349962868,120.6067783589823
484.9627853660113,120.73837603489277
485.7357357357359,120.94555352177986
486.5086861054604,120.50099163994017
487.281636475185,121.36197197840211
488.0545868449096,121.57118372855842
488.8275372146341,121.78104434689226
489.6004875843587,121.99153922361421
490.3734379540833,122.20265374893476
491.1463883238078,122.44139703988165
491.9193386935324,122.62668330621403
492.69228906325696,122.83956911859391
493.4652394329815,123.05301614041461
494.2381898027061,123.26700976188681
495.01114017243066,123.48153537322098
495.7840905421552,123.69657836462765
496.55704091187977,123.9121241263175
497.32999128160435,124.12815804850099
498.1029416513289,124.3446655213887
498.87589202105346,124.56163193519119
499.64884239077804,124.6676489349013
500.42179276050257,125.73053696912785
501.19474313022715,125.22006765931867
501.96769349995174,125.43379480376016
502.74064386967626,125.42351689759055
503.51359423940085,126.00741561579095
504.28654460912543,126.09201995510949
505.05949497884995,126.31213194381036
505.83244534857454,127.25451783834266
506.6053957182991,126.75332366985205
507.37834608802365,126.97437418761398
508.15129645774823,127.27682335428399
508.92424682747276,127.41731148367292
509.69719719719734,127.200326756332
510.4701475669219,127.25871287507621
511.24309793664645,127.46796910039306
512.016048306371,128.3061220438264
512.7889986760956,128.92186730827947
513.5619490458201,129.2568671121736
514.3348994155447,128.6601543773104
515.1078497852693,129.19806803925715
515.8808001549938,129.42143487645612
516.6537505247184,129.64492462941269
517.426700894443,129.86852268833744
518.1996512641675,130.64367160703318
518.972601633892,130.31598528493367
519.7455520036167,130.53982060302636
520.5185023733412,130.1560480139219
521.2914527430657,130.98762622985342
522.0644031127904,131.00523470946573
522.8373534825149,132.382333652025
523.6103038522394,131.6416331688779
524.3832542219641,131.88260833255666
525.1562045916886,132.84656661803845
525.9291549614131,132.33107113062914
526.7021053311378,132.5548292975956
527.4750557008623,133.58483194447112
528.2480060705868,133.0020861578553
529.0209564403115,132.3273296977156
529.793906810036,132.47102354009192
530.5668571797605,133.02974770205066
531.3398075494852,133.89515290957786
532.1127579192097,134.1180329219041
532.8857082889342,134.34072904440958
533.6586586586589,134.25934044823074
534.4316090283834,134.78551118429905
535.2045593981079,134.95018297034568
535.9775097678325,135.22938687219437
536.7504601375571,135.45095358402662
537.5234105072816,135.67225670783304
538.2963608770062,135.89328411865165
539.0693112467308,135.57128409396884
539.8422616164553,136.33446330147834
540.6152119861799,135.78235821104022
541.3881623559045,136.77439413281223
542.161112725629,136.99386110426494
542.9340630953536,136.33299016761228
543.7070134650781,137.59629249227285
544.4799638348027,136.6843383804966
545.2529142045273,138.1342748569867
546.0258645742518,137.20776235642296
546.7988149439764,138.30292084138696
547.571765313701,138.5196939493314
548.3447156834255,138.73603371978467
549.1176660531501,139.34781450876397
549.8906164228747,140.00768325471645
550.6635667925992,139.38233175657865
551.4365171623238,139.5714606284248
552.2094675320484,139.81080813601858
552.9824179017729,140.02429325732632
553.7553682714974,141.09085288986972
554.5283186412221,141.0213064570278
555.3012690109466,140.66159084805878
556.0742193806711,141.55728677934906
556.8471697503958,141.08370318127012
557.6201201201203,141.29389715480727
558.3930704898448,141.5035001663497
559.1660208595695,141.71250009093555
559.938971229294,142.19695604422728
560.7119215990185,142.12864217939034
561.4848719687432,142.33576009333572
562.2578223384677,141.55676431919443
563.0307727081922,142.74802903585322
563.8037230779169,142.95315581450174
564.5766734476414,143.15759463146114
565.3496238173659,143.36133336176945
566.1225741870905,143.56435988046493
566.8955245568151,143.35686467154343
567.6684749265396,144.77984119695273
568.4414252962642,145.01465398410943
569.2143756659888,144.36910133988266
569.9873260357133,144.56838492608694
570.7602764054379,145.65066499034384
571.5332267751623,144.9645850893827
572.306177144887,145.1614774165506
573.0791275146116,145.35754840744943
573.852077884336,145.55278593711728
574.6250282540607,145.74717788059252
575.3979786237853,145.9407121129132
576.1709289935097,146.13337650911757
576.9438793632344,146.3251589442438
577.716829732959,146.08106116755957
578.4897801026834,146.7060294314147
579.2627304724081,146.8950932335358
580.0356808421327,147.0832265747315
580.8086312118571,147.27041733003998
581.5815815815818,147.45665337449955
582.3545319513064,148.4311557433631
583.1274823210308,147.8262128310246
583.9004326907555,148.00951199316643
584.6733830604801,148.19180794461207
585.4463334302045,148.37308856039968
586.2192837999291,148.55334171556748
586.9922341696538,148.73255528515372
587.7651845393782,149.6340143123503
588.5381349091028,149.05283630053196
589.3110852788275,149.2638372308046
590.0840356485519,149.43877120844627
590.8569860182765,149.38464872514285
591.629936388001,150.14882337020322
592.4028867577256,149.95692337918018
593.1758371274502,150.77875823757182
593.9487874971747,150.29669544155877
594.7217378668993,150.60300583548573
595.4946882366239,150.63182416313862
596.2676386063484,151.04062105752217
597.040588976073,150.15933963087699
597.8135393457976,150.2289000941815
598.5864897155221,151.51063512960428
599.3594400852467,151.44869479059884
600.1323904549713,151.00403398793887
600.9053408246958,151.7668079467892
601.6782911944204,151.92396564758138
602.451241564145,152.78507083428107
603.2241919338695,152.23442266975064
603.997142303594,152.3876977412041
604.7700926733187,152.39442166757044
605.5430430430432,152.81194931277005
606.3159934127677,152.83956369749822
607.0889437824924,152.5049028506567
607.8618941522169,153.13405370368764
608.6348445219414,153.0026710235848
609.4077948916661,153.34928111293283
610.1807452613906,153.5654152667256
610.9536956311151,154.46526550248055
611.7266460008398,154.2257320585742
612.4995963705643,153.9840376951849
613.2725467402888,153.90544613450356
614.0454971100135,154.25588035101208
614.8184474797381,154.88245866021734
615.5913978494625,154.5218186700126
616.3643482191871,155.1154024651266
617.1372985889118,154.56556793539687
617.9102489586362,154.90944333013172
618.6831993283608,155.03559429875574
619.4561496980855,155.16019643340232
620.2291000678099,155.28323760910948
621.0020504375345,154.60537472405258
621.775000807259,155.52026866438035
622.5479511769836,156.36654009918428
623.3209015467082,155.75955054153454
624.0938519164326,155.88021624327763
624.8668022861573,155.98808101980472
625.6397526558819,156.09995621520287
626.4127030256063,156.46309207512655
627.185653395331,156.31898105415965
627.9586037650556,157.0976700703236
628.73155413478,157.23915645315407
629.5045045045047,157.01839004977307
630.2774548742293,156.30910501673256
631.0504052439537,156.83948643174162
631.8233556136784,156.1055577079687
632.596305983403,157.03709494451462
633.3692563531274,157.44964697040226
634.142206722852,157.74593304873326
634.9151570925767,157.32243006513897
635.6881074623011,157.4146313609118
636.4610578320257,158.04581338864912
637.2340082017504,158.38672715267626
638.0069585714748,157.6826567147008
638.7799089411994,158.69513020317535
639.5528593109241,157.8543005772208
640.3258096806485,157.9380433178596
641.0987600503731,158.52736314330065
641.8717104200978,158.1014249535292
642.6446607898222,158.1810856628137
643.4176111595468,158.25940750923382
644.1905615292715,158.33640139991647
644.9635118989959,157.61893468190198
645.7364622687205,157.91604549651765
646.5094126384452,158.55952440880804
647.2823630081696,158.63131554780935
648.0553133778942,159.21862221120858
648.8282637476188,158.7710884726294
649.6012141173433,158.7305344577689
650.3741644870679,158.74089281849757
651.1471148567925,158.97138808380595
651.920065226517,158.35033221504807
652.6930155962416,159.09880855703472
653.4659659659662,158.8607923568271
654.2389163356906,159.2214407494032
655.0118667054153,159.28098850808195
655.7848170751399,159.33937191792623
656.5577674448643,159.39660188606294
657.330717814589,160.20223482449165
658.1036681843136,160.4712545961059
658.876618554038,159.561480211496
659.6495689237627,158.88896377316777
660.4225192934873,159.66583185057252
661.1954696632117,159.7163702181277
661.9684200329364,159.7658314938634
662.741370402661,159.02223604806233
663.5143207723854,159.86156639838367
664.2872711421101,159.9078618414219
665.0602215118347,159.48768700983828
665.8331718815591,159.99736324468918
666.6061222512838,159.50515847904362
667.3790726210084,160.08281805172308
668.1520229907328,160.89407234967854
668.9249733604574,160.16431351953858
669.6979237301821,159.97659665340083
670.4708740999065,159.39111650996827
671.2438244696311,160.27932383494766
672.0167748393558,159.69082542110084
672.7897252090802,159.46869999290115
673.5626755788048,160.7047089265347
674.3356259485295,160.41962763370145
675.1085763182539,160.31843906277777
675.8815266879785,160.48438588059423
676.6544770577032,161.09795456101662
677.4274274274276,160.5456647018507
678.2003777971522,160.5750265956826
678.9733281668769,159.77339959595727
679.7462785366013,160.08287181078018
680.5192289063259,160.32061431900866
681.2921792760505,161.57255429284695
682.065129645775,160.70949718195268
682.8380800154996,160.73399987251688
683.6110303852242,160.75773087081384
684.3839807549487,160.7807010839705
685.1569311246733,160.8029214191136
685.9298814943979,160.82440278337006
686.7028318641223,160.84515608386678
687.475782233847,161.4695988303707
688.2487326035716,160.88452212208838
689.021682973296,160.90315667406702
689.7946333430207,161.3900650839054
690.5675837127453,160.93838337939425
691.3405340824697,161.59923909219145
692.1134844521944,160.97095960072718
692.886434821919,160.98628104771305
693.6593851916434,161.0009725950809
694.4323355613681,161.0150451499577
695.2052859310927,160.963842501942
695.9782363008171,161.04137691074553
696.7511866705418,161.4974698964892
697.5241370402664,161.06536358709138
698.2970874099908,161.07650478641574
699.0700377797154,161.3481381364945
699.8429881494401,161.01808924769034
700.6159385191645,161.10665071451703
701.3888888888891,161.572205645497
702.1618392586138,161.54076557592572
702.9347896283382,160.6364458999227
703.7077399980628,160.140477116827
704.4806903677875,160.5423356784667
705.2536407375119,161.1531746977146
706.0265911072365,161.15927122044926
706.7995414769609,161.16492326472266
707.5724918466856,161.17014173766177
708.3454422164102,161.17493754639338
709.1183925861346,161.17932159804445
709.8913429558593,161.24081042808538
710.6642933255839,161.1868980586122
711.4372436953083,161.81453426430707
712.210194065033,161.19295837637992
712.9831444347576,160.2616114355265
713.756094804482,161.1975898083627
714.5290451742067,160.5959445696805
715.3019955439313,161.20087961157537
716.0749459136557,161.20204867021005
716.8478962833804,161.20291504303285
717.620846653105,161.10231360655996
718.3937970228294,161.143693040082
719.166747392554,162.18024114731148
719.9396977622787,161.20357181874215
720.7126481320031,161.86354522315386
721.4855985017277,160.29800081138072
722.2585488714524,161.31986857884684
723.0314992411768,161.20025819161023
723.8044496109014,161.1988912128348
724.5773999806261,161.6256802589937
725.3503503503505,161.19558731878112
726.1233007200751,161.19081345994957
726.8962510897998,161.1915962235694
727.6692014595242,161.1893702433465
728.4421518292488,161.18700518421466
729.2151021989735,160.9323386788681
729.9880525686979,161.18190145773173
730.7610029384225,161.17918460463437
731.5339533081471,160.3932173855573
732.3069036778716,161.1734754543623
733.0798540475962,161.17050497144126
733.8528044173208,161.16747175949942
734.6257547870453,161.16438672566366
735.3987051567699,161.16126077706076
736.1716555264945,161.15810482081764
736.944605896219,161.15492976406117
737.7175562659436,161.15174651391825
738.4905066356682,161.890326729773
739.2634570053926,160.218183612308
740.0364073751173,161.92186702195602
740.8093577448419,160.48692506168325
741.5823081145663,161.13608911184656
742.355258484291,160.36548319209862
743.1282088540156,161.1301505467529
743.90115922374,161.53684554427153
744.6741095934647,161.124528236173
745.4470599631893,161.12186294414295
746.2200103329137,161.1193093645855
746.9929607026384,161.11687375348487
747.765911072363,161.11455513664163
748.5388614420874,160.13869460555867
749.311811811812,161.60815726547332
750.0847621815367,161.63299074793855
750.8577125512611,160.4408587491177
751.6306629209857,161.1046605462382
752.4036132907104,161.10301004291094
753.1765636604348,161.8457582059018
753.9495140301594,161.10002455499927
754.7224643998841,161.4359658705292
755.4954147696085,161.09744901206943
756.2683651393331,161.09631093996936
757.0413155090578,160.1955380754564
757.8142658787822,161.09432613449235
758.5872162485068,161.31939710840473
759.3601666182315,161.09271903397092
760.1331169879559,161.48488813363997
760.9060673576805,160.69844895904447
761.6790177274052,161.09098836995724
762.4519680971296,161.09058636375235
763.2249184668542,161.0902691117785
763.9978688365788,161.09003500203426
764.7708192063033,161.08988242251837
765.5437695760279,161.16537476686582
766.3167199457525,161.08981540616645
767.089670315477,161.82753938624376
767.8626206852016,161.09005516671215
768.6355710549262,161.09028605831836
769.4085214246506,160.79967486773432
770.1814717943753,161.16259984797927
770.9544221640999,161.0914034344545
771.7273725338243,161.25242187333998
772.500322903549,160.66824802888178
773.2732732732736,160.60678735700736
774.046223642998,161.09382405766124
774.8191740127227,161.09458467899435
775.5921243824473,161.03851620122535
776.3650747521717,160.73354532615818
777.1380251218964,161.09721386824825
777.910975491621,161.61797789048543
778.6839258613454,161.0992399787831
779.45687623107,161.1700539887287
780.2298266007947,160.43290275963986
781.0027769705191,161.10265688110744
781.7757273402437,161.10389013028288
782.5486777099684,161.10516783365642
783.3216280796928,161.10648837922676
784.0945784494174,161.10785015499258
784.8675288191421,161.02920653675818
785.6404791888665,161.1227553767217
786.4134295585911,161.11216674345
787.1863799283158,160.19275058211716
787.9593302980402,161.11522106670822
788.7322806677648,161.11679637161953
789.5052310374892,161.11840162271704
790.2781814072139,160.84883413447483
791.0511317769385,160.60161218524317
791.8240821466629,161.1233809331142
792.5970325163876,161.1250898489438
793.3699828861122,161.12682065095305
794.1429332558366,161.2569363841568
794.9158836255613,161.1248336031234
795.6888339952859,161.13212825404614
796.4617843650103,160.7177070613705
797.234734734735,160.40598449700684
798.0076851044596,161.13757480070942
798.780635474184,160.63961773993591
799.5535858439086,160.68336349938582
800.3265362136333,161.832155388352
801.0994865833577,160.73528704572288
801.8724369530823,161.1468429285412
802.645387322807,160.5277209344265
803.4183376925314,161.15057925883076
804.191288062256,160.55349710680963
804.9642384319807,161.15431286176562
805.7371888017051,161.15617461047174
806.5101391714297,161.27413194253032
807.2830895411544,161.15987994235485
808.0560399108788,161.1617203015292
808.8289902806034,161.16355030685696
809.6019406503281,161.16536834633686
810.3748910200525,161.16717280796757
811.1478413897771,161.16896207974779
811.9207917595018,161.17073454967615
812.6937421292262,161.1724886057514
813.4666924989508,161.55815914517535
814.2396428686754,160.30859230744693
815.0125932383999,161.17762417084518
815.7855436081245,160.7694423991335
816.5584939778491,161.18092625828464
817.3314443475736,160.83939997475113
818.1043947172982,161.92258480093327
818.8773450870228,161.18566471548283
819.6502954567472,161.18718050682074
820.4232458264719,161.1803837999177
821.1961961961965,161.08340853244258
821.9691465659209,161.1915142296315
822.7420969356456,161.1928822134964
823.5150473053702,161.19420921548974
824.2879976750946,161.1954936236103
825.0609480448193,161.19673382585665
825.8338984145439,161.1979282102275
826.6068487842683,160.6271822572416
827.379799153993,161.20017307733758
828.1527495237176,161.20122033607413
828.925699893442,161.20221532892998
829.6986502631667,160.67387680697095
830.4716006328913,160.69378579422778
831.2445510026157,161.01917606191097
832.0175013723403,161.20564040151964
832.790451742065,161.3930490970342
833.5634021117894,161.6167818152533
834.336352481514,161.20758142614977
835.1093028512387,161.20810025991244
835.8822532209631,161.20855231978248
836.6552035906877,161.1781195683537
837.4281539604124,161.20924966983966
838.2011043301368,160.84933431438273
838.9740546998614,161.20966058031084
839.7470050695861,161.20975459069837
840.5199554393105,160.32470207609475
841.2929058090351,161.34668739546757
842.0658561787598,162.17535955908042
842.8388065484842,161.20935005323088
843.6117569182088,162.17783959888777
844.3847072879335,161.48412886338474
845.1576576576579,161.20818190612493
845.9306080273825,161.20761921327207
846.7035583971071,161.11464446571497
847.4765087668316,161.9989181793665
848.2494591365562,161.09252219800024
849.0224095062808,161.20445890273783
849.7953598760053,161.6140246352774
850.5683102457299,161.2023104559786
851.3412606154545,161.20108851772142
852.1142109851789,161.19976595354402
852.8871613549036,161.20434478455695
853.6601117246282,161.4956890170599
854.4330620943526,160.2145384341099
855.2060124640773,160.22404502780554
855.9789628338019,161.19158732380862
856.7519132035263,160.74250664398684
857.524863573251,161.18755507042732
858.2978139429756,161.18536946684134
859.0707643127,160.8660653751676
859.8437146824247,161.18065124587199
860.6166650521493,161.17811540448605
861.3896154218737,161.1754595931642
862.1625657915984,161.17268219990504
862.935516161323,161.16978161270737
863.7084665310474,161.1667562195698
864.481416900772,160.80982759942054
865.2543672704967,161.4164761823248
866.0273176402211,161.26631334438287
866.8002680099457,160.97591811811125
867.5732183796704,161.14970074473771
868.3461687493948,162.13232968308554
869.1191191191194,161.14194849317974
869.8920694888441,161.13786662047582
870.6650198585685,160.9123943264484
871.4379702282931,161.12928332121152
872.2109205980175,161.32945669646648
872.9838709677422,161.12012987012986
