86.69354838709677,162.47294372294368
87.47658949271852,162.462855334338
88.25963059834027,161.83614468255323
89.04267170396201,162.44049164417592
89.82571280958378,162.42828137088378
90.60875391520553,162.41542883096014
91.39179502082727,162.40196653853738
92.17483612644902,162.3879270077473
92.95787723207077,162.37334275272207
93.74091833769252,164.0766543903959
94.52395944331428,162.13228433034973
95.30700054893603,163.06163472995726
96.09004165455778,162.3102087729109
96.87308276017953,162.29338860869092
97.65612386580128,162.4099959098131
98.43916497142303,162.25873187605472
99.22220607704477,162.24096033590268
100.00524718266654,163.65863947854467
100.78828828828829,161.89865232098595
101.57132939391003,162.1862631896955
102.35437049953178,162.16767834614967
103.13741160515353,162.7579792446116
103.9204527107753,163.18507539373732
104.70349381639704,162.11132162893074
105.48653492201879,162.09244370810416
106.26957602764054,162.87444751289033
107.05261713326229,162.05474442861308
107.83565823888404,162.03598809821264
108.61869934450579,163.62259380910115
109.40174045012753,161.99882462676254
110.1847815557493,161.98048251397697
110.96782266137105,161.96234350199376
111.7508637669928,161.94444010494502
112.53390487261454,161.92680483696282
113.31694597823629,161.4611556987392
114.09998708385805,161.89246874472624
114.8830281894798,161.87583294873605
115.66606929510155,161.85959533834063
116.4491104007233,161.84378842767208
117.23215150634505,161.8284447308625
118.0151926119668,161.8135967620439
118.79823371758854,161.703261718924
119.5812748232103,163.68117074430276
120.36431592883204,161.77235236485475
121.1473570344538,161.75981244932083
121.93039814007555,161.74793083243827
122.7134392456973,162.05547812886374
123.49648035131906,162.2419176785675
124.27952145694081,163.41927924915834
125.06256256256256,161.70763763406276
125.84560366818431,161.69953522241792
126.62864477380606,161.69228619421682
127.41168587942781,160.75230576790813
128.19472698504956,163.15115302534832
128.9777680906713,161.67598455159663
129.76080919629305,161.67247419849116
130.5438503019148,161.74398982688427
131.32689140753655,162.10780203472726
132.1099325131583,161.66816892032762
132.89297361878005,162.37170038545483
133.67601472440182,161.67081202716653
134.45905583002357,161.67388511066665
135.24209693564532,161.6781692330632
136.02513804126707,162.5173079149526
136.80817914688882,161.42462706098456
137.59122025251057,161.6986129749525
138.37426135813232,161.7080663942557
139.15730246375406,161.71889342311573
139.9403435693758,161.70748941714166
140.7233846749976,161.74479836603447
141.50642578061934,161.7599413083574
142.2894668862411,161.2337254661373
143.07250799186284,161.79477070539053
143.85554909748458,161.59380359221788
144.63859020310633,161.83577431175678
145.42163130872808,161.36171199668996
146.20467241434983,161.88264925052803
146.98771351997158,161.90815231326656
147.77075462559333,161.93495981923155
148.55379573121508,162.2381996212974
149.33683683683682,161.99227030381542
150.11987794245857,162.02266435392124
150.90291904808032,162.04815555733754
151.68596015370207,162.0866577484783
152.46900125932382,162.12014816441663
153.25204236494557,161.00915155861733
154.03508347056732,162.18984411233026
154.8181245761891,162.22594071579266
155.60116568181084,162.26279711991677
156.3842067874326,162.81687871484746
157.16724789305434,162.33857147312415
157.9502889986761,162.37738049369452
158.73333010429783,162.480596690408
159.5163712099196,162.45656990148618
160.29941231554136,162.4968413601944
161.0824534211631,161.9174622441681
161.86549452678486,162.00433812116916
162.6485356324066,162.3712711688785
163.43157673802835,161.80395170339202
164.2146178436501,163.97961635731448
164.99765894927185,162.74451343166004
165.7807000548936,162.62379053237433
166.56374116051535,162.82806586350384
167.3467822661371,163.7759192198552
168.12982337175885,162.9113896426054
168.9128644773806,162.95282962673673
169.69590558300234,162.99404905491295
170.4789466886241,163.0349934628777
171.26198779424584,163.84156845715418
172.0450288998676,163.11583936114693
172.82807000548934,163.15563192293834
173.6111111111111,163.19493160749238
174.39415221673286,163.23368395055246
175.1771933223546,163.4182859753215
175.96023442797636,163.309328755165
176.7432755335981,161.3535431129724
177.52631663921986,163.1853772800021
178.3093577448416,161.7075048649772
179.09239885046335,163.45165383917794
179.87543995608513,163.72358070825857
180.65848106170688,165.00448403724704
181.44152216732863,163.54883806854767
182.22456327295038,163.57912146256203
183.00760437857213,163.60825840826115
183.79064548419387,163.6361944413886
184.57368658981562,163.81740970906267
185.35672769543737,162.88894452638496
186.13976880105912,164.48674150588738
186.92280990668087,163.73484016305136
187.70585101230262,163.75595466947294
188.48889211792437,163.7755414777838
189.2719332235461,163.80023183012784
190.05497432916786,164.17899272108608
190.8380154347896,163.824591071488
191.62105654041136,164.12158944928413
192.4040976460331,163.848653798702
193.18713875165486,162.32947426547568
193.9701798572766,163.4697594302086
194.75322096289838,162.58699943889997
195.53626206852013,163.87408973528375
196.31930317414188,163.87540402838172
197.10234427976363,163.8745915165477
197.88538538538538,164.4282894848033
198.66842649100712,163.55400042740058
199.45146759662887,163.85884850888908
200.23450870225065,163.84898413476236
201.0175498078724,162.72690032473787
201.80059091349415,163.82200437067172
202.5836320191159,163.80489282404628
203.36667312473764,163.78566549260975
204.1497142303594,163.76462827148
204.93275533598114,163.74208705577485
205.7157964416029,163.7183477406121
206.49883754722464,163.69371622110958
207.2818786528464,164.33551315511588
208.06491975846814,163.6430001495564
208.84796086408988,163.75403349202003
209.63100196971163,164.43521438107138
210.41404307533338,161.96781890718586
211.19708418095513,163.5443209395569
211.98012528657688,163.52200905297488
212.76316639219863,163.9871588064645
213.54620749782038,163.48235604473692
214.32924860344212,163.4656267133167
215.1122897090639,163.4513700238527
215.89533081468565,162.7663689103723
216.6783719203074,163.4314981512646
217.46141302592915,163.42649475837626
218.2444541315509,163.42518758791533
219.02749523717264,163.42788253499975
219.8105363427944,163.89581713515113
220.59357744841614,163.4465023622759
221.3766185540379,163.4630390327033
222.15965965965967,163.59008571673235
222.94270076528142,163.51209536272563
223.72574187090316,161.56256715393343
224.5087829765249,163.58450164575692
225.29182408214666,165.5344458019647
226.0748651877684,162.85901967530643
226.85790629339016,163.74224539675754
227.6409473990119,163.7319695764268
228.42398850463366,162.213597653143
229.2070296102554,163.96573735681457
229.99007071587715,164.05500767966694
230.7731118214989,164.15120236967238
231.55615292712065,164.25402538830096
232.33919403274243,164.36318069702256
233.12223513836418,165.30396759872136
233.90527624398592,164.59930403062415
234.68831734960767,164.72567997844408
235.47135845522942,164.53826139300628
236.25439956085117,165.01682596109356
237.03744066647292,165.13451248361895
237.82048177209467,164.90248686931827
238.60352287771641,165.4288609865305
239.38656398333816,165.58168517223447
240.1696050889599,165.73788126273053
240.95264619458166,165.89715321948842
241.7356873002034,166.0592050039781
242.5187284058252,166.22374057766956
243.30176951144693,166.3904639020326
244.08481061706868,165.13642493982607
244.86785172269043,166.72928964865315
245.65089282831218,166.9007999938504
246.43393393393393,167.0733139355989
247.21697503955568,167.24653543536851
248.00001614517743,167.10432092766976
248.78305725079917,167.59391695485078
249.56609835642092,167.7674848975032
250.34913946204267,167.9405762440564
251.13218056766442,168.11289495598018
251.91522167328617,168.28414499474448
252.69826277890795,168.4540303218193
253.4813038845297,168.62225489867438
254.26434499015144,168.7885226867798
255.0473860957732,167.99798527245838
255.83042720139494,169.12641144056542
256.61346830701666,169.27262493329636
257.39650941263847,169.42810518110173
258.17955051826016,169.79303347966834
258.96259162388196,170.17882450634994
259.74563272950365,169.85660189351344
260.52867383512546,170.01269597301982
261.31171494074715,170.14803092852296
262.09475604636896,170.2784487099754
262.8777971519907,170.129961403025
263.66083825761245,169.85137913860453
264.4438793632342,170.63724637990646
265.22692046885595,170.74532304251252
266.0099615744777,168.8906840288305
266.79300268009945,170.15396967888762
267.5760437857212,171.03770914358793
268.35908489134295,171.1256236824201
269.1421259969647,171.18925919206706
269.92516710258644,171.28905235909338
270.7082082082082,171.36520677736738
271.49124931382994,171.21024095668994
272.27429041945175,171.5079964748717
273.05733152507344,171.57527203453495
273.84037263069524,171.5968762498913
274.62341373631693,170.9217548638009
275.40645484193874,171.78816036890706
276.18949594756043,171.82438228431067
276.97253705318224,171.88326255061727
277.7555781588039,171.94142417890177
278.53861926442573,171.99918730938052
279.3216603700474,172.05687208226993
280.10470147566923,172.31137344490054
280.8877425812909,172.1732871161463
281.6707836869127,172.23265765756614
282.4538247925345,172.2932304022621
283.2368658981562,172.35532549045078
284.019907003778,172.41926306234845
284.8029481093997,172.48536325817156
285.58598921502147,172.73174088413256
286.3690303206432,174.04523473354612
287.15207142626497,173.03628253805704
287.9351125318867,173.56520534527388
288.71815363750846,172.0064404439343
289.5011947431302,171.89377478082176
290.28423584875196,173.0355098770225
291.0672769543737,172.4941624801044
291.85031805999546,172.49062262790497
292.6333591656172,173.33573523408353
293.416400271239,173.44650691379886
294.1994413768607,173.5624853602237
294.9824824824825,173.14720337623572
295.7655235881042,173.80902517064257
296.548564693726,174.56968991406833
297.3316057993477,173.97006060888896
298.1146469049695,172.5140791471824
298.8976880105912,173.4725154268641
299.680729116213,174.4983389193131
300.4637702218347,174.6466350563775
301.2468113274565,174.79780384939224
302.0298524330782,174.95158595271727
302.8128935387,175.10772202071277
303.59593464432174,175.26595270773873
304.3789757499435,177.11137848101012
305.16201685556524,175.45078987035768
305.945057961187,175.7506190266004
306.72809906680874,175.9146347333491
307.5111401724305,176.07944833092867
308.29418127805224,177.3264047727238
309.077222383674,176.41043181602072
309.86026348929573,176.2048897976985
310.6433045949175,177.12344549732038
311.42634570053923,176.9064075838922
312.209386806161,177.07056226801856
312.9924279117828,178.16496260698264
313.7754690174045,177.39555970468547
314.5585101230263,177.55588376594628
315.341551228648,178.01602912151796
316.1245923342698,177.87088584612266
316.90763343989147,178.295209306242
317.6906745455133,178.7812926474575
318.47371565113497,177.14907491903747
319.2567567567568,178.4710441591772
320.03979786237846,178.28721351694372
320.82283896800027,178.5292770169267
321.60588007362196,178.88715892725088
322.38892117924377,179.01908474700448
323.1719622848655,179.14828888675532
323.95500339048726,178.51378229911717
324.738044496109,179.40035725998257
325.52108560173076,179.52413406032605
326.3041267073525,179.64701431440065
327.08716781297426,179.76945430564
327.870208918596,179.89191031747742
328.65325002421775,178.17717146292298
329.4362911298395,180.1386955366809
330.21933223546125,180.2639373109138
331.002373341083,180.39102023947885
331.78541444670475,179.5463143409466
332.56845555232655,180.6525346933394
333.35149665794825,180.7878787855018
334.13453776357005,180.9268891657303
334.91757886919174,181.58965694883128
335.70061997481355,181.21773392411959
336.48366108043524,181.3704808691473
337.26670218605705,181.52865522889036
338.04974329167874,181.69205733733648
338.83278439730054,181.67126690785463
339.61582550292223,182.03246213032318
340.39886660854404,182.20841876504522
341.18190771416573,182.38751419204067
341.96494881978754,182.56922538640035
342.7479899254093,182.75302932321492
343.53103103103103,182.93840297757507
344.3140721366528,183.3603777491708
345.09711324227453,183.10076610229513
345.8801543478963,183.49871199683676
346.66319545351803,183.6851342722868
347.4462365591398,183.87051114073617
348.2292776647615,184.05431957727558
349.0123187703833,184.2360365569957
349.795359876005,184.41513905498738
350.57840098162677,184.59110404634126
351.3614420872485,184.76340850614812
352.14448319287027,184.41029821036292
352.927524298492,185.8236663715615
353.71056540411377,185.2531284471939
354.4936065097355,185.40556053171994
355.27664761535726,185.55174705801713
356.059688720979,185.6917269703739
356.84272982660076,184.94072834066304
357.62577093222257,186.34811245115822
358.4088120378443,186.07943133472457
359.19185314346606,188.1684295706217
359.9748942490878,185.72316589627096
360.75793535470956,186.42947726617666
361.5409764603313,186.54016728627894
362.32401756595306,186.64871010771265
363.1070586715748,186.75561499839108
363.89009977719655,186.86139122622765
364.6731408828183,187.1115816080244
365.45618198844005,187.07159476502872
366.2392230940618,188.20370054529187
367.02226419968355,186.9439800414814
367.8053053053053,187.39116679975047
368.58834641092704,187.50086567671661
369.3713875165488,187.61300076623445
370.15442862217054,186.42531912379687
370.9374697277923,187.84661665457875
371.72051083341404,187.96911598923194
372.5035519390358,188.67154899014136
373.28659304465754,188.22803512074805
374.0696341502793,188.36509127940676
374.85267525590103,188.50690184084954
375.6357163615228,187.8474399015812
376.41875746714453,188.8032268582935
377.2017985727663,188.956961657398
377.9848396783881,190.05504712629988
378.76788078400983,189.27362669413066
379.5509218896316,188.80318753594528
380.33396299525333,189.59995345923895
381.1170041008751,189.7657654188132
381.9000452064968,188.6608082607618
382.6830863121186,188.60435847302244
383.4661274177403,190.269117664236
384.2491685233621,190.43757444011587
385.0322096289838,190.60571784895126
385.81525073460557,190.30554482780153
386.5982918402273,190.93950525169552
387.38133294584907,191.10436958870767
388.1643740514708,191.267361244882
388.94741515709256,191.4280903917702
389.7304562627143,192.5149967615225
390.51349736833606,190.4818807139667
391.2965384739578,191.8928044922349
392.07957957957956,190.8236661648263
392.8626206852013,191.77847644923864
393.64566179082306,192.32314665044612
394.4287028964448,191.50483907332566
395.21174400206655,192.58741607690865
395.9947851076883,191.9928995083723
396.77782621331005,192.98054405764515
397.56086731893186,192.95209565942824
398.3439084245536,193.06588488617825
399.12694953017535,193.17607598247628
399.9099906357971,193.2828412602782
400.69303174141885,193.3863530315398
401.4760728470406,192.73486648355845
402.25911395266235,193.5843053022653
403.0421550582841,193.6790904256408
403.82519616390584,193.77131129029925
404.6082372695276,194.58298603498653
405.39127837514934,193.948749491288
406.1743194807711,195.63883415463974
406.95736058639284,194.1179984008781
407.7404016920146,193.09605571943632
408.52344279763633,194.28043651471603
409.3064839032581,194.3595323031174
410.08952500887983,195.3212569051046
410.8725661145016,193.97598152117615
411.65560722012333,194.59039433772102
412.4386483257451,194.66578094557468
413.2216894313668,195.88865995452537
414.0047305369886,194.8152369274957
414.7877716426103,195.7788476576098
415.5708127482321,194.96408424392834
416.3538538538538,195.03863360971238
417.13689495947557,196.107464110051
417.9199360650974,195.3159363321583
418.7029771707191,194.7065480549494
419.4860182763409,194.71086716908337
420.2690593819626,195.4120652416232
421.05210048758437,195.48664434116066
421.8351415932061,195.56110630260224
422.61818269882787,195.63541624202753
423.4012238044496,195.92147271992206
424.18426491007136,195.78344051914772
424.9673060156931,195.8570850890017
425.75034712131486,195.9304381011578
426.5333882269366,194.55019481072105
427.31642933255836,196.20457413421008
428.0994704381801,196.14839895223426
428.88251154380185,195.41391312051366
429.6655526494236,196.29160885925472
430.44859375504535,195.76836753705481
431.2316348606671,196.43281532139346
432.01467596628885,196.50258005083126
432.7977170719106,196.5717392672874
433.58075817753235,196.93528424696328
434.3637992831541,196.70810162557302
435.14684038877584,196.77523499956166
435.9298814943976,196.43739809380511
436.71292260001934,196.90723171762872
437.49596370564115,197.05376478818965
438.2790048112629,197.03596916967933
439.06204591688464,197.0990284611474
439.8450870225064,198.01693194697654
440.62812812812814,197.22235375536704
441.4111692337499,199.1492439581571
442.19421033937164,197.3417221051619
442.9772514449934,195.65050012021214
443.76029255061513,197.4568544391687
444.5433336562369,197.51274489045056
445.32637476185863,198.29064526501074
446.1094158674804,196.81491188801564
446.8924569731021,197.67329477436493
447.6754980787239,197.72432129929126
448.4585391843456,197.77404463282778
449.2415802899674,196.86508165430152
450.0246213955891,197.49949856837523
450.80766250121087,197.91504664589357
451.5907036068326,198.76513951574262
452.37374471245437,198.00189249244696
453.1567858180761,199.30770196354658
453.93982692369786,198.58183365586098
454.7228680293196,198.12073034063326
455.50590913494136,198.15715517524194
456.2889502405631,198.19192797925666
457.07199134618486,198.22501386875692
457.85503245180666,196.4498260741276
458.6380735574284,198.28598536853238
459.42111466305016,196.49448481332493
460.2041557686719,198.54565878012215
460.98719687429366,198.36401760577073
461.7702379799154,198.3768935136097
462.55327908553716,198.40749861384134
463.3363201911589,198.42694299471034
464.11936129678065,198.44497925341176
464.9024024024024,198.46169935990315
465.68544350802415,198.7741055371905
466.4684846136459,198.49155899608573
467.25152571926765,198.50488246569196
468.0345668248894,198.51725766291813
468.81760793051114,198.52877655772187
469.6006490361329,198.53953112006056
470.38369014175464,198.54961331989176
471.1667312473764,198.9528561756398
471.94977235299814,198.56812851186174
472.7328134586199,197.56464249462084
473.51585456424164,198.58505789329175
474.2988956698634,198.20997704327627
475.08193677548513,198.6011372238421
475.8649778811069,198.60908804493107
476.64801898672863,198.20282023756607
477.4310600923504,198.0921188847787
478.2141011979722,198.7916986515838
478.99714230359393,199.12588149475135
479.7801834092157,198.6516325068148
480.56322451483743,198.6613432601819
481.3462656204592,198.67166923044658
482.1293067260809,198.6827023875664
482.9123478317027,198.69453470149887
483.6953889373244,198.7072581422015
484.4784300429462,198.72096467963183
485.2614711485679,198.73574628374732
486.04451225418967,198.7777925486891
486.8275533598114,198.7689025718638
487.61059446543317,197.69854192893314
488.3936355710549,198.8074627662111
489.17667667667666,199.03098587998252
489.9597177822984,199.25029040712053
490.74275888792016,198.8770448561712
491.5257999935419,198.90373791223834
492.30884109916366,198.93233376460827
493.0918822047854,198.41059168636238
493.87492331040715,199.75195971448676
494.6579644160289,199.59033542921816
495.44100552165065,199.0673516075222
496.2240466272724,200.9398169032803
497.00708773289415,199.1470068282629
497.79012883851595,198.40434465878366
498.5731699441377,199.91935844542704
499.35621104975945,199.27936755467871
500.1392521553812,199.3264773998288
500.92229326100295,199.37489683714992
501.7053343666247,200.3948714728017
502.48837547224645,199.725381240397
503.2714165778682,199.5269014461321
504.05445768348994,199.14331020359535
504.8374987891117,199.63274851029448
505.62053989473344,200.153128547453
506.4035810003552,199.77878386971136
507.18662210597694,199.7960625817839
507.9696632115987,200.2646017867977
508.75270431722043,199.90667114759822
509.5357454228422,200.76217291852342
510.31878652846393,200.01762855566224
511.1018276340857,200.07296026153594
511.88486873970743,200.12804580116972
512.6679098453292,200.18277404896278
513.450950950951,200.840069399848
514.2339920565727,200.29071416662362
515.0170331621944,200.34370378528982
515.8000742678162,199.8454712978196
516.583115373438,200.4471665142899
517.3661564790597,200.49741737342214
518.1491975846815,200.54653306150817
518.9322386903032,200.5944024529473
519.715279795925,200.64091442213854
520.4983209015468,199.10236133276607
521.2813620071685,200.8471276802399
522.0644031127902,201.53036750367772
522.847444218412,200.81116556440995
523.6304853240338,199.04165976724985
524.4135264296555,200.88525733643843
525.1965675352772,200.91915583307315
525.979608640899,200.9508079026537
526.7626497465208,200.98010241957945
527.5456908521425,201.00692825824953
528.3287319577641,201.03117433778002
529.111773063386,200.86702489122698
529.8948141690078,200.73691737645535
530.6778552746295,200.78373951752798
531.4608963802511,201.9150261254882
532.243937485873,200.18951473155542
533.0269785914948,201.1207904180031
533.8100196971164,201.2258417650112
534.5930608027381,201.9507801325717
535.3761019083599,200.86633783323748
536.1591430139817,201.12777495994737
536.9421841196034,200.53017090859962
537.7252252252251,201.11560778909077
538.5082663308469,201.10563390323506
539.2913074364687,201.09307583996286
540.0743485420905,201.18576327275144
540.8573896477122,201.06023524977445
541.6404307533339,202.1271355344029
542.4234718589557,201.02656888129047
543.2065129645775,200.99176846265226
543.9895540701992,200.96385269505973
544.7725951758209,200.6944130859226
545.5556362814427,201.47069780934996
546.3386773870645,199.81389916042207
547.1217184926862,200.8269092226336
547.9047595983079,200.78638833976987
548.6878007039297,198.95040867245083
549.4708418095515,199.99360873136482
550.2538829151732,200.64985393018307
551.0369240207949,201.27758723602977
551.8199651264167,200.54642469447577
552.6030062320385,200.49100923928134
553.3860473376602,201.7985745108421
554.1690884432819,200.37281173996791
554.9521295489037,200.6464391546335
555.7351706545255,201.25174095083608
556.5182117601472,200.17831364225182
557.3012528657689,201.32034247116397
558.0842939713907,200.83838488729396
558.8673350770125,199.97048066229098
559.6503761826343,199.89992270553105
560.433417288256,198.12133069318003
561.2164583938777,199.75905088062535
561.9994994994995,199.68945852373747
562.7825406051213,200.71850424565727
563.565581710743,199.5537646992362
564.3486228163647,198.14333424272283
565.1316639219865,199.4251304312939
565.9147050276083,199.36436252010458
566.69774613323,200.2241566934118
567.4807872388517,200.7926622961427
568.2638283444735,199.09939674399757
569.0468694500953,197.1643715516138
569.829910555717,199.11044541713468
570.6129516613387,199.5420495401718
571.3959927669605,199.03890982574242
572.1790338725823,199.591472781591
572.962074978204,198.98884763520465
573.7451160838257,198.97233556880366
574.5281571894475,198.9610136477221
575.3111982950693,198.36732018522397
576.094239400691,198.95198186372363
576.8772805063127,200.35257941017312
577.6603216119345,198.9578355276222
578.4433627175563,198.96512041641176
579.2264038231781,197.6000416239035
580.0094449287998,198.98595833542998
580.7924860344215,198.99853217676164
581.5755271400433,199.01188981337728
582.3585682456651,199.02554165082853
583.1416093512868,199.03899809466685
583.9246504569085,199.05176955044388
584.7076915625303,199.4079911242158
585.4907326681521,198.3785852238621
586.2737737737738,199.0810780449239
587.0568148793955,199.3368734481622
587.8398559850173,199.77996939546875
588.6228970906391,198.67754812517637
589.4059381962608,199.08086414150438
590.1889793018825,198.93154523912793
590.9720204075043,199.05510510569815
591.7550615131261,199.0340989862016
592.5381026187478,199.00702233971145
593.3211437243694,200.28872381323006
594.1041848299913,199.0427263754335
594.8872259356131,199.0426216743229
595.6702670412348,198.83354462402423
596.4533081468564,198.7742883226079
597.2363492524782,198.70891992202058
598.0193903581,198.6375608369879
598.8024314637219,198.15874469002796
599.5854725693434,199.43850647430176
600.3685136749652,197.62400050364795
601.151554780587,198.54928154768095
601.9345958862089,197.95201089274985
602.7176369918304,198.09040117807163
603.5006780974522,198.53316114157215
604.283719203074,198.66689970283105
605.0667603086958,196.74411051951253
605.8498014143174,196.6879714070105
606.6328425199392,197.4919503397528
607.415883625561,197.3581733899721
608.1989247311828,197.21998414717874
608.9819658368046,197.07750402609838
609.7650069424262,196.93085444145672
610.548048048048,196.7801568079792
611.3310891536698,196.46721805157426
612.1141302592916,196.4671030534193
612.8971713649132,196.05456283086258
613.680212470535,196.13931408022347
614.4632535761568,195.9701974234511
615.2462946817786,196.74712393281976
616.0293357874002,195.88918816937928
616.812376893022,195.4434157491434
617.5954179986438,195.74985856685603
618.3784591042656,195.07724902686869
619.1615002098872,194.89003623555337
619.944541315509,194.04201051789806
620.7275824211308,193.7006819172923
621.5106235267526,192.98486763852685
622.2936646323742,194.11651860068108
623.076705737996,193.9175911268009
623.8597468436178,191.8904142872795
624.6427879492396,193.51394468683097
625.4258290548612,191.88419868182817
626.208870160483,192.1261495345698
626.9919112661048,192.89585240917816
627.7749523717266,192.68695058199452
628.5579934773484,191.87065599463955
629.34103458297,192.26558277080846
630.1240756885918,192.23232846525727
630.9071167942136,193.18484257806617
631.6901578998354,191.6264767748074
632.473199005457,191.57375475222702
633.2562401110788,191.197146901301
634.0392812167006,190.09081449674827
634.8223223223224,190.76636457483676
635.605363427944,191.23758125202238
636.3884045335658,191.09675656002304
637.1714456391876,190.1196332008078
637.9544867448094,189.90440227039616
638.737527850431,189.68955067187534
639.5205689560528,187.6157488931424
640.3036100616746,189.2614804339259
641.0866511672964,188.7296830728298
641.869692272918,188.83641241379985
642.6527333785398,187.81646806468171
643.4357744841616,188.41533653833733
644.2188155897834,189.2124141239425
645.001856695405,187.14578820010414
645.7848978010268,187.7933734613506
646.5679389066486,187.01500478082858
647.3509800122704,187.47000081987588
648.1340211178922,187.18596104833313
648.9170622235138,186.9873011821996
649.7001033291356,186.79075301992714
650.4831444347574,186.5964403023708
651.2661855403792,186.4044867703857
652.0492266460008,186.21501616482692
652.8322677516226,186.02815222654925
653.6153088572444,185.84401869640797
654.3983499628662,185.662739315258
655.1813910684878,185.48443782395435
655.9644321741096,185.30921725660818
656.7474732797314,185.1370761132982
657.5305143853532,184.96797998251125
658.3135554909747,184.80189444054915
659.0965965965966,184.63878506371353
659.8796377022184,184.47861742830634
660.6626788078402,184.32135711062938
661.4457199134617,183.37028716929316
662.2287610190835,184.01542073367304
663.0118021247054,184.73124735228288
663.7948432303272,183.72070054325906
664.5778843359487,183.57746045875987
665.3609254415705,183.43692114980172
666.1439665471923,184.58402624420424
666.9270076528142,181.89745057761732
667.7100487584357,183.0311636391908
668.4930898640575,182.02218934071746
669.2761309696793,182.7735314086879
670.0591720753011,182.6484738553131
670.842213180923,182.52587611159183
671.6252542865445,182.01846772585722
672.4082953921663,181.80814551465204
673.1913364977881,182.31173873018335
673.97437760341,181.06504597904717
674.7574187090315,183.07800323426287
675.5404598146533,181.84001792488905
676.3235009202751,182.6176046967774
677.1065420258969,181.62951646556434
677.8895831315185,182.05045649650953
678.6726242371403,181.17531179512122
679.4556653427621,181.32980319010457
680.2387064483839,181.06221026980757
681.0217475540055,181.14028533900367
681.8047886596273,180.54117468749726
682.5878297652491,180.95867899941746
683.3708708708709,180.8707565871968
684.1539119764925,180.78470878176026
684.9369530821143,180.05162664204406
685.7199941877361,180.6180992964464
686.5030352933579,180.53746876917276
687.2860763989795,180.45857515389034
688.0691175046013,180.38138402690097
688.8521586102231,180.3058609645064
689.6351997158449,180.23197154300843
690.4182408214667,180.06635951511802
691.2012819270883,180.08895592790958
691.9843230327101,180.01976228196023
692.7673641383319,179.9520902431363
693.5504052439537,179.8859483404728
694.3334463495753,179.94366202018682
695.1164874551971,181.26192357661847
695.8995285608189,179.69679421469922
696.6825696664407,179.63686362193178
697.4656107720623,179.578508547952
698.2486518776841,179.7691313795646
699.0316929833059,179.46656126245702
699.8147340889277,177.85798429339337
700.5977751945493,179.3610249704178
701.3808163001711,179.3106836382577
702.1638574057929,181.1727945019007
702.9468985114147,179.8736132221299
703.7299396170363,178.7302533588179
704.5129807226581,178.98357513053836
705.2960218282799,179.88325878584592
706.0790629339017,179.04318286043303
706.8621040395233,179.00444198088906
707.6451451451451,178.9673946149634
708.4281862507669,178.93204983918153
709.2112273563887,178.89841673006885
709.9942684620105,178.8665043641509
710.7773095676321,180.6446213923026
711.5603506732539,178.80787816800066
712.3433917788757,178.78118249081936
713.1264328844975,178.75624386293444
713.9094739901191,178.5552191385705
714.6925150957409,178.7116740611557
715.4755562013627,178.69206104031272
716.2585973069845,178.74422422551694
717.0416384126061,178.65822414134672
717.8246795182279,178.4119087886895
718.6077206238497,178.76239039039052
719.3907617294715,178.62107779757943
720.173802835093,178.61236105700718
720.9568439407149,178.6054921309858
721.7398850463367,178.60048009604063
722.5229261519585,178.59733402869722
723.30596725758,180.39916133362513
724.0890083632019,178.59667610291726
724.8720494688237,178.0423711068653
725.6550905744455,178.6035909658495
726.438131680067,178.2290362873586
727.2211727856889,180.58322336362357
728.0042138913107,178.62832107827825
728.7872549969325,178.25860997254716
729.5702961025543,178.6544855913812
730.3533372081758,178.67049840895413
731.1363783137976,178.6884770359086
731.9194194194195,178.70843053972055
732.7024605250413,178.73034756334545
733.4855016306628,179.37122011975637
734.2685427362846,178.7797587064151
735.0515838419064,178.80707740383724
735.8346249475283,178.83602123716912
736.6176660531498,177.96359492289503
737.4007071587716,179.41286685510104
738.1837482643934,178.93172644250913
738.9667893700152,178.19037923485666
739.7498304756368,178.84434979946607
740.5328715812586,178.8464352881363
741.3159126868804,179.92976174513313
742.0989537925022,179.1155514752086
742.8819948981238,179.15517453621612
743.6650360037456,179.19554562301965
744.4480771093674,178.66104955668794
745.2311182149892,179.27818102996918
746.0141593206108,179.011257260868
746.7972004262326,178.95595179151104
747.5802415318544,179.4055515585793
748.3632826374762,180.93185474049628
749.146323743098,180.01419057090536
749.9293648487196,179.5349179247396
750.7124059543414,179.57807424819558
751.4954470599632,179.62110148733385
752.278488165585,179.26869766893194
753.0615292712066,179.7064178686118
753.8445703768284,181.1062789973745
754.6276114824502,179.79016538048256
755.410652588072,180.71595646004653
756.1936936936936,179.87164233485527
756.9767347993154,179.91131007545138
757.7597759049372,180.2878802327541
758.542817010559,179.9880655284063
759.3258581161806,180.94063789218873
760.1088992218024,179.84992496781285
760.8919403274242,180.0954532706118
761.674981433046,180.12895446522927
762.4580225386676,178.76871124064522
763.2410636442894,180.19257641496105
764.0241047499112,178.91758611702087
764.807145855533,180.25183640368923
765.5901869611546,179.46971967767294
766.3732280667764,180.30690878141496
767.1562691723982,180.4957010468983
767.93931027802,180.35796789813926
768.7223513836418,180.38204696800113
769.5053924892634,180.40518810386303
770.2884335948852,179.96059528940864
771.071474700507,180.4487437485874
771.8545158061288,180.46920184495013
772.6375569117504,180.48880918231333
773.4205980173722,180.50758755442723
774.203639122994,180.52555875504186
774.9866802286158,180.54274457790746
775.7697213342374,180.55916681677402
776.5527624398592,178.659644180954
777.335803545481,180.2567128886457
778.1188446511028,181.57200158021348
778.9018857567244,180.6176558072532
779.6849268623462,180.63058703237678
780.467967967968,180.64288543600225
781.2510090735898,180.6545728118796
782.0340501792114,180.43143517278614
782.8170912848332,180.67620165539054
783.600132390455,180.6861867105244
784.3831734960768,180.05140395027746
785.1662146016984,180.70460705629952
785.9492557073202,180.7130859344411
786.732296812942,179.88023855674317
787.5153379185638,179.86752992795027
788.2983790241856,180.73585891488295
789.0814201298072,180.74263236083775
789.864461235429,180.74902036801066
790.6475023410508,180.27162663795937
791.4305434466726,180.76067008262672
792.2135845522942,182.15070511905853
792.996625657916,180.7708680919503
793.7796667635378,179.36622468032232
794.5627078691596,180.77967442919774
795.3457489747811,180.27366569195266
796.128790080403,182.14128988933552
796.9118311860248,180.79040587258734
797.6948722916466,180.79335222033035
798.4779133972681,180.79599567496666
799.26095450289,180.79834374064836
800.0439956085118,180.25821524061155
800.8270367141336,180.80218372175622
801.6100778197551,180.8036906454865
802.3931189253769,180.06094139105198
803.1761600309987,180.8059158800599
803.9592011366205,180.80664919920727
804.7422422422421,180.5176500340789
805.5252833478639,180.80739476198332
806.3083244534857,180.80742201391618
807.0913655591075,180.807228918415
807.8744066647291,180.8068229796319
808.6574477703509,180.80621170171884
809.4404888759727,180.805402588828
810.2235299815945,181.3135642410904
811.0065710872163,180.80322087472095
811.7896121928379,180.8018632818089
812.5726532984597,180.8003378705272
813.3556944040815,180.09842365239007
814.1387355097033,180.79681360946321
814.9217766153249,180.79482976798505
815.7048177209467,179.61349187870218
816.4878588265685,181.16766499083437
817.2708999321903,180.78808144959044
818.0539410378119,181.49945455914684
818.8369821434337,180.78299361721457
819.6200232490555,179.0769520509862
820.4030643546773,180.77750466083435
821.1861054602989,178.90066760078471
821.9691465659207,180.7716746136662
822.7521876715425,181.40626243959096
823.5352287771643,180.7655635089267
824.3182698827859,180.76242132034776
825.1013109884077,180.7592313798322
825.8843520940295,179.21708483034962
826.6673931996513,181.2043693602997
827.4504343052729,180.31300697064734
828.2334754108947,180.74614418144418
829.0165165165165,180.71267266146145
829.7995576221383,180.7395091785836
830.5825987277601,181.36432481435148
831.3656398333817,180.73289328423394
832.1486809390035,181.95622445686794
832.9317220446253,180.72635653161163
833.7147631502471,181.0905987632311
834.4978042558687,179.68388091879697
835.2808453614905,180.13719470911187
836.0638864671123,179.92616654162103
836.8469275727341,180.7107548630963
837.6299686783557,180.70782145627376
838.4130097839775,180.70496786809954
839.1960508895993,180.70220160272567
839.9790919952211,180.6995301643043
840.7621331008427,181.51253333246913
841.5451742064645,179.70276115151407
842.3282153120863,180.69215985227513
843.1112564177081,181.11837338356887
843.8942975233297,179.08447767879198
844.6773386289515,180.68591313229194
845.4603797345733,180.48932112154964
846.2434208401951,180.3532562298707
847.0264619458167,180.68099261646032
847.8095030514385,180.6796821759264
848.5925441570603,180.67854910801756
849.3755852626821,180.6776009168858
850.1586263683039,180.67684510668326
850.9416674739255,180.67628918156197
851.7247085795473,180.05803558243468
852.5077496851691,180.67580700317137
853.2907907907909,180.6758957582062
854.0738318964125,180.67621441493043
854.8568730020343,179.15806269759003
855.6399141076561,179.38169716750383
856.4229552132779,180.67862483676072
857.2059963188995,180.67993814176353
857.9890374245213,179.45475311415368
858.7720785301431,180.68337452327046
859.5551196357649,180.37706553310775
860.3381607413864,180.68794062779295
861.1212018470083,180.69066608656524
861.90424295263,179.73087613248921
862.6872840582519,180.6970393378919
863.4703251638734,180.72919717068316
864.2533662694952,180.47616103388518
865.036407375117,180.87194005869412
865.8194484807389,181.50166856336702
866.6024895863604,180.26140864298313
867.3855306919822,181.6093269761629
868.168571797604,181.45554914018086
868.9516129032259,181.8580271125857
