86.69354838709677,162.47294372294368
87.47658949271852,161.69100069545374
88.25963059834027,162.640896305372
89.04267170396201,161.6244670888583
89.82571280958378,162.42828137088378
90.60875391520553,162.41542883096014
91.39179502082727,162.40196653853738
92.17483612644902,162.3879270077473
92.95787723207077,162.37334275272207
93.74091833769252,162.35824628759374
94.52395944331428,162.3426701264944
95.30700054893603,162.32664678355607
96.09004165455778,162.3102087729109
96.87308276017953,161.56673194416203
97.65612386580128,162.2705078479909
98.43916497142303,161.91610070325788
99.22220607704477,162.24096033590268
100.00524718266654,161.32691997512703
100.78828828828829,162.204693478591
101.57132939391003,162.18242601634202
102.35437049953178,162.16767834614967
103.13741160515353,162.1489714620855
103.9204527107753,162.13017505163518
104.70349381639704,163.8573303322363
105.48653492201879,162.09244370810416
106.26957602764054,162.74359747650348
107.05261713326229,162.05474442861308
107.83565823888404,161.81798415722741
108.61869934450579,162.01733732621852
109.40174045012753,163.1996160480812
110.1847815557493,161.98048251397697
110.96782266137105,161.96234350199376
111.7508637669928,161.94444010494502
112.53390487261454,161.92680483696282
113.31694597823629,161.90947021217914
114.09998708385805,161.89246874472624
114.8830281894798,163.64152281788728
115.66606929510155,161.85959533834063
116.4491104007233,161.84378842767208
117.23215150634505,161.8284447308625
118.0151926119668,162.50585216636532
118.79823371758854,160.87681970911365
119.5812748232103,161.78551806490793
120.36431592883204,162.04588136178617
121.1473570344538,161.75981244932083
121.93039814007555,161.74793083243827
122.7134392456973,161.24468828924338
123.49648035131906,161.7262725511554
124.27952145694081,161.58924461163136
125.06256256256256,161.70763763406276
125.84560366818431,161.69953522241792
126.62864477380606,161.69228619421682
127.41168587942781,161.61901202126626
128.19472698504956,161.6804783446741
128.9777680906713,160.12213228808773
129.76080919629305,161.67247419849116
130.5438503019148,161.66997979948982
131.32689140753655,161.6685338687246
132.1099325131583,161.66816892032762
132.89297361878005,161.66891746843095
133.67601472440182,161.67081202716653
134.45905583002357,161.67388511066665
135.24209693564532,161.91358202088594
136.02513804126707,161.52833701528218
136.80817914688882,161.69050065107407
137.59122025251057,161.6986129749525
138.37426135813232,161.74389232695276
139.15730246375406,161.61271773852064
139.9403435693758,161.73112657566463
140.7233846749976,161.74479836603447
141.50642578061934,161.7599413083574
142.2894668862411,161.7765879167654
143.07250799186284,161.48591628377054
143.85554909748458,162.7485179813902
144.63859020310633,160.9598921757085
145.42163130872808,161.8585050952727
146.20467241434983,161.71832349864866
146.98771351997158,160.66160330849712
147.77075462559333,163.59225782630875
148.55379573121508,161.9630173041667
149.33683683683682,161.99227030381542
150.11987794245857,162.73753667038554
150.90291904808032,162.05414499022774
151.68596015370207,160.19913732966234
152.46900125932382,162.12014816441663
153.25204236494557,162.1545617737861
154.03508347056732,162.18984411233026
154.8181245761891,163.17750268705038
155.60116568181084,163.24914589489993
156.3842067874326,162.30035886044607
157.16724789305434,162.33857147312415
157.9502889986761,163.98393743387547
158.73333010429783,162.4167314579007
159.5163712099196,162.45656990148618
160.29941231554136,163.30080273563019
161.0824534211631,162.53749136976904
161.86549452678486,162.57846546595349
162.6485356324066,162.61970918449123
163.43157673802835,162.66116806112595
164.2146178436501,163.7054401340256
164.99765894927185,162.74451343166004
165.7807000548936,162.78629099704645
166.56374116051535,162.04306415851636
167.3467822661371,162.06478895778213
168.12982337175885,162.9113896426054
168.9128644773806,162.95282962673673
169.69590558300234,162.99404905491295
170.4789466886241,163.0349934628777
171.26198779424584,163.07560838637457
172.0450288998676,163.11583936114693
172.82807000548934,163.15563192293834
173.6111111111111,163.19493160749238
174.39415221673286,163.23368395055246
175.1771933223546,164.13661144966292
175.96023442797636,163.309328755165
176.7432755335981,164.32168905507896
177.52631663921986,164.3439766959589
178.3093577448416,163.41732929446744
179.09239885046335,163.45165383917794
179.87543995608513,163.48064598875243
180.65848106170688,164.3144099673373
181.44152216732863,165.49314235722468
182.22456327295038,163.57912146256203
183.00760437857213,163.60825840826115
183.79064548419387,162.9625206603595
184.57368658981562,163.64513970714953
185.35672769543737,164.1820525550385
186.13976880105912,163.71225242277566
186.92280990668087,163.73484016305136
187.70585101230262,163.75595466947294
188.48889211792437,163.7755414777838
189.2719332235461,163.79354612372765
190.05497432916786,163.80991414304785
190.8380154347896,164.9476649125871
191.62105654041136,162.9108966846829
192.4040976460331,163.848653798702
193.18713875165486,163.85793066896295
193.9701798572766,163.8652985913179
194.75322096289838,163.8707031015103
195.53626206852013,164.5427540740135
196.31930317414188,164.10415772352735
197.10234427976363,162.9456602865882
197.88538538538538,163.87159773552526
198.66842649100712,163.86636822105785
199.45146759662887,163.85884850888908
200.23450870225065,163.84898413476236
201.0175498078724,163.8367206344213
201.80059091349415,163.82200437067172
202.5836320191159,163.9243496188504
203.36667312473764,164.16485194195403
204.1497142303594,164.79027450817986
204.93275533598114,163.74208705577485
205.7157964416029,163.7183477406121
206.49883754722464,165.1180578583986
207.2818786528464,163.6684983923851
208.06491975846814,162.6447263354135
208.84796086408988,163.6175273877415
209.63100196971163,163.59238600205808
210.41404307533338,163.56788188762388
211.19708418095513,162.73591362315346
211.98012528657688,162.6677512843304
212.76316639219863,163.50125212299562
213.54620749782038,161.94225867810346
214.32924860344212,163.4656267133167
215.1122897090639,163.4513700238527
215.89533081468565,163.29121026124324
216.6783719203074,163.4314981512646
217.46141302592915,163.42649475837626
218.2444541315509,163.42518758791533
219.02749523717264,163.42788253499975
219.8105363427944,163.66700281404064
220.59357744841614,163.4465023622759
221.3766185540379,163.4630390327033
222.15965965965967,163.48480140114725
222.94270076528142,163.19805248855596
223.72574187090316,163.54522681255622
224.5087829765249,163.3456118783995
225.29182408214666,163.6302257574455
226.0748651877684,163.68270504273974
226.85790629339016,163.65399812794854
227.6409473990119,163.82749530691285
228.42398850463366,161.94413743388938
229.2070296102554,163.92043723117277
229.99007071587715,164.05500767966694
230.7731118214989,164.15120236967238
231.55615292712065,166.20745404658442
232.33919403274243,164.36318069702256
233.12223513836418,165.16516267638505
233.90527624398592,164.59930403062415
234.68831734960767,164.72567997844408
235.47135845522942,164.72506638289804
236.25439956085117,164.99358024347157
237.03744066647292,165.13451248361895
237.82048177209467,163.8584912326114
238.60352287771641,165.4288609865305
239.38656398333816,165.58168517223447
240.1696050889599,165.53581595641856
240.95264619458166,166.42609048380953
241.7356873002034,167.78457942766252
242.5187284058252,166.22374057766956
243.30176951144693,166.3904639020326
244.08481061706868,165.6447400218973
244.86785172269043,166.72928964865315
245.65089282831218,166.9007999938504
246.43393393393393,167.0733139355989
247.21697503955568,168.07672850699163
248.00001614517743,167.14462073683123
248.78305725079917,167.09878478643864
249.56609835642092,167.7674848975032
250.34913946204267,168.7841713454262
251.13218056766442,168.11289495598018
251.91522167328617,168.28414499474448
252.69826277890795,168.34477026121397
253.4813038845297,168.62225489867438
254.26434499015144,168.7885226867798
255.0473860957732,168.95253764760528
255.83042720139494,169.11400374262084
256.61346830701666,170.03814534439823
257.39650941263847,167.89080597252595
258.17955051826016,169.88383618877197
258.96259162388196,170.9729326390325
259.74563272950365,169.87273988199595
260.52867383512546,170.01269597301982
261.31171494074715,170.14803092852296
262.09475604636896,170.2784487099754
262.8777971519907,171.24565968510385
263.66083825761245,172.2703059337997
264.4438793632342,170.63724637990646
265.22692046885595,171.54619181743186
266.0099615744777,170.74465309952743
266.79300268009945,170.94523428413683
267.5760437857212,171.03770914358793
268.35908489134295,171.7036485230808
269.1421259969647,172.33670793291247
269.92516710258644,171.28905235909338
270.7082082082082,171.36520677736738
271.49124931382994,171.43808143588797
272.27429041945175,171.5079964748717
273.05733152507344,171.88810175546945
273.84037263069524,171.64022825509403
274.62341373631693,171.3849920876372
275.40645484193874,171.76446323976552
276.18949594756043,172.32240869273272
276.97253705318224,171.37529763477104
277.7555781588039,171.94142417890177
278.53861926442573,171.4415505273469
279.3216603700474,170.98522162618644
280.10470147566923,172.11479863778644
280.8877425812909,172.1732871161463
281.6707836869127,172.23265765756614
282.4538247925345,172.2932304022621
283.2368658981562,172.35532549045078
284.019907003778,172.41926306234845
284.8029481093997,172.03844564355884
285.58598921502147,172.55394621813647
286.3690303206432,172.76521558742846
287.15207142626497,171.97786860363786
287.9351125318867,170.92293038075775
288.71815363750846,171.96077265489427
289.5011947431302,172.94530738766233
290.28423584875196,173.0355098770225
291.0672769543737,174.92803535353582
291.85031805999546,173.23040623292903
292.6333591656172,173.33573523408353
293.416400271239,171.68439120501174
294.1994413768607,173.5624853602237
294.9824824824825,172.91329259150146
295.7655235881042,173.4322273911143
296.548564693726,173.93906784335678
297.3316057993477,172.3921838383778
298.1146469049695,174.2114019955948
298.8976880105912,174.90592707223132
299.680729116213,174.05945623064602
300.4637702218347,174.6466350563775
301.2468113274565,174.79780384939224
302.0298524330782,174.95158595271727
302.8128935387,175.10772202071277
303.59593464432174,173.98629423224958
304.3789757499435,175.4260186681553
305.16201685556524,175.45439039081734
305.945057961187,175.7506190266004
306.72809906680874,175.9146347333491
307.5111401724305,176.07944833092867
308.29418127805224,176.24480047369917
309.077222383674,176.9150464432854
309.86026348929573,176.57608301225332
310.6433045949175,176.74149471675716
311.42634570053923,176.9064075838922
312.209386806161,177.07056226801856
312.9924279117828,177.23369942349635
313.7754690174045,177.39555970468547
314.5585101230263,177.55588376594628
315.341551228648,177.7144122616386
316.1245923342698,177.87088584612266
316.90763343989147,177.17810815489077
317.6906745455133,178.17663089890613
318.47371565113497,178.7814241497014
319.2567567567568,178.83487538886962
320.03979786237846,177.82170904249176
320.82283896800027,178.39384201890707
321.60588007362196,178.73694870017127
322.38892117924377,178.3317626696331
323.1719622848655,179.14828888675532
323.95500339048726,179.27522762993684
324.738044496109,179.61008065197763
325.52108560173076,179.52413406032605
326.3041267073525,179.64701431440065
327.08716781297426,179.76945430564
327.870208918596,179.49839328113362
328.65325002421775,180.01483863334659
329.4362911298395,180.1386955366809
330.21933223546125,180.2639373109138
331.002373341083,180.39102023947885
331.78541444670475,179.86221320984373
332.56845555232655,180.6525346933394
333.35149665794825,180.18899439390373
334.13453776357005,179.62427158327955
334.91757886919174,181.07002211745834
335.70061997481355,181.21773392411959
336.48366108043524,181.3704808691473
337.26670218605705,183.37440953926335
338.04974329167874,181.69205733733648
338.83278439730054,179.96943733846467
339.61582550292223,182.03246213032318
340.39886660854404,182.96413471437506
341.18190771416573,183.34786590534006
341.96494881978754,182.56922538640035
342.7479899254093,182.75302932321492
343.53103103103103,182.93840297757507
344.3140721366528,182.89163573115508
345.09711324227453,183.31176733929533
345.8801543478963,183.49871199683676
346.66319545351803,183.91077405148596
347.4462365591398,183.87051114073617
348.2292776647615,184.32781522508853
349.0123187703833,184.2360365569957
349.795359876005,184.41513905498738
350.57840098162677,184.59110404634126
351.3614420872485,184.06590855020644
352.14448319287027,185.52765008762594
352.927524298492,185.0949437314837
353.71056540411377,184.7554453036275
354.4936065097355,185.40556053171994
355.27664761535726,185.55174705801713
356.059688720979,185.6917269703739
356.84272982660076,187.54036262376894
357.62577093222257,185.95505984081422
358.4088120378443,187.2763997564312
359.19185314346606,186.19961855831286
359.9748942490878,186.31613077949245
360.75793535470956,186.42947726617666
361.5409764603313,187.00695527326067
362.32401756595306,186.64871010771265
363.1070586715748,186.75561499839108
363.89009977719655,186.86139122622765
364.6731408828183,187.10183339588139
365.45618198844005,187.07159476502872
366.2392230940618,186.94185067970054
367.02226419968355,187.2833948674227
367.8053053053053,187.39116679975047
368.58834641092704,187.50086567671661
369.3713875165488,185.66756094763815
370.15442862217054,187.5662981738673
370.9374697277923,187.84661665457875
371.72051083341404,188.63810942118184
372.5035519390358,188.09608860809024
373.28659304465754,188.22803512074805
374.0696341502793,188.36509127940676
374.85267525590103,188.50690184084954
375.6357163615228,188.65307697662786
376.41875746714453,188.8032268582935
377.2017985727663,189.70595664157833
377.9848396783881,189.1138915454932
378.76788078400983,188.27874405546217
379.5509218896316,189.39050642292756
380.33396299525333,189.59995345923895
381.1170041008751,189.7657654188132
381.9000452064968,189.9328233251363
382.6830863121186,190.10073734976
383.4661274177403,189.86106158728896
384.2491685233621,190.43757444011587
385.0322096289838,190.60571784895126
385.81525073460557,192.30968084725754
386.5982918402273,190.93950525169552
387.38133294584907,191.29093907259255
388.1643740514708,191.267361244882
388.94741515709256,191.4280903917702
389.7304562627143,191.58616720092405
390.51349736833606,191.74120184389503
391.2965384739578,191.8928044922349
392.07957957957956,192.0405853174953
392.8626206852013,191.83342316457663
393.64566179082306,192.32314665044612
394.4287028964448,192.45751120879285
395.21174400206655,192.27644375187134
395.9947851076883,192.78755680239155
396.77782621331005,193.1608568227263
397.56086731893186,192.95209565942824
398.3439084245536,193.06588488617825
399.12694953017535,193.17607598247628
399.9099906357971,193.2828412602782
400.69303174141885,192.06123599060894
401.4760728470406,193.4867836082169
402.25911395266235,193.5843053022653
403.0421550582841,193.6790904256408
403.82519616390584,193.77131129029925
404.6082372695276,193.86114020819636
405.39127837514934,193.04247792728535
406.1743194807711,194.03431145152996
406.95736058639284,195.0105281688898
407.7404016920146,194.19998265128822
408.52344279763633,194.28043651471603
409.3064839032581,194.3595323031174
410.08952500887983,194.43744232844816
410.8725661145016,195.37767764796922
411.65560722012333,194.59039433772102
412.4386483257451,194.66578094557468
413.2216894313668,194.74067103818103
414.0047305369886,194.8152369274957
414.7877716426103,194.97351353508526
415.5708127482321,194.96408424392834
416.3538538538538,195.03863360971238
417.13689495947557,195.11327514092292
417.9199360650974,193.28517370303538
418.7029771707191,195.2626951639423
419.4860182763409,195.284755760279
420.2690593819626,196.11213163404508
421.05210048758437,194.59838916388912
421.8351415932061,195.56110630260224
422.61818269882787,197.4053819324945
423.4012238044496,195.01486209833948
424.18426491007136,195.78344051914772
424.9673060156931,197.62955803693634
425.75034712131486,195.9304381011578
426.5333882269366,197.44210884631357
427.31642933255836,196.07612991669444
428.0994704381801,196.14839895223426
428.88251154380185,196.22023689439445
429.6655526494236,196.29160885925472
430.44859375504535,196.36247996289453
431.2316348606671,196.43281532139346
432.01467596628885,194.85025337475992
432.7977170719106,196.5717392672874
433.58075817753235,195.80823998317368
434.3637992831541,196.70810162557302
435.14684038877584,196.66815938798877
435.9298814943976,196.84162332488705
436.71292260001934,196.90723171762872
437.49596370564115,196.97202529386627
438.2790048112629,196.8549325944707
439.06204591688464,197.0990284611474
439.8450870225064,197.16116828435008
440.62812812812814,197.22235375536704
441.4111692337499,197.28254999027774
442.19421033937164,198.27267694170922
442.9772514449934,199.0989924370552
443.76029255061513,197.4568544391687
444.5433336562369,197.51274489045056
445.32637476185863,197.5674716860242
446.1094158674804,197.6209999419691
446.8924569731021,197.67329477436493
447.6754980787239,197.72432129929126
448.4585391843456,197.77404463282778
449.2415802899674,197.44901774836447
450.0246213955891,197.89446098264577
450.80766250121087,197.91504664589357
451.5907036068326,199.515169357489
452.37374471245437,197.37004143790816
453.1567858180761,198.04306411531533
453.93982692369786,198.08268835935093
454.7228680293196,198.82063448923782
455.50590913494136,197.27320440588463
456.2889502405631,198.19192797925666
457.07199134618486,198.22501386875692
457.85503245180666,199.42284198164995
458.6380735574284,198.28598536853238
459.42111466305016,198.31380121096677
460.2041557686719,198.33979703865398
460.98719687429366,197.62438897602726
461.7702379799154,198.38655414084735
462.55327908553716,198.40749861384134
463.3363201911589,199.59815934539694
464.11936129678065,198.44497925341176
464.9024024024024,197.78627759533077
465.68544350802415,198.47719528414194
466.4684846136459,199.3255053737423
467.25152571926765,198.50488246569196
468.0345668248894,198.51725766291813
468.81760793051114,198.52877655772187
469.6006490361329,199.49740675614044
470.38369014175464,198.54961331989176
471.1667312473764,197.77933523262197
471.94977235299814,197.51512025952778
472.7328134586199,198.5767454439155
473.51585456424164,198.23807930028144
474.2988956698634,199.21485663353852
475.08193677548513,198.6011372238421
475.8649778811069,198.60908804493107
476.64801898672863,198.61710226317263
477.4310600923504,198.149095850683
478.2141011979722,198.6336887709435
478.99714230359393,198.64244500038785
479.7801834092157,198.6516325068148
480.56322451483743,198.998480208222
481.3462656204592,199.07133323127135
482.1293067260809,198.6827023875664
482.9123478317027,199.4745971514637
483.6953889373244,198.82514118775163
484.4784300429462,198.72096467963183
485.2614711485679,198.73574628374732
486.04451225418967,198.75169492450544
486.8275533598114,199.00713550025267
487.61059446543317,199.29159383232656
488.3936355710549,198.8074627662111
489.17667667667666,198.82899925311503
489.9597177822984,198.85216262644923
490.74275888792016,197.1793333436625
491.5257999935419,198.90373791223834
492.30884109916366,198.93233376460827
493.0918822047854,198.96292438323846
493.87492331040715,200.26326995034213
494.6579644160289,200.2978053636219
495.44100552165065,199.0673516075222
496.2240466272724,199.10624660780505
497.00708773289415,199.1470068282629
497.79012883851595,199.189521143295
498.5731699441377,199.23367842730056
499.35621104975945,199.44466811814087
500.1392521553812,199.3264773998288
500.92229326100295,197.68858153330424
501.7053343666247,199.85905684479332
502.48837547224645,197.9332361986608
503.2714165778682,199.5269014461321
504.05445768348994,199.57944799612972
504.8374987891117,199.63274851029448
505.62053989473344,199.6866918630257
506.4035810003552,199.7411669287224
507.18662210597694,199.72663739333936
507.9696632115987,199.85126769660945
508.75270431722043,199.93906936507025
509.5357454228422,200.00885392502266
510.31878652846393,200.01762855566224
511.1018276340857,200.07296026153594
511.88486873970743,201.09492682060488
512.6679098453292,200.18277404896278
513.450950950951,200.23703387931437
514.2339920565727,200.29071416662362
515.0170331621944,200.34370378528982
515.8000742678162,200.39589160971215
516.583115373438,200.4471665142899
517.3661564790597,200.49741737342214
518.1491975846815,200.54653306150817
518.9322386903032,199.71585021813462
519.715279795925,200.20535844481665
520.4983209015468,200.90934439753926
521.2813620071685,201.78627296071832
522.0644031127902,200.77119454021766
522.847444218412,201.6834915415999
523.6304853240338,200.84922353835043
524.4135264296555,200.88525733643843
525.1965675352772,200.91915583307315
525.979608640899,200.9508079026537
526.7626497465208,200.98010241957945
527.5456908521425,202.434068543397
528.3287319577641,201.03117433778002
529.111773063386,202.99967424054697
529.8948141690078,201.93554932100207
530.6778552746295,202.89692378115177
531.4608963802511,201.10152643078058
532.243937485873,201.1124785817055
533.0269785914948,201.1207904180031
533.8100196971164,201.12646895682477
534.5930608027381,201.1295212153218
535.3761019083599,201.12995421064556
536.1591430139817,201.14816978065113
536.9421841196034,201.12299048037872
537.7252252252251,201.11560778909077
538.5082663308469,200.1794948656942
539.2913074364687,201.09307583996286
540.0743485420905,201.07794061642548
540.8573896477122,202.09446535036713
541.6404307533339,201.03996675716098
542.4234718589557,200.52777356004654
543.2065129645775,200.99176846265226
543.9895540701992,200.96385269505973
544.7725951758209,200.93340187011023
545.5556362814427,200.90042300495514
546.3386773870645,200.9219562844368
547.1217184926862,200.8269092226336
547.9047595983079,200.78638833976987
548.6878007039297,200.3606666535006
549.4708418095515,200.69785367639318
550.2538829151732,201.8747332202877
551.0369240207949,200.59937526382677
551.8199651264167,201.53344681073474
552.6030062320385,200.63165498830762
553.3860473376602,201.0691937192611
554.1690884432819,199.39584337529502
554.9521295489037,200.31006066400403
555.7351706545255,200.24510848670272
556.5182117601472,200.17831364225182
557.3012528657689,198.2724602412831
558.0842939713907,200.040638974417
558.8673350770125,199.97048066229098
559.6503761826343,200.3223919520822
560.433417288256,199.82932585976624
561.2164583938777,199.75905088062535
561.9994994994995,199.68945852373747
562.7825406051213,200.70928219446986
563.565581710743,199.5537646992362
564.3486228163647,198.75224332214498
565.1316639219865,199.4251304312939
565.9147050276083,199.36436252010458
566.69774613323,198.32518667928255
567.4807872388517,199.25172892143456
568.2638283444735,199.20058474521167
569.0468694500953,199.89241541506513
569.829910555717,199.11044541713468
570.6129516613387,199.0721717765385
571.3959927669605,198.21984965683248
572.1790338725823,198.39278415728683
572.962074978204,198.98884763520465
573.7451160838257,198.97233556880366
574.5281571894475,198.9610136477221
575.3111982950693,199.00631565518285
576.094239400691,198.95198186372363
576.8772805063127,197.37605691130358
577.6603216119345,197.97246336985006
578.4433627175563,198.96512041641176
579.2264038231781,198.97465788383056
580.0094449287998,198.98595833542998
580.7924860344215,198.99853217676164
581.5755271400433,199.01188981337728
582.3585682456651,199.02554165082853
583.1416093512868,200.96386075074466
583.9246504569085,199.05176955044388
584.7076915625303,199.0633664237114
585.4907326681521,197.82847432790228
586.2737737737738,197.97261689275217
587.0568148793955,200.61294431309895
587.8398559850173,197.35543636872592
588.6228970906391,199.0865962467108
589.4059381962608,197.3459854976573
590.1889793018825,198.93450701917405
590.9720204075043,199.05510510569815
591.7550615131261,199.0340989862016
592.5381026187478,199.00702233971145
593.3211437243694,198.97342678599094
594.1041848299913,199.37120106286588
594.8872259356131,198.88656741154387
595.6702670412348,200.38922780784745
596.4533081468564,198.7742883226079
597.2363492524782,198.70891992202058
598.0193903581,198.6375608369879
598.8024314637219,198.5603324822354
599.5854725693434,197.85135461001116
600.3685136749652,198.3887536224733
601.151554780587,198.29464594691495
601.9345958862089,198.19515466053917
602.7176369918304,197.66559963205577
603.5006780974522,197.98050691423788
604.283719203074,199.45972245216834
605.0667603086958,197.74578170137409
605.8498014143174,198.2592522384215
606.6328425199392,198.35260715176906
607.415883625561,196.48277894291093
608.1989247311828,195.97751052539684
608.9819658368046,197.07750402609838
609.7650069424262,196.93085444145672
610.548048048048,196.7801568079792
611.3310891536698,196.62553254039153
612.1141302592916,196.4671030534193
612.8971713649132,195.8584277693623
613.680212470535,196.13931408022347
614.4632535761568,195.9701974234511
615.2462946817786,194.5369005710512
616.0293357874002,195.73854000753525
616.812376893022,196.56945717182893
617.5954179986438,195.2617493387959
618.3784591042656,195.07724902686869
619.1615002098872,194.89003623555337
619.944541315509,194.70023314764262
620.7275824211308,194.507963351957
621.5106235267526,196.01121984311277
622.2936646323742,194.11651860068108
623.076705737996,193.9175911268009
623.8597468436178,194.11863902623088
624.6427879492396,193.51394468683097
625.4258290548612,193.30947320245144
626.208870160483,192.3766499317297
626.9919112661048,192.89585240917816
627.7749523717266,192.68695058199452
628.5579934773484,191.7785072897744
629.34103458297,192.26558277080846
630.1240756885918,191.05799640453614
630.9071167942136,191.84028768956395
631.6901578998354,191.6264767748074
632.473199005457,191.4120552651015
633.2562401110788,191.197146901301
634.0392812167006,190.9818754242611
634.8223223223224,191.75900066152286
635.605363427944,190.55073809388313
636.3884045335658,188.82187482543614
637.1714456391876,190.1196332008078
637.9544867448094,188.19092579080404
638.737527850431,189.68955067187534
639.5205689560528,189.4752021461002
640.3036100616746,189.2614804339259
641.0866511672964,189.04850927620743
641.869692272918,188.83641241379985
642.6527333785398,188.62531358755808
643.4357744841616,188.41533653833733
644.2188155897834,189.81898185284004
645.001856695405,187.9992427343785
645.7848978010268,187.7933734613506
646.5679389066486,187.58912092876372
647.3509800122704,187.642299116357
648.1340211178922,187.18596104833313
648.9170622235138,186.9873011821996
649.7001033291356,186.79075301992714
650.4831444347574,186.5964403023708
651.2661855403792,186.4044867703857
652.0492266460008,186.21501616482692
652.8322677516226,186.02815222654925
653.6153088572444,185.84401869640797
654.3983499628662,185.662739315258
655.1813910684878,185.55401574064163
655.9644321741096,184.2283703610565
656.7474732797314,185.1370761132982
657.5305143853532,184.96797998251125
658.3135554909747,185.46705286713708
659.0965965965966,184.63878506371353
659.8796377022184,184.47861742830634
660.6626788078402,184.32135711062938
661.4457199134617,184.16696968698437
662.2287610190835,184.01542073367304
663.0118021247054,183.86667582699735
663.7948432303272,183.72070054325906
664.5778843359487,183.0538735832019
665.3609254415705,183.43692114980172
666.1439665471923,183.29904819268623
666.9270076528142,182.7810244821514
667.7100487584357,181.06790314506344
668.4930898640575,182.38523607561882
669.2761309696793,182.7735314086879
670.0591720753011,183.4518201769301
670.842213180923,182.52587611159183
671.6252542865445,182.40570375382595
672.4082953921663,182.5832577816641
673.1913364977881,180.81664609436763
673.97437760341,182.05939475927806
674.7574187090315,181.58215601231976
675.5404598146533,180.97045530723435
676.3235009202751,181.73367498519278
677.1065420258969,181.62951646556434
677.8895831315185,181.52750794230576
678.6726242371403,181.4276149917185
679.4556653427621,180.59802316302998
680.2387064483839,180.86056455991553
681.0217475540055,181.146779996482
681.8047886596273,181.35385579405968
682.5878297652491,182.23020120414932
683.3708708708709,179.05462471664626
684.1539119764925,182.7074596636253
684.9369530821143,180.70050115940953
685.7199941877361,180.6180992964464
686.5030352933579,180.34810816401819
687.2860763989795,180.45857515389034
688.0691175046013,179.4515457652699
688.8521586102231,180.3058609645064
689.6351997158449,180.23197154300843
690.4182408214667,180.0145584392408
691.2012819270883,180.08895592790958
691.9843230327101,180.28644394157166
692.7673641383319,179.9520902431363
693.5504052439537,179.8859483404728
694.3334463495753,180.14286848729233
695.1164874551971,179.7758755191842
695.8995285608189,179.69679421469922
696.6825696664407,179.63686362193178
697.4656107720623,179.41529380395693
698.2486518776841,179.52173806928525
699.0316929833059,179.46656126245702
699.8147340889277,180.01128294761875
700.5977751945493,178.37325958237145
701.3808163001711,179.3106836382577
702.1638574057929,179.26197228403788
702.9468985114147,179.90355540117588
703.7299396170363,179.16947581552077
704.5129807226581,179.12570885427434
705.2960218282799,179.7636971940694
706.0790629339017,179.04318286043303
706.8621040395233,179.00444198088906
707.6451451451451,178.9673946149634
708.4281862507669,178.93204983918153
709.2112273563887,178.89841673006885
709.9942684620105,180.57529337853575
710.7773095676321,178.92747889184565
711.5603506732539,178.60667467318336
712.3433917788757,178.78118249081936
713.1264328844975,178.75624386293444
713.9094739901191,178.7330713608714
714.6925150957409,178.7116740611557
715.4755562013627,178.2368708126819
716.2585973069845,178.6742413748679
717.0416384126061,178.06419648998752
717.8246795182279,179.2334061499337
718.6077206238497,178.33075376207526
719.3907617294715,178.62107779757943
720.173802835093,179.52956736295678
720.9568439407149,178.49316200755104
721.7398850463367,178.60048009604063
722.5229261519585,178.59733402869722
723.30596725758,178.59606300548097
724.0890083632019,178.59667610291726
724.8720494688237,178.96870669469843
725.6550905744455,178.6035909658495
726.438131680067,178.60991088439624
727.2211727856889,179.34470372366505
728.0042138913107,179.32105637499566
728.7872549969325,178.64042950666436
729.5702961025543,178.6544855913812
730.3533372081758,178.67049840895413
731.1363783137976,178.6884770359086
731.9194194194195,178.70843053972055
732.7024605250413,178.73034756334545
733.4855016306628,178.75415285591404
734.2685427362846,178.7797587064151
735.0515838419064,179.3882409314521
735.8346249475283,177.33978383110093
736.6176660531498,178.86650249539926
737.4007071587716,178.87553198630866
738.1837482643934,178.93172644250913
738.9667893700152,178.96629370936606
739.7498304756368,179.00204755707588
740.5328715812586,179.03890027462708
741.3159126868804,179.07676415100852
742.0989537925022,179.1155514752086
742.8819948981238,179.07680513032585
743.6650360037456,179.19554562301965
744.4480771093674,181.01570835754288
745.2311182149892,179.27818102996918
746.0141593206108,181.26267091437882
746.7972004262326,179.36275600796634
747.5802415318544,179.4055515585793
748.3632826374762,179.44856886892018
749.146323743098,179.49172022797742
749.9293648487196,179.5349179247396
750.7124059543414,179.57807424819558
751.4954470599632,179.7236798215716
752.278488165585,179.66391193114302
753.0615292712066,179.7064178686118
753.8445703768284,179.74853158872878
754.6276114824502,177.81551052721855
755.410652588072,179.8312315328619
756.1936936936936,179.87164233485527
756.9767347993154,179.91131007545138
757.7597759049372,179.95014704363885
758.542817010559,179.52258902858063
759.3258581161806,180.6930664066988
760.1088992218024,180.06079620449313
760.8919403274242,180.0954532706118
761.674981433046,179.79818653394275
762.4580225386676,180.16132158209567
763.2410636442894,180.19257641496105
764.0241047499112,180.22274075757554
764.807145855533,180.25183640368923
765.5901869611546,180.27988514705234
766.3732280667764,181.08777877768438
767.1562691723982,178.5477749220138
767.93931027802,180.35796789813926
768.7223513836418,180.38616998876964
769.5053924892634,180.40518810386303
770.2884335948852,180.4274130994751
771.071474700507,180.4487437485874
771.8545158061288,180.46920184495013
772.6375569117504,180.48880918231333
773.4205980173722,179.74833359581672
774.203639122994,180.52555875504186
774.9866802286158,180.43361274627486
775.7697213342374,180.55916681677402
776.5527624398592,179.92189032773635
777.335803545481,180.58980771751078
778.1188446511028,180.6040699668813
778.9018857567244,180.6176558072532
779.6849268623462,180.63058703237678
780.467967967968,180.64288543600225
781.2510090735898,180.54574206215386
782.0340501792114,180.665670953759
782.8170912848332,180.67620165539054
783.600132390455,180.6861867105244
784.3831734960768,180.6956479129107
785.1662146016984,180.70460705629952
785.9492557073202,182.60016720897087
786.732296812942,180.51860351498635
787.5153379185638,179.83956098697834
788.2983790241856,180.73585891488295
789.0814201298072,180.74263236083775
789.864461235429,179.81737389759132
790.6475023410508,181.2394900733671
791.4305434466726,180.76067008262672
792.2135845522942,180.76594679837407
792.996625657916,180.80026220543473
793.7796667635378,180.77544146750748
794.5627078691596,180.77967442919774
795.3457489747811,179.9897499793986
796.128790080403,180.78714912758562
796.9118311860248,180.79040587258734
797.6948722916466,180.79335222033035
798.4779133972681,180.79599567496666
799.26095450289,180.79834374064836
800.0439956085118,180.8004039215276
800.8270367141336,180.80218372175622
801.6100778197551,181.51183037805032
802.3931189253769,180.80493219687034
803.1761600309987,180.8059158800599
803.9592011366205,180.80664919920727
804.7422422422421,180.80713965846434
805.5252833478639,180.80739476198332
806.3083244534857,180.5202793561583
807.0913655591075,180.807228918415
807.8744066647291,180.8068229796319
808.6574477703509,180.80621170171884
809.4404888759727,179.5444800778651
810.2235299815945,180.80440314511137
811.0065710872163,181.2947396815655
811.7896121928379,182.28290201610608
812.5726532984597,180.8003378705272
813.3556944040815,182.35597888029127
814.1387355097033,179.98424359799012
814.9217766153249,182.770404525746
815.7048177209467,180.79270812474547
816.4878588265685,179.66196559868573
817.2708999321903,180.78808144959044
818.0539410378119,180.78559142597905
818.8369821434337,181.7231402546185
819.6200232490555,180.78029552744897
820.4030643546773,181.3188363937039
821.1861054602989,179.23564991704265
821.9691465659207,180.7716746136662
822.7521876715425,180.3109352247508
823.5352287771643,180.7655635089267
824.3182698827859,180.76242132034776
825.1013109884077,180.7592313798322
825.8843520940295,180.75600119153196
826.6673931996513,180.7527382595992
827.4504343052729,180.7494500881859
828.2334754108947,182.63323855615897
829.0165165165165,180.742828043526
829.7995576221383,180.7395091785836
830.5825987277601,180.73619509076892
831.3656398333817,180.73289328423394
832.1486809390035,180.72961126313086
832.9317220446253,181.41163787468864
833.7147631502471,181.2644744967912
834.4978042558687,180.71995895393326
835.2808453614905,180.7168311160781
836.0638864671123,180.71376058441513
836.8469275727341,180.96013521911954
837.6299686783557,180.70782145627376
838.4130097839775,180.70496786809954
839.1960508895993,180.70220160272567
839.9790919952211,180.6995301643043
840.7621331008427,180.6969610569873
841.5451742064645,180.6945017849269
842.3282153120863,180.69215985227513
843.1112564177081,181.02834736974393
843.8942975233297,180.6878580218056
844.6773386289515,180.68591313229194
845.4603797345733,179.96436097740695
846.2434208401951,180.68247292546724
847.0264619458167,180.68099261646032
847.8095030514385,178.7912883666783
848.5925441570603,180.67854910801756
849.3755852626821,182.1355366185095
850.1586263683039,180.15845463543909
850.9416674739255,180.71012530659453
851.7247085795473,180.67594064567396
852.5077496851691,180.67580700317137
853.2907907907909,180.6758957582062
854.0738318964125,180.67621441493043
854.8568730020343,179.1015643367467
855.6399141076561,180.67757145005567
856.4229552132779,180.67862483676072
857.2059963188995,180.55735082188662
857.9890374245213,180.74992363672894
858.7720785301431,180.68337452327046
859.5551196357649,180.68551260807877
860.3381607413864,180.68794062779295
861.1212018470083,180.69066608656524
861.90424295263,181.33390242793217
862.6872840582519,179.27199728526915
863.4703251638734,180.70070213875056
864.2533662694952,181.77940916690787
865.036407375117,182.50975534016956
865.8194484807389,180.713685291932
866.6024895863604,180.71870294036788
867.3855306919822,180.72407806107827
868.168571797604,180.7298181582152
868.9516129032259,180.7359307359307
