86.69354838709677,162.47294372294368
87.47658949271852,161.81729453696983
88.25963059834027,162.4520271367047
89.04267170396201,162.44049164417592
89.82571280958378,162.42828137088378
90.60875391520553,162.85550244318347
91.39179502082727,162.40196653853738
92.17483612644902,162.3879270077473
92.95787723207077,162.37334275272207
93.74091833769252,160.40150469643447
94.52395944331428,162.3426701264944
95.30700054893603,161.92379426071162
96.09004165455778,161.31107223492035
96.87308276017953,162.7005108915873
97.65612386580128,162.27621880502818
98.43916497142303,162.6192492568766
99.22220607704477,162.24096033590268
100.00524718266654,161.19054948923267
100.78828828828829,162.78431492980528
101.57132939391003,162.1862631896955
102.35437049953178,162.01056247327452
103.13741160515353,162.1489714620855
103.9204527107753,161.98966218740736
104.70349381639704,161.24097285644302
105.48653492201879,162.09244370810416
106.26957602764054,162.07357380328756
107.05261713326229,162.05474442861308
107.83565823888404,162.03598809821264
108.61869934450579,162.01733732621852
109.40174045012753,161.99882462676254
110.1847815557493,161.98048251397697
110.96782266137105,161.96234350199376
111.7508637669928,161.94444010494502
112.53390487261454,161.92680483696282
113.31694597823629,161.90947021217914
114.09998708385805,163.70867504279028
114.8830281894798,162.10429823327476
115.66606929510155,162.80807827093065
116.4491104007233,161.84378842767208
117.23215150634505,161.8284447308625
118.0151926119668,161.8135967620439
118.79823371758854,161.79927703534833
119.5812748232103,161.78551806490793
120.36431592883204,161.77235236485475
121.1473570344538,161.75981244932083
121.93039814007555,162.55280247816347
122.7134392456973,161.73674002833909
123.49648035131906,161.7262725511554
124.27952145694081,161.71656091501924
125.06256256256256,160.00806899835015
125.84560366818431,161.69953522241792
126.62864477380606,161.8233118608187
127.41168587942781,161.51235791782403
128.19472698504956,162.24262965829254
128.9777680906713,161.67598455159663
129.76080919629305,160.2379880595471
130.5438503019148,162.3083260009264
131.32689140753655,161.6685338687246
132.1099325131583,161.66816892032762
132.89297361878005,161.92308128744702
133.67601472440182,161.67081202716653
134.45905583002357,161.67388511066665
135.24209693564532,161.6781692330632
136.02513804126707,161.46936503465037
136.80817914688882,161.69050065107407
137.59122025251057,161.16625881459817
138.37426135813232,162.19361888670755
139.15730246375406,161.71889342311573
139.9403435693758,161.73112657566463
140.7233846749976,161.74479836603447
141.50642578061934,160.6028464621038
142.2894668862411,161.7765879167654
143.07250799186284,161.79477070539053
143.85554909748458,161.42642798182843
144.63859020310633,162.82109227065365
145.42163130872808,161.8585050952727
146.20467241434983,161.88264925052803
146.98771351997158,161.18483421616114
147.77075462559333,161.93495981923155
148.55379573121508,161.9630173041667
149.33683683683682,161.99227030381542
150.11987794245857,162.02266435392124
150.90291904808032,162.05414499022774
151.68596015370207,162.92253226481415
152.46900125932382,162.12014816441663
153.25204236494557,162.1545617737861
154.03508347056732,162.18984411233026
154.8181245761891,162.66892374692156
155.60116568181084,162.26279711991677
156.3842067874326,161.24341516657074
157.16724789305434,162.33857147312415
157.9502889986761,162.37738049369452
158.73333010429783,162.4167314579007
159.5163712099196,163.34384378687878
160.29941231554136,162.4968413601944
161.0824534211631,162.99496449113605
161.86549452678486,162.57846546595349
162.6485356324066,163.7688800697291
163.43157673802835,162.66116806112595
164.2146178436501,162.70278763160104
164.99765894927185,162.74451343166004
165.7807000548936,162.78629099704645
166.56374116051535,162.82806586350384
167.3467822661371,162.86978356677565
168.12982337175885,162.9113896426054
168.9128644773806,162.95282962673673
169.69590558300234,162.17932936252504
170.4789466886241,163.61681201950648
171.26198779424584,163.07560838637457
172.0450288998676,163.11583936114693
172.82807000548934,162.67888570559032
173.6111111111111,163.19493160749238
174.39415221673286,163.97376303960453
175.1771933223546,162.77413798110751
175.96023442797636,163.41559431599356
176.7432755335981,165.1467573992756
177.52631663921986,163.38213062272413
178.3093577448416,163.41732929446744
179.09239885046335,163.45165383917794
179.87543995608513,164.91601486746313
180.65848106170688,163.30154554857322
181.44152216732863,163.54883806854767
182.22456327295038,163.57912146256203
183.00760437857213,163.60825840826115
183.79064548419387,163.6361944413886
184.57368658981562,163.66287509768785
185.35672769543737,161.75304235584247
186.13976880105912,163.71225242277566
186.92280990668087,162.53159040037207
187.70585101230262,163.75595466947294
188.48889211792437,163.7755414777838
189.2719332235461,163.79354612372765
190.05497432916786,162.0847999191808
190.8380154347896,162.95000158414757
191.62105654041136,163.8375224447915
192.4040976460331,163.19015138676863
193.18713875165486,164.98885059420468
193.9701798572766,163.8652985913179
194.75322096289838,163.8707031015103
195.53626206852013,163.87408973528375
196.31930317414188,163.87540402838172
197.10234427976363,163.8745915165477
197.88538538538538,163.87159773552526
198.66842649100712,163.86636822105785
199.45146759662887,164.58683019591828
200.23450870225065,163.84898413476236
201.0175498078724,163.85228599466814
201.80059091349415,163.82200437067172
202.5836320191159,163.80489282404628
203.36667312473764,163.78566549260975
204.1497142303594,163.76462827148
204.93275533598114,163.74208705577485
205.7157964416029,163.96940413513423
206.49883754722464,163.69371622110958
207.2818786528464,163.49795145214014
208.06491975846814,165.5026358783299
208.84796086408988,163.6175273877415
209.63100196971163,164.1543698167784
210.41404307533338,163.56788188762388
211.19708418095513,162.17498848123864
211.98012528657688,163.52200905297488
212.76316639219863,163.50125212299562
213.54620749782038,162.95125106387295
214.32924860344212,163.4656267133167
215.1122897090639,163.4513700238527
215.89533081468565,163.43989187146272
216.6783719203074,163.4314981512646
217.46141302592915,162.44896317197808
218.2444541315509,162.50536598469537
219.02749523717264,163.42788253499975
219.8105363427944,163.4348854947474
220.59357744841614,163.18941805851298
221.3766185540379,165.18600611067734
222.15965965965967,164.20248740148028
222.94270076528142,163.51209536272563
223.72574187090316,163.54522681255622
224.5087829765249,163.58450164575692
225.29182408214666,163.6302257574455
226.0748651877684,163.68270504273974
226.85790629339016,163.74224539675754
227.6409473990119,164.29754442105553
228.42398850463366,163.88368743964554
229.2070296102554,165.48240860809238
229.99007071587715,164.05500767966694
230.7731118214989,164.15120236967238
231.55615292712065,164.25402538830096
232.33919403274243,163.53439868939623
233.12223513836418,165.39712650050407
233.90527624398592,165.02106531013223
234.68831734960767,165.78264104241774
235.47135845522942,164.85720406223652
236.25439956085117,164.99358024347157
237.03744066647292,165.13451248361895
237.82048177209467,165.27970474414863
238.60352287771641,165.4288609865305
239.38656398333816,164.3804938383122
240.1696050889599,165.73788126273053
240.95264619458166,165.89715321948842
241.7356873002034,166.0592050039781
242.5187284058252,166.22374057766956
243.30176951144693,166.71991906197684
244.08481061706868,166.5590789385371
244.86785172269043,168.5129568136511
245.65089282831218,166.9007999938504
246.43393393393393,167.0733139355989
247.21697503955568,167.72472790912983
248.00001614517743,167.4201684546292
248.78305725079917,167.59391695485078
249.56609835642092,168.10192400340148
250.34913946204267,167.9405762440564
251.13218056766442,166.95258921543885
251.91522167328617,169.07745791825883
252.69826277890795,168.4540303218193
253.4813038845297,168.62225489867438
254.26434499015144,168.7885226867798
255.0473860957732,168.95253764760528
255.83042720139494,169.49838723417182
256.61346830701666,171.17911075242083
257.39650941263847,168.75428301767494
258.17955051826016,169.58014844750687
258.96259162388196,169.72845869398165
259.74563272950365,169.87273988199595
260.52867383512546,169.81830422866946
261.31171494074715,170.14803092852296
262.09475604636896,170.2784487099754
262.8777971519907,170.403653278847
263.66083825761245,171.15318186519755
264.4438793632342,170.63724637990646
265.22692046885595,170.74532304251252
266.0099615744777,171.83063082126844
266.79300268009945,170.79515925244115
267.5760437857212,170.68674279864044
268.35908489134295,171.1256236824201
269.1421259969647,171.2092980408498
269.92516710258644,171.28905235909338
270.7082082082082,171.36520677736738
271.49124931382994,171.43808143588797
272.27429041945175,171.5079964748717
273.05733152507344,171.32423293747777
273.84037263069524,171.64022825509403
274.62341373631693,171.31545903890233
275.40645484193874,171.76446323976552
276.18949594756043,171.82438228431067
276.97253705318224,171.88326255061727
277.7555781588039,172.72769929912363
278.53861926442573,173.7939447206384
279.3216603700474,172.05687208226993
280.10470147566923,172.11479863778644
280.8877425812909,172.1732871161463
281.6707836869127,172.23265765756614
282.4538247925345,171.92930125219794
283.2368658981562,172.35532549045078
284.019907003778,172.41926306234845
284.8029481093997,172.64050456020905
285.58598921502147,172.55394621813647
286.3690303206432,172.62533208245964
287.15207142626497,172.6998409913574
287.9351125318867,172.77779308504614
288.71815363750846,172.85950850374235
289.5011947431302,172.94530738766233
290.28423584875196,173.0355098770225
291.0672769543737,172.47130825677365
291.85031805999546,173.23040623292903
292.6333591656172,173.33573523408353
293.416400271239,173.44650691379886
294.1994413768607,171.8134899219139
294.9824824824825,172.70453225782566
295.7655235881042,174.75737648028482
296.548564693726,175.22893957406987
297.3316057993477,175.6999124263174
298.1146469049695,174.0528023397971
298.8976880105912,174.35317478383888
299.680729116213,174.4983389193131
300.4637702218347,174.6466350563775
301.2468113274565,174.79780384939224
302.0298524330782,174.95158595271727
302.8128935387,175.10772202071277
303.59593464432174,175.26595270773873
304.3789757499435,174.13060029046332
305.16201685556524,175.76267024958133
305.945057961187,175.7506190266004
306.72809906680874,175.9146347333491
307.5111401724305,176.07944833092867
308.29418127805224,176.24480047369917
309.077222383674,176.41043181602072
309.86026348929573,178.21087211555638
310.6433045949175,176.06301623311026
311.42634570053923,177.6484298825375
312.209386806161,177.07056226801856
312.9924279117828,177.68444385759685
313.7754690174045,176.6397488354732
314.5585101230263,175.8770259969458
315.341551228648,177.7144122616386
316.1245923342698,177.87088584612266
316.90763343989147,177.60959354909303
317.6906745455133,178.17663089890613
318.47371565113497,178.3253836759256
319.2567567567568,178.4710441591772
320.03979786237846,178.61335300302076
320.82283896800027,178.7520551440609
321.60588007362196,178.88715892725088
322.38892117924377,179.01908474700448
323.1719622848655,179.83260410598396
323.95500339048726,179.27522762993684
324.738044496109,179.40035725998257
325.52108560173076,179.52413406032605
326.3041267073525,180.71905834929757
327.08716781297426,179.76945430564
327.870208918596,179.89191031747742
328.65325002421775,180.01483863334659
329.4362911298395,181.5949463915035
330.21933223546125,180.2639373109138
331.002373341083,181.34257540595297
331.78541444670475,180.52040060580958
332.56845555232655,179.99484547142134
333.35149665794825,180.7878787855018
334.13453776357005,180.9268891657303
334.91757886919174,181.70422228951554
335.70061997481355,181.21773392411959
336.48366108043524,181.3704808691473
337.26670218605705,181.52865522889036
338.04974329167874,181.69205733733648
338.83278439730054,181.8601673127839
339.61582550292223,183.676124069332
340.39886660854404,182.20841876504522
341.18190771416573,180.49781638924586
341.96494881978754,181.71421155089726
342.7479899254093,182.75302932321492
343.53103103103103,182.93840297757507
344.3140721366528,183.12482332457162
345.09711324227453,183.15674128828215
345.8801543478963,183.49871199683676
346.66319545351803,184.8353067571221
347.4462365591398,183.87051114073617
348.2292776647615,184.47742512688345
349.0123187703833,184.2360365569957
349.795359876005,184.41513905498738
350.57840098162677,184.59110404634126
351.3614420872485,184.28412010606473
352.14448319287027,185.35478191434063
352.927524298492,185.0949437314837
353.71056540411377,183.5060463847741
354.4936065097355,185.40556053171994
355.27664761535726,185.55174705801713
356.059688720979,186.52593944560448
356.84272982660076,185.82599480866844
357.62577093222257,184.37476792488192
358.4088120378443,186.3418857265084
359.19185314346606,184.4040599449932
359.9748942490878,185.93387540966359
360.75793535470956,186.42947726617666
361.5409764603313,186.54016728627894
362.32401756595306,186.64871010771265
363.1070586715748,186.75561499839108
363.89009977719655,185.73044519858863
364.6731408828183,187.97860870185133
365.45618198844005,187.81034060106
366.2392230940618,187.1770406118199
367.02226419968355,186.34604804735238
367.8053053053053,187.39116679975047
368.58834641092704,187.50086567671661
369.3713875165488,187.61300076623445
370.15442862217054,185.95772486037967
370.9374697277923,187.50408494241813
371.72051083341404,187.96911598923194
372.5035519390358,188.9277898392372
373.28659304465754,188.22803512074805
374.0696341502793,186.85477260511857
374.85267525590103,188.85216207385778
375.6357163615228,188.65307697662786
376.41875746714453,188.8032268582935
377.2017985727663,186.96984923070383
377.9848396783881,191.10648026823736
378.76788078400983,189.27362669413066
379.5509218896316,189.43577727486198
380.33396299525333,188.56204663320867
381.1170041008751,189.7657654188132
381.9000452064968,189.9328233251363
382.6830863121186,190.13979894909926
383.4661274177403,190.269117664236
384.2491685233621,190.43757444011587
385.0322096289838,190.60571784895126
385.81525073460557,190.77315806229396
386.5982918402273,190.93950525169552
387.38133294584907,191.10436958870767
388.1643740514708,191.3872943761882
388.94741515709256,191.4280903917702
389.7304562627143,191.91968088655346
390.51349736833606,191.74120184389503
391.2965384739578,191.8928044922349
392.07957957957956,192.0405853174953
392.8626206852013,192.1841544912279
393.64566179082306,191.78250416035632
394.4287028964448,192.44049662581736
395.21174400206655,192.58741607690865
395.9947851076883,193.03533762597084
396.77782621331005,192.83453599027052
397.56086731893186,192.95209565942824
398.3439084245536,193.06588488617825
399.12694953017535,193.17607598247628
399.9099906357971,193.2828412602782
400.69303174141885,191.95378012805224
401.4760728470406,193.4867836082169
402.25911395266235,194.25320000466184
403.0421550582841,193.6790904256408
403.82519616390584,193.77131129029925
404.6082372695276,193.86114020819636
405.39127837514934,194.21796733399077
406.1743194807711,194.03431145152996
406.95736058639284,194.1179984008781
407.7404016920146,194.19998265128822
408.52344279763633,194.28043651471603
409.3064839032581,194.3595323031174
410.08952500887983,194.43744232844816
410.8725661145016,194.5143389026641
411.65560722012333,194.59039433772102
412.4386483257451,194.66578094557468
413.2216894313668,193.0740013692622
414.0047305369886,194.11007955826577
414.7877716426103,194.88965092547463
415.5708127482321,194.96408424392834
416.3538538538538,195.66706896048595
417.13689495947557,196.21299274180683
417.9199360650974,195.57522861338808
418.7029771707191,194.6881801904587
419.4860182763409,195.43754018306248
420.2690593819626,195.4120652416232
421.05210048758437,196.11516347846361
421.8351415932061,195.56110630260224
422.61818269882787,195.63541624202753
423.4012238044496,195.7095392755162
424.18426491007136,195.78344051914772
424.9673060156931,195.8570850890017
425.75034712131486,196.04169762020928
426.5333882269366,196.00346467169553
427.31642933255836,196.26404298246425
428.0994704381801,196.14839895223426
428.88251154380185,196.22023689439445
429.6655526494236,196.29160885925472
430.44859375504535,196.36247996289453
431.2316348606671,195.867775227947
432.01467596628885,196.50258005083126
432.7977170719106,196.5717392672874
433.58075817753235,196.6402580868414
434.3637992831541,196.76777385510522
435.14684038877584,195.31390118367617
435.9298814943976,196.84162332488705
436.71292260001934,196.90723171762872
437.49596370564115,197.76356229731556
438.2790048112629,197.03596916967933
439.06204591688464,197.0990284611474
439.8450870225064,197.16116828435008
440.62812812812814,197.22235375536704
441.4111692337499,197.28254999027774
442.19421033937164,197.3417221051619
442.9772514449934,197.39983521609904
443.76029255061513,195.96881746081908
444.5433336562369,196.74766443363194
445.32637476185863,197.5674716860242
446.1094158674804,197.6209999419691
446.8924569731021,197.67329477436493
447.6754980787239,197.72432129929126
448.4585391843456,197.77404463282778
449.2415802899674,197.8224298910539
450.0246213955891,197.86944219004928
450.80766250121087,197.1751595877794
451.5907036068326,197.29350621765565
452.37374471245437,198.00189249244696
453.1567858180761,198.04306411531533
453.93982692369786,198.08268835935093
454.7228680293196,198.12073034063326
455.50590913494136,199.02868754218179
456.2889502405631,196.82476927707228
457.07199134618486,197.541151838855
457.85503245180666,198.25637795982226
458.6380735574284,198.28598536853238
459.42111466305016,198.31380121096677
460.2041557686719,198.6150316048084
460.98719687429366,198.1385505043748
461.7702379799154,198.38655414084735
462.55327908553716,198.40749861384134
463.3363201911589,198.42694299471034
464.11936129678065,199.73531373994396
464.9024024024024,198.46169935990315
465.68544350802415,198.47719528414194
466.4684846136459,198.49155899608573
467.25152571926765,197.29714961505476
468.0345668248894,198.51725766291813
468.81760793051114,198.52877655772187
469.6006490361329,198.53953112006056
470.38369014175464,197.51626349521962
471.1667312473764,198.55911512717296
471.94977235299814,196.80321170099086
472.7328134586199,198.5767454439155
473.51585456424164,197.00809949808178
474.2988956698634,198.59315782994813
475.08193677548513,198.6011372238421
475.8649778811069,198.60908804493107
476.64801898672863,198.61710226317263
477.4310600923504,198.62527184852428
478.2141011979722,198.6336887709435
478.99714230359393,198.64244500038785
479.7801834092157,199.27717827094745
480.56322451483743,198.6613432601819
481.3462656204592,198.67166923044658
482.1293067260809,198.6827023875664
482.9123478317027,198.69453470149887
483.6953889373244,198.7072581422015
484.4784300429462,198.24033557830913
485.2614711485679,198.73574628374732
486.04451225418967,200.03298421376
486.8275533598114,198.7689025718638
487.61059446543317,197.45018593447804
488.3936355710549,198.8074627662111
489.17667667667666,199.1208613364464
489.9597177822984,198.85216262644923
490.74275888792016,198.8770448561712
491.5257999935419,200.36550018322865
492.30884109916366,200.36358333386676
493.0918822047854,198.96292438323846
493.87492331040715,198.10008697963204
494.6579644160289,199.03043295301518
495.44100552165065,199.0673516075222
496.2240466272724,199.10624660780505
497.00708773289415,198.6418818181264
497.79012883851595,199.189521143295
498.5731699441377,199.23367842730056
499.35621104975945,200.1402617598469
500.1392521553812,199.27303460397363
500.92229326100295,199.37489683714992
501.7053343666247,199.42451474104138
502.48837547224645,199.47521998590238
503.2714165778682,199.5269014461321
504.05445768348994,199.57944799612972
504.8374987891117,199.63274851029448
505.62053989473344,199.6866918630257
506.4035810003552,199.7411669287224
507.18662210597694,199.7960625817839
507.9696632115987,200.46088184486908
508.75270431722043,199.90667114759822
509.5357454228422,199.96216180914942
510.31878652846393,200.88730254608456
511.1018276340857,200.07296026153594
511.88486873970743,200.12804580116972
512.6679098453292,200.18277404896278
513.450950950951,200.23703387931437
514.2339920565727,198.75870103195504
515.0170331621944,200.66471508240775
515.8000742678162,200.39589160971215
516.583115373438,200.4471665142899
517.3661564790597,200.49741737342214
518.1491975846815,200.54653306150817
518.9322386903032,200.5944024529473
519.715279795925,201.34169382354443
520.4983209015468,200.6859578434812
521.2813620071685,200.72942159137452
522.0644031127902,200.77119454021766
522.847444218412,200.81116556440995
523.6304853240338,200.11726766748984
524.4135264296555,200.88525733643843
525.1965675352772,200.91915583307315
525.979608640899,200.9508079026537
526.7626497465208,201.05162031133162
527.5456908521425,201.00692825824953
528.3287319577641,201.03117433778002
529.111773063386,201.05275791872793
529.8948141690078,199.93483141403894
530.6778552746295,201.99745563417306
531.4608963802511,201.10152643078058
532.243937485873,202.16344787966602
533.0269785914948,201.1207904180031
533.8100196971164,201.12646895682477
534.5930608027381,201.1295212153218
535.3761019083599,201.12995421064556
536.1591430139817,201.93429205132438
536.9421841196034,201.12299048037872
537.7252252252251,200.4882319245682
538.5082663308469,201.10563390323506
539.2913074364687,201.09307583996286
540.0743485420905,201.07794061642548
540.8573896477122,201.06023524977445
541.6404307533339,201.03996675716098
542.4234718589557,201.0171421557364
543.2065129645775,200.99176846265226
543.9895540701992,200.96385269505973
544.7725951758209,201.26880825722645
545.5556362814427,201.29029844119174
546.3386773870645,200.24504214616005
547.1217184926862,200.8269092226336
547.9047595983079,200.78638833976987
548.6878007039297,202.5702880735582
549.4708418095515,200.69785367639318
550.2538829151732,200.64985393018307
551.0369240207949,200.59937526382677
551.8199651264167,200.10223667194094
552.6030062320385,200.49100923928134
553.3860473376602,201.3398265537756
554.1690884432819,200.37281173996791
554.9521295489037,200.50476432974418
555.7351706545255,200.24510848670272
556.5182117601472,201.93859981499662
557.3012528657689,200.05306328032495
558.0842939713907,200.040638974417
558.8673350770125,199.97048066229098
559.6503761826343,199.89992270553105
560.433417288256,199.82932585976624
561.2164583938777,199.75905088062535
561.9994994994995,199.68945852373747
562.7825406051213,199.62090954473146
563.565581710743,198.6806428561689
564.3486228163647,199.4883847428807
565.1316639219865,198.94143865180132
565.9147050276083,199.36436252010458
566.69774613323,199.3064417649419
567.4807872388517,199.83023954345592
568.2638283444735,199.7117068279011
569.0468694500953,199.15336999190203
569.829910555717,199.11044541713468
570.6129516613387,199.0721717765385
571.3959927669605,198.6300711354676
572.1790338725823,199.01102032037534
572.962074978204,198.02874380595787
573.7451160838257,198.97233556880366
574.5281571894475,199.92904577594916
575.3111982950693,199.3219195471547
576.094239400691,198.95198186372363
576.8772805063127,198.95329281191
577.6603216119345,198.07819917702653
578.4433627175563,198.96512041641176
579.2264038231781,198.97465788383056
580.0094449287998,198.16218126207667
580.7924860344215,198.99853217676164
581.5755271400433,199.65810269931626
582.3585682456651,199.02554165082853
583.1416093512868,199.03899809466685
583.9246504569085,199.05176955044388
584.7076915625303,199.0633664237114
585.4907326681521,199.07329912002086
586.2737737737738,199.35611661589496
587.0568148793955,199.0862136039721
587.8398559850173,199.08821620271723
588.6228970906391,197.76439835702445
589.4059381962608,199.08086414150438
590.1889793018825,199.0705302926496
590.9720204075043,199.05510510569815
591.7550615131261,198.888084106841
592.5381026187478,198.3678060402616
593.3211437243694,198.97342678599094
594.1041848299913,198.9332352704413
594.8872259356131,198.88656741154387
595.6702670412348,198.83354462402423
596.4533081468564,198.7742883226079
597.2363492524782,198.70891992202058
598.0193903581,198.6375608369879
598.8024314637219,199.23667895278965
599.5854725693434,199.47618475142963
600.3685136749652,198.3887536224733
601.151554780587,199.24246848216754
601.9345958862089,198.19515466053917
602.7176369918304,197.3400392142506
603.5006780974522,198.87904481555742
604.283719203074,197.86559328376345
605.0667603086958,197.74578170137409
605.8498014143174,196.82678064489252
606.6328425199392,197.30885004950198
607.415883625561,195.67229651650925
608.1989247311828,195.70668786717673
608.9819658368046,197.07750402609838
609.7650069424262,196.93085444145672
610.548048048048,196.7801568079792
611.3310891536698,196.62553254039153
612.1141302592916,196.4671030534193
612.8971713649132,197.17639191387718
613.680212470535,197.67151599026562
614.4632535761568,195.9701974234511
615.2462946817786,195.29087138923074
616.0293357874002,195.11914693868982
616.812376893022,195.4434157491434
617.5954179986438,195.2617493387959
618.3784591042656,196.65420532394944
619.1615002098872,194.89003623555337
619.944541315509,194.70023314764262
620.7275824211308,195.88445542750665
621.5106235267526,194.31335058935144
622.2936646323742,193.05786305421182
623.076705737996,192.2660357385013
623.8597468436178,194.5859369813607
624.6427879492396,193.51394468683097
625.4258290548612,192.34656884892152
626.208870160483,193.10340119628214
626.9919112661048,192.89585240917816
627.7749523717266,192.68695058199452
628.5579934773484,192.60721675967653
629.34103458297,193.24407402004206
630.1240756885918,192.05336426851594
630.9071167942136,193.80043092719316
631.6901578998354,191.6264767748074
632.473199005457,191.4120552651015
633.2562401110788,191.89449212834072
634.0392812167006,190.9818754242611
634.8223223223224,190.77232660318901
635.605363427944,190.55073809388313
636.3884045335658,190.33511972225511
637.1714456391876,191.9667698080478
637.9544867448094,189.48934186633096
638.737527850431,189.68955067187534
639.5205689560528,187.9944638450176
640.3036100616746,189.2614804339259
641.0866511672964,189.04850927620743
641.869692272918,188.83641241379985
642.6527333785398,188.62531358755808
643.4357744841616,188.41533653833733
644.2188155897834,188.20660500699233
645.001856695405,187.90505683082228
645.7848978010268,187.7933734613506
646.5679389066486,188.03209545079196
647.3509800122704,186.72373536996582
648.1340211178922,187.18596104833313
648.9170622235138,185.27281638150617
649.7001033291356,186.79075301992714
650.4831444347574,186.5964403023708
651.2661855403792,187.99345099519468
652.0492266460008,185.84619370040656
652.8322677516226,185.6921102784435
653.6153088572444,185.68006667193805
654.3983499628662,185.662739315258
655.1813910684878,185.48443782395435
655.9644321741096,185.30921725660818
656.7474732797314,185.1370761132982
657.5305143853532,185.35364818373748
658.3135554909747,184.80189444054915
659.0965965965966,184.63878506371353
659.8796377022184,184.47861742830634
660.6626788078402,184.32135711062938
661.4457199134617,184.1352039140122
662.2287610190835,184.04615622291328
663.0118021247054,183.2139341557087
663.7948432303272,183.72070054325906
664.5778843359487,183.57746045875987
665.3609254415705,183.43692114980172
666.1439665471923,183.29904819268623
666.9270076528142,183.16380716371532
667.7100487584357,183.0311636391908
668.4930898640575,182.90108319541437
669.2761309696793,182.7735314086879
670.0591720753011,182.6484738553131
670.842213180923,180.74048615755356
671.6252542865445,182.40570375382595
672.4082953921663,182.1342186954227
673.1913364977881,182.56324115929698
673.97437760341,182.48021882922708
674.7574187090315,181.94857970835147
675.5404598146533,181.84001792488905
676.3235009202751,181.73367498519278
677.1065420258969,180.74007625316966
677.8895831315185,182.39210900355855
678.6726242371403,181.4276149917185
679.4556653427621,181.32980319010457
680.2387064483839,181.23403811376565
681.0217475540055,181.59035329963174
681.8047886596273,181.04851044212032
682.5878297652491,181.11730122437925
683.3708708708709,180.8707565871968
684.1539119764925,181.1073627638048
684.9369530821143,181.42600482535585
685.7199941877361,180.37951831900958
686.5030352933579,180.53746876917276
687.2860763989795,180.45857515389034
688.0691175046013,180.38138402690097
688.8521586102231,180.55234239574327
689.6351997158449,180.23197154300843
690.4182408214667,180.97193254060215
691.2012819270883,180.08895592790958
691.9843230327101,178.12977600442616
692.7673641383319,179.9520902431363
693.5504052439537,179.8859483404728
694.3334463495753,178.33348950686087
695.1164874551971,179.7582912497288
695.8995285608189,179.69679421469922
696.6825696664407,179.63686362193178
697.4656107720623,179.578508547952
698.2486518776841,178.89213944975234
699.0316929833059,179.46656126245702
699.8147340889277,179.41298720399269
700.5977751945493,179.45515454722985
701.3808163001711,179.3106836382577
702.1638574057929,179.32584639994894
702.9468985114147,179.01494574324627
703.7299396170363,179.16947581552077
704.5129807226581,179.12570885427434
705.2960218282799,179.08360817706995
706.0790629339017,179.14313192468998
706.8621040395233,179.00444198088906
707.6451451451451,179.9475216386479
708.4281862507669,179.16834744497868
709.2112273563887,179.6792771557461
709.9942684620105,178.02668308056454
710.7773095676321,178.83632181795303
711.5603506732539,178.80787816800066
712.3433917788757,178.78118249081936
713.1264328844975,178.75624386293444
713.9094739901191,178.7330713608714
714.6925150957409,178.7116740611557
715.4755562013627,178.69206104031272
716.2585973069845,179.87034251070537
717.0416384126061,177.74866288763965
717.8246795182279,179.3204757126925
718.6077206238497,178.63163327617704
719.3907617294715,178.24279570325461
720.173802835093,178.61236105700718
720.9568439407149,178.6054921309858
721.7398850463367,178.60048009604063
722.5229261519585,178.59733402869722
723.30596725758,178.59606300548097
724.0890083632019,178.59667610291726
724.8720494688237,178.59918239753162
725.6550905744455,179.01596028363076
726.438131680067,178.60991088439624
727.2211727856889,178.61815122969736
728.0042138913107,178.62832107827825
728.7872549969325,176.65571470369454
729.5702961025543,178.6544855913812
730.3533372081758,178.67049840895413
731.1363783137976,180.12943930621796
731.9194194194195,178.70843053972055
732.7024605250413,178.73034756334545
733.4855016306628,178.75415285591404
734.2685427362846,178.7797587064151
735.0515838419064,178.80707740383724
735.8346249475283,178.83602123716912
736.6176660531498,178.94913911784786
737.4007071587716,178.8984334675164
738.1837482643934,178.93172644250913
738.9667893700152,178.96629370936606
739.7498304756368,179.00204755707588
740.5328715812586,178.1805973288465
741.3159126868804,180.40216540921816
742.0989537925022,179.1155514752086
742.8819948981238,178.8996789195711
743.6650360037456,179.87960362170983
744.4480771093674,179.23657702460778
745.2311182149892,179.27818102996918
746.0141593206108,179.32026992809253
746.7972004262326,177.98768004170668
747.5802415318544,179.4055515585793
748.3632826374762,179.44856886892018
749.146323743098,179.49172022797742
749.9293648487196,179.5349179247396
750.7124059543414,179.57807424819558
751.4954470599632,179.62110148733385
752.278488165585,179.66391193114302
753.0615292712066,179.7876633505705
753.8445703768284,179.74853158872878
754.6276114824502,179.79016538048256
755.410652588072,179.5456650133278
756.1936936936936,179.87164233485527
756.9767347993154,179.91131007545138
757.7597759049372,179.95014704363885
758.542817010559,179.9880655284063
759.3258581161806,180.02497781874237
760.1088992218024,180.06079620449313
760.8919403274242,180.0954532706118
761.674981433046,180.9438081324406
762.4580225386676,180.95893112848916
763.2410636442894,180.19257641496105
764.0241047499112,180.22274075757554
764.807145855533,180.25183640368923
765.5901869611546,179.43335802939444
766.3732280667764,180.30690878141496
767.1562691723982,179.54013151139932
767.93931027802,180.35796789813926
768.7223513836418,180.38204696800113
769.5053924892634,180.40518810386303
770.2884335948852,182.41472742375484
771.071474700507,180.4487437485874
771.8545158061288,180.46920184495013
772.6375569117504,180.48880918231333
773.4205980173722,180.50758755442723
774.203639122994,180.52555875504186
774.9866802286158,180.54274457790746
775.7697213342374,179.4159641317855
776.5527624398592,180.99862861623401
777.335803545481,182.16366146922223
778.1188446511028,181.7176215322983
778.9018857567244,180.6176558072532
779.6849268623462,180.63058703237678
780.467967967968,180.64288543600225
781.2510090735898,180.6545728118796
782.0340501792114,181.08893400043482
782.8170912848332,180.67620165539054
783.600132390455,180.6861867105244
784.3831734960768,180.6956479129107
785.1662146016984,181.03756686958582
785.9492557073202,180.5200537469332
786.732296812942,180.72110634108537
787.5153379185638,180.72869006998263
788.2983790241856,180.73585891488295
789.0814201298072,180.74263236083775
789.864461235429,180.74902036801066
790.6475023410508,180.75503044055634
791.4305434466726,180.3178416164642
792.2135845522942,180.91406675280547
792.996625657916,180.52272904163584
793.7796667635378,180.77544146750748
794.5627078691596,180.77967442919774
795.3457489747811,180.78357448117308
796.128790080403,180.78714912758562
796.9118311860248,181.61156366165793
797.6948722916466,179.36765969204964
798.4779133972681,180.79599567496666
799.26095450289,180.79834374064836
800.0439956085118,180.1229588467198
800.8270367141336,180.80218372175622
801.6100778197551,180.8036906454865
802.3931189253769,180.80493219687034
803.1761600309987,182.1284787934339
803.9592011366205,181.3354680012455
804.7422422422421,180.80713965846434
805.5252833478639,180.80739476198332
806.3083244534857,180.80742201391618
807.0913655591075,180.09670406006308
807.8744066647291,179.90814575413125
808.6574477703509,180.80621170171884
809.4404888759727,180.805402588828
810.2235299815945,182.72998748057674
811.0065710872163,180.80322087472095
811.7896121928379,180.36975920104769
812.5726532984597,180.8003378705272
813.3556944040815,181.36241888117755
814.1387355097033,180.79681360946321
814.9217766153249,180.79482976798505
815.7048177209467,180.79270812474547
816.4878588265685,180.91271072211202
817.2708999321903,180.78808144959044
818.0539410378119,180.78559142597905
818.8369821434337,181.541383447017
819.6200232490555,181.27291518276817
820.4030643546773,180.77750466083435
821.1861054602989,180.77462852152271
821.9691465659207,180.14380685707047
822.7521876715425,182.13812248058284
823.5352287771643,180.7655635089267
824.3182698827859,181.20332748418673
825.1013109884077,180.7592313798322
825.8843520940295,180.75600119153196
826.6673931996513,180.9293142415198
827.4504343052729,180.7494500881859
828.2334754108947,180.74614418144418
829.0165165165165,179.72679904998353
829.7995576221383,182.32444077632553
830.5825987277601,180.73619509076892
831.3656398333817,180.73289328423394
832.1486809390035,180.72961126313086
832.9317220446253,180.72635653161163
833.7147631502471,180.72313659382843
834.4978042558687,180.71995895393326
835.2808453614905,180.7168311160781
836.0638864671123,180.71376058441513
836.8469275727341,180.7107548630963
837.6299686783557,181.19475127002255
838.4130097839775,180.70496786809954
839.1960508895993,180.70220160272567
839.9790919952211,180.6995301643043
840.7621331008427,180.6969610569873
841.5451742064645,180.03928296172722
842.3282153120863,180.69215985227513
843.1112564177081,180.95515333144354
843.8942975233297,181.5741669564869
844.6773386289515,180.68591313229194
845.4603797345733,182.68312712161003
846.2434208401951,180.03441285597768
847.0264619458167,180.68099261646032
847.8095030514385,181.44988124489404
848.5925441570603,180.67854910801756
849.3755852626821,180.6776009168858
850.1586263683039,180.67684510668326
850.9416674739255,179.79751166242067
851.7247085795473,180.67594064567396
852.5077496851691,179.90776004326182
853.2907907907909,182.35642269644916
854.0738318964125,178.9643119907454
854.8568730020343,180.67677047749623
855.6399141076561,180.97512740198337
856.4229552132779,180.67862483676072
857.2059963188995,180.67993814176353
857.9890374245213,180.68151886921606
858.7720785301431,179.58558190237375
859.5551196357649,180.68551260807877
860.3381607413864,180.68794062779295
861.1212018470083,180.40075138012472
861.90424295263,180.69369648854752
862.6872840582519,180.1026004123545
863.4703251638734,180.21411132819034
864.2533662694952,180.82967486715273
865.036407375117,180.70901761161852
865.8194484807389,180.713685291932
866.6024895863604,181.3058714891725
867.3855306919822,180.72407806107827
868.168571797604,180.7298181582152
868.9516129032259,180.7359307359307
