86.69354838709677,162.86266156561962
87.47658949271852,162.462855334338
88.25963059834027,161.82224575920677
89.04267170396201,162.44049164417592
89.82571280958378,161.52388050688285
90.60875391520553,162.41542883096014
91.39179502082727,162.40196653853738
92.17483612644902,162.36859817986598
92.95787723207077,163.43042710165759
93.74091833769252,162.35824628759374
94.52395944331428,162.3426701264944
95.30700054893603,162.32664678355607
96.09004165455778,163.46786697423522
96.87308276017953,162.29338860869092
97.65612386580128,162.27621880502818
98.43916497142303,162.25873187605472
99.22220607704477,162.24096033590268
100.00524718266654,162.22293669870405
100.78828828828829,162.6483341789229
101.57132939391003,162.1862631896955
102.35437049953178,162.16767834614967
103.13741160515353,161.856861397088
103.9204527107753,162.13017505163518
104.70349381639704,162.11132162893074
105.48653492201879,162.09244370810416
106.26957602764054,161.3047438458915
107.05261713326229,160.86167222741906
107.83565823888404,162.03598809821264
108.61869934450579,162.01733732621852
109.40174045012753,161.99882462676254
110.1847815557493,161.98048251397697
110.96782266137105,161.14122272598144
111.7508637669928,161.94444010494502
112.53390487261454,161.78600773034654
113.31694597823629,160.1354924321899
114.09998708385805,163.55101926780307
114.8830281894798,161.87583294873605
115.66606929510155,162.35231303431135
116.4491104007233,161.0697423814896
117.23215150634505,161.8284447308625
118.0151926119668,161.6126994849961
118.79823371758854,161.79927703534833
119.5812748232103,161.78551806490793
120.36431592883204,163.1796497636089
121.1473570344538,162.34465416376818
121.93039814007555,163.54013426190903
122.7134392456973,161.73674002833909
123.49648035131906,161.7262725511554
124.27952145694081,161.71656091501924
125.06256256256256,161.70763763406276
125.84560366818431,161.2112763885246
126.62864477380606,161.69228619421682
127.41168587942781,161.68592306359147
128.19472698504956,161.6804783446741
128.9777680906713,161.67598455159663
129.76080919629305,161.67247419849116
130.5438503019148,161.66997979948982
131.32689140753655,161.6685338687246
132.1099325131583,161.66816892032762
132.89297361878005,162.46284869291566
133.67601472440182,161.67081202716653
134.45905583002357,161.67388511066665
135.24209693564532,161.17791117912245
136.02513804126707,161.6836969084883
136.80817914688882,161.69050065107407
137.59122025251057,161.6986129749525
138.37426135813232,161.59853294554188
139.15730246375406,161.71889342311573
139.9403435693758,161.73112657566463
140.7233846749976,161.74479836603447
141.50642578061934,162.799215614878
142.2894668862411,161.7765879167654
143.07250799186284,161.79477070539053
143.85554909748458,161.81451136423698
144.63859020310633,161.83577431175678
145.42163130872808,163.24009618475532
146.20467241434983,161.88264925052803
146.98771351997158,161.90815231326656
147.77075462559333,161.93495981923155
148.55379573121508,161.9630173041667
149.33683683683682,161.99227030381542
150.11987794245857,162.8550560765527
150.90291904808032,162.05414499022774
151.68596015370207,160.9174823726203
152.46900125932382,162.12014816441663
153.25204236494557,162.1545617737861
154.03508347056732,162.18984411233026
154.8181245761891,162.22594071579266
155.60116568181084,163.1363912305268
156.3842067874326,163.1896271184684
157.16724789305434,162.33857147312415
157.9502889986761,163.7044406421068
158.73333010429783,162.4167314579007
159.5163712099196,162.45656990148618
160.29941231554136,162.4968413601944
161.0824534211631,162.68008934530158
161.86549452678486,162.57846546595349
162.6485356324066,162.61970918449123
163.43157673802835,162.66116806112595
164.2146178436501,162.70278763160104
164.99765894927185,164.45632566195417
165.7807000548936,162.78629099704645
166.56374116051535,162.82806586350384
167.3467822661371,162.86978356677565
168.12982337175885,161.23427729388771
168.9128644773806,162.95282962673673
169.69590558300234,162.99404905491295
170.4789466886241,163.0349934628777
171.26198779424584,163.07560838637457
172.0450288998676,162.50181282667555
172.82807000548934,163.15563192293834
173.6111111111111,163.19493160749238
174.39415221673286,165.1932936889584
175.1771933223546,163.27183448786218
175.96023442797636,163.309328755165
176.7432755335981,163.3461122882045
177.52631663921986,162.8932203811999
178.3093577448416,162.46089019944466
179.09239885046335,163.45165383917794
179.87543995608513,163.48504979259909
180.65848106170688,163.5174626904745
181.44152216732863,163.54883806854767
182.22456327295038,163.57912146256203
183.00760437857213,163.60825840826115
183.79064548419387,163.6361944413886
184.57368658981562,164.25236932227534
185.35672769543737,163.68824591290232
186.13976880105912,163.71225242277566
186.92280990668087,163.73484016305136
187.70585101230262,164.5168804837268
188.48889211792437,163.7755414777838
189.2719332235461,163.79354612372765
190.05497432916786,163.97316408167558
190.8380154347896,163.824591071488
191.62105654041136,163.8375224447915
192.4040976460331,163.848653798702
193.18713875165486,163.85793066896295
193.9701798572766,163.8652985913179
194.75322096289838,163.8707031015103
195.53626206852013,162.5517242599707
196.31930317414188,163.87540402838172
197.10234427976363,163.8745915165477
197.88538538538538,163.05112452867164
198.66842649100712,163.86636822105785
199.45146759662887,163.85884850888908
200.23450870225065,164.4836790689435
201.0175498078724,164.7864377263508
201.80059091349415,162.0155753777884
202.5836320191159,163.80489282404628
203.36667312473764,163.81851996168754
204.1497142303594,164.44516541302093
204.93275533598114,163.74208705577485
205.7157964416029,163.7183477406121
206.49883754722464,163.69371622110958
207.2818786528464,163.6684983923851
208.06491975846814,163.6430001495564
208.84796086408988,163.6175273877415
209.63100196971163,163.6014200785276
210.41404307533338,163.56788188762388
211.19708418095513,163.5443209395569
211.98012528657688,163.52200905297488
212.76316639219863,163.50125212299562
213.54620749782038,163.48235604473692
214.32924860344212,163.3032447937331
215.1122897090639,163.4513700238527
215.89533081468565,163.43989187146272
216.6783719203074,163.4314981512646
217.46141302592915,164.26305932044372
218.2444541315509,163.42518758791533
219.02749523717264,163.42788253499975
219.8105363427944,163.4348854947474
220.59357744841614,163.4465023622759
221.3766185540379,163.4630390327033
222.15965965965967,163.48480140114725
222.94270076528142,163.51209536272563
223.72574187090316,163.54522681255622
224.5087829765249,162.8720955770005
225.29182408214666,163.6302257574455
226.0748651877684,163.39139797326933
226.85790629339016,163.74224539675754
227.6409473990119,163.8091527146167
228.42398850463366,163.88368743964554
229.2070296102554,163.96573735681457
229.99007071587715,164.05500767966694
230.7731118214989,165.50817094978274
231.55615292712065,164.25402538830096
232.33919403274243,164.36318069702256
233.12223513836418,164.47837225730694
233.90527624398592,164.59930403062415
234.68831734960767,164.72567997844408
235.47135845522942,164.85720406223652
236.25439956085117,165.93192980817872
237.03744066647292,165.48495785718242
237.82048177209467,165.27970474414863
238.60352287771641,165.4288609865305
239.38656398333816,165.58168517223447
240.1696050889599,165.73788126273053
240.95264619458166,165.89715321948842
241.7356873002034,166.0592050039781
242.5187284058252,166.7889280131509
243.30176951144693,166.3904639020326
244.08481061706868,166.5590789385371
244.86785172269043,165.9045893684357
245.65089282831218,166.9007999938504
246.43393393393393,165.21308666149238
247.21697503955568,167.24653543536851
248.00001614517743,168.9999610866423
248.78305725079917,167.718494885261
249.56609835642092,168.14428722653665
250.34913946204267,168.34913233265965
251.13218056766442,168.11289495598018
251.91522167328617,168.24281603944095
252.69826277890795,168.4540303218193
253.4813038845297,168.62225489867438
254.26434499015144,170.20226713412734
255.0473860957732,168.95253764760528
255.83042720139494,169.11400374262084
256.61346830701666,169.27262493329636
257.39650941263847,169.42810518110173
258.17955051826016,169.58014844750687
258.96259162388196,169.72845869398165
259.74563272950365,170.04207441521456
260.52867383512546,169.23772039145763
261.31171494074715,170.14803092852296
262.09475604636896,170.2784487099754
262.8777971519907,170.403653278847
263.66083825761245,170.52334859660772
264.4438793632342,172.04816130185256
265.22692046885595,170.74532304251252
266.0099615744777,170.10704756494658
266.79300268009945,170.94523428413683
267.5760437857212,172.44098542577353
268.35908489134295,171.1256236824201
269.1421259969647,171.2092980408498
269.92516710258644,171.28905235909338
270.7082082082082,171.36520677736738
271.49124931382994,172.13612415341893
272.27429041945175,171.5079964748717
273.05733152507344,171.57527203453495
273.84037263069524,171.64022825509403
274.62341373631693,171.70318527676542
275.40645484193874,171.76446323976552
276.18949594756043,171.82438228431067
276.97253705318224,171.88326255061727
277.7555781588039,172.95283354115716
278.53861926442573,171.99918730938052
279.3216603700474,172.05687208226993
280.10470147566923,173.52153599143733
280.8877425812909,172.39554021161948
281.6707836869127,172.23265765756614
282.4538247925345,172.2932304022621
283.2368658981562,170.91760673711448
284.019907003778,172.41926306234845
284.8029481093997,172.48536325817156
285.58598921502147,172.55394621813647
286.3690303206432,172.62533208245964
287.15207142626497,172.6998409913574
287.9351125318867,172.77779308504614
288.71815363750846,172.85950850374235
289.5011947431302,172.25973692908502
290.28423584875196,173.0355098770225
291.0672769543737,173.13043611203926
291.85031805999546,173.23040623292903
292.6333591656172,173.33573523408353
293.416400271239,174.35597520695285
294.1994413768607,173.5624853602237
294.9824824824825,173.68341122771827
295.7655235881042,172.86396045053485
296.548564693726,172.34130398381075
297.3316057993477,174.07327990022077
298.1146469049695,174.2114019955948
298.8976880105912,174.35317478383888
299.680729116213,174.4983389193131
300.4637702218347,174.6466350563775
301.2468113274565,174.79780384939224
302.0298524330782,174.95158595271727
302.8128935387,174.43570674053203
303.59593464432174,175.26595270773873
304.3789757499435,176.30019006579985
305.16201685556524,175.89722508097088
305.945057961187,175.34841060977016
306.72809906680874,175.9146347333491
307.5111401724305,176.07944833092867
308.29418127805224,176.24480047369917
309.077222383674,177.53184997185187
309.86026348929573,176.57608301225332
310.6433045949175,176.74149471675716
311.42634570053923,175.43796974644354
312.209386806161,177.07056226801856
312.9924279117828,177.23369942349635
313.7754690174045,177.39555970468547
314.5585101230263,177.55588376594628
315.341551228648,177.7144122616386
316.1245923342698,177.87088584612266
316.90763343989147,178.02504517375846
317.6906745455133,178.17663089890613
318.47371565113497,178.3253836759256
319.2567567567568,178.4710441591772
320.03979786237846,178.61335300302076
320.82283896800027,178.7520551440609
321.60588007362196,178.88715892725088
322.38892117924377,179.01908474700448
323.1719622848655,177.1635395882341
323.95500339048726,179.27522762993684
324.738044496109,179.40035725998257
325.52108560173076,179.52413406032605
326.3041267073525,179.56644989609552
327.08716781297426,180.56420182169973
327.870208918596,179.89191031747742
328.65325002421775,179.23564839412856
329.4362911298395,180.1386955366809
330.21933223546125,180.2639373109138
331.002373341083,180.39102023947885
331.78541444670475,181.15903888921474
332.56845555232655,180.60024634154522
333.35149665794825,180.7878787855018
334.13453776357005,178.99089546849325
334.91757886919174,179.9503544183647
335.70061997481355,181.50769889759604
336.48366108043524,180.13904382770897
337.26670218605705,181.7971863981046
338.04974329167874,181.27074498278807
338.83278439730054,181.8601673127839
339.61582550292223,182.03246213032318
340.39886660854404,182.01149886689456
341.18190771416573,182.67285305732955
341.96494881978754,183.6854719772773
342.7479899254093,182.75302932321492
343.53103103103103,182.93840297757507
344.3140721366528,182.03061675308152
345.09711324227453,183.27800402683636
345.8801543478963,183.88130631149104
346.66319545351803,183.60776644383682
347.4462365591398,183.28871830614284
348.2292776647615,184.05431957727558
349.0123187703833,184.2360365569957
349.795359876005,185.92930187756446
350.57840098162677,184.59110404634126
351.3614420872485,184.76340850614812
352.14448319287027,184.9315294094987
352.927524298492,185.0949437314837
353.71056540411377,184.11200548209027
354.4936065097355,185.40556053171994
355.27664761535726,185.55174705801713
356.059688720979,185.6917269703739
356.84272982660076,185.82599480866844
357.62577093222257,185.95505984081422
358.4088120378443,186.07943133472457
359.19185314346606,186.19961855831286
359.9748942490878,186.31613077949245
360.75793535470956,186.42947726617666
361.5409764603313,186.32941997514624
362.32401756595306,187.00949067129392
363.1070586715748,186.75561499839108
363.89009977719655,186.36337447084074
364.6731408828183,186.9665480591357
365.45618198844005,187.07159476502872
366.2392230940618,187.1770406118199
367.02226419968355,187.2833948674227
367.8053053053053,188.10119758133183
368.58834641092704,187.50086567671661
369.3713875165488,187.15467762325326
370.15442862217054,188.06835236339788
370.9374697277923,187.84661665457875
371.72051083341404,187.96911598923194
372.5035519390358,188.09608860809024
373.28659304465754,188.22803512074805
374.0696341502793,188.36509127940676
374.85267525590103,188.50690184084954
375.6357163615228,189.62804413162112
376.41875746714453,187.18213817891296
377.2017985727663,188.956961657398
377.9848396783881,190.3321817408989
378.76788078400983,189.27362669413066
379.5509218896316,189.43577727486198
380.33396299525333,189.59995345923895
381.1170041008751,188.8037949044235
381.9000452064968,189.9328233251363
382.6830863121186,190.10073734976
383.4661274177403,190.269117664236
384.2491685233621,190.43757444011587
385.0322096289838,190.60571784895126
385.81525073460557,190.77315806229396
386.5982918402273,189.32910680522036
387.38133294584907,191.10436958870767
388.1643740514708,191.267361244882
388.94741515709256,191.4280903917702
389.7304562627143,190.9960150697594
390.51349736833606,193.38557280727582
391.2965384739578,191.8928044922349
392.07957957957956,192.0405853174953
392.8626206852013,192.1841544912279
393.64566179082306,192.23717092332765
394.4287028964448,192.45751120879285
395.21174400206655,192.58741607690865
395.9947851076883,192.74400241373047
396.77782621331005,193.5170716324319
397.56086731893186,192.95209565942824
398.3439084245536,192.8958982938463
399.12694953017535,193.17607598247628
399.9099906357971,193.98223537237251
400.69303174141885,193.77747180426928
401.4760728470406,193.4867836082169
402.25911395266235,192.08221071898507
403.0421550582841,193.6790904256408
403.82519616390584,193.77131129029925
404.6082372695276,193.98599693440823
405.39127837514934,193.948749491288
406.1743194807711,194.03431145152996
406.95736058639284,194.1179984008781
407.7404016920146,194.19998265128822
408.52344279763633,193.5960336250987
409.3064839032581,193.37809616243783
410.08952500887983,194.43744232844816
410.8725661145016,194.5143389026641
411.65560722012333,194.59039433772102
412.4386483257451,194.66578094557468
413.2216894313668,194.50900470784276
414.0047305369886,194.59988317919937
414.7877716426103,194.88965092547463
415.5708127482321,194.96408424392834
416.3538538538538,195.15624169137013
417.13689495947557,195.11327514092292
417.9199360650974,195.18797395363976
418.7029771707191,195.31855411038947
419.4860182763409,195.3374038879103
420.2690593819626,193.81455664196181
421.05210048758437,195.48664434116066
421.8351415932061,194.94957889770748
422.61818269882787,195.63541624202753
423.4012238044496,195.7095392755162
424.18426491007136,195.48775703995673
424.9673060156931,195.8570850890017
425.75034712131486,195.9304381011578
426.5333882269366,196.00346467169553
427.31642933255836,196.07612991669444
428.0994704381801,196.14839895223426
428.88251154380185,196.22023689439445
429.6655526494236,196.29160885925472
430.44859375504535,196.36247996289453
431.2316348606671,196.43281532139346
432.01467596628885,196.50258005083126
432.7977170719106,197.44432212089214
433.58075817753235,196.6402580868414
434.3637992831541,196.70810162557302
435.14684038877584,196.77523499956166
435.9298814943976,196.84162332488705
436.71292260001934,196.78787496579758
437.49596370564115,196.134802159181
438.2790048112629,197.03596916967933
439.06204591688464,197.0990284611474
439.8450870225064,198.54824633152074
440.62812812812814,197.82386988435272
441.4111692337499,197.07596175178023
442.19421033937164,197.3417221051619
442.9772514449934,196.76117429939904
443.76029255061513,197.4568544391687
444.5433336562369,197.51274489045056
445.32637476185863,197.5674716860242
446.1094158674804,197.6209999419691
446.8924569731021,197.67329477436493
447.6754980787239,197.72432129929126
448.4585391843456,197.77404463282778
449.2415802899674,197.8224298910539
450.0246213955891,197.86944219004928
450.80766250121087,197.91504664589357
451.5907036068326,197.95920837466622
452.37374471245437,198.00189249244696
453.1567858180761,198.04306411531533
453.93982692369786,199.16169117752077
454.7228680293196,198.12073034063326
455.50590913494136,198.15715517524194
456.2889502405631,198.19192797925666
457.07199134618486,198.22501386875692
457.85503245180666,198.25637795982226
458.6380735574284,197.80502553724318
459.42111466305016,198.31380121096677
460.2041557686719,198.33979703865398
460.98719687429366,197.27605829179734
461.7702379799154,198.38655414084735
462.55327908553716,198.40749861384134
463.3363201911589,198.42694299471034
464.11936129678065,198.44497925341176
464.9024024024024,199.78687159757
465.68544350802415,198.80204913471613
466.4684846136459,197.96200676270595
467.25152571926765,198.50488246569196
468.0345668248894,198.51725766291813
468.81760793051114,198.52877655772187
469.6006490361329,198.53953112006056
470.38369014175464,198.16002755344888
471.1667312473764,197.54291038543312
471.94977235299814,198.56812851186174
472.7328134586199,198.5767454439155
473.51585456424164,198.58505789329175
474.2988956698634,198.59315782994813
475.08193677548513,198.6011372238421
475.8649778811069,198.60908804493107
476.64801898672863,198.61710226317263
477.4310600923504,198.62527184852428
478.2141011979722,198.6336887709435
478.99714230359393,198.64244500038785
479.7801834092157,198.6516325068148
480.56322451483743,198.6613432601819
481.3462656204592,198.67166923044658
482.1293067260809,198.6827023875664
482.9123478317027,198.69453470149887
483.6953889373244,198.73189796992273
484.4784300429462,198.74279263634244
485.2614711485679,198.08292341563137
486.04451225418967,198.75169492450544
486.8275533598114,198.00104907100666
487.61059446543317,198.78746119577983
488.3936355710549,198.8074627662111
489.17667667667666,198.82899925311503
489.9597177822984,198.85216262644923
490.74275888792016,197.25685014771167
491.5257999935419,198.90373791223834
492.30884109916366,198.93233376460827
493.0918822047854,198.96292438323846
493.87492331040715,198.65770436539933
494.6579644160289,199.03043295301518
495.44100552165065,199.0673516075222
496.2240466272724,199.10624660780505
497.00708773289415,199.1470068282629
497.79012883851595,200.86308513472866
498.5731699441377,200.23043673842466
499.35621104975945,199.27936755467871
500.1392521553812,199.3264773998288
500.92229326100295,199.37489683714992
501.7053343666247,199.42451474104138
502.48837547224645,199.47521998590238
503.2714165778682,199.5269014461321
504.05445768348994,199.57944799612972
504.8374987891117,198.72560024830196
505.62053989473344,199.6866918630257
506.4035810003552,199.7411669287224
507.18662210597694,199.7960625817839
507.9696632115987,200.4996780361507
508.75270431722043,199.90667114759822
509.5357454228422,199.50881190747248
510.31878652846393,200.01762855566224
511.1018276340857,200.07296026153594
511.88486873970743,200.35371652906596
512.6679098453292,200.10948775061124
513.450950950951,201.63215938509833
514.2339920565727,200.29071416662362
515.0170331621944,200.34370378528982
515.8000742678162,200.39589160971215
516.583115373438,200.89770622687143
517.3661564790597,200.49741737342214
518.1491975846815,200.54653306150817
518.9322386903032,200.5944024529473
519.715279795925,200.64091442213854
520.4983209015468,200.6859578434812
521.2813620071685,200.72942159137452
522.0644031127902,200.77119454021766
522.847444218412,200.81116556440995
523.6304853240338,200.84922353835043
524.4135264296555,200.88525733643843
525.1965675352772,200.91915583307315
525.979608640899,200.9508079026537
526.7626497465208,201.9073673506925
527.5456908521425,201.00692825824953
528.3287319577641,201.72223796516022
529.111773063386,201.49307196290192
529.8948141690078,200.3799058273174
530.6778552746295,201.08792694807684
531.4608963802511,201.50814406925213
532.243937485873,200.879258215624
533.0269785914948,201.1207904180031
533.8100196971164,201.12646895682477
534.5930608027381,201.1295212153218
535.3761019083599,201.12995421064556
536.1591430139817,201.12777495994737
536.9421841196034,201.12299048037872
537.7252252252251,200.66104503528467
538.5082663308469,201.10563390323506
539.2913074364687,200.0993845623033
540.0743485420905,199.47872021835954
540.8573896477122,201.06023524977445
541.6404307533339,199.43427770581553
542.4234718589557,202.42417843633874
543.2065129645775,200.99176846265226
543.9895540701992,200.96385269505973
544.7725951758209,200.5584974445325
545.5556362814427,200.90042300495514
546.3386773870645,200.6305218123759
547.1217184926862,201.13938781199647
547.9047595983079,200.78638833976987
548.6878007039297,200.74336748530598
549.4708418095515,200.69785367639318
550.2538829151732,200.64985393018307
551.0369240207949,200.59937526382677
551.8199651264167,200.54642469447577
552.6030062320385,200.49100923928134
553.3860473376602,200.77283870601164
554.1690884432819,200.0750026202341
554.9521295489037,200.31006066400403
555.7351706545255,200.24510848670272
556.5182117601472,200.17831364225182
557.3012528657689,200.5329997755135
558.0842939713907,201.02762484304066
558.8673350770125,199.97048066229098
559.6503761826343,199.89992270553105
560.433417288256,199.82932585976624
561.2164583938777,199.75905088062535
561.9994994994995,199.68945852373747
562.7825406051213,199.62090954473146
563.565581710743,198.1132836017655
564.3486228163647,199.4883847428807
565.1316639219865,199.4251304312939
565.9147050276083,199.36436252010458
566.69774613323,200.66152035680287
567.4807872388517,199.25172892143456
568.2638283444735,199.20058474521167
569.0468694500953,199.15336999190203
569.829910555717,197.2425919011147
570.6129516613387,199.0721717765385
571.3959927669605,199.03890982574242
572.1790338725823,199.01102032037534
572.962074978204,198.98884763520465
573.7451160838257,198.97233556880366
574.5281571894475,198.9610136477221
575.3111982950693,199.87517475587856
576.094239400691,198.95198186372363
576.8772805063127,198.95329281191
577.6603216119345,198.17234498665113
578.4433627175563,198.70757600347955
579.2264038231781,198.97465788383056
580.0094449287998,198.98595833542998
580.7924860344215,198.99853217676164
581.5755271400433,199.19879516471607
582.3585682456651,199.02554165082853
583.1416093512868,199.03899809466685
583.9246504569085,199.05176955044388
584.7076915625303,199.0633664237114
585.4907326681521,199.07329912002086
586.2737737737738,199.0810780449239
587.0568148793955,198.1709803401252
587.8398559850173,199.08821620271723
588.6228970906391,199.0865962467108
589.4059381962608,199.08086414150438
590.1889793018825,199.0705302926496
590.9720204075043,199.05510510569815
591.7550615131261,199.00842035257614
592.5381026187478,199.00702233971145
593.3211437243694,198.97342678599094
594.1041848299913,198.9332352704413
594.8872259356131,198.88656741154387
595.6702670412348,198.83354462402423
596.4533081468564,198.7742883226079
597.2363492524782,198.70891992202058
598.0193903581,200.0407767326264
598.8024314637219,199.67898342745335
599.5854725693434,198.63752196743306
600.3685136749652,198.3887536224733
601.151554780587,198.29464594691495
601.9345958862089,197.211777349042
602.7176369918304,198.09040117807163
603.5006780974522,197.98050691423788
604.283719203074,197.86559328376345
605.0667603086958,198.27871916832655
605.8498014143174,197.62119358179535
606.6328425199392,198.32857916874448
607.415883625561,197.10169008109648
608.1989247311828,197.21998414717874
608.9819658368046,196.4254280069068
609.7650069424262,196.93085444145672
610.548048048048,196.7801568079792
611.3310891536698,196.62553254039153
612.1141302592916,196.4671030534193
612.8971713649132,195.47160240445362
613.680212470535,196.13931408022347
614.4632535761568,195.9701974234511
615.2462946817786,195.79776120619655
616.0293357874002,195.62212684318553
616.812376893022,195.4434157491434
617.5954179986438,195.2617493387959
618.3784591042656,195.83936738005733
619.1615002098872,195.74159541446934
619.944541315509,194.70023314764262
620.7275824211308,193.81548621493585
621.5106235267526,194.31335058935144
622.2936646323742,194.11651860068108
623.076705737996,193.06721624212838
623.8597468436178,193.7166919085658
624.6427879492396,194.48217895253126
625.4258290548612,193.30947320245144
626.208870160483,193.10340119628214
626.9919112661048,192.89585240917816
627.7749523717266,192.68695058199452
628.5579934773484,192.9528765028243
629.34103458297,191.47384201465246
630.1240756885918,192.05336426851594
630.9071167942136,191.84028768956395
631.6901578998354,191.6264767748074
632.473199005457,191.4120552651015
633.2562401110788,191.197146901301
634.0392812167006,192.53201652830967
634.8223223223224,190.76636457483676
635.605363427944,190.55073809388313
636.3884045335658,189.5315632097028
637.1714456391876,190.1196332008078
637.9544867448094,189.90440227039616
638.737527850431,189.68955067187534
639.5205689560528,190.2065697629013
640.3036100616746,189.2614804339259
641.0866511672964,189.04850927620743
641.869692272918,188.83641241379985
642.6527333785398,188.62531358755808
643.4357744841616,188.41533653833733
644.2188155897834,187.5444156525947
645.001856695405,187.9992427343785
645.7848978010268,187.7933734613506
646.5679389066486,187.58912092876372
647.3509800122704,187.59977601393956
648.1340211178922,186.48164607633586
648.9170622235138,186.9873011821996
649.7001033291356,186.79075301992714
650.4831444347574,186.5964403023708
651.2661855403792,186.8298102309234
652.0492266460008,185.4597197202356
652.8322677516226,185.72164563586955
653.6153088572444,185.31969845718626
654.3983499628662,185.50023188574528
655.1813910684878,185.48443782395435
655.9644321741096,185.30921725660818
656.7474732797314,185.1370761132982
657.5305143853532,184.61036379510307
658.3135554909747,184.80189444054915
659.0965965965966,186.63716842416454
659.8796377022184,184.47861742830634
660.6626788078402,184.32135711062938
661.4457199134617,184.16696968698437
662.2287610190835,184.41676860922948
663.0118021247054,183.86667582699735
663.7948432303272,183.72070054325906
664.5778843359487,183.57746045875987
665.3609254415705,183.43692114980172
666.1439665471923,182.60645193281056
666.9270076528142,183.16380716371532
667.7100487584357,183.80468113191213
668.4930898640575,182.3341993823316
669.2761309696793,182.7735314086879
670.0591720753011,182.2089687573735
670.842213180923,182.76863507142406
671.6252542865445,182.40570375382595
672.4082953921663,183.52739816377272
673.1913364977881,182.17249750136727
673.97437760341,182.05939475927806
674.7574187090315,181.94857970835147
675.5404598146533,181.84001792488905
676.3235009202751,180.9141834255106
677.1065420258969,181.62951646556434
677.8895831315185,181.52750794230576
678.6726242371403,180.77372237684295
679.4556653427621,181.32980319010457
680.2387064483839,181.42515327525706
681.0217475540055,181.14028533900367
681.8047886596273,180.325064846105
682.5878297652491,180.06215254376065
683.3708708708709,180.8707565871968
684.1539119764925,180.78470878176026
684.9369530821143,180.70050115940953
685.7199941877361,181.42569749244998
686.5030352933579,181.2356992427419
687.2860763989795,180.45857515389034
688.0691175046013,180.38138402690097
688.8521586102231,180.4632122092549
689.6351997158449,180.23197154300843
690.4182408214667,180.74289751671054
691.2012819270883,180.3441088080688
691.9843230327101,180.01976228196023
692.7673641383319,179.9520902431363
693.5504052439537,179.8859483404728
694.3334463495753,179.82134565049515
695.1164874551971,179.7582912497288
695.8995285608189,179.69679421469922
696.6825696664407,179.63686362193178
697.4656107720623,179.578508547952
698.2486518776841,179.52173806928525
699.0316929833059,178.6455188259118
699.8147340889277,179.41298720399269
700.5977751945493,178.0411562779141
701.3808163001711,179.3106836382577
702.1638574057929,179.26197228403788
702.9468985114147,179.4648148131245
703.7299396170363,179.16947581552077
704.5129807226581,178.46120556315014
705.2960218282799,179.82091703910456
706.0790629339017,179.04318286043303
706.8621040395233,179.00444198088906
707.6451451451451,179.76092208811127
708.4281862507669,178.93204983918153
709.2112273563887,178.17606202123227
709.9942684620105,178.8665043641509
710.7773095676321,180.79355439573118
711.5603506732539,178.80787816800066
712.3433917788757,179.15939098650298
713.1264328844975,178.75624386293444
713.9094739901191,178.7330713608714
714.6925150957409,178.0652148740647
715.4755562013627,178.07649582082232
716.2585973069845,178.64643579315515
717.0416384126061,180.5835560353652
717.8246795182279,178.6440184162747
718.6077206238497,178.63163327617704
719.3907617294715,178.62107779757943
720.173802835093,178.5926630902798
720.9568439407149,178.86409507278222
721.7398850463367,178.60048009604063
722.5229261519585,178.15910625414529
723.30596725758,178.59606300548097
724.0890083632019,179.6456824373368
724.8720494688237,178.59918239753162
725.6550905744455,178.6035909658495
726.438131680067,178.47922200759467
727.2211727856889,178.44086869924487
728.0042138913107,178.62832107827825
728.7872549969325,178.64042950666436
729.5702961025543,177.95698272033792
730.3533372081758,179.37569452040927
731.1363783137976,180.0773723120681
731.9194194194195,178.70843053972055
732.7024605250413,178.73034756334545
733.4855016306628,179.79173152865025
734.2685427362846,177.97089486476176
735.0515838419064,178.80707740383724
735.8346249475283,178.83602123716912
736.6176660531498,179.20960402356454
737.4007071587716,178.8984334675164
738.1837482643934,179.02020814102656
738.9667893700152,179.55254244515396
739.7498304756368,179.00204755707588
740.5328715812586,179.03890027462708
741.3159126868804,179.07676415100852
742.0989537925022,179.1155514752086
742.8819948981238,179.15517453621612
743.6650360037456,179.19554562301965
744.4480771093674,179.23657702460778
745.2311182149892,179.27818102996918
746.0141593206108,179.32026992809253
746.7972004262326,178.79358269827597
747.5802415318544,179.4055515585793
748.3632826374762,180.24753749045357
749.146323743098,179.08470106316062
749.9293648487196,181.4751004015361
750.7124059543414,180.12001555409972
751.4954470599632,179.62110148733385
752.278488165585,180.43961530371612
753.0615292712066,179.7064178686118
753.8445703768284,178.14248614901075
754.6276114824502,179.79016538048256
755.410652588072,179.64253071711465
756.1936936936936,179.87164233485527
756.9767347993154,179.91131007545138
757.7597759049372,179.95014704363885
758.542817010559,181.48524910286693
759.3258581161806,180.77675577251182
760.1088992218024,180.06079620449313
760.8919403274242,180.0954532706118
761.674981433046,178.5460681302395
762.4580225386676,180.7737934736365
763.2410636442894,178.89989916744892
764.0241047499112,180.22274075757554
764.807145855533,179.9586847822834
765.5901869611546,180.70990127898477
766.3732280667764,180.30690878141496
767.1562691723982,180.3329291005272
767.93931027802,180.35796789813926
768.7223513836418,180.38204696800113
769.5053924892634,180.40518810386303
770.2884335948852,179.80599746023384
771.071474700507,180.4487437485874
771.8545158061288,180.46920184495013
772.6375569117504,180.48880918231333
773.4205980173722,180.50758755442723
774.203639122994,180.52555875504186
774.9866802286158,180.54274457790746
775.7697213342374,180.55916681677402
776.5527624398592,180.57484726539178
777.335803545481,180.58980771751078
778.1188446511028,180.05035791933253
778.9018857567244,180.6176558072532
779.6849268623462,180.63058703237678
780.467967967968,180.64288543600225
781.2510090735898,180.6545728118796
782.0340501792114,180.9326474136597
782.8170912848332,180.67620165539054
783.600132390455,180.6861867105244
784.3831734960768,180.6956479129107
785.1662146016984,180.70460705629952
785.9492557073202,180.7130859344411
786.732296812942,180.72110634108537
787.5153379185638,180.72869006998263
788.2983790241856,179.4745127779597
789.0814201298072,180.74263236083775
789.864461235429,179.5632998024248
790.6475023410508,180.75503044055634
791.4305434466726,180.76067008262672
792.2135845522942,180.76594679837407
792.996625657916,180.7708680919503
793.7796667635378,180.77544146750748
794.5627078691596,180.04214262573294
795.3457489747811,180.78357448117308
796.128790080403,180.78714912758562
796.9118311860248,181.42709015163845
797.6948722916466,181.34234323051683
798.4779133972681,180.79599567496666
799.26095450289,180.79834374064836
800.0439956085118,180.8004039215276
800.8270367141336,180.55501357649047
801.6100778197551,180.8036906454865
802.3931189253769,180.80493219687034
803.1761600309987,180.8059158800599
803.9592011366205,179.78551071834096
804.7422422422421,180.80713965846434
805.5252833478639,180.80739476198332
806.3083244534857,178.93447373620666
807.0913655591075,180.807228918415
807.8744066647291,180.8068229796319
808.6574477703509,180.80621170171884
809.4404888759727,180.57145290189817
810.2235299815945,180.90970051348685
811.0065710872163,179.98189994399638
811.7896121928379,180.8018632818089
812.5726532984597,180.8003378705272
813.3556944040815,181.01524943847932
814.1387355097033,180.79681360946321
814.9217766153249,180.79482976798505
815.7048177209467,179.01739079946898
816.4878588265685,181.40254613087637
817.2708999321903,180.78808144959044
818.0539410378119,180.78559142597905
818.8369821434337,180.78299361721457
819.6200232490555,180.78029552744897
820.4030643546773,180.77750466083435
821.1861054602989,180.77462852152271
821.9691465659207,180.47063405182217
822.7521876715425,180.76865044141684
823.5352287771643,180.7655635089267
824.3182698827859,181.03093401450192
825.1013109884077,180.7592313798322
825.8843520940295,180.81085776544717
826.6673931996513,180.7527382595992
827.4504343052729,180.7494500881859
828.2334754108947,180.34586019807614
829.0165165165165,178.76495501717653
829.7995576221383,180.7395091785836
830.5825987277601,180.73619509076892
831.3656398333817,180.73289328423394
832.1486809390035,179.63418725798834
832.9317220446253,180.72635653161163
833.7147631502471,180.14649220648715
834.4978042558687,180.3641943909519
835.2808453614905,180.81977681976784
836.0638864671123,180.71376058441513
836.8469275727341,180.7107548630963
837.6299686783557,180.70782145627376
838.4130097839775,180.70496786809954
839.1960508895993,181.45777871614322
839.9790919952211,180.6995301643043
840.7621331008427,180.6969610569873
841.5451742064645,181.52135907900893
842.3282153120863,180.69215985227513
843.1112564177081,180.689942763184
843.8942975233297,181.1966458434598
844.6773386289515,180.33437413874455
845.4603797345733,180.6841155987952
846.2434208401951,181.01436695384058
847.0264619458167,180.68099261646032
847.8095030514385,180.6796821759264
848.5925441570603,180.67854910801756
849.3755852626821,180.6776009168858
850.1586263683039,180.40908335554133
850.9416674739255,180.67628918156197
851.7247085795473,179.7384785913903
852.5077496851691,180.67580700317137
853.2907907907909,180.6758957582062
854.0738318964125,180.7934516272755
854.8568730020343,180.67677047749623
855.6399141076561,180.67757145005567
856.4229552132779,180.67862483676072
857.2059963188995,180.67993814176353
857.9890374245213,179.05532093422244
858.7720785301431,179.0242418644694
859.5551196357649,180.68551260807877
860.3381607413864,181.04361637155827
861.1212018470083,182.25807735117021
861.90424295263,181.09427894013223
862.6872840582519,180.6970393378919
863.4703251638734,182.36682029730966
864.2533662694952,180.70469239527537
865.036407375117,180.70901761161852
865.8194484807389,180.34217361236952
866.6024895863604,180.71870294036788
867.3855306919822,180.72407806107827
868.168571797604,180.52449400020356
868.9516129032259,180.2065837102053
