86.69354838709677,162.47294372294368
87.47658949271852,161.60215467584902
88.25963059834027,162.54250136486658
89.04267170396201,162.44049164417592
89.82571280958378,162.42828137088378
90.60875391520553,162.41542883096014
91.39179502082727,163.51800601346145
92.17483612644902,162.3879270077473
92.95787723207077,162.73508862456515
93.74091833769252,163.78711280499778
94.52395944331428,160.8950056905401
95.30700054893603,162.32664678355607
96.09004165455778,161.72378893122274
96.87308276017953,163.28811582788342
97.65612386580128,162.27621880502818
98.43916497142303,162.25873187605472
99.22220607704477,161.46190179049879
100.00524718266654,162.22293669870405
100.78828828828829,162.204693478591
101.57132939391003,162.1862631896955
102.35437049953178,160.70264365249136
103.13741160515353,162.1489714620855
103.9204527107753,162.13017505163518
104.70349381639704,162.11132162893074
105.48653492201879,161.82525817375094
106.26957602764054,162.07357380328756
107.05261713326229,161.25070089817416
107.83565823888404,162.03598809821264
108.61869934450579,161.9478050243846
109.40174045012753,161.99882462676254
110.1847815557493,162.1960878956791
110.96782266137105,161.96234350199376
111.7508637669928,161.94444010494502
112.53390487261454,161.92680483696282
113.31694597823629,161.90947021217914
114.09998708385805,161.89246874472624
114.8830281894798,161.87583294873605
115.66606929510155,161.85959533834063
116.4491104007233,161.84378842767208
117.23215150634505,161.8284447308625
118.0151926119668,161.98896892161292
118.79823371758854,162.68258113284384
119.5812748232103,161.78551806490793
120.36431592883204,163.02486513533884
121.1473570344538,162.08603969957576
121.93039814007555,161.74793083243827
122.7134392456973,161.73674002833909
123.49648035131906,161.74082551608683
124.27952145694081,161.71656091501924
125.06256256256256,162.69695157793896
125.84560366818431,161.69953522241792
126.62864477380606,161.69228619421682
127.41168587942781,160.9267666879887
128.19472698504956,162.64790185465168
128.9777680906713,161.67598455159663
129.76080919629305,160.3348124873988
130.5438503019148,161.66997979948982
131.32689140753655,161.6685338687246
132.1099325131583,161.66816892032762
132.89297361878005,161.66891746843095
133.67601472440182,161.67081202716653
134.45905583002357,161.67388511066665
135.24209693564532,161.6781692330632
136.02513804126707,162.15313885174197
136.80817914688882,161.074065524002
137.59122025251057,161.6986129749525
138.37426135813232,161.7080663942557
139.15730246375406,161.71889342311573
139.9403435693758,161.03241478992476
140.7233846749976,161.74479836603447
141.50642578061934,161.68451294893515
142.2894668862411,162.4581809631402
143.07250799186284,161.79477070539053
143.85554909748458,161.14970619874606
144.63859020310633,162.3787425323148
145.42163130872808,161.8585050952727
146.20467241434983,161.88264925052803
146.98771351997158,163.3765488907435
147.77075462559333,162.30290564407218
148.55379573121508,161.9630173041667
149.33683683683682,161.99227030381542
150.11987794245857,162.02266435392124
150.90291904808032,162.05414499022774
151.68596015370207,162.0866577484783
152.46900125932382,162.95656333922878
153.25204236494557,162.1545617737861
154.03508347056732,162.18984411233026
154.8181245761891,162.22594071579266
155.60116568181084,162.26279711991677
156.3842067874326,162.48810529053688
157.16724789305434,161.62990303181076
157.9502889986761,162.37738049369452
158.73333010429783,162.4167314579007
159.5163712099196,162.45656990148618
160.29941231554136,162.2212217808533
161.0824534211631,162.53749136976904
161.86549452678486,162.57846546595349
162.6485356324066,162.61970918449123
163.43157673802835,164.0178241372356
164.2146178436501,162.70278763160104
164.99765894927185,163.71606588231413
165.7807000548936,162.78629099704645
166.56374116051535,162.83125130222427
167.3467822661371,162.86978356677565
168.12982337175885,162.9113896426054
168.9128644773806,162.95282962673673
169.69590558300234,162.99404905491295
170.4789466886241,163.0349934628777
171.26198779424584,162.26647487455625
172.0450288998676,163.11583936114693
172.82807000548934,162.60021475836302
173.6111111111111,163.19493160749238
174.39415221673286,163.23368395055246
175.1771933223546,163.27183448786218
175.96023442797636,163.4908804742635
176.7432755335981,164.96790807111142
177.52631663921986,163.38213062272413
178.3093577448416,163.41732929446744
179.09239885046335,163.08428960253173
179.87543995608513,164.40175270623268
180.65848106170688,163.9275815061284
181.44152216732863,163.54883806854767
182.22456327295038,165.29401048137248
183.00760437857213,163.60825840826115
183.79064548419387,164.01113528539935
184.57368658981562,163.66287509768785
185.35672769543737,163.81560247644938
186.13976880105912,163.87874986596026
186.92280990668087,161.9613908079588
187.70585101230262,163.75595466947294
188.48889211792437,163.7755414777838
189.2719332235461,163.79354612372765
190.05497432916786,161.98772345193632
190.8380154347896,163.27450433834824
191.62105654041136,163.8375224447915
192.4040976460331,163.848653798702
193.18713875165486,164.08413243510574
193.9701798572766,163.8652985913179
194.75322096289838,163.8707031015103
195.53626206852013,163.87408973528375
196.31930317414188,162.52044701934386
197.10234427976363,163.8745915165477
197.88538538538538,164.95994393007024
198.66842649100712,163.841206155334
199.45146759662887,165.1412579503683
200.23450870225065,164.34926833727837
201.0175498078724,163.91685258336886
201.80059091349415,164.5475017777321
202.5836320191159,163.80489282404628
203.36667312473764,163.78566549260975
204.1497142303594,162.84129510401374
204.93275533598114,163.74208705577485
205.7157964416029,163.7183477406121
206.49883754722464,163.69371622110958
207.2818786528464,163.6684983923851
208.06491975846814,163.6430001495564
208.84796086408988,163.89939878459583
209.63100196971163,162.71387880710125
210.41404307533338,162.85700193064892
211.19708418095513,163.5443209395569
211.98012528657688,163.52200905297488
212.76316639219863,163.50125212299562
213.54620749782038,163.48235604473692
214.32924860344212,165.12410066551953
215.1122897090639,162.82302328105973
215.89533081468565,163.43989187146272
216.6783719203074,163.4314981512646
217.46141302592915,163.42649475837626
218.2444541315509,163.18167891020875
219.02749523717264,164.81127632232318
219.8105363427944,163.4348854947474
220.59357744841614,164.21155273953852
221.3766185540379,162.19848722943547
222.15965965965967,163.48480140114725
222.94270076528142,163.21738105817616
223.72574187090316,163.54522681255622
224.5087829765249,163.58450164575692
225.29182408214666,163.6302257574455
226.0748651877684,163.0641495908385
226.85790629339016,163.74224539675754
227.6409473990119,163.8091527146167
228.42398850463366,163.88368743964554
229.2070296102554,165.699716411381
229.99007071587715,164.05500767966694
230.7731118214989,165.73767574140592
231.55615292712065,165.00523366053633
232.33919403274243,164.36318069702256
233.12223513836418,164.61735508029565
233.90527624398592,164.59930403062415
234.68831734960767,164.72567997844408
235.47135845522942,164.1542995705729
236.25439956085117,164.99358024347157
237.03744066647292,165.13451248361895
237.82048177209467,165.27970474414863
238.60352287771641,165.4288609865305
239.38656398333816,165.58168517223447
240.1696050889599,166.4326365114046
240.95264619458166,165.89225136545298
241.7356873002034,166.0592050039781
242.5187284058252,166.429335988398
243.30176951144693,166.3904639020326
244.08481061706868,166.5590789385371
244.86785172269043,167.60433416780378
245.65089282831218,166.9007999938504
246.43393393393393,167.0733139355989
247.21697503955568,165.70636023460634
248.00001614517743,167.4201684546292
248.78305725079917,168.40010857836685
249.56609835642092,167.7674848975032
250.34913946204267,167.9405762440564
251.13218056766442,168.11289495598018
251.91522167328617,168.62374155940915
252.69826277890795,168.4540303218193
253.4813038845297,168.41328188460588
254.26434499015144,168.7885226867798
255.0473860957732,169.39129858963773
255.83042720139494,169.11400374262084
256.61346830701666,169.51386079440147
257.39650941263847,169.42810518110173
258.17955051826016,170.50653243045517
258.96259162388196,169.72845869398165
259.74563272950365,169.87273988199595
260.52867383512546,170.11327393731597
261.31171494074715,170.14803092852296
262.09475604636896,170.2784487099754
262.8777971519907,171.30110260839442
263.66083825761245,170.52334859660772
264.4438793632342,169.8895928310933
265.22692046885595,171.34164093321434
266.0099615744777,170.84787896385052
266.79300268009945,170.94523428413683
267.5760437857212,171.1824360193956
268.35908489134295,171.1256236824201
269.1421259969647,171.2092980408498
269.92516710258644,169.9253235521732
270.7082082082082,171.43307446667527
271.49124931382994,171.43808143588797
272.27429041945175,171.17345582013672
273.05733152507344,171.57527203453495
273.84037263069524,171.64022825509403
274.62341373631693,171.70318527676542
275.40645484193874,171.76446323976552
276.18949594756043,170.25506135428236
276.97253705318224,171.88326255061727
277.7555781588039,171.94142417890177
278.53861926442573,170.20221816796393
279.3216603700474,172.05687208226993
280.10470147566923,173.45136012262762
280.8877425812909,172.54319754445106
281.6707836869127,172.26285278268634
282.4538247925345,173.6936918390946
283.2368658981562,171.0934589061281
284.019907003778,172.67941234627415
284.8029481093997,173.10335594128358
285.58598921502147,172.55394621813647
286.3690303206432,172.62533208245964
287.15207142626497,172.33201180592846
287.9351125318867,172.77779308504614
288.71815363750846,172.85950850374235
289.5011947431302,172.94530738766233
290.28423584875196,174.29577524114245
291.0672769543737,173.13043611203926
291.85031805999546,173.23040623292903
292.6333591656172,173.2459237308476
293.416400271239,173.44650691379886
294.1994413768607,173.5624853602237
294.9824824824825,173.68341122771827
295.7655235881042,173.80902517064257
296.548564693726,173.93906784335678
297.3316057993477,174.07327990022077
298.1146469049695,174.2114019955948
298.8976880105912,174.35317478383888
299.680729116213,174.4983389193131
300.4637702218347,174.6466350563775
301.2468113274565,175.26989334679732
302.0298524330782,176.34748245555755
302.8128935387,175.10772202071277
303.59593464432174,174.3135626989512
304.3789757499435,175.4260186681553
305.16201685556524,175.58766055632245
305.945057961187,175.7506190266004
306.72809906680874,175.9146347333491
307.5111401724305,176.07944833092867
308.29418127805224,176.24480047369917
309.077222383674,176.41043181602072
309.86026348929573,176.57608301225332
310.6433045949175,176.74149471675716
311.42634570053923,175.40617164686543
312.209386806161,177.07056226801856
312.9924279117828,177.23369942349635
313.7754690174045,177.39555970468547
314.5585101230263,177.55588376594628
315.341551228648,176.09957478188417
316.1245923342698,177.87088584612266
316.90763343989147,177.2033489402694
317.6906745455133,178.17663089890613
318.47371565113497,178.3253836759256
319.2567567567568,180.1546201845805
320.03979786237846,178.61335300302076
320.82283896800027,179.21525963372372
321.60588007362196,178.88715892725088
322.38892117924377,179.01908474700448
323.1719622848655,179.14828888675532
323.95500339048726,179.34832113049475
324.738044496109,179.40035725998257
325.52108560173076,179.52413406032605
326.3041267073525,179.64701431440065
327.08716781297426,179.76945430564
327.870208918596,180.36244689983315
328.65325002421775,179.9676894455627
329.4362911298395,181.0590392606523
330.21933223546125,179.55022663435557
331.002373341083,178.59431399547654
331.78541444670475,180.52040060580958
332.56845555232655,180.51299121401928
333.35149665794825,180.7878787855018
334.13453776357005,180.9268891657303
334.91757886919174,181.07002211745834
335.70061997481355,181.21773392411959
336.48366108043524,181.3704808691473
337.26670218605705,181.88462828868165
338.04974329167874,181.69205733733648
338.83278439730054,181.8601673127839
339.61582550292223,182.8384869168392
340.39886660854404,182.20841876504522
341.18190771416573,182.38751419204067
341.96494881978754,182.95365853576584
342.7479899254093,182.75302932321492
343.53103103103103,182.24996344307323
344.3140721366528,183.12482332457162
345.09711324227453,183.47183740652983
345.8801543478963,183.49871199683676
346.66319545351803,183.6851342722868
347.4462365591398,183.87051114073617
348.2292776647615,184.05431957727558
349.0123187703833,183.45133841426016
349.795359876005,184.41513905498738
350.57840098162677,184.59110404634126
351.3614420872485,184.76340850614812
352.14448319287027,184.9315294094987
352.927524298492,184.52360322286313
353.71056540411377,184.54516502070135
354.4936065097355,185.40556053171994
355.27664761535726,184.73616292153764
356.059688720979,185.6917269703739
356.84272982660076,185.82599480866844
357.62577093222257,185.95505984081422
358.4088120378443,186.07943133472457
359.19185314346606,187.00008150605575
359.9748942490878,186.31613077949245
360.75793535470956,186.34378514123262
361.5409764603313,186.54016728627894
362.32401756595306,186.64871010771265
363.1070586715748,186.75561499839108
363.89009977719655,186.86139122622765
364.6731408828183,186.9665480591357
365.45618198844005,186.78436630949622
366.2392230940618,186.30583058353145
367.02226419968355,187.2833948674227
367.8053053053053,187.48106645492385
368.58834641092704,187.50086567671661
369.3713875165488,187.61300076623445
370.15442862217054,187.97021175154373
370.9374697277923,187.84661665457875
371.72051083341404,187.96911598923194
372.5035519390358,188.09608860809024
373.28659304465754,188.22803512074805
374.0696341502793,189.46654009826554
374.85267525590103,188.61355545680732
375.6357163615228,188.78933775610702
376.41875746714453,188.2009111757675
377.2017985727663,188.956961657398
377.9848396783881,189.1138915454932
378.76788078400983,189.27362669413066
379.5509218896316,189.43577727486198
380.33396299525333,189.59995345923895
381.1170041008751,189.7657654188132
381.9000452064968,190.52506472970822
382.6830863121186,190.10073734976
383.4661274177403,190.269117664236
384.2491685233621,190.43757444011587
385.0322096289838,189.4362053934259
385.81525073460557,190.77315806229396
386.5982918402273,189.8103132901071
387.38133294584907,191.10436958870767
388.1643740514708,191.267361244882
388.94741515709256,191.4280903917702
389.7304562627143,191.58616720092405
390.51349736833606,191.74120184389503
391.2965384739578,192.29149996412326
392.07957957957956,191.74235867380906
392.8626206852013,192.1841544912279
393.64566179082306,190.61502666381926
394.4287028964448,192.243056620313
395.21174400206655,193.53180862539273
395.9947851076883,192.71303356674926
396.77782621331005,192.83453599027052
397.56086731893186,192.5022968497845
398.3439084245536,193.06588488617825
399.12694953017535,193.17607598247628
399.9099906357971,193.2828412602782
400.69303174141885,192.5965227685139
401.4760728470406,193.4867836082169
402.25911395266235,193.5843053022653
403.0421550582841,194.28729307577163
403.82519616390584,193.77131129029925
404.6082372695276,193.86114020819636
405.39127837514934,194.2928702317963
406.1743194807711,194.03431145152996
406.95736058639284,194.41005497501303
407.7404016920146,194.19998265128822
408.52344279763633,194.28043651471603
409.3064839032581,194.3595323031174
410.08952500887983,194.43744232844816
410.8725661145016,194.5143389026641
411.65560722012333,196.14188878218553
412.4386483257451,194.6527871227724
413.2216894313668,194.74067103818103
414.0047305369886,194.8152369274957
414.7877716426103,195.5377032350079
415.5708127482321,194.96408424392834
416.3538538538538,194.77559016578442
417.13689495947557,195.11327514092292
417.9199360650974,195.18797395363976
418.7029771707191,195.2626951639423
419.4860182763409,195.3374038879103
420.2690593819626,193.9149043316671
421.05210048758437,195.48664434116066
421.8351415932061,195.56110630260224
422.61818269882787,195.63541624202753
423.4012238044496,195.7095392755162
424.18426491007136,194.8312365308497
424.9673060156931,195.8570850890017
425.75034712131486,195.4371671554509
426.5333882269366,196.00346467169553
427.31642933255836,196.07612991669444
428.0994704381801,196.14839895223426
428.88251154380185,196.22023689439445
429.6655526494236,196.29160885925472
430.44859375504535,196.36247996289453
431.2316348606671,196.43281532139346
432.01467596628885,195.50557400685364
432.7977170719106,196.5717392672874
433.58075817753235,198.13341264924603
434.3637992831541,196.79529299050049
435.14684038877584,196.77523499956166
435.9298814943976,196.84162332488705
436.71292260001934,197.14979721346194
437.49596370564115,196.97202529386627
438.2790048112629,197.03596916967933
439.06204591688464,196.796881307021
439.8450870225064,197.16116828435008
440.62812812812814,196.96310488143826
441.4111692337499,197.27246298937908
442.19421033937164,198.4872828497414
442.9772514449934,197.39983521609904
443.76029255061513,196.89988225911887
444.5433336562369,197.51274489045056
445.32637476185863,197.5674716860242
446.1094158674804,197.6209999419691
446.8924569731021,197.1230687603489
447.6754980787239,197.72432129929126
448.4585391843456,198.58047572854014
449.2415802899674,197.8224298910539
450.0246213955891,199.36523259282026
450.80766250121087,197.91504664589357
451.5907036068326,197.84542833884123
452.37374471245437,198.00189249244696
453.1567858180761,198.04306411531533
453.93982692369786,198.08268835935093
454.7228680293196,198.12073034063326
455.50590913494136,198.15715517524194
456.2889502405631,198.19192797925666
457.07199134618486,198.90912850664722
457.85503245180666,198.38905110811984
458.6380735574284,198.28598536853238
459.42111466305016,198.31380121096677
460.2041557686719,198.33979703865398
460.98719687429366,198.36401760577073
461.7702379799154,198.38655414084735
462.55327908553716,198.40749861384134
463.3363201911589,199.73821071749651
464.11936129678065,199.9050262224367
464.9024024024024,198.46169935990315
465.68544350802415,198.47719528414194
466.4684846136459,198.49155899608573
467.25152571926765,198.50488246569196
468.0345668248894,198.51725766291813
468.81760793051114,199.26606885091672
469.6006490361329,198.53953112006056
470.38369014175464,198.54961331989176
471.1667312473764,198.19600228113535
471.94977235299814,198.56812851186174
472.7328134586199,199.17835323295984
473.51585456424164,198.58505789329175
474.2988956698634,198.59315782994813
475.08193677548513,198.6011372238421
475.8649778811069,197.06511971123797
476.64801898672863,198.61710226317263
477.4310600923504,198.81896876770702
478.2141011979722,198.44669659368827
478.99714230359393,198.64244500038785
479.7801834092157,198.6516325068148
480.56322451483743,198.6613432601819
481.3462656204592,200.0398408914545
482.1293067260809,198.48902933921022
482.9123478317027,197.23181410573775
483.6953889373244,200.51028203854972
484.4784300429462,198.72096467963183
485.2614711485679,198.73574628374732
486.04451225418967,198.50196738138195
486.8275533598114,197.77839264245762
487.61059446543317,198.78746119577983
488.3936355710549,198.8074627662111
489.17667667667666,197.60304646033694
489.9597177822984,198.85216262644923
490.74275888792016,198.8770448561712
491.5257999935419,198.2297451483996
492.30884109916366,198.93233376460827
493.0918822047854,198.96292438323846
493.87492331040715,198.99560173808638
494.6579644160289,198.631826906263
495.44100552165065,200.32205105584526
496.2240466272724,199.10624660780505
497.00708773289415,199.1470068282629
497.79012883851595,199.98225652382328
498.5731699441377,199.23367842730056
499.35621104975945,199.27936755467871
500.1392521553812,199.3264773998288
500.92229326100295,198.29768746549908
501.7053343666247,199.42451474104138
502.48837547224645,198.26475649797328
503.2714165778682,199.5269014461321
504.05445768348994,199.57944799612972
504.8374987891117,199.63274851029448
505.62053989473344,199.6866918630257
506.4035810003552,199.7411669287224
507.18662210597694,199.69916132231268
507.9696632115987,199.85126769660945
508.75270431722043,199.90667114759822
509.5357454228422,199.96216180914942
510.31878652846393,199.77082662436612
511.1018276340857,198.18983388281467
511.88486873970743,201.8848352325964
512.6679098453292,200.18277404896278
513.450950950951,200.67683880183642
514.2339920565727,199.25576634871192
515.0170331621944,200.34370378528982
515.8000742678162,200.39589160971215
516.583115373438,200.4471665142899
517.3661564790597,200.49741737342214
518.1491975846815,200.54653306150817
518.9322386903032,200.5944024529473
519.715279795925,201.94125018201927
520.4983209015468,200.6859578434812
521.2813620071685,200.74666443330543
522.0644031127902,200.77119454021766
522.847444218412,200.81116556440995
523.6304853240338,201.73806405314076
524.4135264296555,200.88525733643843
525.1965675352772,200.91915583307315
525.979608640899,200.9508079026537
526.7626497465208,200.98010241957945
527.5456908521425,201.32717311459604
528.3287319577641,201.03117433778002
529.111773063386,200.29177626089043
529.8948141690078,201.07167311644312
530.6778552746295,201.08792694807684
531.4608963802511,201.10152643078058
532.243937485873,201.1124785817055
533.0269785914948,200.89494310970812
533.8100196971164,201.12646895682477
534.5930608027381,201.1295212153218
535.3761019083599,202.07622391533877
536.1591430139817,200.3560853366612
536.9421841196034,201.12299048037872
537.7252252252251,201.11560778909077
538.5082663308469,201.10563390323506
539.2913074364687,201.09307583996286
540.0743485420905,201.24422182015573
540.8573896477122,200.14351223752178
541.6404307533339,200.9050869478136
542.4234718589557,201.24058043040296
543.2065129645775,200.99176846265226
543.9895540701992,200.96385269505973
544.7725951758209,200.93340187011023
545.5556362814427,200.90042300495514
546.3386773870645,201.7925524611016
547.1217184926862,202.03511772543703
547.9047595983079,200.78638833976987
548.6878007039297,200.74336748530598
549.4708418095515,200.31572056382421
550.2538829151732,199.78707223611596
551.0369240207949,200.59937526382677
551.8199651264167,200.54642469447577
552.6030062320385,200.49100923928134
553.3860473376602,199.89035267519537
554.1690884432819,200.37281173996791
554.9521295489037,200.9009598185303
555.7351706545255,200.24510848670272
556.5182117601472,200.17831364225182
557.3012528657689,200.85852446780515
558.0842939713907,200.040638974417
558.8673350770125,199.97048066229098
559.6503761826343,199.0022020123431
560.433417288256,201.03424329489116
561.2164583938777,199.75905088062535
561.9994994994995,199.68945852373747
562.7825406051213,200.888684513488
563.565581710743,199.5537646992362
564.3486228163647,199.4883847428807
565.1316639219865,199.4251304312939
565.9147050276083,199.3835716418779
566.69774613323,200.93383329062362
567.4807872388517,199.25172892143456
568.2638283444735,199.20058474521167
569.0468694500953,199.15336999190203
569.829910555717,199.11044541713468
570.6129516613387,199.0721717765385
571.3959927669605,199.03890982574242
572.1790338725823,199.88123061919256
572.962074978204,198.98884763520465
573.7451160838257,198.97233556880366
574.5281571894475,198.9610136477221
575.3111982950693,199.75679062700368
576.094239400691,198.95198186372363
576.8772805063127,198.95329281191
577.6603216119345,197.96621641371766
578.4433627175563,200.9368676217114
579.2264038231781,198.97465788383056
580.0094449287998,199.970114896294
580.7924860344215,198.99853217676164
581.5755271400433,199.01188981337728
582.3585682456651,199.02554165082853
583.1416093512868,197.53189442634707
583.9246504569085,199.05176955044388
584.7076915625303,199.0633664237114
585.4907326681521,199.07329912002086
586.2737737737738,199.0810780449239
587.0568148793955,199.0862136039721
587.8398559850173,199.08821620271723
588.6228970906391,199.3337368139034
589.4059381962608,200.6118247334385
590.1889793018825,199.0705302926496
590.9720204075043,199.05510510569815
591.7550615131261,199.0340989862016
592.5381026187478,199.00702233971145
593.3211437243694,198.97342678599094
594.1041848299913,198.9332352704413
594.8872259356131,198.88656741154387
595.6702670412348,197.1211454577368
596.4533081468564,198.31816909188205
597.2363492524782,198.70891992202058
598.0193903581,198.6375608369879
598.8024314637219,199.26516804442434
599.5854725693434,198.23446376061403
600.3685136749652,198.3887536224733
601.151554780587,198.29464594691495
601.9345958862089,198.19515466053917
602.7176369918304,198.21745189715747
603.5006780974522,197.98050691423788
604.283719203074,197.86559328376345
605.0667603086958,197.74578170137409
605.8498014143174,197.62119358179535
606.6328425199392,197.4919503397528
607.415883625561,197.3581733899721
608.1989247311828,195.96503928284397
608.9819658368046,196.1002739789998
609.7650069424262,196.93085444145672
610.548048048048,196.7801568079792
611.3310891536698,196.62553254039153
612.1141302592916,196.4671030534193
612.8971713649132,196.30498976178808
613.680212470535,196.13931408022347
614.4632535761568,197.779982655356
615.2462946817786,195.79776120619655
616.0293357874002,195.62212684318553
616.812376893022,195.4434157491434
617.5954179986438,195.2617493387959
618.3784591042656,195.07724902686869
619.1615002098872,193.95782329590597
619.944541315509,192.95552100348306
620.7275824211308,195.5059990657963
621.5106235267526,195.56508114480178
622.2936646323742,194.11651860068108
623.076705737996,193.9175911268009
623.8597468436178,193.7166919085658
624.6427879492396,193.77956847278972
625.4258290548612,193.30947320245144
626.208870160483,193.10340119628214
626.9919112661048,191.31195835255085
627.7749523717266,192.68695058199452
628.5579934773484,192.47681945558625
629.34103458297,192.26558277080846
630.1240756885918,192.05336426851594
630.9071167942136,191.84028768956395
631.6901578998354,191.6264767748074
632.473199005457,191.4120552651015
633.2562401110788,192.3905910410306
634.0392812167006,190.9818754242611
634.8223223223224,190.76636457483676
635.605363427944,190.55073809388313
636.3884045335658,190.33511972225511
637.1714456391876,190.1196332008078
637.9544867448094,189.90440227039616
638.737527850431,189.68955067187534
639.5205689560528,189.4752021461002
640.3036100616746,189.52726750832838
641.0866511672964,189.04850927620743
641.869692272918,186.99028630726
642.6527333785398,188.62531358755808
643.4357744841616,188.11064424095332
644.2188155897834,188.20660500699233
645.001856695405,186.08777954224098
645.7848978010268,187.24477233357968
646.5679389066486,188.1064710544087
647.3509800122704,187.3866088774729
648.1340211178922,187.26528947659622
648.9170622235138,186.9873011821996
649.7001033291356,186.79075301992714
650.4831444347574,186.5964403023708
651.2661855403792,186.4044867703857
652.0492266460008,186.21501616482692
652.8322677516226,186.02815222654925
653.6153088572444,185.84401869640797
654.3983499628662,185.662739315258
655.1813910684878,185.69847388308432
655.9644321741096,185.0169796762265
656.7474732797314,185.38759843820836
657.5305143853532,183.95263222523639
658.3135554909747,184.5899935458665
659.0965965965966,184.1548005489287
659.8796377022184,184.47861742830634
660.6626788078402,184.10749184831937
661.4457199134617,183.42655188206933
662.2287610190835,183.3170815692765
663.0118021247054,183.86667582699735
663.7948432303272,182.30989325060744
664.5778843359487,184.49248484077097
665.3609254415705,181.49279571122574
666.1439665471923,183.29904819268623
666.9270076528142,183.16380716371532
667.7100487584357,183.0311636391908
668.4930898640575,181.86442400106728
669.2761309696793,182.7735314086879
670.0591720753011,182.2281406771683
670.842213180923,182.7615149916207
671.6252542865445,182.40570375382595
672.4082953921663,184.24869824930175
673.1913364977881,183.71270227188998
673.97437760341,182.05939475927806
674.7574187090315,181.94857970835147
675.5404598146533,181.84001792488905
676.3235009202751,180.54352137816505
677.1065420258969,181.62951646556434
677.8895831315185,181.52750794230576
678.6726242371403,181.1335089445604
679.4556653427621,182.18739934299768
680.2387064483839,181.23403811376565
681.0217475540055,181.14028533900367
681.8047886596273,181.04851044212032
682.5878297652491,180.95867899941746
683.3708708708709,180.00291413366247
684.1539119764925,180.78470878176026
684.9369530821143,180.70050115940953
685.7199941877361,180.6180992964464
686.5030352933579,180.53746876917276
687.2860763989795,180.45857515389034
688.0691175046013,180.38138402690097
688.8521586102231,180.3058609645064
689.6351997158449,180.82907398679538
690.4182408214667,180.1596813387089
691.2012819270883,179.25591825921313
691.9843230327101,180.01976228196023
692.7673641383319,178.8315744407003
693.5504052439537,179.8859483404728
694.3334463495753,179.82134565049515
695.1164874551971,179.7582912497288
695.8995285608189,179.55354285044382
696.6825696664407,179.63686362193178
697.4656107720623,179.578508547952
698.2486518776841,179.52173806928525
699.0316929833059,179.46656126245702
699.8147340889277,180.02471645968657
700.5977751945493,179.3610249704178
701.3808163001711,179.3106836382577
702.1638574057929,179.26197228403788
702.9468985114147,178.24232200281435
703.7299396170363,179.16947581552077
704.5129807226581,179.12570885427434
705.2960218282799,179.08360817706995
706.0790629339017,179.04318286043303
706.8621040395233,179.87041190081405
707.6451451451451,178.9673946149634
708.4281862507669,178.93204983918153
709.2112273563887,179.04689455897534
709.9942684620105,178.8665043641509
710.7773095676321,179.77606807778915
711.5603506732539,178.80787816800066
712.3433917788757,180.25866437416826
713.1264328844975,180.3970906581331
713.9094739901191,180.36685674219882
714.6925150957409,178.7116740611557
715.4755562013627,180.07718736255308
716.2585973069845,178.6742413748679
717.0416384126061,178.65822414134672
717.8246795182279,179.10050522993248
718.6077206238497,178.63163327617704
719.3907617294715,178.62107779757943
720.173802835093,178.61236105700718
720.9568439407149,178.6054921309858
721.7398850463367,177.9264053166352
722.5229261519585,178.59733402869722
723.30596725758,176.65825490240584
724.0890083632019,178.59667610291726
724.8720494688237,179.77214905211528
725.6550905744455,178.6035909658495
726.438131680067,178.88863100477286
727.2211727856889,176.95366374628938
728.0042138913107,177.80004264313098
728.7872549969325,178.64042950666436
729.5702961025543,178.9856711722327
730.3533372081758,178.67049840895413
731.1363783137976,178.4181978119319
731.9194194194195,178.70843053972055
732.7024605250413,178.73034756334545
733.4855016306628,178.45689330761317
734.2685427362846,179.51710455630575
735.0515838419064,178.80707740383724
735.8346249475283,178.83602123716912
736.6176660531498,179.57569181711256
737.4007071587716,178.8984334675164
738.1837482643934,178.93172644250913
738.9667893700152,179.41261081532392
739.7498304756368,179.00204755707588
740.5328715812586,179.92190423867422
741.3159126868804,179.07676415100852
742.0989537925022,179.1155514752086
742.8819948981238,179.15517453621612
743.6650360037456,179.19554562301965
744.4480771093674,179.23657702460778
745.2311182149892,179.27818102996918
746.0141593206108,177.6405592725737
746.7972004262326,179.36275600796634
747.5802415318544,178.9110066792801
748.3632826374762,179.08026238247845
749.146323743098,178.95553398571244
749.9293648487196,179.5349179247396
750.7124059543414,177.87501635861906
751.4954470599632,179.62110148733385
752.278488165585,179.66391193114302
753.0615292712066,179.7064178686118
753.8445703768284,179.1439896724504
754.6276114824502,179.79016538048256
755.410652588072,180.03163756951383
756.1936936936936,179.62248432118972
756.9767347993154,179.91131007545138
757.7597759049372,179.01142571109872
758.542817010559,180.63770226312636
759.3258581161806,180.4811622255457
760.1088992218024,180.06079620449313
760.8919403274242,180.0954532706118
761.674981433046,180.12895446522927
762.4580225386676,180.9037235454703
763.2410636442894,180.19257641496105
764.0241047499112,180.22274075757554
764.807145855533,180.14094692569034
765.5901869611546,180.27988514705234
766.3732280667764,180.30690878141496
767.1562691723982,179.44555248589214
767.93931027802,182.20305073230065
768.7223513836418,180.38204696800113
769.5053924892634,180.47451801306698
770.2884335948852,181.97630601898544
771.071474700507,180.4487437485874
771.8545158061288,180.19681766521794
772.6375569117504,180.48880918231333
773.4205980173722,180.50758755442723
774.203639122994,180.52555875504186
774.9866802286158,180.4915294776837
775.7697213342374,180.55916681677402
776.5527624398592,180.57484726539178
777.335803545481,179.92163663653062
778.1188446511028,180.6040699668813
778.9018857567244,180.6176558072532
779.6849268623462,180.63058703237678
780.467967967968,180.61407018267235
781.2510090735898,181.40931713168695
782.0340501792114,180.665670953759
782.8170912848332,180.67620165539054
783.600132390455,180.6861867105244
784.3831734960768,180.6956479129107
785.1662146016984,181.72243473340797
785.9492557073202,180.7130859344411
786.732296812942,180.72110634108537
787.5153379185638,181.22369196890634
788.2983790241856,179.54508206611152
789.0814201298072,180.8507181614068
789.864461235429,181.02479239407302
790.6475023410508,179.61336075638437
791.4305434466726,182.64105463760166
792.2135845522942,180.6359983548246
792.996625657916,180.7708680919503
793.7796667635378,179.0801195123603
794.5627078691596,180.77967442919774
795.3457489747811,180.78357448117308
796.128790080403,182.75166730227522
796.9118311860248,180.97147487615445
797.6948722916466,180.83203031042686
798.4779133972681,182.4995669881188
799.26095450289,180.79834374064836
800.0439956085118,180.28898167483632
800.8270367141336,180.80218372175622
801.6100778197551,181.20012685435802
802.3931189253769,180.80493219687034
803.1761600309987,181.4204650994593
803.9592011366205,180.80664919920727
804.7422422422421,182.59813204148486
805.5252833478639,180.6580208122559
806.3083244534857,179.94094935979828
807.0913655591075,180.807228918415
807.8744066647291,181.77430588013996
808.6574477703509,182.29499641732082
809.4404888759727,181.67557549408002
810.2235299815945,180.80440314511137
811.0065710872163,180.80322087472095
811.7896121928379,181.72786787438307
812.5726532984597,180.8003378705272
813.3556944040815,180.79865214502794
814.1387355097033,180.79681360946321
814.9217766153249,180.10921083789222
815.7048177209467,180.79270812474547
816.4878588265685,181.85986302233462
817.2708999321903,180.78808144959044
818.0539410378119,181.02240347382215
818.8369821434337,180.78299361721457
819.6200232490555,180.78029552744897
820.4030643546773,180.29420706843806
821.1861054602989,180.77462852152271
821.9691465659207,180.08384584363793
822.7521876715425,180.76865044141684
823.5352287771643,179.46620729219862
824.3182698827859,179.0437937300131
825.1013109884077,180.7592313798322
825.8843520940295,180.56603258929528
826.6673931996513,180.7527382595992
827.4504343052729,180.7494500881859
828.2334754108947,181.26001795371718
829.0165165165165,180.742828043526
829.7995576221383,180.7395091785836
830.5825987277601,180.73619509076892
831.3656398333817,180.73289328423394
832.1486809390035,180.72961126313086
832.9317220446253,180.72635653161163
833.7147631502471,180.72313659382843
834.4978042558687,180.71995895393326
835.2808453614905,180.19648014998523
836.0638864671123,180.71376058441513
836.8469275727341,180.7107548630963
837.6299686783557,180.70782145627376
838.4130097839775,180.70496786809954
839.1960508895993,180.7924732252923
839.9790919952211,182.31538008569356
840.7621331008427,180.6969610569873
841.5451742064645,180.6945017849269
842.3282153120863,179.7469932581638
843.1112564177081,180.689942763184
843.8942975233297,180.6878580218056
844.6773386289515,180.68591313229194
845.4603797345733,180.6841155987952
846.2434208401951,182.34952749163222
847.0264619458167,181.6088386643642
847.8095030514385,182.56879970114775
848.5925441570603,180.67854910801756
849.3755852626821,180.6776009168858
850.1586263683039,180.67684510668326
850.9416674739255,180.4147071418262
851.7247085795473,180.67594064567396
852.5077496851691,179.7002312002531
853.2907907907909,180.32439542088412
854.0738318964125,180.67621441493043
854.8568730020343,180.67677047749623
855.6399141076561,180.18643459182354
856.4229552132779,181.63102744377903
857.2059963188995,180.67993814176353
857.9890374245213,180.68151886921606
858.7720785301431,180.95057369747178
859.5551196357649,180.68551260807877
860.3381607413864,180.40044754792274
861.1212018470083,180.69066608656524
861.90424295263,179.79573463874834
862.6872840582519,180.63748276606418
863.4703251638734,180.70070213875056
864.2533662694952,180.70469239527537
865.036407375117,181.65912418906603
865.8194484807389,180.713685291932
866.6024895863604,180.71870294036788
867.3855306919822,180.47117308021484
868.168571797604,179.9766303797494
868.9516129032259,180.7359307359307
