50.403225806451616,200.35173160173156
59.2008797653959,199.41021705814453
67.99853372434018,199.76410551386064
76.79618768328447,198.4168533621884
85.59384164222874,196.6672015202717
94.39149560117303,198.34661952583838
103.18914956011731,198.55901730675885
111.9868035190616,198.88380675467278
120.78445747800588,199.28152427027752
129.58211143695016,199.21731330174694
138.37976539589442,198.74308481172838
147.17741935483872,199.70154080706038
155.975073313783,200.82627452774489
164.7727272727273,199.76272306095123
173.57038123167158,201.52288736754033
182.36803519061584,202.1443536055402
191.16568914956014,201.08037594742646
199.96334310850443,200.09400698494628
208.7609970674487,200.49273161280527
217.558651026393,200.0838233719271
226.35630498533726,199.65773556968716
235.15395894428156,199.2591740298269
243.95161290322582,198.9327957657363
252.74926686217012,198.71592138594985
261.54692082111444,198.63078051916537
270.3445747800587,198.46801925187302
279.142228739003,200.74508882351094
287.93988269794727,199.36947984628875
296.7375366568915,200.07552136565332
305.5351906158358,201.5789688186444
314.3328445747801,201.76681257337498
323.13049853372434,202.30374054937124
331.9281524926687,202.11867512250782
340.7258064516129,199.54989245425284
349.5234604105573,197.58323898505114
358.3211143695015,188.44012763616627
367.11876832844575,180.82760735636248
375.9164222873901,179.10787395989354
384.71407624633434,180.01440303045814
393.5117302052786,181.38751905402506
402.30938416422293,180.92389030248435
411.1070381231672,180.95332110586264
419.9046920821115,180.3133591880497
428.70234604105576,181.9782333798738
437.5,185.44827779168492
446.29765395894435,186.4291269071213
455.0953079178886,190.34963190958405
463.89296187683294,194.58752497160373
472.6906158357772,198.20040967363488
481.4882697947214,200.74705807418638
490.28592375366577,203.2686507994527
499.08357771261,203.00338516614872
507.88123167155436,204.1514793642238
516.6788856304986,202.98498548729418
525.4765395894428,201.27607772887853
534.2741935483872,202.71367157111666
543.0718475073314,202.23307684045713
551.8695014662758,201.115025960215
560.66715542522,202.96225526893141
569.4648093841643,205.36127834999368
578.2624633431085,204.19802879372668
587.0601173020528,203.61876697590398
595.8577712609971,204.11940229366328
604.6554252199414,203.44464102372677
613.4530791788857,202.52009691696085
622.2507331378299,202.25634613536204
631.0483870967743,202.17297278229628
639.8460410557185,202.05032180391012
648.6436950146629,202.49425809320425
657.4413489736071,202.65558830942953
666.2390029325513,202.79483132698692
675.0366568914957,202.91481872313918
683.8343108504399,202.27301362471704
692.6319648093843,202.61400737765481
701.4296187683285,203.16557773030726
710.2272727272727,203.16335423052305
719.0249266862171,203.07274872757336
727.8225806451613,204.0921805431418
736.6202346041056,202.56224966110986
745.4178885630499,202.19772151747648
754.2155425219942,201.563527078276
763.0131964809385,201.10734750889034
771.8108504398828,201.04213783185685
780.608504398827,200.73388542221426
789.4061583577713,200.34320805649685
798.2038123167156,200.2231084214528
807.0014662756599,199.97462266724895
815.7991202346042,198.5743183603222
824.5967741935484,199.39091917867526
833.3944281524928,199.1123385128886
842.192082111437,198.95327811354755
850.9897360703814,201.36740773269693
859.7873900293256,199.31673471043584
868.5850439882698,199.82874783427386
877.3826979472142,203.0766382496105
886.1803519061584,201.0642496683876
894.9780058651028,201.596551933819
903.775659824047,204.13321094411762
912.5733137829912,202.56518729593014
921.3709677419356,201.70454545454544
