50.403225806451616,198.73837677197832
59.2008797653959,199.41021705814453
67.99853372434018,198.77841217806437
76.79618768328447,198.4168533621884
85.59384164222874,198.28607701121396
94.39149560117303,198.84988928345248
103.18914956011731,198.55901730675885
111.9868035190616,198.88380675467278
120.78445747800588,199.28152427027752
129.58211143695016,199.71270625427027
138.37976539589442,200.13788910734837
147.17741935483872,197.64886000995514
155.975073313783,200.82627452774489
164.7727272727273,201.04925390054717
173.57038123167158,203.8228149319786
182.36803519061584,201.18893303665413
191.16568914956014,201.08037594742646
199.96334310850443,200.8397544685803
208.7609970674487,200.49273161280527
217.558651026393,200.0838233719271
226.35630498533726,199.65773556968716
235.15395894428156,199.2591740298269
243.95161290322582,198.9327957657363
252.74926686217012,198.71592138594985
261.54692082111444,198.63078051916537
270.3445747800587,198.69774525032938
279.142228739003,198.9371876643883
287.93988269794727,199.36947984628875
296.7375366568915,200.01499388097736
305.5351906158358,200.88108179167588
314.3328445747801,201.76681257337498
323.13049853372434,202.30374054937124
331.9281524926687,202.11867512250782
340.7258064516129,201.68771467233057
349.5234604105573,197.58323898505114
358.3211143695015,188.43796059149452
367.11876832844575,180.82760735636248
375.9164222873901,179.10787395989354
384.71407624633434,180.01440303045814
393.5117302052786,180.62971887722895
402.30938416422293,179.71858757874108
411.1070381231672,180.95332110586264
419.9046920821115,181.18465919015208
428.70234604105576,181.9782333798738
437.5,183.6388931702185
446.29765395894435,186.4291269071213
455.0953079178886,190.34963190958405
463.89296187683294,195.5024589943159
472.6906158357772,198.20040967363488
481.4882697947214,201.7622224177009
490.28592375366577,202.27687747950716
499.08357771261,203.00338516614872
507.88123167155436,203.16130529703184
516.6788856304986,202.44460828995562
525.4765395894428,204.3109021255243
534.2741935483872,202.38813435332835
543.0718475073314,202.26033188145144
551.8695014662758,202.43753748431658
560.66715542522,202.96225526893141
569.4648093841643,203.62973370886763
578.2624633431085,204.19802879372668
587.0601173020528,204.4251965131097
595.8577712609971,204.11940229366328
604.6554252199414,203.44464102372677
613.4530791788857,202.718885201786
622.2507331378299,202.25634613536204
631.0483870967743,202.17297278229628
639.8460410557185,201.4824326013162
648.6436950146629,202.49425809320425
657.4413489736071,202.36223450748136
666.2390029325513,202.24187588967288
675.0366568914957,202.91481872313918
683.8343108504399,203.01838207514888
692.6319648093843,203.10725353873897
701.4296187683285,200.22466667877697
710.2272727272727,203.16335423052305
719.0249266862171,203.07018195622942
727.8225806451613,202.2597173656827
736.6202346041056,203.9136436752556
745.4178885630499,202.19772151747648
754.2155425219942,201.25752459001757
763.0131964809385,201.40597721062397
771.8108504398828,201.04213783185685
780.608504398827,200.73388542221426
789.4061583577713,200.4685357027419
798.2038123167156,202.8668211653096
807.0014662756599,199.97462266724895
815.7991202346042,199.70009752903258
824.5967741935484,199.39091917867526
833.3944281524928,199.20821249215393
842.192082111437,198.21365473094787
850.9897360703814,200.58178269912338
859.7873900293256,198.44296030524202
868.5850439882698,199.82874783427386
877.3826979472142,201.05833655232743
886.1803519061584,201.0642496683876
894.9780058651028,201.596551933819
903.775659824047,201.94443080160391
912.5733137829912,202.01229304932008
921.3709677419356,201.70454545454544
