50.403225806451616,200.8085634452836
59.2008797653959,199.41021705814453
67.99853372434018,198.29180710281204
76.79618768328447,198.4168533621884
85.59384164222874,198.28607701121396
94.39149560117303,198.34661952583838
103.18914956011731,198.55901730675885
111.9868035190616,198.88380675467278
120.78445747800588,199.28152427027752
129.58211143695016,199.71270625427027
138.37976539589442,199.89326019998006
147.17741935483872,200.51803985346473
155.975073313783,200.8270469649294
164.7727272727273,200.13748934995527
173.57038123167158,201.17434954560565
182.36803519061584,201.18893303665413
191.16568914956014,201.08037594742646
199.96334310850443,200.8397544685803
208.7609970674487,200.49273161280527
217.558651026393,200.0838233719271
226.35630498533726,199.65773556968716
235.15395894428156,199.2591740298269
243.95161290322582,198.9327957657363
252.74926686217012,198.71592138594985
261.54692082111444,198.63078051916537
270.3445747800587,198.69774525032938
279.142228739003,198.9371876643883
287.93988269794727,199.36947984628875
296.7375366568915,200.01499388097736
305.5351906158358,200.88108179167588
314.3328445747801,201.76681257337498
323.13049853372434,202.30374054937124
331.9281524926687,202.11867512250782
340.7258064516129,200.83842569562776
349.5234604105573,197.58323898505114
358.3211143695015,190.53714455669652
367.11876832844575,180.82760735636248
375.9164222873901,179.10787395989354
384.71407624633434,182.9330355072242
393.5117302052786,180.73226867400132
402.30938416422293,180.55232506329878
411.1070381231672,180.95332110586264
419.9046920821115,181.18465919015208
428.70234604105576,181.9782333798738
437.5,185.16543943833153
446.29765395894435,186.723789347329
455.0953079178886,190.34963190958405
463.89296187683294,193.5977643800248
472.6906158357772,198.20040967363488
481.4882697947214,200.74705807418638
490.28592375366577,201.49187290489417
499.08357771261,200.20580778635906
507.88123167155436,202.73090076645997
516.6788856304986,204.0407036234181
525.4765395894428,202.67757477641172
534.2741935483872,201.77148894941203
543.0718475073314,200.42160582883113
551.8695014662758,202.43753748431658
560.66715542522,202.96225526893141
569.4648093841643,203.62973370886763
578.2624633431085,204.19802879372668
587.0601173020528,204.4251965131097
595.8577712609971,204.11940229366328
604.6554252199414,203.44464102372677
613.4530791788857,202.718885201786
622.2507331378299,203.2286257398961
631.0483870967743,202.11034206262298
639.8460410557185,202.30961090549482
648.6436950146629,202.38594706751795
657.4413489736071,202.65558830942953
666.2390029325513,202.79483132698692
675.0366568914957,202.8076537893659
683.8343108504399,203.01838207514888
692.6319648093843,201.87307859768546
701.4296187683285,203.16557773030726
710.2272727272727,202.33614511021293
719.0249266862171,203.07018195622942
727.8225806451613,204.38475119808544
736.6202346041056,201.94987342576877
745.4178885630499,202.19772151747648
754.2155425219942,203.10654225402536
763.0131964809385,201.40597721062397
771.8108504398828,201.04213783185685
780.608504398827,200.47360498589615
789.4061583577713,199.33859216569894
798.2038123167156,200.2231084214528
807.0014662756599,199.97462266724895
815.7991202346042,199.70009752903258
824.5967741935484,199.39091917867526
833.3944281524928,197.201575651342
842.192082111437,198.95327811354755
850.9897360703814,199.0026710786401
859.7873900293256,199.31673471043584
868.5850439882698,199.82874783427386
877.3826979472142,200.44311722773182
886.1803519061584,201.57009094466966
894.9780058651028,201.596551933819
903.775659824047,200.97711044625237
912.5733137829912,202.01229304932008
921.3709677419356,201.34758247894788
