50.403225806451616,239.58333333333326
59.28233952427501,239.14712945895212
68.1614532420984,241.87366361134568
77.0405669599218,241.52782151590992
85.91968067774519,242.49110095117294
94.79879439556859,241.58441484759155
103.677908113392,242.00896539948994
112.5570218312154,239.3273017051427
121.43613554903878,240.46610539984349
130.31524926686217,240.34348777496845
139.19436298468557,239.30133206937194
148.07347670250897,238.69163510551192
156.95259042033237,238.107491191888
165.83170413815577,237.58172026548937
174.71081785597914,237.11589412035903
183.58993157380255,236.55590582035262
192.46904529162595,235.64073935020252
201.34815900944935,236.71876517193203
210.22727272727275,236.71383954604323
219.10638644509612,237.42393514989078
227.98550016291952,237.91795768780636
236.86461388074292,237.47401736104365
245.74372759856632,238.42695850147607
254.62284131638972,238.13267724667492
263.5019550342131,237.26636853041293
272.3810687520365,235.55302799367888
281.2601824698599,230.88323428091613
290.13929618768327,231.8607618233507
299.0184099055067,229.895444635453
307.89752362333013,229.79438897568343
316.77663734115345,229.5288260108921
325.6557510589769,229.5837626304887
334.5348647768003,229.81535128527577
343.4139784946236,230.07974442605575
352.29309221244705,230.2504954732786
361.1722059302705,232.79894372504765
370.0513196480939,230.289437667577
378.9304333659172,230.21150663824878
387.80954708374065,229.61960600890694
396.6886608015641,230.0030593138264
405.5677745193874,229.9639333363481
414.4468882372108,228.9562096736717
423.32600195503426,230.33623931912675
432.2051156728576,231.09357878144687
441.084229390681,232.70803791287685
449.96334310850443,235.27976430280484
458.84245682632786,236.6863593221017
467.7215705441512,238.78628824443862
476.6006842619746,239.0646096031371
485.47979797979804,238.6825062513945
494.35891169762135,238.4539655759101
503.2380254154448,236.46496060870442
512.1171391332682,238.3632055995498
520.9962528510916,239.1621706730085
529.875366568915,240.29918816937646
538.7544802867384,239.52936679387767
547.6335940045618,239.63786223771092
556.5127077223851,239.30759274948048
565.3918214402086,238.97538280826993
574.2709351580319,240.5780034230131
583.1500488758553,238.37602368277726
592.0291625936787,238.11499024573402
600.9082763115022,237.8084608090219
609.7873900293255,237.40824533491636
618.6665037471489,236.82198931913612
627.5456174649723,234.90273074944676
636.4247311827957,237.33763929042814
645.3038449006191,233.3147143891869
654.1829586184425,232.81406139072035
663.0620723362659,231.65569173196627
671.9411860540893,232.24453139769298
680.8202997719127,229.8684499833704
689.6994134897361,229.66972906753657
698.5785272075594,230.23678681798074
707.4576409253829,229.85823034500214
716.3367546432063,229.56405441555063
725.2158683610296,229.18636783118546
734.094982078853,230.8942477283629
742.9740957966765,229.61562725446902
751.8532095144999,229.72000825335488
760.7323232323232,228.90888955288753
769.6114369501466,229.36281142266378
778.4905506679701,228.87619726240493
787.3696643857934,228.79501801584414
796.2487781036168,229.09476394271414
805.1278918214402,229.81493904440865
814.0070055392636,231.50029103362226
822.886119257087,232.78712169282758
831.7652329749104,233.96202946894954
840.6443466927338,234.84233873615455
849.5234604105572,232.54768372865627
858.4025741283806,235.86344855450716
867.281687846204,236.69005682866373
876.1608015640273,236.20189310747645
885.0399152818508,237.93767195274515
893.9190289996742,238.53737632538295
902.7981427174976,238.95078165953697
911.6772564353209,239.0936195601496
920.5563701531444,239.1980994287885
929.4354838709678,238.23051948051943
