56.45161290322582,154.35606060606057
65.39182144020856,154.4716320499604
74.33202997719128,156.82814775209263
83.27223851417402,154.621251408939
92.21244705115674,151.23522504841068
101.15265558813948,151.8253062107334
110.09286412512222,151.65380028983154
119.03307266210496,151.9664136421075
127.97328119908768,153.21543734649447
136.9134897360704,152.93940156757088
145.85369827305314,154.20308945312323
154.79390681003588,152.80038176883266
163.73411534701862,152.34514572598675
172.67432388400135,145.9068345888414
181.61453242098406,151.31907452208776
190.5547409579668,150.9205249364838
199.49494949494954,150.8047579300686
208.43515803193227,150.39820356618225
217.375366568915,150.27294576576048
226.31557510589772,152.7716372462894
235.25578364288046,150.29052089506442
244.1959921798632,150.4259086163186
253.13620071684593,150.607280992732
262.0764092538287,153.70854478824756
271.01661779081144,153.485066572974
279.95682632779415,153.55005562871435
288.89703486477686,152.22206639278718
297.83724340175957,149.46430926843686
306.77745193874233,156.27247192530726
315.7176604757251,153.39785603096777
324.6578690127078,155.1074128794598
333.5980775496905,140.92597255682023
342.5382860866732,147.52467294510052
351.47849462365593,149.14154489674007
360.41870316063876,155.47368098069302
369.35891169762147,154.16019341373124
378.2991202346042,161.7551634657806
387.2393287715869,164.00462352067183
396.1795373085696,168.7857639789172
405.1197458455524,170.72449783164743
414.0599543825351,171.75283519552954
423.00016291951783,170.9550638863378
431.94037145650054,171.92038112751757
440.88057999348325,171.50756388740143
449.8207885304661,171.05705097896455
458.7609970674488,170.4968595172006
467.7012056044315,169.44713182326907
476.6414141414142,167.51307140277436
485.581622678397,164.34516274338307
494.52183121537973,164.58198582639557
503.46203975236244,155.65184467417757
512.4022482893452,152.08075545004078
521.3424568263279,152.94936394270565
530.2826653633107,151.91496416807402
539.2228739002934,153.13755078186412
548.1630824372761,154.14486483328182
557.1032909742588,154.66217503312134
566.0434995112415,154.7743303792921
574.9837080482243,154.56617986970338
583.923916585207,154.12257250226443
592.8641251221898,154.34485951493144
601.8043336591725,152.85738490363306
610.7445421961553,147.69877055420483
619.684750733138,151.494115764949
628.6249592701207,151.5987200317971
637.5651678071034,151.63919940921068
646.5053763440861,150.14623514688222
655.445584881069,150.0521629707906
664.3857934180517,151.5841245270535
673.3260019550344,151.46570337570552
682.2662104920171,151.02131626401456
691.2064190289998,150.4199920848219
700.1466275659826,151.6649696773764
709.0868361029653,151.74732699844566
718.027044639948,151.44224350358544
726.9672531769307,150.6123748331839
735.9074617139134,149.98143963572178
744.8476702508963,144.44017436547077
753.787878787879,147.0784107498642
762.7280873248617,146.9411460877838
771.6682958618444,147.82182033854764
780.6085043988271,147.19081896810007
789.5487129358099,150.64509840389402
798.4889214727926,151.43834406279422
807.4291300097753,151.651437116034
816.3693385467581,155.3385878280508
825.3095470837408,157.7347023413595
834.2497556207236,151.61430848223475
843.1899641577063,151.6732822805682
852.130172694689,151.68990602271057
861.0703812316717,151.3890105837415
870.0105897686544,150.28518060292376
878.9507983056372,148.93540777868444
887.89100684262,148.1010342689748
896.8312153796027,155.6182554231782
905.7714239165854,150.9130866146475
914.7116324535682,154.08309914525523
923.6518409905509,151.59354361055875
932.5920495275336,154.922191765795
941.5322580645163,150.9913827833139
