54.435483870967744,200.1309488759348
62.96839361355491,201.53584893387134
71.50130335614207,201.49991348535278
80.03421309872923,202.17826402315475
88.56712284131639,197.34479927635874
97.10003258390356,203.25129334652217
105.6329423264907,205.2413162807529
114.16585206907787,202.6384332642646
122.69876181166504,201.53139302706631
131.23167155425222,203.3499496200888
139.76458129683937,203.87089471269346
148.29749103942652,200.24208601328172
156.83040078201367,205.3120792316369
165.36331052460085,204.38672642249668
173.896220267188,206.11269600742366
182.42913000977518,203.74454790965228
190.96203975236233,204.348380508351
199.49494949494948,205.95446632439044
208.02785923753666,204.7074726547828
216.5607689801238,203.35827581705303
225.093678722711,202.85205403247136
233.62658846529814,202.3192123258011
242.1594982078853,201.86978790709216
250.69240795047247,201.61774163638913
259.22531769305965,201.67703437373632
267.75822743564675,202.1184376704132
276.29113717823395,204.31342162036958
284.8240469208211,203.41684572902165
293.35695666340825,203.79033092368374
301.88986640599546,203.4809073759119
310.42277614858256,203.91551486777436
318.95568589116976,200.73898488536378
327.4885956337569,200.48363055091608
336.02150537634407,202.3497171795761
344.5544151189312,205.1763989758243
353.0873248615184,211.31441952174987
361.6202346041056,217.2325718470572
370.1531443466927,221.04272506600248
378.6860540892799,222.21109417360032
387.21896383186703,221.8862998847914
395.75187357445424,223.09566043638446
404.2847833170414,222.7003861160642
412.81769305962854,222.13383462753575
421.3506028022157,221.66763450649663
429.88351254480284,220.78472745132981
438.41642228739,219.4386626946656
446.9493320299772,217.62806887433342
455.48224177256435,215.6184679023946
464.0151515151515,213.40421480570367
472.54806125773865,211.10865292385452
481.0809710003258,207.7054942759933
489.613880742913,207.24026171009618
498.14679048550016,207.58768787886999
506.6797002280873,205.61792592389202
515.2126099706745,205.6981459067481
523.7455197132616,205.75533877195411
532.2784294558487,206.3395019885339
540.8113391984359,205.44189539019908
549.3442489410231,205.23714555587748
557.8771586836103,202.71246753988007
566.4100684261974,205.0575263805627
574.9429781687845,205.7716436247276
583.4758879113717,205.09138787086587
592.0087976539589,205.0157536869973
600.5417073965461,203.04451565495395
609.0746171391334,204.69400611407224
617.6075268817203,205.87320419297893
626.1404366243075,204.42822813594307
634.6733463668947,204.401681805665
643.206256109482,204.21215257012707
651.7391658520692,203.8571703652912
660.2720755946561,203.41169344710013
668.8049853372434,203.07682640162503
677.3378950798306,202.18031066503664
685.8708048224178,202.75689700930187
694.403714565005,202.78456661926384
702.936624307592,203.436546231864
711.4695340501792,203.73549158313037
720.0024437927664,202.4893566765666
728.5353535353536,202.8454431549051
737.0682632779408,203.72393301809768
745.6011730205278,205.38998604438552
754.134082763115,203.75522780155939
762.6669925057022,203.72843327347164
771.1999022482894,203.72794940622506
779.7328119908764,203.73789633943733
788.2657217334636,203.73765317602616
796.7986314760508,204.85858995153097
805.331541218638,203.64879419692315
813.8644509612252,202.97373210762092
822.3973607038122,203.46324449626016
830.9302704463994,203.35066411063875
839.4631801889866,203.233667931505
847.9960899315738,203.11884688136965
856.528999674161,203.01324589136215
865.061909416748,202.93844218640635
873.5948191593352,202.93326280511235
882.1277289019224,203.03753731053658
890.6606386445096,203.29109526573566
899.1935483870968,203.73376623376618
