54.435483870967744,201.70454545454544
62.96839361355491,201.01079619355318
71.50130335614207,201.49991348535278
80.03421309872923,199.87298919304587
88.56712284131639,201.7493864835449
97.10003258390356,201.99632526963669
105.6329423264907,202.2990858066464
114.16585206907787,206.11025868731227
122.69876181166504,202.272305789655
131.23167155425222,203.3499496200888
139.76458129683937,203.68364885767602
148.29749103942652,203.97754007223014
156.83040078201367,204.2164758190577
165.36331052460085,205.29536463008304
173.896220267188,204.47456596090606
182.42913000977518,204.4662685126443
190.96203975236233,204.90060026138462
199.49494949494948,204.11768636693205
208.02785923753666,203.78407116953932
216.5607689801238,201.40905133338126
225.093678722711,203.16692945634432
233.62658846529814,202.3192123258011
242.1594982078853,200.898749411441
250.69240795047247,202.38400211024035
259.22531769305965,204.61855113068754
267.75822743564675,199.34105355812315
276.29113717823395,202.77895143050526
284.8240469208211,202.94033173008012
293.35695666340825,203.0461427126454
301.88986640599546,203.1368056790241
310.42277614858256,202.77982470972128
318.95568589116976,201.3555872362552
327.4885956337569,199.56160477014834
336.02150537634407,201.54377809011925
344.5544151189312,204.45672155566973
353.0873248615184,211.31441952174987
361.6202346041056,217.2325718470572
370.1531443466927,220.699641158226
378.6860540892799,222.21109417360032
387.21896383186703,222.92447633074232
395.75187357445424,223.09566043638446
404.2847833170414,220.2808376141164
412.81769305962854,222.3388350559839
421.3506028022157,221.66763450649663
429.88351254480284,225.64840489434343
438.41642228739,220.5581365425418
446.9493320299772,215.55583351687025
455.48224177256435,215.6184679023946
464.0151515151515,213.40421480570367
472.54806125773865,211.10865292385452
481.0809710003258,208.98770563391386
489.613880742913,207.68811647143923
498.14679048550016,207.0992325756095
506.6797002280873,205.61792592389202
515.2126099706745,205.6981459067481
523.7455197132616,205.75533877195411
532.2784294558487,205.63768034665762
540.8113391984359,203.53502946484946
549.3442489410231,205.23714555587748
557.8771586836103,205.0925924969916
566.4100684261974,205.0575263805627
574.9429781687845,206.04760836866743
583.4758879113717,205.09138787086587
592.0087976539589,207.15234559361812
600.5417073965461,204.86914062142966
609.0746171391334,204.69400611407224
617.6075268817203,203.4157598328169
626.1404366243075,204.42822813594307
634.6733463668947,202.90022204808153
643.206256109482,204.21215257012707
651.7391658520692,206.14733231297646
660.2720755946561,203.44323002963225
668.8049853372434,203.07682640162503
677.3378950798306,202.84687036155543
685.8708048224178,202.75689700930187
694.403714565005,202.78456661926384
702.936624307592,199.54324660430783
711.4695340501792,203.10340199617545
720.0024437927664,203.34025514769866
728.5353535353536,203.5655238300263
737.0682632779408,203.72393301809768
745.6011730205278,203.7747332841232
754.134082763115,203.75522780155939
762.6669925057022,203.72843327347164
771.1999022482894,203.72794940622506
779.7328119908764,208.60686882342418
788.2657217334636,203.73765317602616
796.7986314760508,203.7085816669434
805.331541218638,203.64879419692315
813.8644509612252,204.54028518735262
822.3973607038122,202.80928527187749
830.9302704463994,203.35066411063875
839.4631801889866,205.62473242750747
847.9960899315738,203.11884688136965
856.528999674161,202.05070794162154
865.061909416748,202.93844218640635
873.5948191593352,202.93326280511235
882.1277289019224,203.03753731053658
890.6606386445096,199.9063794241045
899.1935483870968,203.73376623376618
