54.435483870967744,201.70454545454544
62.96839361355491,201.53584893387134
71.50130335614207,201.49991348535278
80.03421309872923,203.05164718329567
88.56712284131639,201.88650883349263
97.10003258390356,200.5721143566835
105.6329423264907,202.2990858066464
114.16585206907787,206.48012923604523
122.69876181166504,202.9951328121819
131.23167155425222,203.4758515713196
139.76458129683937,201.1663916695106
148.29749103942652,205.77772811857858
156.83040078201367,204.2164758190577
165.36331052460085,204.38672642249668
173.896220267188,204.47456596090606
182.42913000977518,204.4662685126443
190.96203975236233,204.348380508351
199.49494949494948,204.03285185668818
208.02785923753666,203.78407116953932
216.5607689801238,203.35827581705303
225.093678722711,202.85205403247136
233.62658846529814,202.3192123258011
242.1594982078853,201.86978790709216
250.69240795047247,201.72693807901385
259.22531769305965,201.67703437373632
267.75822743564675,202.1184376704132
276.29113717823395,202.77895143050526
284.8240469208211,203.41684572902165
293.35695666340825,203.79033092368374
301.88986640599546,203.65761737221305
310.42277614858256,202.77982470972128
318.95568589116976,201.61541069134717
327.4885956337569,200.48363055091608
336.02150537634407,202.46828305324306
344.5544151189312,205.1763989758243
353.0873248615184,211.31441952174987
361.6202346041056,217.2325718470572
370.1531443466927,220.699641158226
378.6860540892799,222.21109417360032
387.21896383186703,222.92447633074232
395.75187357445424,223.09566043638446
404.2847833170414,222.85649663123036
412.81769305962854,222.32033415188025
421.3506028022157,221.66763450649663
429.88351254480284,220.78472745132981
438.41642228739,215.945413432964
446.9493320299772,217.62806887433342
455.48224177256435,215.6184679023946
464.0151515151515,215.0917962337008
472.54806125773865,209.9157010081478
481.0809710003258,208.98770563391386
489.613880742913,207.24026171009618
498.14679048550016,206.05955180893827
506.6797002280873,205.29307603195554
515.2126099706745,208.74826609489625
523.7455197132616,205.75533877195411
532.2784294558487,205.63768034665762
540.8113391984359,205.77476646024172
549.3442489410231,204.8362266814883
557.8771586836103,205.0925924969916
566.4100684261974,204.947366454772
574.9429781687845,205.08335253094273
583.4758879113717,205.09138787086587
592.0087976539589,205.0157536869973
600.5417073965461,204.53836536026438
609.0746171391334,204.69400611407224
617.6075268817203,204.53286400541378
626.1404366243075,205.38061931485237
634.6733463668947,204.61269481271444
643.206256109482,205.92130990522608
651.7391658520692,203.8571703652912
660.2720755946561,202.60179036672713
668.8049853372434,203.07682640162503
677.3378950798306,202.84687036155543
685.8708048224178,203.58914285018986
694.403714565005,202.78456661926384
702.936624307592,202.90753372005094
711.4695340501792,200.11414375470943
720.0024437927664,203.34025514769866
728.5353535353536,203.5655238300263
737.0682632779408,203.72393301809768
745.6011730205278,203.7747332841232
754.134082763115,203.75522780155939
762.6669925057022,202.3364254006976
771.1999022482894,203.72794940622506
779.7328119908764,203.73789633943733
788.2657217334636,204.0753572579613
796.7986314760508,203.7085816669434
805.331541218638,203.64879419692315
813.8644509612252,203.56481816585844
822.3973607038122,203.46324449626016
830.9302704463994,203.35066411063875
839.4631801889866,203.233667931505
847.9960899315738,203.11884688136965
856.528999674161,203.6242669141391
865.061909416748,202.93844218640635
873.5948191593352,201.65757314398326
882.1277289019224,204.41379261690707
890.6606386445096,205.86506514212948
899.1935483870968,203.73376623376618
