54.435483870967744,201.70454545454544
62.96839361355491,199.37475882232013
71.50130335614207,203.10737733648645
80.03421309872923,201.57750427868046
88.56712284131639,200.91227116346144
97.10003258390356,201.99632526963669
105.6329423264907,202.2990858066464
114.16585206907787,200.78261730311914
122.69876181166504,200.10451786482514
131.23167155425222,203.3499496200888
139.76458129683937,203.68364885767602
148.29749103942652,203.97754007223014
156.83040078201367,204.2164758190577
165.36331052460085,204.38672642249668
173.896220267188,202.72648387537583
182.42913000977518,204.4662685126443
190.96203975236233,204.348380508351
199.49494949494948,204.11768636693205
208.02785923753666,203.78407116953932
216.5607689801238,203.35827581705303
225.093678722711,203.82688577408283
233.62658846529814,202.86564610843087
242.1594982078853,202.96702241211014
250.69240795047247,200.12362819881784
259.22531769305965,201.67703437373632
267.75822743564675,202.1184376704132
276.29113717823395,202.77895143050526
284.8240469208211,206.4519531048638
293.35695666340825,203.79033092368374
301.88986640599546,203.65761737221305
310.42277614858256,202.77982470972128
318.95568589116976,201.3555872362552
327.4885956337569,200.76899978542704
336.02150537634407,201.3734902642389
344.5544151189312,205.1763989758243
353.0873248615184,211.31441952174987
361.6202346041056,217.49044125650343
370.1531443466927,220.699641158226
378.6860540892799,221.16450288794854
387.21896383186703,224.54171749171567
395.75187357445424,223.09566043638446
404.2847833170414,222.85649663123036
412.81769305962854,225.2003774060463
421.3506028022157,222.19162260209444
429.88351254480284,221.85090863620158
438.41642228739,219.4386626946656
446.9493320299772,217.62806887433342
455.48224177256435,215.6184679023946
464.0151515151515,214.92220689227744
472.54806125773865,211.10865292385452
481.0809710003258,207.15183296090953
489.613880742913,207.24026171009618
498.14679048550016,205.4702280987655
506.6797002280873,205.15192157860014
515.2126099706745,203.88839704287062
523.7455197132616,204.0822966622326
532.2784294558487,207.2426626137879
540.8113391984359,205.44189539019908
549.3442489410231,205.23714555587748
557.8771586836103,205.0925924969916
566.4100684261974,202.50388181134886
574.9429781687845,205.08335253094273
583.4758879113717,205.90586616677822
592.0087976539589,205.0157536869973
600.5417073965461,204.86914062142966
609.0746171391334,204.69400611407224
617.6075268817203,204.53286400541378
626.1404366243075,205.16370592988332
634.6733463668947,202.0425064764721
643.206256109482,204.21215257012707
651.7391658520692,203.8571703652912
660.2720755946561,201.8507323258474
668.8049853372434,203.07682640162503
677.3378950798306,202.84687036155543
685.8708048224178,199.10311931973737
694.403714565005,202.78456661926384
702.936624307592,204.68582808743594
711.4695340501792,203.10340199617545
720.0024437927664,201.94246568319232
728.5353535353536,204.24165084089026
737.0682632779408,204.21531831296974
745.6011730205278,203.7747332841232
754.134082763115,203.75522780155939
762.6669925057022,203.72843327347164
771.1999022482894,200.94375250437557
779.7328119908764,203.73789633943733
788.2657217334636,203.97955402754448
796.7986314760508,201.60715797733513
805.331541218638,203.64879419692315
813.8644509612252,202.96568605741362
822.3973607038122,203.46324449626016
830.9302704463994,203.35066411063875
839.4631801889866,203.233667931505
847.9960899315738,203.11884688136965
856.528999674161,203.01324589136215
865.061909416748,202.93844218640635
873.5948191593352,202.93326280511235
882.1277289019224,202.04557541412933
890.6606386445096,203.29109526573566
899.1935483870968,201.97309617961275
