54.435483870967744,204.01852602188796
62.96839361355491,201.53584893387134
71.50130335614207,201.49991348535278
80.03421309872923,201.08646027240246
88.56712284131639,203.1998223952958
97.10003258390356,201.99632526963669
105.6329423264907,202.2990858066464
114.16585206907787,203.59764372536523
122.69876181166504,202.9951328121819
131.23167155425222,203.3499496200888
139.76458129683937,203.68364885767602
148.29749103942652,203.97754007223014
156.83040078201367,204.91067266968264
165.36331052460085,204.38672642249668
173.896220267188,204.06888652053522
182.42913000977518,204.4662685126443
190.96203975236233,204.348380508351
199.49494949494948,204.11768636693205
208.02785923753666,202.4871119179083
216.5607689801238,203.35827581705303
225.093678722711,203.01614724230407
233.62658846529814,204.92277245412612
242.1594982078853,202.6314353063048
250.69240795047247,201.61774163638913
259.22531769305965,201.67703437373632
267.75822743564675,202.46248866752055
276.29113717823395,200.94224207658715
284.8240469208211,205.3499263554245
293.35695666340825,203.79033092368374
301.88986640599546,203.65761737221305
310.42277614858256,201.01222624136577
318.95568589116976,200.78814747337051
327.4885956337569,202.26251641202754
336.02150537634407,201.3734902642389
344.5544151189312,205.1763989758243
353.0873248615184,211.31441952174987
361.6202346041056,214.84970413394657
370.1531443466927,218.0844216299147
378.6860540892799,220.97698564258806
387.21896383186703,222.92447633074232
395.75187357445424,223.09566043638446
404.2847833170414,222.85649663123036
412.81769305962854,224.36617532470387
421.3506028022157,221.66763450649663
429.88351254480284,220.78472745132981
438.41642228739,219.4386626946656
446.9493320299772,217.62806887433342
455.48224177256435,215.6184679023946
464.0151515151515,212.24149042420447
472.54806125773865,211.10865292385452
481.0809710003258,207.8485172977259
489.613880742913,207.24026171009618
498.14679048550016,206.05955180893827
506.6797002280873,205.61792592389202
515.2126099706745,205.6981459067481
523.7455197132616,205.75533877195411
532.2784294558487,204.93932632725634
540.8113391984359,205.44189539019908
549.3442489410231,205.23714555587748
557.8771586836103,206.9931911815664
566.4100684261974,201.71816160279326
574.9429781687845,208.6492919947713
583.4758879113717,205.09138787086587
592.0087976539589,205.0157536869973
600.5417073965461,204.86914062142966
609.0746171391334,203.26804222055205
617.6075268817203,208.29781063300595
626.1404366243075,209.00140263560647
634.6733463668947,203.2841385186233
643.206256109482,204.21215257012707
651.7391658520692,203.8571703652912
660.2720755946561,203.44323002963225
668.8049853372434,201.70936865353465
677.3378950798306,202.84687036155543
685.8708048224178,202.47548672132194
694.403714565005,202.78456661926384
702.936624307592,202.90753372005094
711.4695340501792,203.10340199617545
720.0024437927664,204.9741204455619
728.5353535353536,206.3748910708631
737.0682632779408,203.1928009918722
745.6011730205278,203.7747332841232
754.134082763115,203.75522780155939
762.6669925057022,203.72843327347164
771.1999022482894,203.65399711532993
779.7328119908764,203.73789633943733
788.2657217334636,205.67777643247996
796.7986314760508,203.2031941204045
805.331541218638,203.64879419692315
813.8644509612252,203.56481816585844
822.3973607038122,203.46324449626016
830.9302704463994,203.35066411063875
839.4631801889866,203.233667931505
847.9960899315738,202.2054035337151
856.528999674161,203.01324589136215
865.061909416748,202.49456316359814
873.5948191593352,207.91594888049468
882.1277289019224,203.03753731053658
890.6606386445096,203.29109526573566
899.1935483870968,203.73376623376618
