56.45161290322582,148.4084677234498
65.39182144020856,154.4716320499604
74.33202997719128,155.75972581470324
83.27223851417402,153.26156355223037
92.21244705115674,152.44455151168233
101.15265558813948,154.45236518410155
110.09286412512222,151.65380028983154
119.03307266210496,149.56851680120727
127.97328119908768,147.9407940654381
136.9134897360704,149.35917906413172
145.85369827305314,158.68295815308002
154.79390681003588,149.5880924965969
163.73411534701862,156.32578541647734
172.67432388400135,150.88249843385745
181.61453242098406,152.2876502152812
190.5547409579668,150.9205249364838
199.49494949494954,148.0883501659958
208.43515803193227,145.10474772481825
217.375366568915,147.8875880420652
226.31557510589772,150.237299211342
235.25578364288046,150.29052089506442
244.1959921798632,147.98686795112127
253.13620071684593,150.607280992732
262.0764092538287,150.78935747223355
271.01661779081144,155.95572534508065
279.95682632779415,150.9744900765441
288.89703486477686,150.88824502582844
297.83724340175957,150.62967074418364
306.77745193874233,150.16185010508116
315.7176604757251,149.44786602721555
324.6578690127078,148.46608434885846
333.5980775496905,147.56463957415383
342.5382860866732,147.52467294510052
351.47849462365593,149.14154489674007
360.41870316063876,152.93964028512576
369.35891169762147,163.41972791297923
378.2991202346042,161.7551634657806
387.2393287715869,163.0452265785046
396.1795373085696,168.7857639789172
405.1197458455524,172.90516692528234
414.0599543825351,171.75283519552954
423.00016291951783,172.07823652708348
431.94037145650054,165.98363534135777
440.88057999348325,170.77541336119083
449.8207885304661,171.05705097896455
458.7609970674488,164.47618913129662
467.7012056044315,171.14505512289963
476.6414141414142,167.51307140277436
485.581622678397,164.34516274338307
494.52183121537973,160.16955452558238
503.46203975236244,163.2487126557596
512.4022482893452,155.51746301816866
521.3424568263279,153.8775076257009
530.2826653633107,151.7264815180091
539.2228739002934,153.13755078186412
548.1630824372761,154.14486483328182
557.1032909742588,155.416649677896
566.0434995112415,154.7743303792921
574.9837080482243,154.56617986970338
583.923916585207,154.12257250226443
592.8641251221898,153.5282781895344
601.8043336591725,150.6105573954396
610.7445421961553,152.16260759957834
619.684750733138,151.494115764949
628.6249592701207,150.90207888732402
637.5651678071034,146.249865871459
646.5053763440861,150.14623514688222
655.445584881069,146.4927040745995
664.3857934180517,155.1246791970441
673.3260019550344,150.45342703327432
682.2662104920171,150.8882784443568
691.2064190289998,151.3349366952221
700.1466275659826,148.10502996771777
709.0868361029653,151.74732699844566
718.027044639948,149.90245960589468
726.9672531769307,150.6123748331839
735.9074617139134,151.77210449043676
744.8476702508963,148.01884033696854
753.787878787879,147.0784107498642
762.7280873248617,146.9411460877838
771.6682958618444,152.04702608773115
780.6085043988271,149.25674915916667
789.5487129358099,144.79807769012282
798.4889214727926,151.43834406279422
807.4291300097753,155.27214992490025
816.3693385467581,153.22909912953378
825.3095470837408,150.04095464709627
834.2497556207236,151.61430848223475
843.1899641577063,153.18362754544694
852.130172694689,152.91874542654352
861.0703812316717,151.3322179823531
870.0105897686544,154.01594909454883
878.9507983056372,148.93540777868444
887.89100684262,148.25470674911497
896.8312153796027,151.9093358911842
905.7714239165854,150.9130866146475
914.7116324535682,153.06177085062353
923.6518409905509,154.8125668848065
932.5920495275336,152.33540752581564
941.5322580645163,153.00324675324674
