100.80645161290323,148.7313786845178
101.5794019826278,148.49853647631502
102.35235235235236,150.87936259761815
103.12530272207692,147.78084790887732
103.89825309180148,151.6645818227071
104.67120346152605,151.7569875769115
105.44415383125062,152.31483551800844
106.21710420097517,152.32646873286237
106.99005457069974,152.4909914515366
107.76300494042431,151.7530372964545
108.53595531014886,153.16539060023624
109.30890567987343,153.93956562424881
110.08185604959799,153.71446512427556
110.85480641932256,151.48452364840472
111.62775678904713,154.2553688237405
112.40070715877168,152.94372225131892
113.17365752849625,152.73063692879722
113.9466078982208,154.9169040249252
114.71955826794537,155.2604606632374
115.49250863766994,155.22878344345813
116.2654590073945,155.82900827863284
117.03840937711907,158.93665909507902
117.81135974684364,156.33718198374416
118.58431011656819,157.68338275046344
119.35726048629276,157.06990764675314
120.13021085601733,157.08407700852987
120.90316122574188,159.21730534441858
121.67611159546645,157.5717565266247
122.449061965191,157.31234181037019
123.22201233491558,158.0512301981031
123.99496270464013,153.73484946009833
124.7679130743647,158.93670366181922
125.54086344408927,160.06844180463108
126.31381381381382,161.34999264938105
127.08676418353839,160.81574904791347
127.85971455326296,159.44036943678412
128.63266492298752,159.6646995887428
129.40561529271207,158.17907090942631
130.17856566243665,159.00477404062536
130.9515160321612,160.32534742005353
131.72446640188576,160.21401503966285
132.49741677161035,161.28403007855914
133.2703671413349,161.17110431190693
134.04331751105946,156.3376049189586
134.81626788078404,161.38525003497912
135.5892182505086,161.591048739069
136.36216862023315,161.60817869703385
137.13511898995773,165.37323781047945
137.9080693596823,161.9343185397456
138.68101972940684,162.1483560937261
139.45397009913142,162.72138144084337
140.22692046885598,162.7825192004837
140.99987083858053,162.82354990298893
141.7728212083051,160.82979318645903
142.54577157802967,163.35037845979346
143.31872194775423,161.42382133939006
144.09167231747878,163.40775297026826
144.86462268720334,166.29391979517212
145.63757305692792,164.35464743312292
146.41052342665247,164.04469813020057
147.18347379637703,164.43026623602364
147.9564241661016,164.60300340376264
148.72937453582617,164.6476378240444
149.50232490555072,167.51684495990588
150.2752752752753,165.10878472730948
151.04822564499986,165.27323316293274
151.82117601472441,166.73301968552386
152.594126384449,165.59590852363652
153.36707675417355,163.91391795940197
154.1400271238981,166.82658328880115
154.9129774936227,166.13466188795198
155.68592786334725,165.19240376016344
156.4588782330718,167.74571265803718
157.23182860279638,166.51412049495553
158.00477897252094,163.09315539416144
158.7777293422455,167.2520315697072
159.55067971197008,166.9451771501097
160.32363008169463,167.08470335411872
161.0965804514192,163.20387207861728
161.86953082114377,167.35751323836868
162.64248119086832,167.49079575120828
163.41543156059288,166.20119937263794
164.18838193031743,164.76016481942105
164.961332300042,166.18057903253364
165.73428266976657,168.0021046257206
166.50723303949113,168.12596067452478
167.28018340921568,168.44085256046378
168.05313377894026,169.2967687615479
168.82608414866482,168.48204050258425
169.59903451838937,168.53895691166065
170.37198488811396,166.6395218299757
171.1449352578385,168.81933672407277
171.91788562756307,168.55568548481807
172.69083599728765,170.55197064838376
173.4637863670122,169.33985927713474
174.23673673673676,167.78174328667896
175.00968710646134,173.97907649494198
175.7826374761859,171.2582200814813
176.55558784591045,173.59245519371495
177.32853821563504,166.51712366404837
178.1014885853596,169.7183661499241
178.87443895508414,173.2337961228955
179.64738932480873,169.89513065857446
180.42033969453328,171.81955417604948
181.19329006425784,172.32474360849707
181.96624043398242,170.144561668249
182.73919080370695,173.87919888026522
183.51214117343153,170.30036502932327
184.2850915431561,169.99898962184884
185.05804191288064,170.44777575955723
185.83099228260522,171.38025640019418
186.6039426523298,168.81750803741244
187.37689302205433,170.57207677713006
188.14984339177892,170.71740064908215
188.92279376150347,170.7795541809295
189.69574413122803,170.55019237140382
190.4686945009526,171.46506511979277
191.24164487067716,172.40079477194698
192.01459524040172,170.20316443269573
192.7875456101263,169.43105477844196
193.56049597985086,168.54402108334904
194.3334463495754,172.05862925757097
195.1063967193,170.2453040274654
195.87934708902455,171.24426496079852
196.6522974587491,171.28536978996485
197.4252478284737,172.80685491389391
198.19819819819824,171.36125462273085
198.9711485679228,170.47947952956105
199.74409893764738,170.9305103948351
200.51704930737193,174.31192406320616
201.2899996770965,169.68918550694818
202.06295004682107,173.57975439599647
202.8359004165456,175.37769665389544
203.60885078627018,171.5603795803898
204.38180115599476,170.83336070131182
205.1547515257193,171.59826117559146
205.92770189544387,171.61403051304814
206.70065226516846,173.92498889252025
207.47360263489298,169.29836660102848
208.24655300461757,171.64864568043342
209.01950337434212,175.04733872385629
209.79245374406668,167.21476429986134
210.56540411379126,172.76214669396083
211.33835448351581,171.66516080715635
212.11130485324037,171.66399312075072
212.88425522296495,171.66070567970914
213.6572055926895,171.09843407088024
214.43015596241406,171.6477691989154
215.20310633213865,171.63811899176181
215.9760567018632,169.16181978220666
216.74900707158776,173.09666644833524
217.52195744131234,171.94689958195252
218.2949078110369,174.75732678110796
219.06785818076145,171.4725702798244
219.84080855048603,169.98782049921482
220.61375892021059,171.51111635016275
221.38670928993514,171.48447308387966
222.15965965965972,171.4557030585522
222.93261002938428,169.81540880707038
223.70556039910883,174.37953444006934
224.47851076883342,171.3566265912969
225.25146113855794,173.90958635801243
226.02441150828253,171.22534192448987
226.7973618780071,171.66126994597215
227.57031224773164,171.19471459716002
228.34326261745622,168.69881075557572
229.11621298718077,171.69101151519493
229.88916335690536,171.0509026436855
230.6621137266299,173.86428104602203
231.43506409635447,171.43755329363879
232.20801446607902,168.77480000551043
232.9809648358036,172.186121388705
233.75391520552816,168.86339156393473
234.5268655752527,169.90473874412834
235.2998159449773,169.56596320958013
236.07276631470185,169.9014227770524
236.8457166844264,167.7054967225383
237.618667054151,170.43272169410832
238.39161742387554,170.3590281551576
239.1645677936001,168.73536823089538
239.93751816332468,168.1791786424202
240.71046853304924,171.070728008824
241.4834189027738,171.67035749122192
242.25636927249835,174.08628209079518
243.02931964222293,169.86847452641769
243.80227001194748,169.32710534639736
244.57522038167204,171.0268950055196
245.34817075139662,169.59055962806272
246.12112112112118,168.40437009191936
246.89407149084573,169.39257205142633
247.66702186057032,169.01040197590677
248.43997223029487,169.18409863155932
249.21292260001943,169.07584480334904
249.985872969744,169.4947726626298
250.75882333946856,170.33485306667438
251.53177370919312,168.73460719569692
252.30472407891767,164.4297008572063
253.07767444864226,163.7602074458822
253.8506248183668,163.39046636536702
254.62357518809137,169.83010996437858
255.39652555781595,167.48017910019118
256.1694759275405,166.3694789490364
256.94242629726506,170.75288833064363
257.71537666698964,167.69783647440096
258.48832703671417,167.2946665663103
259.26127740643875,167.40835268686266
260.03422777616333,167.25888028746755
260.80717814588786,167.10620892322024
261.58012851561244,166.0535464480895
262.353078885337,167.8934116381385
263.12602925506155,169.03257300554756
263.89897962478614,165.8915767260438
264.6719299945107,167.1710246138972
265.44488036423525,170.11596381313058
266.21783073395983,165.94508480823154
266.9907811036844,165.76559877542542
267.76373147340894,162.41507960477261
268.5366818431335,165.0284601220481
269.3096322128581,165.20597657997735
270.08258258258263,164.322760066347
270.8555329523072,160.47247171693834
271.6284833220318,164.61389485163554
272.4014336917563,164.40916251546764
273.1743840614809,164.20068768122914
273.9473344312055,163.95882604422934
274.72028480093,163.7723746352359
275.4932351706546,163.62766695446294
276.2661855403792,167.7857456044171
277.0391359101037,163.10098706006298
277.8120862798283,162.869343850052
278.5850366495529,162.63372034618726
279.3579870192774,160.48086883578046
280.130937389002,162.15039657359256
280.90388775872657,161.37072337298196
281.6768381284511,161.65074397566963
282.4497884981757,161.39470944014465
283.22273886790026,161.13449078580913
283.9956892376248,160.870054041837
284.7686396073493,161.63863136062204
285.54158997707395,160.32839040167815
286.3145403467985,160.05109556383917
287.087490716523,159.15548806238672
287.86044108624765,157.92692297031593
288.6333914559722,156.9488489205384
289.4063418256967,156.00473687760845
290.17929219542134,159.01711468033704
290.95224256514587,159.4147945107204
291.7251929348704,159.8069014804108
292.49814330459503,155.086044710275
293.27109367431956,157.35547365053577
294.0440440440441,157.0332993131072
294.81699441376867,156.7067096557567
295.58994478349325,157.97067618720274
296.3628951532178,156.04065317192888
297.13584552294236,157.44214290782054
297.90879589266694,155.35804178033032
298.68174626239147,157.38398635554088
299.45469663211605,154.65961306223866
300.22764700184064,154.3046976999073
301.00059737156516,153.94610459893192
301.77354774128975,152.01397179259746
302.54649811101433,152.9410321412477
303.31944848073886,151.34261435186892
304.09239885046344,150.8712838123373
304.865349220188,152.5449174345601
305.63829958991255,151.72247655049884
306.41124995963713,148.8457815009185
307.1842003293617,150.95602491910967
307.95715069908624,150.7143023163971
308.7301010688108,150.17818144889452
309.5030514385354,151.4725113712814
310.27600180825993,149.72165415289908
311.0489521779845,148.47020500137535
311.8219025477091,145.33029344893464
312.5948529174336,148.18857385562862
313.3678032871582,147.6816226240748
314.1407536568828,144.88971077434678
314.9137040266073,149.87364902383607
315.6866543963319,146.55668822546633
316.4596047660565,146.14390186015265
317.232555135781,144.7002898815139
318.0055055055056,145.00044709542283
318.7784558752302,144.8954620281123
319.5514062449547,145.36871387266967
320.3243566146793,144.055690169933
321.0973069844039,145.34501581478668
321.8702573541284,143.61556738332285
322.643207723853,140.51693170038777
323.41615809357756,144.27675605220423
324.1891084633021,144.11006950682983
324.9620588330266,141.5085905327199
325.73500920275126,139.0209857664624
326.5079595724758,143.1981702909313
327.2809099422003,142.43899363964772
328.05386031192495,140.9577523231981
328.8268106816495,139.97432922686215
329.599761051374,138.9353029287111
330.37271142109864,138.50526904759818
331.14566179082317,140.07560921457483
331.9186121605477,136.11331001578247
332.69156253027234,139.2648493926549
333.46451289999686,132.19112577621257
334.2374632697214,133.8465125581428
335.010413639446,139.46983875252138
335.78336400917055,135.4975084123623
336.5563143788951,136.47087171579605
337.32926474861966,135.9619306060286
338.10221511834425,134.2146858610115
338.8751654880688,133.78855950761698
339.64811585779336,133.36332194841776
340.42106622751794,132.9390621108143
341.19401659724247,132.51586892220706
341.96696696696705,129.1308624509525
342.73991733669163,131.673038201583
343.51286770641616,133.25009970122952
344.28581807614074,130.8355412057493
345.0587684458653,129.65146380236365
345.83171881558985,130.0834771604207
346.60466918531444,129.59085267548852
347.377619555039,126.36337338858063
348.15056992476354,128.76980245064652
348.9235202944881,128.3540651072248
349.6964706642127,125.07004072602258
350.46942103393724,126.82345861862547
351.2423714036618,125.35298993506352
352.0153217733864,124.7708230004186
352.78827214311093,128.65774093835364
353.5612225128355,122.96794676276389
354.3341728825601,123.3654557269054
355.1071232522846,127.0172462631387
355.8800736220092,124.79613509055488
356.6530239917338,123.14410636335641
357.4259743614583,125.10601543350062
358.1989247311829,123.8089396943564
358.9718751009075,123.5470537687106
359.744825470632,122.13832521388595
360.5177758403566,126.06169454073827
361.2907262100811,123.57539985618875
362.0636765798057,125.1459260092865
362.8366269495303,122.3378856623446
363.6095773192548,121.10698743099435
364.3825276889794,119.21546971484307
365.155478058704,124.14731892389473
365.9284284284285,117.76865595871895
366.7013787981531,120.17386007557641
367.47432916787767,118.38748936907241
368.2472795376022,120.76635686478834
369.0202299073268,118.74149391406151
369.79318027705136,121.35230725241408
370.5661306467759,114.75072814618287
371.3390810165005,114.69995101728642
372.11203138622506,117.61649268368913
372.8849817559496,117.18078602406315
373.65793212567417,112.92130580638083
374.43088249539875,115.00920369199183
375.2038328651233,114.40644836058779
375.97678323484786,116.70309258470388
376.74973360457244,115.74011812944778
377.52268397429697,115.46736755137566
378.29563434402155,114.94515102885912
379.06858471374613,117.03835736442733
379.84153508347066,116.87354855880002
380.61448545319524,112.03637278048062
381.3874358229198,114.1854206722949
382.16038619264435,117.38915138204285
382.93333656236894,112.62858240377902
383.70628693209346,113.48489874028668
384.47923730181805,117.349376116848
385.25218767154263,109.57872301378407
386.02513804126716,114.47089367911207
386.79808841099174,110.42937348353682
387.5710387807163,113.35425223601845
388.34398915044085,112.17334657651092
389.11693952016543,114.51978591069494
389.88988988989,115.08068400175684
390.66284025961454,111.15193281851823
391.4357906293391,112.91965462691633
392.2087409990637,111.00630831204737
392.98169136878823,111.22698459006851
393.7546417385128,114.03677940926175
394.5275921082374,106.53162501977658
395.3005424779619,110.79459575531621
396.0734928476865,109.6394502232595
396.8464432174111,110.21842934310226
397.6193935871356,110.41256819745264
398.3923439568602,113.07150862371388
399.1652943265848,110.18524750992964
399.9382446963093,110.0796582908597
400.7111950660339,109.97938840797333
401.4841454357585,109.8843918010625
402.257095805483,112.88100410505402
403.0300461752076,109.71003417433502
403.8029965449321,109.63058103410225
404.5759469146567,105.78632641675141
405.3488972843813,109.48689579885813
406.1218476541058,113.7851355782146
406.8947980238304,113.6941360082408
407.667748393555,109.30872965592445
408.4406987632795,109.25911982342954
409.2136491330041,107.25234979361805
409.98659950272867,109.17429211991575
410.7595498724532,113.88728467070308
411.5325002421778,106.49191143430168
412.30545061190236,109.08233956521383
413.0784009816269,105.92149394121483
413.85135135135147,109.04402649336414
414.62430172107605,110.48074932656341
415.3972520908006,109.58624582381678
416.17020246052516,109.02011862835525
416.94315283024974,105.70606020467633
417.71610319997427,110.82712005128353
418.48905356969885,109.74239948510112
419.26200393942344,109.04895553276664
420.03495430914796,109.06669948684356
420.80790467887255,109.08856521169395
421.58085504859713,106.95296968575552
422.35380541832166,109.98809722590205
423.12675578804624,109.75523867513681
423.89970615777077,106.17566190817713
424.67265652749535,109.05390978028001
425.44560689721993,109.37930203414156
426.21855726694446,107.8227777042082
426.99150763666904,110.29925177936339
427.7644580063936,109.46323648581998
428.53740837611815,113.65339517922814
429.31035874584273,112.98946949881321
430.0833091155673,112.45099439063343
430.85625948529184,113.8727169374272
431.6292098550164,106.11651184170888
432.402160224741,107.99185352325559
433.17511059446554,111.94509381605815
433.9480609641901,113.8881121105438
434.7210113339147,109.09191115502678
435.49396170363923,110.22589035406112
436.2669120733638,109.85358408214071
437.0398624430884,111.47622007498738
437.8128128128129,110.5191933029319
438.5857631825375,110.6231471381414
439.3587135522621,112.14618246315896
440.1316639219866,113.14001400975032
440.9046142917112,112.3719231512828
441.6775646614358,109.56749466361292
442.4505150311603,107.81784198548321
443.2234654008849,108.51667046358374
443.9964157706095,111.43270173478152
444.769366140334,114.12635299535044
445.5423165100586,113.31298039067458
446.3152668797831,111.82098347377567
447.0882172495077,110.7835754684245
447.8611676192323,112.10490296167829
448.6341179889568,110.86225933478703
449.4070683586814,112.3742576432451
450.18001872840597,111.40840942888539
450.9529690981305,114.35442104255526
451.7259194678551,112.30874788014255
452.49886983757966,112.96547553857616
453.2718202073042,113.11886326801418
454.04477057702877,108.96029684815346
454.81772094675335,112.33045565565314
455.5906713164779,113.59168930645167
456.36362168620246,110.58902247965327
457.13657205592705,111.44400939607465
457.9095224256516,115.7544586412082
458.68247279537616,115.52905991138879
459.45542316510074,114.41917859177367
460.22837353482527,117.95905485328801
461.00132390454985,112.94380590610051
461.77427427427443,114.93731304656703
462.54722464399896,115.11335498418299
463.32017501372354,116.98462918238131
464.0931253834481,112.7322769677596
464.86607575317265,117.01751038394329
465.63902612289723,115.83294672585572
466.41197649262176,116.0164703580357
467.18492686234634,116.41455880031805
467.9578772320709,117.82600687558003
468.73082760179545,116.57500596347461
469.50377797152004,116.76368586756031
470.2767283412446,116.65104981123795
471.04967871096915,118.55847350554899
471.82262908069373,118.30458037787282
472.5955794504183,120.51999455860813
473.36852982014284,120.0393158403077
474.1414801898674,117.36201540618299
474.914430559592,118.1147516362296
475.68738092931653,120.00271884546743
476.4603312990411,121.47962254656221
477.2332816687657,119.62957292746239
478.0062320384902,117.65995495379855
478.7791824082148,119.10764642617997
479.5521327779394,119.00076484409442
480.3250831476639,119.04528835988876
481.0980335173885,115.47634982460104
481.8709838871131,118.86413020913535
482.6439342568376,120.12114585740112
483.4168846265622,120.32615759291394
484.1898349962868,118.63555633366371
484.9627853660113,120.73837603489277
485.7357357357359,120.94555352177986
486.5086861054604,120.95737385093257
487.281636475185,120.42587826620007
488.0545868449096,119.74045244130387
488.8275372146341,119.61501279567452
489.6004875843587,122.25715154870021
490.3734379540833,124.091388366931
491.1463883238078,122.41437331306453
491.9193386935324,120.92486822357701
492.69228906325696,126.24106450312004
493.4652394329815,123.70904094505859
494.2381898027061,120.80523706804064
495.01114017243066,122.85499830085102
495.7840905421552,121.89895225356318
496.55704091187977,124.50744772168794
497.32999128160435,122.47470567115846
498.1029416513289,121.75996235782273
498.87589202105346,126.9881928052186
499.64884239077804,122.86002582150229
500.42179276050257,124.99688314638274
501.19474313022715,128.91726431185847
501.96769349995174,126.66256609671406
502.74064386967626,125.65283677529497
503.51359423940085,126.07966469421264
504.28654460912543,125.75561857610538
505.05949497884995,127.14286006471221
505.83244534857454,126.532571385321
506.6053957182991,124.22871838494375
507.37834608802365,127.73686800085599
508.15129645774823,126.90045829236414
508.92424682747276,127.41731148367292
509.69719719719734,127.24483397349151
510.4701475669219,127.86126639518224
511.24309793664645,126.67896173771884
512.016048306371,128.3061220438264
512.7889986760956,130.35392294481824
513.5619490458201,128.75176155128986
514.3348994155447,130.32564363664187
515.1078497852693,129.19806803925715
515.8808001549938,132.03034493653877
516.6537505247184,129.64492462941269
517.426700894443,130.82433579243403
518.1996512641675,128.0895054551367
518.972601633892,130.10159332620685
519.7455520036167,130.6929811417808
520.5185023733412,132.31713195523247
521.2914527430657,131.99160640602747
522.0644031127904,132.47166318287444
522.8373534825149,133.84705778724071
523.6103038522394,134.39145488479852
524.3832542219641,132.60172695471235
525.1562045916886,132.1072459521576
525.9291549614131,129.92522350125424
526.7021053311378,132.5548292975956
527.4750557008623,134.2879496214917
528.2480060705868,133.49682819268617
529.0209564403115,133.22555563156973
529.793906810036,134.14194430592602
530.5668571797605,136.62071263186448
531.3398075494852,133.89515290957786
532.1127579192097,136.16699445592235
532.8857082889342,137.61018471007986
533.6586586586589,135.50111888474734
534.4316090283834,136.15602578046773
535.2045593981079,137.09488331771794
535.9775097678325,130.95395475229384
536.7504601375571,132.28618765929534
537.5234105072816,135.67225670783304
538.2963608770062,135.89328411865165
539.0693112467308,136.11402369152069
539.8422616164553,136.33446330147834
540.6152119861799,131.7224446303047
541.3881623559045,134.4030936877703
542.161112725629,136.99386110426494
542.9340630953536,137.212979612959
543.7070134650781,133.75605010838382
544.4799638348027,134.55684871421616
545.2529142045273,136.0616555486283
546.0258645742518,138.08572652091306
546.7988149439764,139.34823210985127
547.571765313701,141.3764623266614
548.3447156834255,138.73603371978467
549.1176660531501,137.98398541872066
549.8906164228747,139.1673647483701
550.6635667925992,136.4744705252479
551.4365171623238,139.5968169274488
552.2094675320484,139.81080813601858
552.9824179017729,136.18458897900848
553.7553682714974,140.22951534701468
554.5283186412221,139.53619252517782
555.3012690109466,139.13104805073837
556.0742193806711,140.8729303707
556.8471697503958,141.08370318127012
557.6201201201203,139.41055314679616
558.3930704898448,143.4181470611922
559.1660208595695,140.65256549282174
559.938971229294,141.92088480360303
560.7119215990185,139.71145384746598
561.4848719687432,143.11402433462666
562.2578223384677,144.26582984475584
563.0307727081922,142.74802903585322
563.8037230779169,141.57185942144037
564.5766734476414,142.22517228083336
565.3496238173659,144.83063591314033
566.1225741870905,147.3292641717562
566.8955245568151,143.62480403811733
567.6684749265396,144.5562869848441
568.4414252962642,144.16904491725649
569.2143756659888,144.36910133988266
569.9873260357133,141.44287567421773
570.7602764054379,148.17952689061602
571.5332267751623,144.9645850893827
572.306177144887,146.4333977704395
573.0791275146116,142.2492121857822
573.852077884336,145.55278593711728
574.6250282540607,145.87360238975026
575.3979786237853,144.92892193354888
576.1709289935097,144.74738935086202
576.9438793632344,144.2188674935771
577.716829732959,149.7397385040376
578.4897801026834,146.7060294314147
579.2627304724081,146.71568088446207
580.0356808421327,147.82300634320205
580.8086312118571,147.27041733003998
581.5815815815818,147.45665337449955
582.3545319513064,150.16888952229178
583.1274823210308,150.90984170541324
583.9004326907555,147.1932817083276
584.6733830604801,150.1644268765067
585.4463334302045,145.42547800056568
586.2192837999291,150.02529023655885
586.9922341696538,148.73255528515372
587.7651845393782,148.9107171441965
588.5381349091028,148.3694008972877
589.3110852788275,149.2638372308046
590.0840356485519,147.83255683148303
590.8569860182765,150.4938577443968
591.629936388001,149.78532640759587
592.4028867577256,149.95692337918018
593.1758371274502,150.12738376548845
593.9487874971747,148.72097319535905
594.7217378668993,150.2368386483377
595.4946882366239,150.63182416313862
596.2676386063484,152.38709242505865
597.040588976073,149.4343427006086
597.8135393457976,151.12559879467912
598.5864897155221,151.28776358512425
599.3594400852467,151.44869479059884
600.1323904549713,151.98274072740483
600.9053408246958,151.28605134641973
601.6782911944204,152.15779728917977
602.451241564145,150.1792528065618
603.2241919338695,152.23442266975064
603.997142303594,152.3876977412041
604.7700926733187,148.43112897356582
605.5430430430432,155.67307770735593
606.3159934127677,152.83956369749822
607.0889437824924,152.78377217999576
607.8618941522169,153.13405370368764
608.6348445219414,154.66470217412547
609.4077948916661,153.86068063969427
610.1807452613906,153.5654152667256
610.9536956311151,157.0638706462909
611.7266460008398,153.84593255336574
612.4995963705643,151.28094007522313
613.2725467402888,152.15906198379253
614.0454971100135,154.25588035101208
614.8184474797381,155.98757070683263
615.5913978494625,154.5218186700126
616.3643482191871,154.65254339079837
617.1372985889118,154.21827009261648
617.9102489586362,154.90944333013172
618.6831993283608,157.4110220915156
619.4561496980855,152.07801585568143
620.2291000678099,158.37191957717172
621.0020504375345,152.43473142737125
621.775000807259,155.52458858385864
622.5479511769836,153.89486337133525
623.3209015467082,159.61530951392965
624.0938519164326,157.27946991807627
624.8668022861573,157.95724891678788
625.6397526558819,153.98494400079008
626.4127030256063,156.60776061913688
627.185653395331,159.61655050495085
627.9586037650556,158.16545399675235
628.73155413478,157.87053100144638
629.5045045045047,156.40330423578314
630.2774548742293,156.37685994629317
631.0504052439537,155.85733486730194
631.8233556136784,155.7283273796422
632.596305983403,157.03709494451462
633.3692563531274,157.13367276406723
634.142206722852,157.22878083523307
634.9151570925767,157.32243006513897
635.6881074623011,157.4146313609118
636.4610578320257,156.33910509180265
637.2340082017504,158.1987989066594
638.0069585714748,157.6826567147008
638.7799089411994,157.76917534521016
639.5528593109241,155.2348548671629
640.3258096806485,158.15965196123906
641.0987600503731,156.8482600226902
641.8717104200978,158.1014249535292
642.6446607898222,158.1810856628137
643.4176111595468,161.77772609818265
644.1905615292715,157.79732066225063
644.9635118989959,158.80430456721635
645.7364622687205,155.51722408924516
646.5094126384452,161.3122523948475
647.2823630081696,161.21369883878293
648.0553133778942,158.70183326670752
648.8282637476188,158.7710884726294
649.6012141173433,161.70217137215755
650.3741644870679,158.90585497405172
651.1471148567925,159.37556324891398
651.920065226517,156.17185074761952
652.6930155962416,155.36074123284567
653.4659659659662,159.16071773476307
654.2389163356906,159.2214407494032
655.0118667054153,159.28098850808195
655.7848170751399,159.33937191792623
656.5577674448643,158.51697169996945
657.330717814589,158.04681106582294
658.1036681843136,159.50764512572093
658.876618554038,159.561480211496
659.6495689237627,164.40351534105102
660.4225192934873,159.08537032378047
661.1954696632117,161.5933688917285
661.9684200329364,158.7737884560707
662.741370402661,160.58940847868735
663.5143207723854,159.86156639838367
664.2872711421101,162.88128312400588
665.0602215118347,159.95312382114815
665.8331718815591,159.34794086017726
666.6061222512838,163.6731103927251
667.3790726210084,160.4649675775338
668.1520229907328,162.5673698340557
668.9249733604574,161.07453104404036
669.6979237301821,160.20360376905666
670.4708740999065,161.55016769256613
671.2438244696311,159.52355759498064
672.0167748393558,160.31577546557432
672.7897252090802,160.35130270415758
673.5626755788048,161.28387542978467
674.3356259485295,165.37693476692934
675.1085763182539,160.21968020841356
675.8815266879785,162.46086129564853
676.6544770577032,158.0481360358692
677.4274274274276,160.5437644055335
678.2003777971522,160.5750265956826
678.9733281668769,160.60355135448606
679.7462785366013,163.7166630244346
680.5192289063259,160.1322406948502
681.2921792760505,161.23097786853162
682.065129645775,160.38580512035807
682.8380800154996,161.77275678867932
683.6110303852242,158.7602748822208
684.3839807549487,159.25295840223657
685.1569311246733,160.8029214191136
685.9298814943979,160.82440278337006
686.7028318641223,160.37460657270984
687.475782233847,160.86519222773057
688.2487326035716,159.18228656238188
689.021682973296,160.90315667406702
689.7946333430207,161.14180606707387
690.5675837127453,160.93838337939425
691.3405340824697,159.18510571505433
692.1134844521944,164.44573186913632
692.886434821919,158.69877414420935
693.6593851916434,158.90693107497808
694.4323355613681,161.0150451499577
695.2052859310927,161.02850961947027
695.9782363008171,162.85644253173945
696.7511866705418,159.1058025202846
697.5241370402664,163.01198490321045
698.2970874099908,164.23086047759568
699.0700377797154,158.51836494925908
699.8429881494401,161.09713744300169
700.6159385191645,161.10665071451703
701.3888888888891,161.90870673223898
702.1618392586138,161.12412567962673
702.9347896283382,161.13210918747487
703.7077399980628,158.2278637707686
704.4806903677875,160.1726909000683
705.2536407375119,158.37538998414118
706.0265911072365,161.59381821495853
706.7995414769609,160.17431198392046
707.5724918466856,161.74528237266907
708.3454422164102,159.00104127466454
709.1183925861346,161.17932159804445
709.8913429558593,160.07763618130048
710.6642933255839,161.1868980586122
711.4372436953083,161.19011228178263
712.210194065033,161.19295837637992
712.9831444347576,161.19544724953101
713.756094804482,159.12939197322163
714.5290451742067,160.68280018254666
715.3019955439313,163.83348929737846
716.0749459136557,158.48573927456096
716.8478962833804,161.20291504303285
717.620846653105,164.9506745757979
718.3937970228294,161.20378335975013
719.166747392554,163.13156801673503
719.9396977622787,159.00834737865162
720.7126481320031,159.73665030581404
721.4855985017277,160.57794393478082
722.2585488714524,162.38897653910354
723.0314992411768,160.65621327042317
723.8044496109014,161.1988912128348
724.5773999806261,164.8764960131801
725.3503503503505,161.19558731878112
726.1233007200751,161.1936722177566
726.8962510897998,161.84866944035267
727.6692014595242,157.63107766120044
728.4421518292488,161.9537493391793
729.2151021989735,162.19101233404606
729.9880525686979,162.098511276924
730.7610029384225,161.17918460463437
731.5339533081471,165.07002219316885
732.3069036778716,158.17500440795024
733.0798540475962,161.17050497144126
733.8528044173208,160.2045729654208
734.6257547870453,160.60239842415493
735.3987051567699,157.38041609330594
736.1716555264945,161.17282235126603
736.944605896219,158.3807727662142
737.7175562659436,161.44588343608723
738.4905066356682,160.3478889511722
739.2634570053926,159.97227965420473
740.0364073751173,161.14225667443912
740.8093577448419,161.1391497220189
741.5823081145663,161.13608911184656
742.355258484291,162.90528951009657
743.1282088540156,161.50659293412895
743.90115922374,159.13894120472264
744.6741095934647,160.46458175940515
745.4470599631893,164.13515587689977
746.2200103329137,162.78306749574463
746.9929607026384,161.6068972613732
747.765911072363,159.2823837204621
748.5388614420874,160.4730889425723
749.311811811812,158.64838639660113
750.0847621815367,157.36045408441223
750.8577125512611,161.66790519830874
751.6306629209857,162.4676657924035
752.4036132907104,157.40255522020445
753.1765636604348,157.87294733512292
753.9495140301594,161.10002455499927
754.7224643998841,161.09868634641228
755.4954147696085,160.02384455201198
756.2683651393331,161.09631093996936
757.0413155090578,161.48666225092646
757.8142658787822,159.5849945763431
758.5872162485068,163.27541414292983
759.3601666182315,160.92207051007452
760.1331169879559,161.0920530930652
760.9060673576805,160.62796661425233
761.6790177274052,159.56702426725593
762.4519680971296,158.1667842035606
763.2249184668542,160.00171621420742
763.9978688365788,161.09003500203426
764.7708192063033,164.45954270892477
765.5437695760279,160.3686799590279
766.3167199457525,162.73780602086427
767.089670315477,161.08989774532773
767.8626206852016,161.09005516671215
768.6355710549262,161.09028605831836
769.4085214246506,162.72091561921326
770.1814717943753,164.86449456831406
770.9544221640999,160.9029704009684
771.7273725338243,157.85638817727335
772.500322903549,163.77743150924746
773.2732732732736,162.36593861160628
774.046223642998,161.09382405766124
774.8191740127227,160.44845041815083
775.5921243824473,161.09540426253747
776.3650747521717,161.0962811962892
777.1380251218964,161.09721386824825
777.910975491621,162.3010534880607
778.6839258613454,159.87026562051258
779.45687623107,159.91184556915164
780.2298266007947,161.10146969813147
781.0027769705191,157.8666031107676
781.7757273402437,164.0469292995739
782.5486777099684,161.57120045140456
783.3216280796928,159.3837826198224
784.0945784494174,161.10785015499258
784.8675288191421,160.54773967637084
785.6404791888665,161.11069094910553
786.4134295585911,156.78001444622743
787.1863799283158,161.57959674751643
787.9593302980402,157.7335760839811
788.7322806677648,162.14233763242348
789.5052310374892,160.30934825614878
790.2781814072139,165.06894887859383
791.0511317769385,161.1216955154657
791.8240821466629,161.1233809331142
792.5970325163876,164.67562758254462
793.3699828861122,161.12682065095305
794.1429332558366,157.63521904526667
794.9158836255613,162.84582090106392
795.6888339952859,161.13212825404614
796.4617843650103,162.04253243125424
797.234734734735,164.4337150032301
798.0076851044596,160.40649899746037
798.780635474184,159.18092367945872
799.5535858439086,159.448912826725
800.3265362136333,161.1431167669074
801.0994865833577,161.14497777064162
801.8724369530823,161.1468429285412
802.645387322807,161.14871062860465
803.4183376925314,161.15057925883076
804.191288062256,159.57597386020734
804.9642384319807,161.15431286176562
805.7371888017051,161.75468486502768
806.5101391714297,158.71795763130785
807.2830895411544,161.15987994235485
808.0560399108788,163.08921473905934
808.8289902806034,161.16355030685696
809.6019406503281,161.96606150752808
810.3748910200525,159.46738865220075
811.1478413897771,161.16896207974779
811.9207917595018,161.17073454967615
812.6937421292262,162.7501656998678
813.4666924989508,161.1742226359722
814.2396428686754,162.49177751612714
815.0125932383999,159.2716660442893
815.7855436081245,161.17928845149476
816.5584939778491,161.18092625828464
817.3314443475736,161.1401777979756
818.1043947172982,161.57192797247953
818.8773450870228,159.49222265205123
819.6502954567472,160.64418802600628
820.4232458264719,161.18866176429233
821.1961961961965,161.19010687589636
821.9691465659209,160.56751128610202
822.7420969356456,160.71222735498193
823.5150473053702,162.53152399022002
824.2879976750946,163.79421385486864
825.0609480448193,161.19673382585665
825.8338984145439,163.89964418388814
826.6068487842683,161.0927195822128
827.379799153993,161.20017307733758
828.1527495237176,158.85476830077135
828.925699893442,161.20221532892998
829.6986502631667,159.9194241440435
830.4716006328913,161.20404206899417
831.2445510026157,166.14119905728072
832.0175013723403,160.81147566091377
832.790451742065,164.8864780817832
833.5634021117894,164.0130096759116
834.336352481514,160.72613270518207
835.1093028512387,160.2235444387276
835.8822532209631,161.20855231978248
836.6552035906877,159.94563911678793
837.4281539604124,157.360316095479
838.2011043301368,160.27362408094632
838.9740546998614,165.12422383358833
839.7470050695861,161.7420187943321
840.5199554393105,162.6630638815667
841.2929058090351,161.2097116617708
842.0658561787598,160.54746919324333
842.8388065484842,157.24854599195478
843.6117569182088,163.47429697509736
844.3847072879335,161.9832331040502
845.1576576576579,160.9024487548555
845.9306080273825,159.81470672162604
846.7035583971071,160.78818679513265
847.4765087668316,161.20622418983214
848.2494591365562,162.02721659249377
849.0224095062808,157.26598696780295
849.7953598760053,161.203433380317
850.5683102457299,163.17422471741585
851.3412606154545,161.20108851772142
852.1142109851789,161.19976595354402
852.8871613549036,161.509334499918
853.6601117246282,162.00161218009083
854.4330620943526,163.4160652345367
855.2060124640773,159.0271214918833
855.9789628338019,159.93500020161275
856.7519132035263,163.93500327063856
857.524863573251,161.18755507042732
858.2978139429756,157.93864668524293
859.0707643127,161.1830687293233
859.8437146824247,158.3733262631026
860.6166650521493,162.2408730664456
861.3896154218737,161.1754595931642
862.1625657915984,159.1386671374311
862.935516161323,163.3756590642394
863.7084665310474,161.97570604545572
864.481416900772,161.16360440849098
865.2543672704967,164.71131588888784
866.0273176402211,161.15691508450465
866.8002680099457,161.97079840200223
867.5732183796704,163.0859210198494
868.3461687493948,161.98430673168423
869.1191191191194,163.38406343545896
869.8920694888441,160.67459195979484
870.6650198585685,161.13364543382013
871.4379702282931,161.4497694125437
872.2109205980175,161.2452928623533
872.9838709677422,161.12012987012986
