100.80645161290323,150.00236060134105
101.5794019826278,150.59356649175066
102.35235235235236,150.88747765044658
103.12530272207692,150.9310821336317
103.89825309180148,151.4691887767276
104.67120346152605,153.6983217591757
105.44415383125062,152.04274775685664
106.21710420097517,155.15291776389893
106.99005457069974,149.00380535708678
107.76300494042431,152.74433206965847
108.53595531014886,151.93199284855717
109.30890567987343,152.6969590898597
110.08185604959799,154.2205329746673
110.85480641932256,152.63884178835374
111.62775678904713,154.75677722271382
112.40070715877168,151.2943491941454
113.17365752849625,155.02373071377926
113.9466078982208,159.05141199660827
114.71955826794537,158.0194177004369
115.49250863766994,155.57185007060303
116.2654590073945,153.29512438684344
117.03840937711907,153.24641250270616
117.81135974684364,156.1519248304034
118.58431011656819,158.85807331845513
119.35726048629276,155.30307769394753
120.13021085601733,158.12834579356655
120.90316122574188,157.328942206554
121.67611159546645,159.27863710720231
122.449061965191,161.59117664944054
123.22201233491558,158.50963529938684
123.99496270464013,154.76308601974992
124.7679130743647,160.5185481416991
125.54086344408927,158.53767748043543
126.31381381381382,160.77577546821993
127.08676418353839,159.18188175408065
127.85971455326296,159.44036943678412
128.63266492298752,162.4426587323625
129.40561529271207,156.2071995540714
130.17856566243665,162.08706980054768
130.9515160321612,160.32534742005353
131.72446640188576,160.97366459600227
132.49741677161035,160.7554879501162
133.2703671413349,160.96746905680192
134.04331751105946,163.03822475101694
134.81626788078404,161.38525003497912
135.5892182505086,161.38561780002402
136.36216862023315,163.14117655348582
137.13511898995773,163.04281915170415
137.9080693596823,162.19607070693587
138.68101972940684,161.54727165390227
139.45397009913142,163.61350072699588
140.22692046885598,162.7825192004837
140.99987083858053,162.9738718689921
141.7728212083051,163.60488806079817
142.54577157802967,163.35037845979346
143.31872194775423,163.53553121468508
144.09167231747878,163.71861616430294
144.86462268720334,163.89963272494646
145.63757305692792,162.80429769765377
146.41052342665247,164.93698455300478
147.18347379637703,163.60953385529032
147.9564241661016,164.06487498932546
148.72937453582617,163.59704376633184
149.50232490555072,164.78820472745065
150.2752752752753,165.10878472730948
151.04822564499986,167.2716607225963
151.82117601472441,167.9094019547495
152.594126384449,163.96747941447907
153.36707675417355,163.52617726874385
154.1400271238981,164.61975212176725
154.9129774936227,169.04830066420624
155.68592786334725,168.1139237160966
156.4588782330718,168.11835755830933
157.23182860279638,163.89087536340656
158.00477897252094,170.7528571806242
158.7777293422455,165.6235766243058
159.55067971197008,168.88120739880844
160.32363008169463,167.10309357149737
161.0965804514192,164.7824266060016
161.86953082114377,167.35751323836868
162.64248119086832,164.67292354545634
163.41543156059288,167.6219958662567
164.18838193031743,165.42122867109097
164.961332300042,167.8781465681773
165.73428266976657,168.003095987648
166.50723303949113,167.28480398994142
167.28018340921568,171.03356610236204
168.05313377894026,172.93784513736847
168.82608414866482,168.48204050258425
169.59903451838937,170.8172386218489
170.37198488811396,168.70899269047453
171.1449352578385,169.6442906376741
171.91788562756307,167.31947217948115
172.69083599728765,168.66329505120714
173.4637863670122,170.36035709111425
174.23673673673676,170.61639263196565
175.00968710646134,172.1757129352311
175.7826374761859,170.48366808318295
176.55558784591045,168.19108481296834
177.32853821563504,168.38584091421325
178.1014885853596,169.36853538670616
178.87443895508414,169.80779573200218
179.64738932480873,169.18544822903388
180.42033969453328,171.63185379901583
181.19329006425784,170.06351421039852
181.96624043398242,174.09346083448233
182.73919080370695,171.1297817533652
183.51214117343153,170.30036502932327
184.2850915431561,170.1192826858011
185.05804191288064,169.9755051685676
185.83099228260522,171.68159549472418
186.6039426523298,169.70896593499677
187.37689302205433,172.33844729441554
188.14984339177892,170.26497817666103
188.92279376150347,170.7795541809295
189.69574413122803,167.93508239438114
190.4686945009526,169.39140025621552
191.24164487067716,171.3738466487351
192.01459524040172,169.83254890639972
192.7875456101263,168.06874695996547
193.56049597985086,172.28710707238764
194.3334463495754,169.8898287293575
195.1063967193,173.58669515363985
195.87934708902455,170.3740835511292
196.6522974587491,169.86725494735552
197.4252478284737,171.3243665385092
198.19819819819824,171.36125462273085
198.9711485679228,171.39603345892925
199.74409893764738,169.48886806056368
200.51704930737193,171.4592610524531
201.2899996770965,169.50076389678617
202.06295004682107,168.0681019964108
202.8359004165456,171.53826849004622
203.60885078627018,171.5603795803898
204.38180115599476,171.58037733680507
205.1547515257193,170.88895788242735
205.92770189544387,168.93435323086203
206.70065226516846,171.62768476547456
207.47360263489298,170.16480422074534
208.24655300461757,171.64864568043342
209.01950337434212,172.22240699795236
209.79245374406668,173.89372956681967
210.56540411379126,172.87902327682866
211.33835448351581,171.66516080715635
212.11130485324037,167.3421368893409
212.88425522296495,171.66070567970914
213.6572055926895,171.65529790033094
214.43015596241406,171.6477691989154
215.20310633213865,166.67562077374865
215.9760567018632,170.17941143123454
216.74900707158776,173.03396463655778
217.52195744131234,173.0789910511892
218.2949078110369,169.5955404087202
219.06785818076145,168.0687656164375
219.84080855048603,172.1157356173244
220.61375892021059,170.95850136763005
221.38670928993514,168.84563817727675
222.15965965965972,172.83716266129977
222.93261002938428,172.51147019907128
223.70556039910883,171.39178039596155
224.47851076883342,170.6039350293708
225.25146113855794,174.89070391782127
226.02441150828253,172.84336368807502
226.7973618780071,169.55168308088122
227.57031224773164,173.49566130800324
228.34326261745622,168.80676308770236
229.11621298718077,166.57869847974024
229.88916335690536,169.1072603370644
230.6621137266299,169.4043745994934
231.43506409635447,169.2819158788114
232.20801446607902,170.43496823447506
232.9809648358036,169.0618664266927
233.75391520552816,172.88269024789759
234.5268655752527,170.45887079451018
235.2998159449773,172.45263610182786
236.07276631470185,168.85816805783912
236.8457166844264,170.71095406871618
237.618667054151,168.20371340419533
238.39161742387554,169.7514168745349
239.1645677936001,170.28308683448677
239.93751816332468,172.71207514819181
240.71046853304924,170.6639297687899
241.4834189027738,169.4435838153918
242.25636927249835,167.39936964963638
243.02931964222293,169.86847452641769
243.80227001194748,169.77833312807778
244.57522038167204,170.84434788957213
245.34817075139662,168.52488301948307
246.12112112112118,168.63127302422544
246.89407149084573,170.03619545448748
247.66702186057032,167.8024077985408
248.43997223029487,169.18409863155932
249.21292260001943,170.705367790287
249.985872969744,165.887212995741
250.75882333946856,170.44216889824133
251.53177370919312,167.19512791861948
252.30472407891767,168.61525604938544
253.07767444864226,171.91382769895165
253.8506248183668,171.5565321989443
254.62357518809137,168.0671234722754
255.39652555781595,167.55969569863055
256.1694759275405,166.23463054729237
256.94242629726506,168.2592435889544
257.71537666698964,167.69783647440096
258.48832703671417,167.55466009223176
259.26127740643875,164.5007468434357
260.03422777616333,167.57263176274301
260.80717814588786,167.10620892322024
261.58012851561244,166.95030462329458
262.353078885337,165.00257970723123
263.12602925506155,164.75595183258193
263.89897962478614,163.22977781678551
264.6719299945107,166.29367865028578
265.44488036423525,167.55651820835595
266.21783073395983,166.98969412473264
266.9907811036844,166.5901202349571
267.76373147340894,166.60813866981383
268.5366818431335,169.2820838661397
269.3096322128581,163.25926109903108
270.08258258258263,164.78475270372672
270.8555329523072,166.76432174971322
271.6284833220318,165.5108214524643
272.4014336917563,163.05534945806
273.1743840614809,168.66347496342505
273.9473344312055,160.34478355044087
274.72028480093,167.73874728532687
275.4932351706546,164.45882554016663
276.2661855403792,162.57418807596923
277.0391359101037,161.11731304048578
277.8120862798283,164.82346856670898
278.5850366495529,162.09161757966748
279.3579870192774,164.22183520109277
280.130937389002,162.15039657359256
280.90388775872657,161.65395794374834
281.6768381284511,163.76088605652413
282.4497884981757,159.7614253908326
283.22273886790026,157.61351365310523
283.9956892376248,160.870054041837
284.7686396073493,156.69513961610124
285.54158997707395,160.32839040167815
286.3145403467985,164.79415238791526
287.087490716523,158.4477432550135
287.86044108624765,157.61389542952713
288.6333914559722,161.60484627185323
289.4063418256967,155.00168982368453
290.17929219542134,160.28990321505532
290.95224256514587,158.94950450277068
291.7251929348704,154.8859577695419
292.49814330459503,154.12517695918132
293.27109367431956,157.89470156980713
294.0440440440441,157.0332993131072
294.81699441376867,155.6524496647048
295.58994478349325,157.99752631516614
296.3628951532178,156.96252549573651
297.13584552294236,156.85097873346535
297.90879589266694,155.35804178033032
298.68174626239147,155.01075848826625
299.45469663211605,154.65961306223866
300.22764700184064,152.1150732922662
301.00059737156516,154.1873109926251
301.77354774128975,156.57517789212562
302.54649811101433,153.21825397168774
303.31944848073886,152.84918084073857
304.09239885046344,152.47679876178412
304.865349220188,151.57517392915062
305.63829958991255,155.11544876168142
306.41124995963713,147.61360368134314
307.1842003293617,151.86982408085552
307.95715069908624,150.45707303029693
308.7301010688108,148.75993476127934
309.5030514385354,150.87766963023867
310.27600180825993,149.3896837211312
311.0489521779845,146.08137665950926
311.8219025477091,147.94620849384287
312.5948529174336,152.18346860741465
313.3678032871582,149.09703271537722
314.1407536568828,148.32568937872014
314.9137040266073,146.85056492781086
315.6866543963319,146.55668822546633
316.4596047660565,150.53273203278098
317.232555135781,145.7293739070494
318.0055055055056,145.31319656381598
318.7784558752302,144.8954620281123
319.5514062449547,144.46297376853903
320.3243566146793,144.29037676357072
321.0973069844039,143.53733889917288
321.8702573541284,141.82925323973313
322.643207723853,139.9325003068629
323.41615809357756,142.36151684095893
324.1891084633021,137.69641955385532
324.9620588330266,140.2584919598451
325.73500920275126,139.12089709153028
326.5079595724758,140.26822450340703
327.2809099422003,139.84151496548733
328.05386031192495,139.79474653512676
328.8268106816495,138.9504175131826
329.599761051374,137.5919192921766
330.37271142109864,138.50526904759818
331.14566179082317,140.67385628282315
331.9186121605477,138.52252181556966
332.69156253027234,138.55889564680567
333.46451289999686,136.63803513106228
334.2374632697214,136.3555370818977
335.010413639446,136.05173739103927
335.78336400917055,134.0014184483218
336.5563143788951,134.39071415050302
337.32926474861966,134.64161208120083
338.10221511834425,134.2146858610115
338.8751654880688,132.68622699947986
339.64811585779336,133.36332194841776
340.42106622751794,128.96346791773047
341.19401659724247,132.24326599222667
341.96696696696705,132.0938313099965
342.73991733669163,131.45911846901794
343.51286770641616,129.52882257123832
344.28581807614074,132.24266967105825
345.0587684458653,132.45596543152132
345.83171881558985,126.20297032266386
346.60466918531444,129.59085267548852
347.377619555039,129.79666148711235
348.15056992476354,128.76980245064652
348.9235202944881,126.63234057251661
349.6964706642127,127.95657591780753
350.46942103393724,128.732185288603
351.2423714036618,124.63091232491362
352.0153217733864,126.75296177056275
352.78827214311093,123.53126035952246
353.5612225128355,125.9624069267473
354.3341728825601,122.31208236283365
355.1071232522846,124.56798669620083
355.8800736220092,123.0868825512638
356.6530239917338,122.96267492674848
357.4259743614583,123.62846601137572
358.1989247311829,123.38748743176191
358.9718751009075,124.08675977177057
359.744825470632,121.08564342377399
360.5177758403566,120.81857592546986
361.2907262100811,122.17856597997965
362.0636765798057,118.23279122224227
362.8366269495303,125.49906430705214
363.6095773192548,119.00470211669229
364.3825276889794,118.9241905899332
365.155478058704,117.45675681280525
365.9284284284285,120.06901912109774
366.7013787981531,119.73091362102069
367.47432916787767,119.39689830155531
368.2472795376022,117.76833655978469
369.0202299073268,118.74149391406151
369.79318027705136,118.42028270083392
370.5661306467759,118.10351737781986
371.3390810165005,120.12414485261857
372.11203138622506,117.48368011203402
372.8849817559496,117.18078602406315
373.65793212567417,116.8826935359076
374.43088249539875,116.58949157496785
375.2038328651233,116.30126906864434
375.97678323484786,115.36044701753153
376.74973360457244,116.23948548161
377.52268397429697,120.01339060066923
378.29563434402155,112.43863569665561
379.06858471374613,112.30144504771225
379.84153508347066,113.22158558260669
380.61448545319524,114.03834660939364
381.3874358229198,114.93472928066657
382.16038619264435,114.79274880080621
382.93333656236894,113.71247803740167
383.70628693209346,112.00349782651192
384.47923730181805,113.26336602659335
385.25218767154263,113.62427132492888
386.02513804126716,115.31258169462636
386.79808841099174,112.00361913126827
387.5710387807163,113.72313013686825
388.34398915044085,108.52341742384955
389.11693952016543,113.05873199802872
389.88988988989,111.88399227683132
390.66284025961454,108.77552592126543
391.4357906293391,111.33955413803903
392.2087409990637,115.07676157300773
392.98169136878823,110.13237113307966
393.7546417385128,111.52765038564003
394.5275921082374,112.72068725078493
395.3005424779619,110.03325336579582
396.0734928476865,111.63885064223307
396.8464432174111,110.53439178632188
397.6193935871356,113.78221505508984
398.3923439568602,110.63793405763269
399.1652943265848,110.18524750992964
399.9382446963093,106.59315163422194
400.7111950660339,109.66416405246787
401.4841454357585,111.41192116788787
402.257095805483,108.21828620622891
403.0300461752076,108.37470486565553
403.8029965449321,111.76178920139635
404.5759469146567,112.35122734977591
405.3488972843813,109.48689579885813
406.1218476541058,106.5452386242088
406.8947980238304,111.31175473800035
407.667748393555,108.68849289370802
408.4406987632795,109.25911982342954
409.2136491330041,110.48321787312271
409.98659950272867,110.31293642534855
410.7595498724532,105.8412978542055
411.5325002421778,109.10834663031608
412.30545061190236,110.35420888786568
413.0784009816269,109.06091487296585
413.85135135135147,109.04402649336414
414.62430172107605,106.53046893315852
415.3972520908006,108.35445396985799
416.17020246052516,109.85015771074724
416.94315283024974,109.74921684464742
417.71610319997427,111.74285910960211
418.48905356969885,108.23277367279854
419.26200393942344,108.46933338402712
420.03495430914796,109.5357092423415
420.80790467887255,109.70581481288843
421.58085504859713,111.16828632025688
422.35380541832166,106.86202721495148
423.12675578804624,111.39254312073368
423.89970615777077,113.78396449977548
424.67265652749535,109.25810829026504
425.44560689721993,109.30373737538655
426.21855726694446,105.50800711475341
426.99150763666904,108.64228501807406
427.7644580063936,108.4359380891254
428.53740837611815,114.31944761785161
429.31035874584273,113.30624811451007
430.0833091155673,109.65568611448724
430.85625948529184,109.72694338045724
431.6292098550164,109.8016775742876
432.402160224741,109.87984263577016
433.17511059446554,108.00104400017165
433.9480609641901,108.6931562015147
434.7210113339147,110.13446242405045
435.49396170363923,110.22589035406112
436.2669120733638,109.49456766726044
437.0398624430884,112.0021407151529
437.8128128128129,108.649990659323
438.5857631825375,112.09334353518368
439.3587135522621,110.2987771849172
440.1316639219866,107.93812023860794
440.9046142917112,112.57287620775416
441.6775646614358,113.9711236206142
442.4505150311603,110.83902392234039
443.2234654008849,108.37391094371223
443.9964157706095,107.54773434140174
444.769366140334,110.89168090134564
445.5423165100586,111.68893909013482
446.3152668797831,116.54906241307384
447.0882172495077,112.26559627086061
447.8611676192323,111.42661463440255
448.6341179889568,112.23226672605796
449.4070683586814,113.66897590552334
450.18001872840597,112.51862004329851
450.9529690981305,112.66530786601024
451.7259194678551,112.81427505117215
452.49886983757966,112.66582609662235
453.2718202073042,117.68207571177751
454.04477057702877,113.63337823157526
454.81772094675335,117.57176212837254
455.5906713164779,111.91217619090587
456.36362168620246,111.65510461511427
457.13657205592705,110.45202893380889
457.9095224256516,113.26919791651862
458.68247279537616,115.44693257615947
459.45542316510074,110.77716870992893
460.22837353482527,118.45039259917397
461.00132390454985,115.66163493126567
461.77427427427443,112.96983344055978
462.54722464399896,115.36802529022277
463.32017501372354,115.29098538112795
464.0931253834481,115.4701581771938
464.86607575317265,115.6508273121724
465.63902612289723,114.53070176805703
466.41197649262176,111.76098700391422
467.18492686234634,116.20135214850423
467.9578772320709,115.01527127760681
468.73082760179545,115.33629375574809
469.50377797152004,117.6938454479264
470.2767283412446,116.95353968910223
471.04967871096915,117.14452136789228
471.82262908069373,116.82475856231665
472.5955794504183,118.10259097294531
473.36852982014284,114.79922102514438
474.1414801898674,118.84348919043104
474.914430559592,118.8121428672037
475.68738092931653,118.3115945641813
476.4603312990411,118.5093201169417
477.2332816687657,118.70791368472123
478.0062320384902,118.90736065773044
478.7791824082148,118.41874720198726
479.5521327779394,122.29010570381033
480.3250831476639,119.4782286114707
481.0980335173885,117.09158314378459
481.8709838871131,117.48752596316156
482.6439342568376,123.06619963302757
483.4168846265622,119.26442510203165
484.1898349962868,117.32490576470934
484.9627853660113,120.73837603489277
485.7357357357359,120.94555352177986
486.5086861054604,123.66588544113647
487.281636475185,121.36197197840211
488.0545868449096,119.96030161694576
488.8275372146341,122.61627641995791
489.6004875843587,121.73900832368423
490.3734379540833,120.04441496616596
491.1463883238078,120.9543838744874
491.9193386935324,119.7239990090243
492.69228906325696,124.1865923418086
493.4652394329815,120.89371184369212
494.2381898027061,121.81249039342426
495.01114017243066,123.70290024985093
495.7840905421552,123.1581537652082
496.55704091187977,123.88172835921398
497.32999128160435,124.12815804850099
498.1029416513289,122.16168925366112
498.87589202105346,122.64382001726283
499.64884239077804,124.73525707177278
500.42179276050257,124.99688314638274
501.19474313022715,125.21513872419297
501.96769349995174,125.09593400507525
502.74064386967626,126.41273649467475
503.51359423940085,127.67924849185417
504.28654460912543,126.09201995510949
505.05949497884995,125.1198303879283
505.83244534857454,123.81867644301839
506.6053957182991,124.31764474588142
507.37834608802365,126.80095043594343
508.15129645774823,129.08808472108038
508.92424682747276,127.89887364595162
509.69719719719734,127.639169042391
510.4701475669219,126.26420348461667
511.24309793664645,128.08358893225721
512.016048306371,126.0967374192243
512.7889986760956,126.71472778652056
513.5619490458201,130.06788527037372
514.3348994155447,128.97483872760523
515.1078497852693,129.19806803925715
515.8808001549938,127.48793365045448
516.6537505247184,128.7000286463425
517.426700894443,131.5148227372805
518.1996512641675,131.7259436714957
518.972601633892,130.31598528493367
519.7455520036167,130.53982060302636
520.5185023733412,133.8498818776465
521.2914527430657,131.16605260509417
522.0644031127904,130.79110562778382
522.8373534825149,133.90361617752794
523.6103038522394,131.65945299985685
524.3832542219641,135.12459078138284
525.1562045916886,134.92054689696553
525.9291549614131,132.33107113062914
526.7021053311378,133.06821089300828
527.4750557008623,137.63230599074421
528.2480060705868,129.55474585092253
529.0209564403115,136.72551922638144
529.793906810036,136.24454227439708
530.5668571797605,130.32836365147418
531.3398075494852,134.90386300632812
532.1127579192097,135.0996679141318
532.8857082889342,133.12952297498364
533.6586586586589,131.34482835675857
534.4316090283834,134.78551118429905
535.2045593981079,138.47313138151904
535.9775097678325,132.0734078675868
536.7504601375571,135.09555706974766
537.5234105072816,139.1719064958797
538.2963608770062,135.56779452511643
539.0693112467308,137.76052079137384
539.8422616164553,134.10164057004812
540.6152119861799,135.6449706416623
541.3881623559045,137.69466693924662
542.161112725629,136.99386110426494
542.9340630953536,134.39561254776024
543.7070134650781,137.46624597928366
544.4799638348027,136.2825099022454
545.2529142045273,135.51284711802253
546.0258645742518,136.9292149760656
546.7988149439764,137.75978343358463
547.571765313701,140.07316974595295
548.3447156834255,138.69297084844942
549.1176660531501,141.69696258519917
549.8906164228747,141.1328263280699
550.6635667925992,137.1402314106694
551.4365171623238,139.5968169274488
552.2094675320484,139.81080813601858
552.9824179017729,140.02429325732632
553.7553682714974,140.23726016641012
554.5283186412221,140.44969673830823
555.3012690109466,142.28374263404112
556.0742193806711,138.1167915570882
556.8471697503958,141.3734931362637
557.6201201201203,140.8321062227579
558.3930704898448,141.5035001663497
559.1660208595695,141.71250009093555
559.938971229294,145.7654689978188
560.7119215990185,141.52142790128468
561.4848719687432,145.22988162445807
562.2578223384677,141.60353965249575
563.0307727081922,146.35181797171796
563.8037230779169,142.95315581450174
564.5766734476414,138.6357894852259
565.3496238173659,148.3204917155395
566.1225741870905,143.56435988046493
566.8955245568151,141.91520024206005
567.6684749265396,143.9682277831703
568.4414252962642,143.2263748561928
569.2143756659888,147.96912615894206
569.9873260357133,142.13543338346335
570.7602764054379,144.83983911446305
571.5332267751623,145.45387463600417
572.306177144887,150.05302663638167
573.0791275146116,145.35754840744943
573.852077884336,145.55278593711728
574.6250282540607,146.17552407744654
575.3979786237853,145.9407121129132
576.1709289935097,144.20596382015333
576.9438793632344,148.56235578995268
577.716829732959,146.51604729333013
578.4897801026834,150.64282945045048
579.2627304724081,146.8950932335358
580.0356808421327,146.16081149373264
580.8086312118571,149.9600849472625
581.5815815815818,148.96968278818912
582.3545319513064,149.45346356016537
583.1274823210308,147.8262128310246
583.9004326907555,148.00951199316643
584.6733830604801,148.19180794461207
585.4463334302045,148.91940086393203
586.2192837999291,153.2017097806194
586.9922341696538,149.60184836722647
587.7651845393782,148.9107171441965
588.5381349091028,151.0593958918838
589.3110852788275,148.1662532674221
590.0840356485519,150.57621186614105
590.8569860182765,149.6126049756973
591.629936388001,149.78532640759587
592.4028867577256,153.6692931437974
593.1758371274502,150.12738376548845
593.9487874971747,152.17297889701229
594.7217378668993,151.09217411175428
595.4946882366239,150.68037728871371
596.2676386063484,148.9058724167034
597.040588976073,150.96221254422525
597.8135393457976,151.23774138963805
598.5864897155221,151.28776358512425
599.3594400852467,153.78387329123683
600.1323904549713,149.39712350603062
600.9053408246958,149.4311556163042
601.6782911944204,150.8812276992289
602.451241564145,153.40968954346695
603.2241919338695,153.9399798579562
603.997142303594,152.3876977412041
604.7700926733187,154.3322481214918
605.5430430430432,155.4224741097832
606.3159934127677,151.71614181721066
607.0889437824924,152.8527910037521
607.8618941522169,151.59604533171594
608.6348445219414,153.27923614249494
609.4077948916661,153.42302737182817
610.1807452613906,154.05091503173404
610.9536956311151,150.79501377871344
611.7266460008398,153.84593255336574
612.4995963705643,155.3338590102018
613.2725467402888,155.96351296614748
614.0454971100135,153.67440989224787
614.8184474797381,157.709589272491
615.5913978494625,153.568278690531
616.3643482191871,156.57252009392943
617.1372985889118,154.50068500742515
617.9102489586362,153.63175225006043
618.6831993283608,154.83740135613914
619.4561496980855,155.16019643340232
620.2291000678099,151.5999165696464
621.0020504375345,160.23962706597393
621.775000807259,155.64202424220332
622.5479511769836,153.21047405861137
623.3209015467082,156.03976574298747
624.0938519164326,158.07330123822848
624.8668022861573,154.08789356167085
625.6397526558819,155.51661991044315
626.4127030256063,153.79311428228803
627.185653395331,155.7431422982122
627.9586037650556,158.78632337616307
628.73155413478,155.0728031628714
629.5045045045047,156.63586803989907
630.2774548742293,155.80259541290914
631.0504052439537,156.675594539566
631.8233556136784,156.9390364694484
632.596305983403,157.03709494451462
633.3692563531274,154.32696683590626
634.142206722852,162.1025379744947
634.9151570925767,158.25975743149158
635.6881074623011,153.2637027634376
636.4610578320257,159.28444943872415
637.2340082017504,157.50055340907966
638.0069585714748,158.00103917049125
638.7799089411994,159.75509679375045
639.5528593109241,157.8543005772208
640.3258096806485,159.44333098162596
641.0987600503731,157.63410563743187
641.8717104200978,157.64432566876062
642.6446607898222,155.1868934290932
643.4176111595468,157.21178461907172
644.1905615292715,158.33640139991647
644.9635118989959,158.94671474955442
645.7364622687205,158.5388175435923
646.5094126384452,159.33106514841754
647.2823630081696,157.929627028393
648.0553133778942,158.92779925634898
648.8282637476188,158.7710884726294
649.6012141173433,158.83909207270182
650.3741644870679,156.95112575700213
651.1471148567925,158.949639329842
651.920065226517,162.62011667793993
652.6930155962416,157.2928269030242
653.4659659659662,157.12145069051596
654.2389163356906,158.5572205323145
655.0118667054153,159.28098850808195
655.7848170751399,155.40656673559872
656.5577674448643,158.5908625217974
657.330717814589,159.45268931961888
658.1036681843136,160.56541354161854
658.876618554038,159.561480211496
659.6495689237627,161.8005099358736
660.4225192934873,159.97273077885737
661.1954696632117,159.7163702181277
661.9684200329364,159.08068994813084
662.741370402661,161.64739383536988
663.5143207723854,159.86156639838367
664.2872711421101,159.9078618414219
665.0602215118347,159.95312382114815
665.8331718815591,159.99736324468918
666.6061222512838,161.77789141145928
667.3790726210084,160.08281805172308
668.1520229907328,160.1240552494697
668.9249733604574,160.16431351953858
669.6979237301821,162.01786457209406
670.4708740999065,160.2419369051507
671.2438244696311,159.95982864141618
672.0167748393558,161.22209842923087
672.7897252090802,163.32447332163753
673.5626755788048,160.38591645782435
674.3356259485295,157.1302094823698
675.1085763182539,159.89733580669468
675.8815266879785,160.66106711652668
676.6544770577032,163.44033792199153
677.4274274274276,157.92749267019335
678.2003777971522,160.5750265956826
678.9733281668769,160.91304126738228
679.7462785366013,159.1677126428681
680.5192289063259,162.03419603689107
681.2921792760505,160.2226145451542
682.065129645775,159.43528586774642
682.8380800154996,158.32124620016108
683.6110303852242,159.90034477347416
684.3839807549487,165.6308506483583
685.1569311246733,160.8029214191136
685.9298814943979,164.37885405471675
686.7028318641223,162.11203329728426
687.475782233847,159.42997407507585
688.2487326035716,162.9137150808345
689.021682973296,160.90315667406702
689.7946333430207,163.64116616897573
690.5675837127453,159.47717834682516
691.3405340824697,160.95499734699658
692.1134844521944,160.26369352295683
692.886434821919,160.98628104771305
693.6593851916434,162.99873740799626
694.4323355613681,161.0150451499577
695.2052859310927,160.07746835277098
695.9782363008171,158.33967123617515
696.7511866705418,159.8688277714494
697.5241370402664,161.06536358709138
698.2970874099908,163.11019457079982
699.0700377797154,158.801347380497
699.8429881494401,161.09713744300169
700.6159385191645,159.70573431775497
701.3888888888891,161.11564315768308
702.1618392586138,163.08500942119213
702.9347896283382,161.13210918747487
703.7077399980628,164.7804707254026
704.4806903677875,162.1342323821679
705.2536407375119,161.1531746977146
706.0265911072365,161.15927122044926
706.7995414769609,161.16492326472266
707.5724918466856,163.09250348060408
708.3454422164102,160.333387664477
709.1183925861346,165.41824279954756
709.8913429558593,157.3671307408784
710.6642933255839,157.45521343523092
711.4372436953083,159.4730908156141
712.210194065033,163.9629170101023
712.9831444347576,162.4898957891416
713.756094804482,162.40389456583765
714.5290451742067,159.03856958753923
715.3019955439313,164.54766644902395
716.0749459136557,161.20204867021005
716.8478962833804,165.60039137354642
717.620846653105,162.39097152101166
718.3937970228294,160.64811877694123
719.166747392554,161.20380711789838
719.9396977622787,160.21584669036173
720.7126481320031,163.53793374446803
721.4855985017277,161.20236767702391
722.2585488714524,163.81564680407936
723.0314992411768,164.9635142680195
723.8044496109014,159.4353184358391
724.5773999806261,159.8165778476282
725.3503503503505,162.3172565217948
726.1233007200751,165.84210894075656
726.8962510897998,161.1915962235694
727.6692014595242,163.98675908365175
728.4421518292488,158.94191421917265
729.2151021989735,160.48959754022587
729.9880525686979,161.18190145773173
730.7610029384225,158.13160931966604
731.5339533081471,164.92023083360974
732.3069036778716,159.84417238175126
733.0798540475962,161.17050497144126
733.8528044173208,164.0345444463735
734.6257547870453,157.85285331851526
735.3987051567699,159.3210780501222
736.1716555264945,162.27427342196475
736.944605896219,164.59974493201176
737.7175562659436,160.35109614339706
738.4905066356682,161.14856597751563
739.2634570053926,165.8387473075523
740.0364073751173,162.9324723231504
740.8093577448419,161.34514025826653
741.5823081145663,160.36983166720424
742.355258484291,163.62145113231196
743.1282088540156,159.17044772795725
743.90115922374,161.79244297493966
744.6741095934647,163.64737015042058
745.4470599631893,161.12186294414295
746.2200103329137,165.4798710471607
746.9929607026384,160.41038772286277
747.765911072363,157.92860290837206
748.5388614420874,161.11235190205426
749.311811811812,161.58826585288176
750.0847621815367,162.9780926033256
750.8577125512611,161.1064183718148
751.6306629209857,161.1046605462382
752.4036132907104,161.6965699453848
753.1765636604348,161.03932157784976
753.9495140301594,161.10002455499927
754.7224643998841,163.10212590941543
755.4954147696085,164.8396618515659
756.2683651393331,161.6093666676198
757.0413155090578,163.9169112665119
757.8142658787822,161.09432613449235
758.5872162485068,162.53376205907534
759.3601666182315,162.96887377621508
760.1331169879559,161.49655964732239
760.9060673576805,161.0914767423944
761.6790177274052,161.21556478003856
762.4519680971296,162.53926372754097
763.2249184668542,161.7831701833818
763.9978688365788,159.81577731668335
764.7708192063033,161.08988242251837
765.5437695760279,161.08980976122956
766.3167199457525,157.36854685119943
767.089670315477,161.08989774532773
767.8626206852016,164.16789063444895
768.6355710549262,158.56771230972558
769.4085214246506,161.09058880814501
770.1814717943753,161.1418311096745
770.9544221640999,165.42272677701908
771.7273725338243,162.95076246644464
772.500322903549,161.09745868363322
773.2732732732736,161.47843678500922
774.046223642998,163.5976213980086
774.8191740127227,157.29148163811342
775.5921243824473,156.34336422041275
776.3650747521717,161.0962811962892
777.1380251218964,159.35874896239625
777.910975491621,161.0982006664133
778.6839258613454,158.96823130860915
779.45687623107,157.1436415373131
780.2298266007947,165.90870596626897
781.0027769705191,161.10265688110744
781.7757273402437,161.10389013028288
782.5486777099684,159.06368649165788
783.3216280796928,161.10648837922676
784.0945784494174,160.38847804485067
784.8675288191421,161.1092515489526
785.6404791888665,160.63587187206736
786.4134295585911,165.18232990344984
787.1863799283158,161.11367731998467
787.9593302980402,162.86773862440577
788.7322806677648,160.79050656182616
789.5052310374892,159.89177021335777
790.2781814072139,160.6397504205312
791.0511317769385,158.99313405067372
791.8240821466629,162.72524203209701
792.5970325163876,159.4991952614554
793.3699828861122,157.0520628036615
794.1429332558366,161.1285717271408
794.9158836255613,165.58542882638164
795.6888339952859,161.13212825404614
796.4617843650103,158.57120419559465
797.234734734735,161.13574653364938
798.0076851044596,161.13757480070942
798.780635474184,161.69740220525202
799.5535858439086,161.14126152933974
800.3265362136333,161.1431167669074
801.0994865833577,157.47924122412067
801.8724369530823,159.83569515335927
802.645387322807,161.14871062860465
803.4183376925314,162.7036306910386
804.191288062256,161.1524472072182
804.9642384319807,160.22054527267838
805.7371888017051,162.86980748826457
806.5101391714297,161.37937759774726
807.2830895411544,161.15987994235485
808.0560399108788,161.1617203015292
808.8289902806034,162.592587940569
809.6019406503281,165.54702847860375
810.3748910200525,161.14594630679844
811.1478413897771,161.16896207974779
811.9207917595018,161.17073454967615
812.6937421292262,163.17856875454999
813.4666924989508,165.28604444220264
814.2396428686754,160.05422661812307
815.0125932383999,162.48958136179482
815.7855436081245,161.73330451675943
816.5584939778491,160.01176134043578
817.3314443475736,156.43176660084077
818.1043947172982,161.18411600227998
818.8773450870228,159.50810027452044
819.6502954567472,159.2043592435537
820.4232458264719,161.18866176429233
821.1961961961965,161.92934761305082
821.9691465659209,162.13204916692604
822.7420969356456,159.25932455880934
823.5150473053702,161.19420921548974
824.2879976750946,161.99865385530532
825.0609480448193,161.19673382585665
825.8338984145439,160.03085865281625
826.6068487842683,162.7909861199177
827.379799153993,161.20017307733758
828.1527495237176,161.20122033607413
828.925699893442,158.19936780995647
829.6986502631667,164.90464354013778
830.4716006328913,161.040110992575
831.2445510026157,162.27298209785673
832.0175013723403,163.6202074911749
832.790451742065,161.2063498849521
833.5634021117894,159.1339684388937
834.336352481514,161.20758142614977
835.1093028512387,162.79933065491417
835.8822532209631,162.36483659664538
836.6552035906877,158.3331729797262
837.4281539604124,161.20924966983966
838.2011043301368,160.16173314613346
838.9740546998614,160.95357479913216
839.7470050695861,162.9010746901843
840.5199554393105,162.7888495027625
841.2929058090351,159.24998070940075
842.0658561787598,161.71098457371158
842.8388065484842,162.66071813923082
843.6117569182088,159.38049442747607
844.3847072879335,159.86089229329784
845.1576576576579,162.17424800675178
845.9306080273825,164.09805408031553
846.7035583971071,161.20696717850822
847.4765087668316,164.5753769381948
848.2494591365562,157.9772744464502
849.0224095062808,160.5555848874758
849.7953598760053,161.2914048804967
850.5683102457299,161.2023104559786
851.3412606154545,164.392222509428
852.1142109851789,161.91898987374472
852.8871613549036,160.97108175265222
853.6601117246282,160.44252544892754
854.4330620943526,161.19517838547773
855.2060124640773,163.02762735805666
855.9789628338019,159.87242354363076
856.7519132035263,161.18962715208266
857.524863573251,163.17785204459489
858.2978139429756,161.18536946684134
859.0707643127,161.46946223285735
859.8437146824247,161.18065124587199
860.6166650521493,160.14959321684782
861.3896154218737,161.26204318239436
862.1625657915984,165.08112866823808
862.935516161323,161.0894839792284
863.7084665310474,158.7934041315941
864.481416900772,163.0391950173199
865.2543672704967,158.53949873342333
866.0273176402211,159.2043787704306
866.8002680099457,161.1533743475944
867.5732183796704,160.98039816598265
868.3461687493948,162.17561409843356
869.1191191191194,159.5349297094816
869.8920694888441,160.9627810209419
870.6650198585685,161.9670257759649
871.4379702282931,162.8447834635465
872.2109205980175,158.97346414906056
872.9838709677422,161.0660533922193
