100.80645161290323,150.29761904761904
101.5794019826278,150.59356649175066
102.35235235235236,149.34506311795198
103.12530272207692,150.58985085504736
103.89825309180148,152.24617399471924
104.67120346152605,151.7569875769115
105.44415383125062,153.9122209417356
106.21710420097517,152.32646873286237
106.99005457069974,152.6081499212281
107.76300494042431,152.88779073825293
108.53595531014886,150.0399747740467
109.30890567987343,153.44094892347735
110.08185604959799,153.71446512427556
110.85480641932256,153.98593861893016
111.62775678904713,154.26365090951072
112.40070715877168,154.5227551550058
113.17365752849625,154.78809702902544
113.9466078982208,158.23723318115117
114.71955826794537,155.31264507052475
115.49250863766994,158.93332046255549
116.2654590073945,155.36448467561843
117.03840937711907,160.92263049352425
117.81135974684364,156.33718198374416
118.58431011656819,159.0160905153064
119.35726048629276,156.83716151625305
120.13021085601733,157.08407700852987
120.90316122574188,157.328942206554
121.67611159546645,157.5717565266247
122.449061965191,158.1558548951125
123.22201233491558,158.0512301981031
123.99496270464013,158.28788838210943
124.7679130743647,156.76285397083444
125.54086344408927,158.7550445281528
126.31381381381382,158.98554132278844
127.08676418353839,159.21398315356578
127.85971455326296,159.44036943678412
128.63266492298752,159.6646995887428
129.40561529271207,158.0393981533966
130.17856566243665,160.10718916407822
130.9515160321612,160.32534742005353
131.72446640188576,162.65299747426178
132.49741677161035,160.7554879501162
133.2703671413349,158.86850625441824
134.04331751105946,161.1773899463232
134.81626788078404,161.38525003497912
135.5892182505086,161.591048739069
136.36216862023315,161.79478547489228
137.13511898995773,162.39620950552117
137.9080693596823,162.19607070693587
138.68101972940684,162.39361803575488
139.45397009913142,161.42552677341791
140.22692046885598,162.7825192004837
140.99987083858053,162.9738718689921
141.7728212083051,163.16315848332897
142.54577157802967,163.35037845979346
143.31872194775423,163.53553121468508
144.09167231747878,168.58395955743697
144.86462268720334,163.89963272494646
145.63757305692792,164.07858031291488
146.41052342665247,164.2554583445075
147.18347379637703,164.43026623602364
147.9564241661016,164.60300340376264
148.72937453582617,164.77366926402374
149.50232490555072,167.8991290445879
150.2752752752753,165.10878472730948
151.04822564499986,165.27323316293274
151.82117601472441,165.43560795627528
152.594126384449,165.59590852363652
153.36707675417355,165.75413428131563
154.1400271238981,165.91028464561197
154.9129774936227,166.06435903282483
155.68592786334725,169.79013842956118
156.4588782330718,166.36627754119732
157.23182860279638,166.12284405440056
158.00477897252094,166.65988513682746
158.7777293422455,169.03769357363262
159.55067971197008,166.9451771501097
160.32363008169463,167.08470335411872
161.0965804514192,165.36296258141647
161.86953082114377,167.35751323836868
162.64248119086832,167.49079575120828
163.41543156059288,167.6219958662567
164.18838193031743,170.8337994661652
164.961332300042,167.8781465681773
165.73428266976657,168.003095987648
166.50723303949113,168.12596067452478
167.28018340921568,168.24674004510686
168.05313377894026,168.3654335156936
168.82608414866482,168.48204050258425
169.59903451838937,168.9538210769293
170.37198488811396,168.70899269047453
171.1449352578385,170.81856428397913
171.91788562756307,168.92759193917217
172.69083599728765,166.2555067257572
173.4637863670122,169.13783357907153
174.23673673673676,167.38663028536718
175.00968710646134,168.66897943512046
175.7826374761859,169.4375153076616
176.55558784591045,173.98062090428897
177.32853821563504,169.62684249604078
178.1014885853596,169.7183661499241
178.87443895508414,168.32655695302725
179.64738932480873,169.81310103307652
180.42033969453328,170.41820072472086
181.19329006425784,170.06351421039852
181.96624043398242,170.144561668249
182.73919080370695,170.22351213579077
183.51214117343153,170.30036502932327
184.2850915431561,170.3751197651456
185.05804191288064,169.972222605923
185.83099228260522,170.51833242885738
186.6039426523298,170.58678918934538
187.37689302205433,169.38123212405435
188.14984339177892,169.38004920572993
188.92279376150347,170.28240992345343
189.69574413122803,170.19055247719598
190.4686945009526,169.57331375066812
191.24164487067716,170.9533989799789
192.01459524040172,171.00714003516225
192.7875456101263,171.05877651192782
193.56049597985086,171.10830782657493
194.3334463495754,171.15573339540288
195.1063967193,171.201052634711
195.87934708902455,171.24426496079852
196.6522974587491,171.28536978996485
197.4252478284737,171.3243665385092
198.19819819819824,171.36125462273085
198.9711485679228,171.39603345892925
199.74409893764738,171.4287024634035
200.51704930737193,170.08585165884548
201.2899996770965,173.84643122546422
202.06295004682107,171.37529012321502
202.8359004165456,171.53826849004622
203.60885078627018,173.99024442338663
204.38180115599476,171.58037733680507
205.1547515257193,173.8560242926605
205.92770189544387,171.61403051304814
206.70065226516846,175.20837064292874
207.47360263489298,172.0514009997787
208.24655300461757,172.19390908969535
209.01950337434212,167.99521061770136
209.79245374406668,171.66113925086256
210.56540411379126,171.66420932262676
211.33835448351581,171.66516080715635
212.11130485324037,172.06429414950478
212.88425522296495,169.135887051394
213.6572055926895,169.69827624661468
214.43015596241406,171.6477691989154
215.20310633213865,171.63811899176181
215.9760567018632,171.62634669516945
216.74900707158776,171.0944345135607
217.52195744131234,171.5964334988658
218.2949078110369,171.57829143175303
219.06785818076145,171.5580249403987
219.84080855048603,171.5018568185828
220.61375892021059,171.51111635016275
221.38670928993514,171.48447308387966
222.15965965965972,171.4557030585522
222.93261002938428,173.0783381197459
223.70556039910883,174.02686321584787
224.47851076883342,171.3566265912969
225.25146113855794,171.68787468425893
226.02441150828253,171.27993111672552
226.7973618780071,171.23838827941736
227.57031224773164,171.19471459716002
228.34326261745622,174.4127024797711
229.11621298718077,171.10097236299475
229.88916335690536,174.00565387980683
230.6621137266299,170.9986997446242
231.43506409635447,170.9443630821102
232.20801446607902,170.88789207244275
232.9809648358036,170.82928613192115
233.75391520552816,170.76854467684473
234.5268655752527,169.71354691233026
235.2998159449773,170.64065288822462
236.07276631470185,170.57350131015457
236.8457166844264,169.4365842202145
237.618667054151,170.43272169410832
238.39161742387554,169.10137070942426
239.1645677936001,168.9427289872868
239.93751816332468,170.20486376126985
240.71046853304924,170.12432496468065
241.4834189027738,170.04143647389296
242.25636927249835,169.95616431808068
243.02931964222293,170.90446052107694
243.80227001194748,172.55849107361954
244.57522038167204,169.6857061522349
245.34817075139662,168.52962732089176
246.12112112112118,169.49285958473527
246.89407149084573,169.39257205142633
247.66702186057032,167.74634851713483
248.43997223029487,169.18409863155932
249.21292260001943,169.07584480334904
249.985872969744,168.9648676018526
250.75882333946856,168.851133056244
251.53177370919312,168.73460719569692
252.30472407891767,167.2631381194544
253.07767444864226,168.49304564648318
253.8506248183668,171.44233629280717
254.62357518809137,168.23991118760205
255.39652555781595,169.38022618194353
256.1694759275405,167.9749320524444
256.94242629726506,167.83791580419646
257.71537666698964,167.69783647440096
258.48832703671417,167.55466009223176
259.26127740643875,166.73443412377353
260.03422777616333,167.25888028746755
260.80717814588786,167.10620892322024
261.58012851561244,166.95030462329458
262.353078885337,166.79113341686445
263.12602925506155,166.62866133310376
263.89897962478614,166.4628544011862
264.6719299945107,163.17137530948364
265.44488036423525,166.12110010957628
266.21783073395983,165.94508480823154
266.9907811036844,165.76559877542542
267.76373147340894,165.5826080403318
268.5366818431335,165.39607863212447
269.3096322128581,162.51423151711012
270.08258258258263,165.01226791306425
270.8555329523072,164.81491866055902
271.6284833220318,164.61389485163554
272.4014336917563,164.40916251546764
273.1743840614809,164.55571277140493
273.9473344312055,163.98843637809392
274.72028480093,166.10951169060087
275.4932351706546,166.7716139113982
276.2661855403792,163.32868394704653
277.0391359101037,163.28576029144872
277.8120862798283,160.109373448593
278.5850366495529,162.63372034618726
279.3579870192774,162.01750735283483
280.130937389002,162.15039657359256
280.90388775872657,161.9026283632102
281.6768381284511,161.65074397566963
282.4497884981757,161.39470944014465
283.22273886790026,161.13449078580913
283.9956892376248,160.870054041837
284.7686396073493,160.60136523740206
285.54158997707395,160.32839040167815
286.3145403467985,162.18066409242678
287.087490716523,159.76944675305896
287.86044108624765,155.37140156344032
288.6333914559722,159.19295132937
289.4063418256967,158.89803677480907
290.17929219542134,158.59863236400224
290.95224256514587,158.29470412612346
291.7251929348704,157.9862180903465
292.49814330459503,157.67314047038272
293.27109367431956,157.46734095123085
294.0440440440441,157.0332993131072
294.81699441376867,157.12005744972487
295.58994478349325,158.10735416615066
296.3628951532178,156.04065317192888
297.13584552294236,155.70137074077113
297.90879589266694,155.34615977292586
298.68174626239147,155.01075848826625
299.45469663211605,154.65961306223866
300.22764700184064,154.858379719668
301.00059737156516,153.94610459893192
301.77354774128975,153.58392595697217
302.54649811101433,154.39648331123473
303.31944848073886,153.1105992145889
304.09239885046344,152.47679876178412
304.865349220188,152.10119993248435
305.63829958991255,154.68600888535963
306.41124995963713,151.3407208134874
307.1842003293617,150.95602491910967
307.95715069908624,150.5684810650255
308.7301010688108,150.9413862448985
309.5030514385354,149.78521826837652
310.27600180825993,149.3896837211312
311.0489521779845,148.99167000481825
311.8219025477091,148.59126931709747
312.5948529174336,148.18857385562862
313.3678032871582,146.53474245644347
314.1407536568828,147.3766674020853
314.9137040266073,146.96764080533043
315.6866543963319,146.55668822546633
316.4596047660565,146.14390186015265
317.232555135781,145.7293739070494
318.0055055055056,146.088009704424
318.7784558752302,144.8954620281123
319.5514062449547,144.4762624975981
320.3243566146793,144.055690169933
321.0973069844039,144.28610755289463
321.8702573541284,143.2107959137893
322.643207723853,142.78665838063006
323.41615809357756,142.36151684095893
324.1891084633021,141.93546349243564
324.9620588330266,141.5085905327199
325.73500920275126,141.08099015947138
326.5079595724758,140.65275457034988
327.2809099422003,139.76497281974827
328.05386031192495,139.79474653512676
328.8268106816495,139.36515847521372
329.599761051374,138.9353029287111
330.37271142109864,138.50526904759818
331.14566179082317,138.0751457592757
331.9186121605477,137.07193890474167
332.69156253027234,137.21498667060337
333.46451289999686,136.78512872505448
334.2374632697214,133.36730047781157
335.010413639446,135.9263006685335
335.78336400917055,135.87646332162495
336.5563143788951,135.06924924078461
337.32926474861966,137.23633458743095
338.10221511834425,133.43645310846804
338.8751654880688,133.78855950761698
339.64811585779336,131.14593231624048
340.42106622751794,132.0523194279132
341.19401659724247,132.51586892220706
341.96696696696705,132.0938313099965
342.73991733669163,131.673038201583
343.51286770641616,131.99225330563357
344.28581807614074,128.67793238507915
345.0587684458653,130.19688484899714
345.83171881558985,130.00408935390956
346.60466918531444,129.59085267548852
347.377619555039,129.1793940652674
348.15056992476354,128.76980245064652
348.9235202944881,128.36216675902642
349.6964706642127,129.27740858002636
350.46942103393724,127.55311885439035
351.2423714036618,127.15188449617526
352.0153217733864,126.75296177056275
352.78827214311093,126.3564396049533
353.5612225128355,123.65869876492138
354.3341728825601,125.5709526633453
355.1071232522846,125.18216574214767
355.8800736220092,124.84155870328651
356.6530239917338,124.41294963596742
357.4259743614583,124.03269830578571
358.1989247311829,123.65547002741023
358.9718751009075,121.89997733046167
359.744825470632,122.91043833567977
360.5177758403566,122.5428127771257
361.2907262100811,121.56660892661682
362.0636765798057,120.83616219584682
362.8366269495303,122.7008059303021
363.6095773192548,121.10698743099435
364.3825276889794,120.75714495348498
365.155478058704,120.41112587438596
365.9284284284285,118.19215005901249
366.7013787981531,119.73091362102069
367.47432916787767,119.39689830155531
368.2472795376022,119.06706209010214
369.0202299073268,119.30702242160177
369.79318027705136,117.88429600856517
370.5661306467759,118.10351737781986
371.3390810165005,117.79128687241973
372.11203138622506,117.48368011203402
372.8849817559496,118.73551357168209
373.65793212567417,116.8826935359076
374.43088249539875,113.70692880083631
375.2038328651233,114.39207848103877
375.97678323484786,116.01811494433747
376.74973360457244,115.74011812944778
377.52268397429697,115.46736755137566
378.29563434402155,116.53870655200438
379.06858471374613,114.937960815286
379.84153508347066,114.68148251206942
380.61448545319524,111.6388617510295
381.3874358229198,114.38048408662668
382.16038619264435,113.94601499053788
382.93333656236894,117.47349222089748
383.70628693209346,113.48489874028668
384.47923730181805,113.26336602659335
385.25218767154263,113.04796857779698
386.02513804126716,113.92462400763606
386.79808841099174,112.63568986581267
387.5710387807163,112.43872707950604
388.34398915044085,110.07495911743698
389.11693952016543,112.06292434522346
389.88988988989,113.97466816412917
390.66284025961454,111.71097832732784
391.4357906293391,111.5438364365049
392.2087409990637,111.3825205441545
392.98169136878823,111.22698459006851
393.7546417385128,115.18826429756496
394.5275921082374,110.93306825585744
395.3005424779619,110.79459575531621
396.0734928476865,110.66171895220702
396.8464432174111,110.53439178632188
397.6193935871356,110.41256819745264
398.3923439568602,112.7149132695744
399.1652943265848,111.53390588765625
399.9382446963093,110.0796582908597
400.7111950660339,109.97938840797333
401.4841454357585,109.8843918010625
402.257095805483,108.75586183965038
403.0300461752076,109.09039280104042
403.8029965449321,109.63058103410225
404.5759469146567,109.55621692901263
405.3488972843813,109.48689579885813
406.1218476541058,109.42257158343067
406.8947980238304,109.36319822252213
407.667748393555,111.99250556148138
408.4406987632795,108.88700218721684
409.2136491330041,109.21432266482934
409.98659950272867,109.17429211991575
410.7595498724532,109.13898212848069
411.5325002421778,105.15089329226255
412.30545061190236,109.08233956521383
413.0784009816269,109.06091487296585
413.85135135135147,109.04402649336414
414.62430172107605,104.72067221308652
415.3972520908006,109.02367443126691
416.17020246052516,109.476116723028
416.94315283024974,106.34251226903677
417.71610319997427,109.02601717776554
418.48905356969885,109.03537940967125
419.26200393942344,109.04895553276664
420.03495430914796,109.06669948684356
420.80790467887255,109.08856521169395
421.58085504859713,108.94480916340413
422.35380541832166,109.14447773288282
423.12675578804624,109.17843240880512
423.89970615777077,109.21632461466854
424.67265652749535,109.25810829026504
425.44560689721993,109.30373737538655
426.21855726694446,109.35316580982487
426.99150763666904,109.40634753337207
427.7644580063936,109.46323648581998
428.53740837611815,109.52378660696054
429.31035874584273,109.58795183658565
430.0833091155673,109.65568611448724
430.85625948529184,105.07152102329103
431.6292098550164,109.8016775742876
432.402160224741,109.87984263577016
433.17511059446554,109.96139250469686
433.9480609641901,110.04628112085967
434.7210113339147,112.29091881572593
435.49396170363923,109.94190445160932
436.2669120733638,110.3205188506837
437.0398624430884,110.91717991120483
437.8128128128129,110.5191933029319
438.5857631825375,110.6231471381414
439.3587135522621,110.73011729913044
440.1316639219866,108.08602517256486
440.9046142917112,110.95292235761465
441.6775646614358,111.06866513469367
442.4505150311603,111.18723999671992
443.2234654008849,111.3086008834852
443.9964157706095,111.43270173478152
444.769366140334,111.55949649040076
445.5423165100586,113.29189337350027
446.3152668797831,111.82098347377567
447.0882172495077,111.95558358111522
447.8611676192323,116.59595409110791
448.6341179889568,114.03591355776425
449.4070683586814,112.3742576432451
450.18001872840597,112.51862004329851
450.9529690981305,112.66530786601024
451.7259194678551,112.81427505117215
452.49886983757966,112.96547553857616
453.2718202073042,116.33355021886108
454.04477057702877,110.12773852335168
454.81772094675335,113.43201621216002
455.5906713164779,113.59168930645167
456.36362168620246,113.75336540194499
457.13657205592705,115.29987916993946
457.9095224256516,114.08254235570442
458.68247279537616,114.886903602141
459.45542316510074,114.41917859177367
460.22837353482527,114.59017879015428
461.00132390454985,115.11377705147801
461.77427427427443,114.93731304656703
462.54722464399896,115.11335498418299
463.32017501372354,113.17614132269036
464.0931253834481,115.4701581771938
464.86607575317265,115.1530645447036
465.63902612289723,119.00101249614427
466.41197649262176,116.0164703580357
467.18492686234634,116.20135214850423
467.9578772320709,116.38754603705323
468.73082760179545,116.57500596347461
469.50377797152004,118.32795809890494
470.2767283412446,116.95353968910223
471.04967871096915,115.32700459875527
471.82262908069373,117.33658484372242
472.5955794504183,117.52968405638453
473.36852982014284,117.71390468459444
474.1414801898674,117.91880594287585
474.914430559592,116.42584874887068
475.68738092931653,118.3115945641813
476.4603312990411,118.5093201169417
477.2332816687657,118.70791368472123
478.0062320384902,121.25282701327512
478.7791824082148,119.10764642617997
479.5521327779394,119.3087563802803
480.3250831476639,119.51067591024204
481.0980335173885,122.28003093812333
481.8709838871131,119.91688525859186
482.6439342568376,120.12114585740112
483.4168846265622,120.32615759291394
484.1898349962868,120.53190585534101
484.9627853660113,120.73837603489277
485.7357357357359,117.65274907462253
486.5086861054604,121.15342370621275
487.281636475185,125.15718763960069
488.0545868449096,121.57118372855842
488.8275372146341,121.78104434689226
489.6004875843587,123.9010071563266
490.3734379540833,122.20265374893476
491.1463883238078,122.41437331306453
491.9193386935324,122.81959067017151
492.69228906325696,122.83956911859391
493.4652394329815,123.05301614041461
494.2381898027061,123.26700976188681
495.01114017243066,123.48153537322098
495.7840905421552,124.98757666607405
496.55704091187977,123.9121241263175
497.32999128160435,126.75723046606932
498.1029416513289,124.3446655213887
498.87589202105346,124.56163193519119
499.64884239077804,124.77904268011905
500.42179276050257,124.99688314638274
501.19474313022715,125.21513872419297
501.96769349995174,125.43379480376016
502.74064386967626,125.65283677529497
503.51359423940085,125.87225002900789
504.28654460912543,126.09201995510949
505.05949497884995,127.48118469142204
505.83244534857454,126.532571385321
506.6053957182991,126.75332366985205
507.37834608802365,126.97437418761398
508.15129645774823,126.3528291051255
508.92424682747276,127.41731148367292
509.69719719719734,127.639169042391
510.4701475669219,127.00050114483052
511.24309793664645,128.08358893225721
512.016048306371,128.3061220438264
512.7889986760956,128.52885112010046
513.5619490458201,128.75176155128986
514.3348994155447,128.97483872760523
515.1078497852693,130.6218920160396
515.8808001549938,129.42143487645612
516.6537505247184,129.64492462941269
517.426700894443,129.86852268833744
518.1996512641675,130.09221444344092
518.972601633892,130.31598528493367
519.7455520036167,132.29988422994336
520.5185023733412,130.76370578792944
521.2914527430657,130.98762622985342
522.0644031127904,133.2048402576526
522.8373534825149,131.4355144456066
523.6103038522394,131.61174762443673
524.3832542219641,131.88336837197033
525.1562045916886,132.1072459521576
525.9291549614131,132.33107113062914
526.7021053311378,132.5548292975956
527.4750557008623,132.77850584326745
528.2480060705868,133.0020861578553
529.0209564403115,133.22555563156973
529.793906810036,136.37508612817615
530.5668571797605,133.67210361722042
531.3398075494852,133.89515290957786
532.1127579192097,134.1180329219041
532.8857082889342,134.34072904440958
533.6586586586589,133.51911633744857
534.4316090283834,134.78551118429905
535.2045593981079,134.05736729628933
535.9775097678325,135.22938687219437
536.7504601375571,134.61849198513443
537.5234105072816,135.71227274632506
538.2963608770062,135.89328411865165
539.0693112467308,136.11402369152069
539.8422616164553,136.33446330147834
540.6152119861799,134.4960412097698
541.3881623559045,136.77439413281223
542.161112725629,136.99386110426494
542.9340630953536,137.212979612959
543.7070134650781,137.43173753393265
544.4799638348027,136.7050663295594
545.2529142045273,137.86812311287147
546.0258645742518,138.08572652091306
546.7988149439764,138.30292084138696
547.571765313701,138.5196939493314
548.3447156834255,138.73603371978467
549.1176660531501,138.9519280277848
549.8906164228747,139.1673647483701
550.6635667925992,139.38233175657865
551.4365171623238,138.44856487469102
552.2094675320484,139.81080813601858
552.9824179017729,140.02429325732632
553.7553682714974,140.23726016641012
554.5283186412221,140.44969673830823
555.3012690109466,140.66159084805878
556.0742193806711,140.8729303707
556.8471697503958,141.08370318127012
557.6201201201203,141.29389715480727
558.3930704898448,141.5035001663497
559.1660208595695,141.71250009093555
559.938971229294,141.92088480360303
560.7119215990185,141.57391389741403
561.4848719687432,142.33576009333572
562.2578223384677,142.54222642047725
563.0307727081922,142.74802903585322
563.8037230779169,142.95315581450174
564.5766734476414,143.15759463146114
565.3496238173659,143.36133336176945
566.1225741870905,143.56435988046493
566.8955245568151,143.76666206258585
567.6684749265396,143.9682277831703
568.4414252962642,144.16904491725649
569.2143756659888,144.36910133988266
569.9873260357133,144.56838492608694
570.7602764054379,144.76688355090758
571.5332267751623,144.90137384168327
572.306177144887,142.92641492244815
573.0791275146116,145.35754840744943
573.852077884336,144.95486619212642
574.6250282540607,145.74717788059252
575.3979786237853,145.9407121129132
576.1709289935097,148.11258189551214
576.9438793632344,146.3251589442438
577.716829732959,146.51604729333013
578.4897801026834,147.0875893107109
579.2627304724081,146.26122151118318
580.0356808421327,147.0832265747315
580.8086312118571,147.65524484546648
581.5815815815818,147.45665337449955
582.3545319513064,147.42317926505865
583.1274823210308,147.8262128310246
583.9004326907555,148.00951199316643
584.6733830604801,148.19180794461207
585.4463334302045,146.5009011585397
586.2192837999291,148.55334171556748
586.9922341696538,147.2897987120277
587.7651845393782,148.9107171441965
588.5381349091028,149.08781516773405
589.3110852788275,149.7246535859043
590.0840356485519,149.43877120844627
590.8569860182765,149.6126049756973
591.629936388001,149.78532640759587
592.4028867577256,149.95692337918018
593.1758371274502,150.12738376548845
593.9487874971747,150.29669544155877
594.7217378668993,150.46484628242942
595.4946882366239,150.63182416313862
596.2676386063484,150.79761695872452
597.040588976073,150.14829531767217
597.8135393457976,151.12559879467912
598.5864897155221,151.28776358512425
599.3594400852467,150.93127084813278
600.1323904549713,154.99117602376268
600.9053408246958,154.46183465835398
601.6782911944204,151.92396564758138
602.451241564145,152.50586134591046
603.2241919338695,152.23442266975064
603.997142303594,152.3876977412041
604.7700926733187,152.53965435295444
605.5430430430432,152.69028038003967
606.3159934127677,152.83956369749822
607.0889437824924,152.98749218036815
607.8618941522169,153.50883202950507
608.6348445219414,153.27923614249494
609.4077948916661,153.42302737182817
610.1807452613906,153.5654152667256
610.9536956311151,155.92875902344275
611.7266460008398,153.84593255336574
612.4995963705643,153.9840376951849
613.2725467402888,154.1206910027209
614.0454971100135,154.25588035101208
614.8184474797381,152.43708995691526
615.5913978494625,154.5218186700126
616.3643482191871,154.1067160818795
617.1372985889118,154.781755652492
617.9102489586362,154.90944333013172
618.6831993283608,155.03559429875574
619.4561496980855,157.30640301387024
620.2291000678099,155.28323760910948
621.0020504375345,155.40470570091557
621.775000807259,155.52458858385864
622.5479511769836,155.64287413297708
623.3209015467082,155.75955054153454
624.0938519164326,157.2956980475051
624.8668022861573,155.98808101980472
625.6397526558819,156.09995621520287
626.4127030256063,156.21025259094552
627.185653395331,156.31898105415965
627.9586037650556,157.52165565980275
628.73155413478,155.94163925212393
629.5045045045047,156.63586803989907
630.2774548742293,156.73843392426744
631.0504052439537,156.83948643174162
631.8233556136784,155.9536240917402
632.596305983403,158.18089940048014
633.3692563531274,157.13367276406723
634.142206722852,157.22878083523307
634.9151570925767,157.32243006513897
635.6881074623011,157.4146313609118
636.4610578320257,157.5053956296785
637.2340082017504,157.5947337785659
638.0069585714748,157.6826567147008
638.7799089411994,157.76917534521016
639.5528593109241,157.8543005772208
640.3258096806485,157.9380433178596
641.0987600503731,156.18062138305214
641.8717104200978,158.1014249535292
642.6446607898222,154.9354858028901
643.4176111595468,156.6626023437204
644.1905615292715,158.33640139991647
644.9635118989959,158.41207824198847
645.7364622687205,158.48644894257671
646.5094126384452,158.55952440880804
647.2823630081696,155.79803804658476
648.0553133778942,158.70183326670752
648.8282637476188,158.7710884726294
649.6012141173433,158.83909207270182
650.3741644870679,156.93115463042145
651.1471148567925,158.97138808380595
651.920065226517,159.0357023090913
652.6930155962416,161.0491504864431
653.4659659659662,159.16071773476307
654.2389163356906,158.08996349394482
655.0118667054153,159.28098850808195
655.7848170751399,162.41862755715684
656.5577674448643,159.0729640928152
657.330717814589,159.45268931961888
658.1036681843136,159.50764512572093
658.876618554038,159.561480211496
659.6495689237627,162.73575340411196
660.4225192934873,159.66583185057252
661.1954696632117,159.7163702181277
661.9684200329364,159.7658314938634
662.741370402661,159.8142265849064
663.5143207723854,159.86156639838367
664.2872711421101,159.9078618414219
665.0602215118347,163.1960023093783
665.8331718815591,158.4422829331263
666.6061222512838,159.42448186376555
667.3790726210084,160.08281805172308
668.1520229907328,160.1240552494697
668.9249733604574,160.16431351953858
669.6979237301821,159.96956011878268
670.4708740999065,160.62260366701588
671.2438244696311,160.27932383494766
672.0167748393558,160.31577546557432
672.7897252090802,160.35130270415758
673.5626755788048,160.38591645782435
674.3356259485295,160.41962763370145
675.1085763182539,160.4524471389158
675.8815266879785,160.48438588059423
676.6544770577032,160.51545476586355
677.4274274274276,160.5456647018507
678.2003777971522,160.5750265956826
678.9733281668769,160.60355135448606
679.7462785366013,160.63124988538786
680.5192289063259,159.48064117591318
681.2921792760505,160.6842118919943
682.065129645775,159.0879533564743
682.8380800154996,160.73399987251688
683.6110303852242,160.75773087081384
684.3839807549487,161.85297045278858
685.1569311246733,160.8029214191136
685.9298814943979,160.82440278337006
686.7028318641223,160.84515608386678
687.475782233847,160.86519222773057
688.2487326035716,160.88452212208838
689.021682973296,160.90315667406702
689.7946333430207,160.92110679079332
690.5675837127453,159.80915653425214
691.3405340824697,160.95499734699658
692.1134844521944,160.97095960072718
692.886434821919,160.98628104771305
693.6593851916434,161.0009725950809
694.4323355613681,160.87935598720128
695.2052859310927,161.02850961947027
695.9782363008171,161.04137691074553
696.7511866705418,160.93599558144768
697.5241370402664,161.06536358709138
698.2970874099908,161.07650478641574
699.0700377797154,162.8240509653459
699.8429881494401,161.09713744300169
700.6159385191645,157.11137095759324
701.3888888888891,161.11564315768308
702.1618392586138,159.24122118690883
702.9347896283382,161.13210918747487
703.7077399980628,161.1396045883543
704.4806903677875,161.3548971426904
705.2536407375119,159.386633473713
706.0265911072365,161.15927122044926
706.7995414769609,161.16492326472266
707.5724918466856,161.17014173766177
708.3454422164102,161.17493754639338
709.1183925861346,161.17932159804445
709.8913429558593,162.51749206792442
710.6642933255839,161.0550856906147
711.4372436953083,161.19011228178263
712.210194065033,161.19295837637992
712.9831444347576,161.19544724953101
713.756094804482,161.1975898083627
714.5290451742067,161.19939696000185
715.3019955439313,161.20087961157537
716.0749459136557,161.20204867021005
716.8478962833804,161.20291504303285
717.620846653105,161.20348963717055
718.3937970228294,159.24735440467146
719.166747392554,160.54579281733223
719.9396977622787,161.20357181874215
720.7126481320031,161.2030883694084
721.4855985017277,158.56627787175387
722.2585488714524,161.20142064871553
723.0314992411768,160.29295455782028
723.8044496109014,161.1988912128348
724.5773999806261,162.96192851511304
725.3503503503505,161.19558731878112
726.1233007200751,161.1936722177566
726.8962510897998,161.1915962235694
727.6692014595242,161.1893702433465
728.4421518292488,162.652137092955
729.2151021989735,161.18451195330078
729.9880525686979,161.18190145773173
730.7610029384225,161.17918460463437
731.5339533081471,161.1763723011356
732.3069036778716,161.1734754543623
733.0798540475962,161.17050497144126
733.8528044173208,161.16747175949942
734.6257547870453,161.16438672566366
735.3987051567699,161.16126077706076
736.1716555264945,161.15810482081764
736.944605896219,161.15492976406117
737.7175562659436,159.46717152703494
738.4905066356682,161.14856597751563
739.2634570053926,159.11645191921758
740.0364073751173,162.99862741860494
740.8093577448419,161.1391497220189
741.5823081145663,161.13608911184656
742.355258484291,161.13308575104895
743.1282088540156,164.87402983379596
743.90115922374,158.86224391587007
744.6741095934647,165.3323666273691
745.4470599631893,161.12186294414295
746.2200103329137,161.1193093645855
746.9929607026384,161.11687375348487
747.765911072363,164.4395118880626
748.5388614420874,160.94612633905516
749.311811811812,162.68279257501308
750.0847621815367,159.36563335824528
750.8577125512611,161.1064183718148
751.6306629209857,161.6525400688671
752.4036132907104,161.10301004291094
753.1765636604348,161.1014652498317
753.9495140301594,160.54134424552885
754.7224643998841,158.64454682174048
755.4954147696085,161.09744901206943
756.2683651393331,161.09631093996936
757.0413155090578,161.0952705181108
757.8142658787822,162.5388281667541
758.5872162485068,161.0934761771129
759.3601666182315,161.09271903397092
760.1331169879559,161.0920530930652
760.9060673576805,161.0914767423944
761.6790177274052,161.9545328199591
762.4519680971296,159.92468904975803
763.2249184668542,160.911533768289
763.9978688365788,161.09003500203426
764.7708192063033,161.08988242251837
765.5437695760279,161.08980976122956
766.3167199457525,161.08981540616645
767.089670315477,161.08989774532773
767.8626206852016,161.09005516671215
768.6355710549262,160.2640854466932
769.4085214246506,163.74853469974582
770.1814717943753,160.8006355088127
770.9544221640999,161.0914034344545
771.7273725338243,161.8899338795159
772.500322903549,161.09248614963005
773.2732732732736,161.09312401053933
774.046223642998,161.09382405766124
774.8191740127227,161.09458467899435
775.5921243824473,161.09540426253747
776.3650747521717,161.0962811962892
777.1380251218964,161.09721386824825
777.910975491621,161.0982006664133
778.6839258613454,161.57895071843265
779.45687623107,164.17817238800498
780.2298266007947,161.53102055569593
781.0027769705191,161.10265688110744
781.7757273402437,163.07132398741302
782.5486777099684,157.17034609363756
783.3216280796928,161.10648837922676
784.0945784494174,161.10785015499258
784.8675288191421,161.1092515489526
785.6404791888665,161.11069094910553
786.4134295585911,161.11216674345
787.1863799283158,161.11367731998467
787.9593302980402,161.11522106670822
788.7322806677648,161.11679637161953
789.5052310374892,159.05371918067402
790.2781814072139,161.12003520799954
791.0511317769385,161.1216955154657
791.8240821466629,163.9831671147741
792.5970325163876,161.1250898489438
793.3699828861122,161.12682065095305
794.1429332558366,161.87347661253713
794.9158836255613,161.13034146550558
795.6888339952859,161.13212825404614
796.4617843650103,161.1339304807612
797.234734734735,161.13574653364938
798.0076851044596,165.79198762546895
798.780635474184,159.39588505192364
799.5535858439086,161.14126152933974
800.3265362136333,161.1431167669074
801.0994865833577,161.14497777064162
801.8724369530823,161.1468429285412
802.645387322807,161.14871062860465
803.4183376925314,160.2066124062594
804.191288062256,161.1524472072182
804.9642384319807,161.15431286176562
805.7371888017051,161.15617461047174
806.5101391714297,161.5920134513014
807.2830895411544,161.15987994235485
808.0560399108788,160.10544078668195
808.8289902806034,161.16355030685696
809.6019406503281,160.25704405062507
810.3748910200525,161.16717280796757
811.1478413897771,161.16896207974779
811.9207917595018,161.17073454967615
812.6937421292262,163.04634100156554
813.4666924989508,161.1742226359722
814.2396428686754,159.6785438886739
815.0125932383999,161.17762417084518
815.7855436081245,161.17928845149476
816.5584939778491,161.18092625828464
817.3314443475736,161.1825359792134
818.1043947172982,161.18411600227998
818.8773450870228,161.18566471548283
819.6502954567472,161.18718050682074
820.4232458264719,161.18866176429233
821.1961961961965,161.19010687589636
821.9691465659209,161.1915142296315
822.7420969356456,161.1928822134964
823.5150473053702,162.9861655775301
824.2879976750946,161.1954936236103
825.0609480448193,160.43052985998054
825.8338984145439,161.1979282102275
826.6068487842683,161.19907516472162
827.379799153993,161.20017307733758
828.1527495237176,161.22161342101037
828.925699893442,161.20221532892998
829.6986502631667,161.20315644390377
830.4716006328913,161.20404206899417
831.2445510026157,161.20487059219985
832.0175013723403,159.44737281357095
832.790451742065,161.2063498849521
833.5634021117894,161.2069974304959
834.336352481514,157.33571926549396
835.1093028512387,161.20810025991244
835.8822532209631,162.82355576874585
836.6552035906877,161.2089359937587
837.4281539604124,161.20924966983966
838.2011043301368,156.84078453719079
838.9740546998614,161.20966058031084
839.7470050695861,161.20975459069837
840.5199554393105,159.50142748014466
841.2929058090351,159.0489495966513
842.0658561787598,161.20957149845304
842.8388065484842,161.20935005323088
843.6117569182088,159.86153170152085
844.3847072879335,161.20865686906814
845.1576576576579,161.20818190612493
845.9306080273825,161.20761921327207
846.7035583971071,163.30439238450353
847.4765087668316,161.20622418983214
848.2494591365562,161.20538863524243
849.0224095062808,161.20445890273783
849.7953598760053,161.203433380317
850.5683102457299,161.2023104559786
851.3412606154545,161.20108851772142
852.1142109851789,162.5310944136875
852.8871613549036,163.2520726666295
853.6601117246282,162.40049701073616
854.4330620943526,161.19517838547773
855.2060124640773,161.19343719760656
855.9789628338019,163.33804308355298
856.7519132035263,161.18962715208266
857.524863573251,161.18755507042732
858.2978139429756,161.18536946684134
859.0707643127,161.1830687293233
859.8437146824247,161.18065124587199
860.6166650521493,161.17811540448605
861.3896154218737,161.1754595931642
862.1625657915984,161.17268219990504
862.935516161323,161.16978161270737
863.7084665310474,161.768182427742
864.481416900772,158.29740206197593
865.2543672704967,162.88906276198117
866.0273176402211,161.15691508450465
866.8002680099457,161.56285587835177
867.5732183796704,161.14970074473771
868.3461687493948,161.14589266393327
869.1191191191194,161.14194849317974
869.8920694888441,161.13786662047582
870.6650198585685,161.13364543382013
871.4379702282931,161.12928332121152
872.2109205980175,161.12477867064848
872.9838709677422,161.12012987012986
