100.80645161290323,147.41669997879976
101.5794019826278,148.53069339267307
102.35235235235236,147.93894358607878
103.12530272207692,149.12888151740503
103.89825309180148,151.4691887767276
104.67120346152605,154.37734823886535
105.44415383125062,152.04274775685664
106.21710420097517,152.25245374446692
106.99005457069974,152.27645936249962
107.76300494042431,152.98785706152694
108.53595531014886,153.16539060023624
109.30890567987343,153.44094892347735
110.08185604959799,153.71446512427556
110.85480641932256,153.98593861893016
111.62775678904713,154.2553688237405
112.40070715877168,151.7850002138948
113.17365752849625,154.78809702902544
113.9466078982208,153.49570092028526
114.71955826794537,155.31264507052475
115.49250863766994,156.50527816792655
116.2654590073945,152.19349526346676
117.03840937711907,156.08411911091346
117.81135974684364,152.7070885725687
118.58431011656819,156.58819631342428
119.35726048629276,156.83716151625305
120.13021085601733,159.79352153329987
120.90316122574188,159.29859756058386
121.67611159546645,157.76664320360842
122.449061965191,159.0038091355576
123.22201233491558,160.966147691889
123.99496270464013,155.14998453201275
124.7679130743647,158.88628908787246
125.54086344408927,158.7550445281528
126.31381381381382,155.707674112953
127.08676418353839,159.79885638623864
127.85971455326296,159.56315669064765
128.63266492298752,161.50722407735407
129.40561529271207,159.93983358320494
130.17856566243665,160.10718916407822
130.9515160321612,161.1541078019739
131.72446640188576,158.8938299160013
132.49741677161035,160.7554879501162
133.2703671413349,158.97222252892848
134.04331751105946,161.1773899463232
134.81626788078404,163.02668025166955
135.5892182505086,161.591048739069
136.36216862023315,161.79478547489228
137.13511898995773,159.3025752347101
137.9080693596823,162.19607070693587
138.68101972940684,162.39361803575488
139.45397009913142,165.074818584643
140.22692046885598,163.2639324032103
140.99987083858053,160.8112088951857
141.7728212083051,163.16315848332897
142.54577157802967,164.0727295115861
143.31872194775423,160.63039591761904
144.09167231747878,163.71861616430294
144.86462268720334,159.71487607439437
145.63757305692792,164.07858031291488
146.41052342665247,164.2554583445075
147.18347379637703,164.43026623602364
147.9564241661016,164.60300340376264
148.72937453582617,163.4160063797107
149.50232490555072,163.2980019346325
150.2752752752753,163.33927494974296
151.04822564499986,166.17392166043328
151.82117601472441,165.43560795627528
152.594126384449,167.10226846094574
153.36707675417355,165.75413428131563
154.1400271238981,165.91028464561197
154.9129774936227,168.190645997583
155.68592786334725,167.12609812633448
156.4588782330718,166.36627754119732
157.23182860279638,169.1795067737616
158.00477897252094,167.478210565737
158.7777293422455,165.02666043922548
159.55067971197008,165.44428115341293
160.32363008169463,167.08470335411872
161.0965804514192,166.34516601143665
161.86953082114377,166.55338636012905
162.64248119086832,165.36571443980228
163.41543156059288,168.14194004121893
164.18838193031743,165.51164367443786
164.961332300042,167.8781465681773
165.73428266976657,168.003095987648
166.50723303949113,169.56756269586927
167.28018340921568,164.81214544715658
168.05313377894026,168.0413358661607
168.82608414866482,166.12237172390638
169.59903451838937,171.80348377741657
170.37198488811396,170.65040466250713
171.1449352578385,168.81933672407277
171.91788562756307,168.92759193917217
172.69083599728765,169.033757752072
173.4637863670122,174.0546811639486
174.23673673673676,168.3314317460061
175.00968710646134,168.97846884316635
175.7826374761859,168.58906586008442
176.55558784591045,169.4842230897237
177.32853821563504,169.57671505016003
178.1014885853596,170.45093829832166
178.87443895508414,169.80779573200218
179.64738932480873,171.6337025438139
180.42033969453328,170.39291312395383
181.19329006425784,166.22540018341903
181.96624043398242,170.144561668249
182.73919080370695,171.87391688752334
183.51214117343153,169.59003451849065
184.2850915431561,168.94859958601825
185.05804191288064,166.05300556994862
185.83099228260522,171.77601513352997
186.6039426523298,170.58678918934538
187.37689302205433,170.65314545732056
188.14984339177892,171.71733036806816
188.92279376150347,172.09385946467444
189.69574413122803,172.6641415803701
190.4686945009526,173.70201881514964
191.24164487067716,168.2974954292646
192.01459524040172,173.75738830526888
192.7875456101263,173.5948708849434
193.56049597985086,168.33547275670443
194.3334463495754,174.14860033483504
195.1063967193,171.4501191759454
195.87934708902455,171.24426496079852
196.6522974587491,173.5136813379161
197.4252478284737,170.0122569445997
198.19819819819824,171.36125462273085
198.9711485679228,169.59476011906008
199.74409893764738,169.35619202524265
200.51704930737193,174.3814907952563
201.2899996770965,171.48770864237716
202.06295004682107,171.51404464947512
202.8359004165456,168.54763228411556
203.60885078627018,172.86817832481938
204.38180115599476,171.58037733680507
205.1547515257193,169.91187499825813
205.92770189544387,167.65804952414575
206.70065226516846,169.6575350108604
207.47360263489298,172.22975467148808
208.24655300461757,171.64864568043342
209.01950337434212,171.6559511755646
209.79245374406668,171.66113925086256
210.56540411379126,170.98522202999138
211.33835448351581,171.2321948458196
212.11130485324037,169.65494332443964
212.88425522296495,171.75012312123434
213.6572055926895,168.94472019762912
214.43015596241406,167.5877467355457
215.20310633213865,168.53420605528294
215.9760567018632,171.643880109654
216.74900707158776,171.47147447508277
217.52195744131234,168.15976758060899
218.2949078110369,171.57829143175303
219.06785818076145,171.5580249403987
219.84080855048603,173.16054471297838
220.61375892021059,175.95402022407822
221.38670928993514,172.49893307941818
222.15965965965972,171.24260445503066
222.93261002938428,170.45955821168857
223.70556039910883,172.02965540847165
224.47851076883342,171.3566265912969
225.25146113855794,168.99534899728863
226.02441150828253,171.67248066402948
226.7973618780071,174.8087140477056
227.57031224773164,171.19471459716002
228.34326261745622,169.282335563901
229.11621298718077,173.49012007911347
229.88916335690536,170.93450315495235
230.6621137266299,173.37414031496826
231.43506409635447,170.79729764709862
232.20801446607902,170.88789207244275
232.9809648358036,170.82928613192115
233.75391520552816,169.24405489220266
234.5268655752527,167.05282393250158
235.2998159449773,170.12877229910703
236.07276631470185,170.4413859405686
236.8457166844264,170.5042014221653
237.618667054151,170.43272169410832
238.39161742387554,169.36814973104524
239.1645677936001,170.28308683448677
239.93751816332468,170.20486376126985
240.71046853304924,170.12432496468065
241.4834189027738,170.04143647389296
242.25636927249835,166.2243354193758
243.02931964222293,169.24351032875447
243.80227001194748,169.29501554027547
244.57522038167204,169.6857061522349
245.34817075139662,168.99417199314598
246.12112112112118,168.55738672826445
246.89407149084573,172.23389666619715
247.66702186057032,169.28966305730972
248.43997223029487,166.7513556465159
249.21292260001943,171.89012806888456
249.985872969744,168.73096769470922
250.75882333946856,168.851133056244
251.53177370919312,167.2594578156302
252.30472407891767,165.76412108431515
253.07767444864226,168.49304564648318
253.8506248183668,167.5417565149048
254.62357518809137,166.8300357172519
255.39652555781595,169.19801663163577
256.1694759275405,168.01332258698778
256.94242629726506,167.83791580419646
257.71537666698964,166.124223211212
258.48832703671417,167.1687890540301
259.26127740643875,170.07837408445343
260.03422777616333,167.25888028746755
260.80717814588786,167.10620892322024
261.58012851561244,166.91937448309898
262.353078885337,168.61436175809538
263.12602925506155,166.62866133310376
263.89897962478614,166.97376538054732
264.6719299945107,167.94558700719435
265.44488036423525,167.33264633593578
266.21783073395983,167.12504536327233
266.9907811036844,164.2637977202259
267.76373147340894,161.87463882995183
268.5366818431335,166.34191297052894
269.3096322128581,165.20597657997735
270.08258258258263,162.7538025947934
270.8555329523072,164.11015863422654
271.6284833220318,164.61389485163554
272.4014336917563,161.361259586072
273.1743840614809,160.01707050859136
273.9473344312055,167.90963429011234
274.72028480093,163.7723746352359
275.4932351706546,163.55246848182878
276.2661855403792,163.32868394704653
277.0391359101037,160.4011661457339
277.8120862798283,162.869343850052
278.5850366495529,160.50779069827846
279.3579870192774,163.2998003925719
280.130937389002,159.11558861117967
280.90388775872657,161.9026283632102
281.6768381284511,163.41616241911103
282.4497884981757,158.91594556057368
283.22273886790026,160.25826417453985
283.9956892376248,159.9245007325112
284.7686396073493,161.44909917800888
285.54158997707395,159.22177273827162
286.3145403467985,161.29563328792491
287.087490716523,158.20893987604725
287.86044108624765,161.2070725511677
288.6333914559722,157.86110913475048
289.4063418256967,153.96278732346133
290.17929219542134,154.83931967629132
290.95224256514587,153.30441795457432
291.7251929348704,156.45923898712493
292.49814330459503,157.67314047038272
293.27109367431956,158.03161571198711
294.0440440440441,157.0332993131072
294.81699441376867,156.7067096557567
295.58994478349325,159.0491851311706
296.3628951532178,154.8085280427633
297.13584552294236,155.70137074077113
297.90879589266694,157.64808342394593
298.68174626239147,155.01075848826625
299.45469663211605,153.7621607887615
300.22764700184064,154.61519990468628
301.00059737156516,151.18885015591394
301.77354774128975,156.564659758893
302.54649811101433,156.88263371920107
303.31944848073886,152.53988406712932
304.09239885046344,152.47679876178412
304.865349220188,150.10808608933309
305.63829958991255,156.50091045552992
306.41124995963713,151.97276182052
307.1842003293617,152.49316151480693
307.95715069908624,150.5684810650255
308.7301010688108,149.59763408746204
309.5030514385354,148.19511343235047
310.27600180825993,150.69181595970855
311.0489521779845,147.8251859707833
311.8219025477091,152.08444995340705
312.5948529174336,146.39444791742292
313.3678032871582,146.73112176952972
314.1407536568828,145.57879297150959
314.9137040266073,145.05242401123553
315.6866543963319,146.55668822546633
316.4596047660565,148.4032488278061
317.232555135781,144.72522931376582
318.0055055055056,143.86479495775617
318.7784558752302,144.8954620281123
319.5514062449547,144.4762624975981
320.3243566146793,147.94140188209897
321.0973069844039,142.0344497609748
321.8702573541284,140.70325230781637
322.643207723853,141.3191614681443
323.41615809357756,142.36151684095893
324.1891084633021,141.93546349243564
324.9620588330266,141.5085905327199
325.73500920275126,142.62930054873843
326.5079595724758,142.1688498344874
327.2809099422003,140.2239759630151
328.05386031192495,139.79474653512676
328.8268106816495,139.36515847521372
329.599761051374,138.9353029287111
330.37271142109864,138.74814288028924
331.14566179082317,137.7627040556414
331.9186121605477,139.89435061126673
332.69156253027234,134.6661009037967
333.46451289999686,141.43190824156704
334.2374632697214,136.3555370818977
335.010413639446,135.64183063028375
335.78336400917055,135.4975084123623
336.5563143788951,133.79010116099425
337.32926474861966,136.65377968743974
338.10221511834425,133.54147053415227
338.8751654880688,133.28431351441813
339.64811585779336,131.81768019843412
340.42106622751794,135.69125687829987
341.19401659724247,132.3301581171254
341.96696696696705,131.3327734364291
342.73991733669163,131.673038201583
343.51286770641616,131.25357852436716
344.28581807614074,130.8355412057493
345.0587684458653,130.49432025395294
345.83171881558985,130.42091258893413
346.60466918531444,127.54867002894355
347.377619555039,131.05553709574022
348.15056992476354,130.69818746367196
348.9235202944881,125.48954952463438
349.6964706642127,126.30092709140399
350.46942103393724,127.55311885439035
351.2423714036618,127.15188449617526
352.0153217733864,123.59730589795436
352.78827214311093,126.3564396049533
353.5612225128355,124.88217231253905
354.3341728825601,125.55082634871161
355.1071232522846,128.00499084089182
355.8800736220092,122.39812184302656
356.6530239917338,124.41294963596742
357.4259743614583,124.03269830578571
358.1989247311829,123.65547002741023
358.9718751009075,121.9902496110203
359.744825470632,122.72074394466874
360.5177758403566,124.32225801593282
361.2907262100811,120.5352629133816
362.0636765798057,121.81778687164211
362.8366269495303,121.46056437951349
363.6095773192548,121.10698743099435
364.3825276889794,120.75714495348498
365.155478058704,124.19931118000846
365.9284284284285,120.06901912109774
366.7013787981531,119.73091362102069
367.47432916787767,120.34795024572394
368.2472795376022,118.33496423990874
369.0202299073268,118.74149391406151
369.79318027705136,117.7862746114933
370.5661306467759,120.80809923349567
371.3390810165005,117.79128687241973
372.11203138622506,120.37101171412014
372.8849817559496,117.18078602406315
373.65793212567417,116.8826935359076
374.43088249539875,118.05330285101783
375.2038328651233,113.71044486219104
375.97678323484786,112.44831058213877
376.74973360457244,116.00904184274319
377.52268397429697,115.46736755137566
378.29563434402155,115.19995213752155
379.06858471374613,115.07063085362982
379.84153508347066,116.20499437822835
380.61448545319524,116.368702150057
381.3874358229198,118.71593136619683
382.16038619264435,112.43407277160755
382.93333656236894,113.71247803740167
383.70628693209346,109.83568123739954
384.47923730181805,113.26336602659335
385.25218767154263,111.35775997329398
386.02513804126716,116.476691841473
386.79808841099174,112.63568986581267
387.5710387807163,109.84797899564458
388.34398915044085,109.61869713448726
389.11693952016543,111.23131281682788
389.88988988989,113.50361649180336
390.66284025961454,113.69344759350736
391.4357906293391,110.39547610221315
392.2087409990637,108.99425104446107
392.98169136878823,108.38511174166025
393.7546417385128,111.40501573467564
394.5275921082374,110.93306825585744
395.3005424779619,113.15447059715027
396.0734928476865,112.47792993160667
396.8464432174111,109.48919130460759
397.6193935871356,110.41256819745264
398.3923439568602,113.2033670554786
399.1652943265848,110.18524750992964
399.9382446963093,109.60566675388141
400.7111950660339,109.97938840797333
401.4841454357585,110.2610271476384
402.257095805483,109.79462240991907
403.0300461752076,110.40442587593579
403.8029965449321,109.63058103410225
404.5759469146567,109.55621692901263
405.3488972843813,110.04822596707236
406.1218476541058,109.58161019789172
406.8947980238304,111.4421145416301
407.667748393555,106.94691261263722
408.4406987632795,109.25911982342954
409.2136491330041,109.21432266482934
409.98659950272867,108.50487183106371
410.7595498724532,110.17371864115907
411.5325002421778,109.10834663031608
412.30545061190236,107.38842875887782
413.0784009816269,109.06091487296585
413.85135135135147,109.04402649336414
414.62430172107605,107.35970457443504
415.3972520908006,109.02367443126691
416.17020246052516,109.02011862835525
416.94315283024974,108.12488393251334
417.71610319997427,109.02601717776554
418.48905356969885,110.83011078581964
419.26200393942344,107.94292382480592
420.03495430914796,108.13649113279453
420.80790467887255,110.6905726159727
421.58085504859713,104.57758588614682
422.35380541832166,109.23164254063609
423.12675578804624,108.30841663873098
423.89970615777077,108.6461975835672
424.67265652749535,110.22259731527133
425.44560689721993,107.40998094321809
426.21855726694446,109.35316580982487
426.99150763666904,113.00650150684902
427.7644580063936,107.93080221558783
428.53740837611815,107.83466483639116
429.31035874584273,109.58795183658565
430.0833091155673,109.65568611448724
430.85625948529184,110.7673948094455
431.6292098550164,109.8016775742876
432.402160224741,107.93646992151086
433.17511059446554,107.45571694938567
433.9480609641901,110.04628112085967
434.7210113339147,110.13446242405045
435.49396170363923,110.22589035406112
436.2669120733638,111.41271530099736
437.0398624430884,112.35386791744973
437.8128128128129,111.66321226387859
438.5857631825375,110.6231471381414
439.3587135522621,106.74515078169541
440.1316639219866,109.25820225832507
440.9046142917112,110.95292235761465
441.6775646614358,111.06866513469367
442.4505150311603,110.65320837381145
443.2234654008849,111.3086008834852
443.9964157706095,111.43270173478152
444.769366140334,111.55949649040076
445.5423165100586,110.86077416813934
446.3152668797831,115.40226268027861
447.0882172495077,108.66046357002259
447.8611676192323,109.46480986175189
448.6341179889568,113.51526833495534
449.4070683586814,113.88632766503896
450.18001872840597,115.234580570705
450.9529690981305,114.73205977615933
451.7259194678551,112.48428751963525
452.49886983757966,113.2110032106346
453.2718202073042,113.11886326801418
454.04477057702877,113.27439217927818
454.81772094675335,114.5321936722579
455.5906713164779,114.09769266285028
456.36362168620246,113.15312291811608
457.13657205592705,116.69212029225653
457.9095224256516,114.08254235570442
458.68247279537616,114.24995109355436
459.45542316510074,114.67574182440298
460.22837353482527,113.6812534708799
461.00132390454985,112.1630744655315
461.77427427427443,114.93731304656703
462.54722464399896,112.41618672134122
463.32017501372354,115.02298250131086
464.0931253834481,113.98491175624576
464.86607575317265,117.51678186086166
465.63902612289723,117.42344728790907
466.41197649262176,116.0164703580357
467.18492686234634,115.05338787237663
467.9578772320709,116.62699629568739
468.73082760179545,116.57500596347461
469.50377797152004,114.0934264622074
470.2767283412446,117.27297323710066
471.04967871096915,117.14452136789228
471.82262908069373,115.71373936735752
472.5955794504183,116.09852281809735
473.36852982014284,116.05989372482216
474.1414801898674,117.91880594287585
474.914430559592,118.1147516362296
475.68738092931653,119.22959277733206
476.4603312990411,118.5093201169417
477.2332816687657,123.22876664927772
478.0062320384902,117.93134264779172
478.7791824082148,121.86456212270181
479.5521327779394,117.90859299660313
480.3250831476639,121.23794790765744
481.0980335173885,121.86955288488045
481.8709838871131,120.83771252578612
482.6439342568376,120.12114585740112
483.4168846265622,118.88592207741219
484.1898349962868,119.91149247263091
484.9627853660113,118.57054736544497
485.7357357357359,120.94555352177986
486.5086861054604,119.48472903516368
487.281636475185,121.36197197840211
488.0545868449096,119.72680895021932
488.8275372146341,121.78104434689226
489.6004875843587,121.54668615347536
490.3734379540833,120.83045222379472
491.1463883238078,122.59508397945453
491.9193386935324,121.3224209728992
492.69228906325696,122.83956911859391
493.4652394329815,121.40621545729665
494.2381898027061,123.26700976188681
495.01114017243066,118.81986428795211
495.7840905421552,123.69657836462765
496.55704091187977,120.11348376000325
497.32999128160435,128.01412317075483
498.1029416513289,124.3446655213887
498.87589202105346,124.56163193519119
499.64884239077804,125.44256643102761
500.42179276050257,122.13324808764432
501.19474313022715,125.48970881863714
501.96769349995174,124.13577865041213
502.74064386967626,127.27194996409798
503.51359423940085,125.87225002900789
504.28654460912543,128.07355345276804
505.05949497884995,130.30933403064924
505.83244534857454,126.532571385321
506.6053957182991,124.9302941432755
507.37834608802365,125.64175704375486
508.15129645774823,125.61301701443617
508.92424682747276,127.41731148367292
509.69719719719734,125.62206220894778
510.4701475669219,129.16430027709163
511.24309793664645,126.30481719515655
512.016048306371,128.3061220438264
512.7889986760956,128.52885112010046
513.5619490458201,126.82820485786775
514.3348994155447,128.60912993509137
515.1078497852693,129.19806803925715
515.8808001549938,129.0632939926546
516.6537505247184,128.52552799535314
517.426700894443,127.04262021403528
518.1996512641675,128.1011713399375
518.972601633892,130.31598528493367
519.7455520036167,130.53982060302636
520.5185023733412,132.74973017407433
521.2914527430657,129.74579497112268
522.0644031127904,130.63283737734406
522.8373534825149,131.45088695597966
523.6103038522394,134.68412370290642
524.3832542219641,131.88336837197033
525.1562045916886,131.44804249761435
525.9291549614131,132.79276474462935
526.7021053311378,132.5548292975956
527.4750557008623,132.48490849456235
528.2480060705868,130.4090087492646
529.0209564403115,133.22555563156973
529.793906810036,133.59327220312105
530.5668571797605,134.78200430694352
531.3398075494852,137.4686376769669
532.1127579192097,134.21699072622633
532.8857082889342,134.34072904440958
533.6586586586589,134.56322666730506
534.4316090283834,135.2454368311003
535.2045593981079,137.6282318564924
535.9775097678325,133.01416510703643
536.7504601375571,135.45095358402662
537.5234105072816,136.89083908924647
538.2963608770062,135.89328411865165
539.0693112467308,134.10699404810498
539.8422616164553,138.62805858723883
540.6152119861799,136.5545908235628
541.3881623559045,140.28770869852082
542.161112725629,137.08701527536687
542.9340630953536,137.212979612959
543.7070134650781,136.47065265062972
544.4799638348027,137.65012274222406
545.2529142045273,137.86812311287147
546.0258645742518,138.08572652091306
546.7988149439764,138.60384463364636
547.571765313701,140.5693030273852
548.3447156834255,138.73603371978467
549.1176660531501,138.63417870042278
549.8906164228747,138.34738016154478
550.6635667925992,139.38233175657865
551.4365171623238,138.85354835511146
552.2094675320484,140.06966074428658
552.9824179017729,144.39349038759616
553.7553682714974,138.08285326589214
554.5283186412221,142.763819567749
555.3012690109466,140.66159084805878
556.0742193806711,139.94245013666654
556.8471697503958,141.08370318127012
557.6201201201203,142.90246388570037
558.3930704898448,141.6874617008616
559.1660208595695,141.71250009093555
559.938971229294,141.92088480360303
560.7119215990185,145.44184418777948
561.4848719687432,146.25517519250607
562.2578223384677,142.54222642047725
563.0307727081922,143.8021328904218
563.8037230779169,142.95315581450174
564.5766734476414,143.94044338244638
565.3496238173659,143.36133336176945
566.1225741870905,142.39857625147212
566.8955245568151,143.76666206258585
567.6684749265396,143.9682277831703
568.4414252962642,144.16904491725649
569.2143756659888,142.3383412099727
569.9873260357133,146.54719018422577
570.7602764054379,141.18286876598253
571.5332267751623,144.9645850893827
572.306177144887,143.8369243643517
573.0791275146116,145.35754840744943
573.852077884336,145.55278593711728
574.6250282540607,144.4320407301889
575.3979786237853,147.31141458779877
576.1709289935097,148.84910519767834
576.9438793632344,145.7105657925763
577.716829732959,144.38926028638554
578.4897801026834,146.7060294314147
579.2627304724081,148.50949609114002
580.0356808421327,148.59159834205238
580.8086312118571,147.27041733003998
581.5815815815818,147.45665337449955
582.3545319513064,147.64192258314836
583.1274823210308,150.73387742934665
583.9004326907555,148.00951199316643
584.6733830604801,148.42894348326826
585.4463334302045,147.30485916176517
586.2192837999291,153.13501171143452
586.9922341696538,147.8527130776696
587.7651845393782,148.9107171441965
588.5381349091028,148.11200183388266
589.3110852788275,148.34828514985978
590.0840356485519,149.43877120844627
590.8569860182765,153.3131332543691
591.629936388001,151.21623756745302
592.4028867577256,149.95692337918018
593.1758371274502,150.12738376548845
593.9487874971747,146.56468154544459
594.7217378668993,151.03560539951272
595.4946882366239,152.16292721655458
596.2676386063484,153.7168329706438
597.040588976073,150.96221254422525
597.8135393457976,152.8632477996821
598.5864897155221,153.07557638957476
599.3594400852467,149.60218201586304
600.1323904549713,149.20966377636765
600.9053408246958,151.7668079467892
601.6782911944204,151.92396564758138
602.451241564145,153.08065506982848
603.2241919338695,152.23442266975064
603.997142303594,150.74432726972535
604.7700926733187,149.7933964248896
605.5430430430432,151.99106599374747
606.3159934127677,153.20274281371303
607.0889437824924,154.7130124437747
607.8618941522169,155.05664030481626
608.6348445219414,154.62710365136505
609.4077948916661,152.67080665771937
610.1807452613906,153.5654152667256
610.9536956311151,153.70638770222538
611.7266460008398,155.38761543987687
612.4995963705643,154.2723029184402
613.2725467402888,152.23481995699936
614.0454971100135,154.26753843558424
614.8184474797381,154.3895936150966
615.5913978494625,155.02593772127022
616.3643482191871,153.07180858085079
617.1372985889118,154.781755652492
617.9102489586362,154.90944333013172
618.6831993283608,153.12519883796065
619.4561496980855,151.76635977418647
620.2291000678099,155.08035869604205
621.0020504375345,154.40569950621068
621.775000807259,159.71505516033716
622.5479511769836,153.8229571683696
623.3209015467082,155.23460822893733
624.0938519164326,157.5997336779056
624.8668022861573,155.98808101980472
625.6397526558819,156.58078088871676
626.4127030256063,151.39127724736178
627.185653395331,155.91809376027484
627.9586037650556,155.44164669633508
628.73155413478,154.7575708762925
629.5045045045047,159.0295342933766
630.2774548742293,156.73843392426744
631.0504052439537,156.83948643174162
631.8233556136784,159.1776768629235
632.596305983403,158.04425259287018
633.3692563531274,152.21773219328134
634.142206722852,157.43607914715744
634.9151570925767,157.32243006513897
635.6881074623011,157.4146313609118
636.4610578320257,158.16791644328302
637.2340082017504,154.4315049779433
638.0069585714748,161.53861463079886
638.7799089411994,157.76917534521016
639.5528593109241,160.23594275613092
640.3258096806485,154.81759566045818
641.0987600503731,158.02041447425344
641.8717104200978,158.1014249535292
642.6446607898222,160.67351117417167
643.4176111595468,156.9157065907476
644.1905615292715,160.56149097830246
644.9635118989959,158.45424647720984
645.7364622687205,159.5588067774904
646.5094126384452,158.55952440880804
647.2823630081696,156.7697057837791
648.0553133778942,161.4139573028754
648.8282637476188,158.7710884726294
649.6012141173433,159.49819332224635
650.3741644870679,160.3921981368467
651.1471148567925,160.3277888291319
651.920065226517,158.6787724175689
652.6930155962416,159.09880855703472
653.4659659659662,158.18899800709903
654.2389163356906,159.2214407494032
655.0118667054153,159.28098850808195
655.7848170751399,160.41199204196886
656.5577674448643,160.85359447546884
657.330717814589,159.45268931961888
658.1036681843136,157.31496960028986
658.876618554038,163.09033369180108
659.6495689237627,159.61420548407088
660.4225192934873,162.07814384758967
661.1954696632117,159.36810942144695
661.9684200329364,159.7658314938634
662.741370402661,156.8736090136267
663.5143207723854,159.65866373895577
664.2872711421101,159.9078618414219
665.0602215118347,155.03337170791153
665.8331718815591,163.84789950316411
666.6061222512838,160.0405910191718
667.3790726210084,160.5448177529928
668.1520229907328,160.1240552494697
668.9249733604574,160.16431351953858
669.6979237301821,159.07334878081974
670.4708740999065,159.73238246687293
671.2438244696311,160.27932383494766
672.0167748393558,156.67107078290292
672.7897252090802,160.35130270415758
673.5626755788048,161.3859969334822
674.3356259485295,158.99658983234386
675.1085763182539,158.64724192074735
675.8815266879785,159.11560418189103
676.6544770577032,163.1877901401998
677.4274274274276,160.31996488135488
678.2003777971522,163.68800700560084
678.9733281668769,163.96152364811542
679.7462785366013,158.45174165563503
680.5192289063259,158.6685717605039
681.2921792760505,158.7959433485553
682.065129645775,160.70949718195268
682.8380800154996,160.73399987251688
683.6110303852242,164.7305541239796
684.3839807549487,164.27789719808092
685.1569311246733,165.70743371441793
685.9298814943979,160.82440278337006
686.7028318641223,160.84515608386678
687.475782233847,160.86519222773057
688.2487326035716,161.8612250370037
689.021682973296,159.34698472962674
689.7946333430207,160.92110679079332
690.5675837127453,160.72948732984221
691.3405340824697,159.36473487273705
692.1134844521944,160.98073213000467
692.886434821919,160.98628104771305
693.6593851916434,159.33345735348075
694.4323355613681,158.40688255757027
695.2052859310927,160.23975821741428
695.9782363008171,161.04137691074553
696.7511866705418,161.05365793091022
697.5241370402664,162.26304275850688
698.2970874099908,161.07650478641574
699.0700377797154,159.67949382560258
699.8429881494401,164.94600975589768
700.6159385191645,165.42338968311455
701.3888888888891,161.11564315768308
702.1618392586138,157.7047569704416
702.9347896283382,163.4367063509362
703.7077399980628,162.08100745933731
704.4806903677875,163.24621627731608
705.2536407375119,161.1531746977146
706.0265911072365,158.73107348071022
706.7995414769609,159.3192606635983
707.5724918466856,160.91660365235666
708.3454422164102,158.17999452441822
709.1183925861346,160.04979459084842
709.8913429558593,160.93487154993443
710.6642933255839,161.1868980586122
711.4372436953083,161.19011228178263
712.210194065033,161.19295837637992
712.9831444347576,164.15312409698424
713.756094804482,162.80700565339643
714.5290451742067,161.68703870356572
715.3019955439313,163.45646308554024
716.0749459136557,162.5866956269189
716.8478962833804,161.20291504303285
717.620846653105,164.82324121053878
718.3937970228294,161.20378335975013
719.166747392554,163.9493491362322
719.9396977622787,161.94223177854084
720.7126481320031,161.2030883694084
721.4855985017277,161.20236767702391
722.2585488714524,163.51106252898555
723.0314992411768,163.91241043850815
723.8044496109014,161.1988912128348
724.5773999806261,160.65511099821734
725.3503503503505,158.70498249066637
726.1233007200751,162.14884922641602
726.8962510897998,162.14664781877119
727.6692014595242,160.1073010732945
728.4421518292488,159.01800645869892
729.2151021989735,161.18451195330078
729.9880525686979,160.68348500195074
730.7610029384225,160.14190156291073
731.5339533081471,160.83285823566106
732.3069036778716,159.21855103961343
733.0798540475962,157.36776958753526
733.8528044173208,161.16747175949942
734.6257547870453,156.80025294830406
735.3987051567699,162.12756954471968
736.1716555264945,160.6605663653453
736.944605896219,161.15492976406117
737.7175562659436,165.12539885466035
738.4905066356682,159.04144654164773
739.2634570053926,159.0555787398183
740.0364073751173,161.14225667443912
740.8093577448419,163.13414033086667
741.5823081145663,160.35891047034428
742.355258484291,160.60015178874656
743.1282088540156,161.0309886476549
743.90115922374,160.81820616440558
744.6741095934647,161.13348511716177
745.4470599631893,161.12186294414295
746.2200103329137,163.18574510028745
746.9929607026384,161.11687375348487
747.765911072363,161.11455513664163
748.5388614420874,161.99106240460603
749.311811811812,164.560064128871
750.0847621815367,161.1082851316422
750.8577125512611,161.2800435812783
751.6306629209857,161.7288867127283
752.4036132907104,158.13602579141283
753.1765636604348,161.1014652498317
753.9495140301594,163.05774068950697
754.7224643998841,157.20849700994376
755.4954147696085,160.35883947061552
756.2683651393331,164.58466219864823
757.0413155090578,161.0952705181108
757.8142658787822,161.02695253109457
758.5872162485068,161.0934761771129
759.3601666182315,161.09271903397092
760.1331169879559,161.0920530930652
760.9060673576805,158.30245936200447
761.6790177274052,159.33927992729613
762.4519680971296,161.09058636375235
763.2249184668542,163.33772349542184
763.9978688365788,160.03223313180365
764.7708192063033,162.93555952160477
765.5437695760279,163.00400174816752
766.3167199457525,161.08981540616645
767.089670315477,163.26943533381365
767.8626206852016,162.21099128182095
768.6355710549262,161.98253532149906
769.4085214246506,161.09058880814501
770.1814717943753,158.3820101272729
770.9544221640999,159.96355190016496
771.7273725338243,157.5584510979027
772.500322903549,161.09248614963005
773.2732732732736,161.09312401053933
774.046223642998,161.09382405766124
774.8191740127227,160.3791662871404
775.5921243824473,161.09540426253747
776.3650747521717,161.0962811962892
777.1380251218964,161.09721386824825
777.910975491621,163.59461367347
778.6839258613454,161.0992399787831
779.45687623107,157.02127454905107
780.2298266007947,161.10146969813147
781.0027769705191,161.10265688110744
781.7757273402437,159.48728895035748
782.5486777099684,159.3465358140489
783.3216280796928,161.10648837922676
784.0945784494174,164.08554282886882
784.8675288191421,160.9519498189205
785.6404791888665,162.73918144998112
786.4134295585911,162.9361419846739
787.1863799283158,163.81026300439848
787.9593302980402,160.4977370150603
788.7322806677648,161.44510672153336
789.5052310374892,161.11840162271704
790.2781814072139,158.81005423643055
791.0511317769385,163.52527034106436
791.8240821466629,158.67078361648106
792.5970325163876,161.1250898489438
793.3699828861122,158.71937249997367
794.1429332558366,159.99601398771355
794.9158836255613,161.13034146550558
795.6888339952859,161.13212825404614
796.4617843650103,161.1339304807612
797.234734734735,161.13574653364938
798.0076851044596,159.48928576423896
798.780635474184,161.13941366994
799.5535858439086,161.14126152933974
800.3265362136333,161.1431167669074
801.0994865833577,161.14497777064162
801.8724369530823,160.35947021621774
802.645387322807,160.59716724114938
803.4183376925314,161.15057925883076
804.191288062256,160.642825860312
804.9642384319807,161.15431286176562
805.7371888017051,157.6408558830087
806.5101391714297,157.70640989254633
807.2830895411544,162.86543816781557
808.0560399108788,162.9696944030548
808.8289902806034,161.16355030685696
809.6019406503281,161.16536834633686
810.3748910200525,160.83248651377525
811.1478413897771,161.16896207974779
811.9207917595018,162.5400965853527
812.6937421292262,161.1724886057514
813.4666924989508,161.1742226359722
814.2396428686754,161.6162689934228
815.0125932383999,163.64080183802636
815.7855436081245,161.17928845149476
816.5584939778491,159.23367620790103
817.3314443475736,164.36601178975133
818.1043947172982,162.51019695130623
818.8773450870228,162.63315699150792
819.6502954567472,159.6987703861434
820.4232458264719,161.18866176429233
821.1961961961965,161.42445589939544
821.9691465659209,159.1090160697072
822.7420969356456,161.1928822134964
823.5150473053702,161.19420921548974
824.2879976750946,158.07897709070843
825.0609480448193,163.74400848494602
825.8338984145439,160.45762919553368
826.6068487842683,159.21406303713974
827.379799153993,161.20017307733758
828.1527495237176,161.56543095873778
828.925699893442,161.20221532892998
829.6986502631667,161.88965618388147
830.4716006328913,160.40933373453146
831.2445510026157,162.6011519320584
832.0175013723403,163.75658751381752
832.790451742065,163.57229127108567
833.5634021117894,161.2069974304959
834.336352481514,164.86900294864043
835.1093028512387,161.0461910628165
835.8822532209631,161.20855231978248
836.6552035906877,161.2089359937587
837.4281539604124,163.11310229032202
838.2011043301368,160.1975630834323
838.9740546998614,161.20966058031084
839.7470050695861,162.31485980939337
840.5199554393105,161.20977215518545
841.2929058090351,161.63439241491733
842.0658561787598,161.20957149845304
842.8388065484842,160.18372624095406
843.6117569182088,161.209045714103
844.3847072879335,161.20865686906814
845.1576576576579,161.20818190612493
845.9306080273825,161.68929988401794
846.7035583971071,161.20696717850822
847.4765087668316,161.20622418983214
848.2494591365562,163.52333243314447
849.0224095062808,158.21377211940734
849.7953598760053,157.75348028393228
850.5683102457299,161.2023104559786
851.3412606154545,159.39564465389665
852.1142109851789,164.5104423577688
852.8871613549036,161.39693753353538
853.6601117246282,159.57491828627258
854.4330620943526,159.804535734733
855.2060124640773,161.19343719760656
855.9789628338019,161.19158732380862
856.7519132035263,157.62233558960318
857.524863573251,161.18755507042732
858.2978139429756,162.05184550981693
859.0707643127,161.1830687293233
859.8437146824247,164.07343534832165
860.6166650521493,161.17811540448605
861.3896154218737,161.1754595931642
862.1625657915984,162.64817277732922
862.935516161323,161.1515214298372
863.7084665310474,160.04230611956558
864.481416900772,160.6808108480021
865.2543672704967,163.97002644151038
866.0273176402211,161.15691508450465
866.8002680099457,161.1533743475944
867.5732183796704,156.78197254938607
868.3461687493948,161.14589266393327
869.1191191191194,161.14194849317974
869.8920694888441,161.13786662047582
870.6650198585685,158.0874876002781
871.4379702282931,162.1257454307065
872.2109205980175,162.09960169572585
872.9838709677422,161.21871186402663
