100.80645161290323,149.1966091918742
101.5794019826278,153.173596637809
102.35235235235236,149.63042910492499
103.12530272207692,150.52420842047795
103.89825309180148,151.4691887767276
104.67120346152605,151.7569875769115
105.44415383125062,150.09319962162385
106.21710420097517,153.82231534284483
106.99005457069974,150.69715749438058
107.76300494042431,156.57794426626367
108.53595531014886,155.7861327929941
109.30890567987343,153.44094892347735
110.08185604959799,155.72544448720166
110.85480641932256,156.89532716239012
111.62775678904713,154.2553688237405
112.40070715877168,154.57780807158727
113.17365752849625,154.71615808098977
113.9466078982208,159.85365916417427
114.71955826794537,155.40563649762618
115.49250863766994,153.4405509794765
116.2654590073945,154.32489382155603
117.03840937711907,154.4592954507964
117.81135974684364,158.04820936527756
118.58431011656819,154.05310271395393
119.35726048629276,155.3505911591347
120.13021085601733,158.2356540217007
120.90316122574188,155.1030578516619
121.67611159546645,159.32334308528212
122.449061965191,161.31996570868495
123.22201233491558,157.33534520104237
123.99496270464013,159.019061364781
124.7679130743647,158.5224933533596
125.54086344408927,157.9396861778701
126.31381381381382,155.49362913720708
127.08676418353839,162.1465090942406
127.85971455326296,157.66698854672995
128.63266492298752,161.38547545974802
129.40561529271207,156.20009572887938
130.17856566243665,161.62140736568674
130.9515160321612,159.04697907711397
131.72446640188576,162.0543207839151
132.49741677161035,160.7703689728111
133.2703671413349,160.52774283081314
134.04331751105946,158.9951660730128
134.81626788078404,160.22429593270647
135.5892182505086,162.08495044182698
136.36216862023315,161.79478547489228
137.13511898995773,160.10969425035566
137.9080693596823,161.7719939846411
138.68101972940684,162.39361803575488
139.45397009913142,162.21294167575292
140.22692046885598,162.56518504974954
140.99987083858053,165.69672394666037
141.7728212083051,163.16315848332897
142.54577157802967,163.2548867408014
143.31872194775423,163.94197934224414
144.09167231747878,161.87031596789154
144.86462268720334,164.30292744290898
145.63757305692792,162.77324535898646
146.41052342665247,162.0752148336819
147.18347379637703,165.11268281567834
147.9564241661016,165.02263503416614
148.72937453582617,167.24058395126724
149.50232490555072,163.46705025184792
150.2752752752753,169.32877829631713
151.04822564499986,169.63321082695268
151.82117601472441,167.5399765581814
152.594126384449,163.7916764780977
153.36707675417355,164.30333609970813
154.1400271238981,165.06714453455385
154.9129774936227,167.1394113431314
155.68592786334725,166.13930330614616
156.4588782330718,166.55450681344846
157.23182860279638,165.07449772076913
158.00477897252094,164.32232114527585
158.7777293422455,165.6468614519017
159.55067971197008,166.704324432084
160.32363008169463,167.02188238448477
161.0965804514192,167.2653968898008
161.86953082114377,172.0477768506374
162.64248119086832,165.72952859570609
163.41543156059288,164.5674444336063
164.18838193031743,165.3044106673801
164.961332300042,167.01192526597092
165.73428266976657,168.49479237585663
166.50723303949113,165.04516596640562
167.28018340921568,167.3913350764058
168.05313377894026,171.9720757760209
168.82608414866482,168.42167961734677
169.59903451838937,170.39067319427713
170.37198488811396,172.39439701557322
171.1449352578385,169.30924631729673
171.91788562756307,171.49315470666315
172.69083599728765,168.07435157372086
173.4637863670122,168.42696911095032
174.23673673673676,169.63624986347355
175.00968710646134,173.30935174282192
175.7826374761859,169.4375153076616
176.55558784591045,171.91335810949695
177.32853821563504,171.47997171732868
178.1014885853596,166.33388178076854
178.87443895508414,168.71656494682287
179.64738932480873,169.54472025811674
180.42033969453328,169.1046619341103
181.19329006425784,168.19081856096156
181.96624043398242,169.37926862208874
182.73919080370695,173.8060209454633
183.51214117343153,168.51279738695456
184.2850915431561,171.92359795178038
185.05804191288064,174.74039792808148
185.83099228260522,170.77485033624055
186.6039426523298,173.34670927014955
187.37689302205433,171.84822335452782
188.14984339177892,170.71740064908215
188.92279376150347,173.99164837062722
189.69574413122803,169.60681467291928
190.4686945009526,173.8638483715964
191.24164487067716,173.85740786273718
192.01459524040172,173.68024873127624
192.7875456101263,169.3309413881845
193.56049597985086,172.419619322937
194.3334463495754,170.22589217489465
195.1063967193,173.00357367674073
195.87934708902455,172.6990636872817
196.6522974587491,173.6824330722377
197.4252478284737,174.55813474369066
198.19819819819824,168.2746401129818
198.9711485679228,168.42925144404862
199.74409893764738,172.63707060142488
200.51704930737193,171.09547209513593
201.2899996770965,171.48770864237716
202.06295004682107,170.25196651028236
202.8359004165456,170.27069680866893
203.60885078627018,171.5603795803898
204.38180115599476,167.6250628303743
205.1547515257193,176.4263399856072
205.92770189544387,172.24482318989197
206.70065226516846,174.95522106923008
207.47360263489298,171.61804732047446
208.24655300461757,171.64864568043342
209.01950337434212,170.30925740721676
209.79245374406668,174.3899038617356
210.56540411379126,171.34546246534407
211.33835448351581,172.91137908386457
212.11130485324037,167.7946550050962
212.88425522296495,171.4268005686288
213.6572055926895,174.2466676221846
214.43015596241406,171.38958084212916
215.20310633213865,167.23686294309704
215.9760567018632,170.0149251403706
216.74900707158776,174.46018348796412
217.52195744131234,168.08334710205582
218.2949078110369,171.456436249974
219.06785818076145,171.50065390051174
219.84080855048603,171.53563344110216
220.61375892021059,171.60672959574185
221.38670928993514,173.37742773607226
222.15965965965972,171.4557030585522
222.93261002938428,171.88624546680649
223.70556039910883,168.3655127263522
224.47851076883342,173.99772232194007
225.25146113855794,167.1522009864875
226.02441150828253,174.21320274965123
226.7973618780071,172.86552699364555
227.57031224773164,174.25829346906846
228.34326261745622,171.59050938125867
229.11621298718077,171.14686914539936
229.88916335690536,169.11117531601005
230.6621137266299,173.12750052196887
231.43506409635447,170.1193551669551
232.20801446607902,166.13570936054904
232.9809648358036,171.77217818137046
233.75391520552816,170.76854467684473
234.5268655752527,173.9613327568548
235.2998159449773,172.10709196742314
236.07276631470185,171.87186109287038
236.8457166844264,172.35657541309166
237.618667054151,172.71921881528317
238.39161742387554,168.36123058801982
239.1645677936001,168.7139459501908
239.93751816332468,172.11123043871987
240.71046853304924,167.71273408433947
241.4834189027738,168.23233995574148
242.25636927249835,165.0956967478031
243.02931964222293,170.50195747318486
243.80227001194748,167.79699039558926
244.57522038167204,171.90584249482427
245.34817075139662,167.88026743961387
246.12112112112118,169.49285958473527
246.89407149084573,169.7353293995711
247.66702186057032,170.43908184758087
248.43997223029487,171.96667572456732
249.21292260001943,165.9003728285929
249.985872969744,168.9648676018526
250.75882333946856,168.98708327845645
251.53177370919312,166.37402582841494
252.30472407891767,166.00791842415052
253.07767444864226,170.804666611342
253.8506248183668,167.42667900119736
254.62357518809137,168.23991118760205
255.39652555781595,169.1192506745275
256.1694759275405,169.20987812889075
256.94242629726506,166.59531177108073
257.71537666698964,170.41879685912448
258.48832703671417,164.45860024030256
259.26127740643875,167.46743325241334
260.03422777616333,164.42029888552435
260.80717814588786,164.4016762362353
261.58012851561244,167.8438509456296
262.353078885337,165.13152583606666
263.12602925506155,165.6045659114506
263.89897962478614,164.60246207973603
264.6719299945107,167.63410031086875
265.44488036423525,166.12110010957628
266.21783073395983,165.7009802960901
266.9907811036844,165.01658817863108
267.76373147340894,164.3782649860203
268.5366818431335,168.94104714085776
269.3096322128581,166.64097392826207
270.08258258258263,163.19339887896092
270.8555329523072,169.50079369231267
271.6284833220318,162.3255288437126
272.4014336917563,167.85336765599874
273.1743840614809,166.40216082558004
273.9473344312055,166.89963988280402
274.72028480093,168.6036302269989
275.4932351706546,162.6973613124735
276.2661855403792,161.35736564001266
277.0391359101037,163.31341568146902
277.8120862798283,163.61775236790868
278.5850366495529,165.72578404579318
279.3579870192774,163.8599187830142
280.130937389002,163.68586478948004
280.90388775872657,161.27303920376835
281.6768381284511,159.63278264700836
282.4497884981757,158.00175802070706
283.22273886790026,162.4888932360828
283.9956892376248,161.56483383551657
284.7686396073493,161.8411550061739
285.54158997707395,162.1145031651
286.3145403467985,157.62687781341458
287.087490716523,157.5232401665865
287.86044108624765,156.48797111284705
288.6333914559722,163.79882795444001
289.4063418256967,159.22019736486325
290.17929219542134,159.0036410000413
290.95224256514587,159.8844658403686
291.7251929348704,159.2398951513241
292.49814330459503,159.6659561846022
293.27109367431956,155.46145719709207
294.0440440440441,154.50144831777402
294.81699441376867,158.49494558207255
295.58994478349325,155.95764268554808
296.3628951532178,153.88180824985082
297.13584552294236,156.9078705780472
297.90879589266694,153.88089209020723
298.68174626239147,157.12349421554543
299.45469663211605,154.65961306223866
300.22764700184064,155.20428009817047
301.00059737156516,154.6120694089847
301.77354774128975,154.3566284627451
302.54649811101433,155.54254395784776
303.31944848073886,154.50581478009528
304.09239885046344,155.10770131885835
304.865349220188,152.10119993248435
305.63829958991255,151.72247655049884
306.41124995963713,155.82473962154893
307.1842003293617,153.07476494671465
307.95715069908624,150.5684810650255
308.7301010688108,152.0421936256678
309.5030514385354,150.3789379154796
310.27600180825993,152.02269309989273
311.0489521779845,145.29165865977464
311.8219025477091,149.7748254796881
312.5948529174336,147.37323730606767
313.3678032871582,147.78367581807126
314.1407536568828,145.9482485924864
314.9137040266073,146.68775056670918
315.6866543963319,143.41078240061793
316.4596047660565,143.74534940266807
317.232555135781,144.6038300226011
318.0055055055056,148.80437465448867
318.7784558752302,144.12271488879347
319.5514062449547,143.35355981678538
320.3243566146793,144.5615268412892
321.0973069844039,144.48113866163627
321.8702573541284,146.17893149949396
322.643207723853,143.41464012393533
323.41615809357756,142.4526238921915
324.1891084633021,145.52282424686922
324.9620588330266,139.0595114118371
325.73500920275126,143.5362969717147
326.5079595724758,140.08532231578357
327.2809099422003,140.45666325575746
328.05386031192495,141.2148613634544
328.8268106816495,140.3305498486091
329.599761051374,136.95275242766343
330.37271142109864,135.44885306135444
331.14566179082317,134.66368033257442
331.9186121605477,136.7119283551481
332.69156253027234,135.42099245587164
333.46451289999686,137.2697863524522
334.2374632697214,133.8513377462812
335.010413639446,137.71501145542044
335.78336400917055,133.6248097101393
336.5563143788951,135.06924924078461
337.32926474861966,133.297627146651
338.10221511834425,134.56823690169514
338.8751654880688,131.5710859702929
339.64811585779336,130.37392511449917
340.42106622751794,136.5423531588928
341.19401659724247,127.9257879265904
341.96696696696705,132.0938313099965
342.73991733669163,131.64198207190208
343.51286770641616,134.8091024259497
344.28581807614074,128.90896928136058
345.0587684458653,128.40476578693898
345.83171881558985,129.7914699422132
346.60466918531444,132.22073034737144
347.377619555039,125.2176868715221
348.15056992476354,126.88698148395655
348.9235202944881,131.9373226694254
349.6964706642127,127.56040710240109
350.46942103393724,130.66173142431927
351.2423714036618,125.83278018642218
352.0153217733864,128.4687325213002
352.78827214311093,125.05812631315375
353.5612225128355,127.16103886724318
354.3341728825601,125.5709526633453
355.1071232522846,125.76315959496036
355.8800736220092,126.84444068108864
356.6530239917338,122.84859905219591
357.4259743614583,119.30550725595907
358.1989247311829,121.64456105116409
358.9718751009075,125.97349953056256
359.744825470632,121.98863332323491
360.5177758403566,121.62992542585201
361.2907262100811,126.58171750466445
362.0636765798057,120.90907682523307
362.8366269495303,120.40120126370932
363.6095773192548,119.2758437763374
364.3825276889794,121.12146543733807
365.155478058704,122.24769510694166
365.9284284284285,121.5627871893239
366.7013787981531,120.79455247552458
367.47432916787767,120.43329619377116
368.2472795376022,119.06706209010214
369.0202299073268,117.31483143599833
369.79318027705136,117.96880017617933
370.5661306467759,120.96761870198738
371.3390810165005,118.47367565817868
372.11203138622506,116.91529528285585
372.8849817559496,118.76403330666693
373.65793212567417,113.88560864391243
374.43088249539875,116.58949157496785
375.2038328651233,116.30126906864434
375.97678323484786,116.95958160343226
376.74973360457244,116.66382096109425
377.52268397429697,116.7282359156531
378.29563434402155,119.83744339597303
379.06858471374613,117.85212367371248
379.84153508347066,119.50060633015839
380.61448545319524,113.74455858872294
381.3874358229198,114.1854206722949
382.16038619264435,113.94601499053788
382.93333656236894,115.11400471330998
383.70628693209346,109.07849010705516
384.47923730181805,109.47426137996317
385.25218767154263,114.52769866780864
386.02513804126716,111.86624131840999
386.79808841099174,114.38968406315554
387.5710387807163,112.2763670114118
388.34398915044085,114.77028749488352
389.11693952016543,110.76621584867587
389.88988988989,111.59305438976016
390.66284025961454,110.78657127679152
391.4357906293391,108.31271404616943
392.2087409990637,115.77589309213229
392.98169136878823,113.6841147607651
393.7546417385128,112.94047959225799
394.5275921082374,112.68928517075256
395.3005424779619,109.84614595225163
396.0734928476865,109.44440140069312
396.8464432174111,106.64634503656757
397.6193935871356,112.34980502802412
398.3923439568602,106.41787721535557
399.1652943265848,107.52600033455515
399.9382446963093,108.95322317731578
400.7111950660339,108.13627874256801
401.4841454357585,109.8843918010625
402.257095805483,107.89847926875328
403.0300461752076,106.26596998224996
403.8029965449321,110.22493822777443
404.5759469146567,110.15040130544281
405.3488972843813,110.35676939838062
406.1218476541058,107.92001352923623
406.8947980238304,110.01711521304533
407.667748393555,109.30872965592445
408.4406987632795,107.65103893422787
409.2136491330041,108.45611394830257
409.98659950272867,107.31295982260595
410.7595498724532,107.4152550326731
411.5325002421778,109.10834663031608
412.30545061190236,106.13745410790075
413.0784009816269,112.94558594668537
413.85135135135147,110.80153007540908
414.62430172107605,112.46506581047328
415.3972520908006,110.25045623997094
416.17020246052516,109.80216638987484
416.94315283024974,110.69777879438757
417.71610319997427,105.13783165940357
418.48905356969885,112.38572850327748
419.26200393942344,106.81051874224289
420.03495430914796,109.26394098319739
420.80790467887255,110.49689506266165
421.58085504859713,111.20733995549631
422.35380541832166,110.45247107234019
423.12675578804624,111.70687584531248
423.89970615777077,110.71293013935635
424.67265652749535,105.90490315479292
425.44560689721993,107.63960550229288
426.21855726694446,106.04946563604636
426.99150763666904,107.62611688936218
427.7644580063936,109.46323648581998
428.53740837611815,108.1774360433579
429.31035874584273,110.69753499972043
430.0833091155673,110.45838591461586
430.85625948529184,111.03586540607665
431.6292098550164,112.4229484924416
432.402160224741,111.16557642374308
433.17511059446554,108.34604951403158
433.9480609641901,110.24249845154829
434.7210113339147,109.4173776617373
435.49396170363923,107.84969909865019
436.2669120733638,108.7990960252905
437.0398624430884,113.2771247800814
437.8128128128129,110.3355172271441
438.5857631825375,111.32092806496864
439.3587135522621,108.17807686810153
440.1316639219866,113.00472175440392
440.9046142917112,110.09029825579034
441.6775646614358,107.61001282568856
442.4505150311603,111.0016004106336
443.2234654008849,111.49755934019636
443.9964157706095,109.56487910043664
444.769366140334,112.68759241714872
445.5423165100586,111.14083685083347
446.3152668797831,112.96734141683467
447.0882172495077,112.65532803222912
447.8611676192323,111.4145844828437
448.6341179889568,114.07240462813029
449.4070683586814,113.179263895819
450.18001872840597,112.51862004329851
450.9529690981305,108.59812700767735
451.7259194678551,111.0232496726611
452.49886983757966,112.15889114945834
453.2718202073042,112.98262213957932
454.04477057702877,113.27439217927818
454.81772094675335,113.0038197493188
455.5906713164779,113.92858621609089
456.36362168620246,115.64915002426896
457.13657205592705,115.96422930711722
457.9095224256516,113.42323148748864
458.68247279537616,115.3852459724834
459.45542316510074,115.627260304399
460.22837353482527,114.24757267164001
461.00132390454985,115.18649656724472
461.77427427427443,110.45629817021833
462.54722464399896,115.11335498418299
463.32017501372354,118.73067624190243
464.0931253834481,111.58592924911446
464.86607575317265,113.68538874288257
465.63902612289723,114.56478654782214
466.41197649262176,118.46412871904381
467.18492686234634,111.67251239785801
467.9578772320709,114.63104246596629
468.73082760179545,116.57465534472287
469.50377797152004,115.17504838306003
470.2767283412446,117.45490620087817
471.04967871096915,115.97499962764695
471.82262908069373,120.38545486919882
472.5955794504183,120.53057364598519
473.36852982014284,115.30553752173017
474.1414801898674,119.22509491244328
474.914430559592,122.59261587937824
475.68738092931653,119.15776836577878
476.4603312990411,118.93083333465927
477.2332816687657,120.83756181307425
478.0062320384902,120.34468664258858
478.7791824082148,121.63338243468229
479.5521327779394,120.03651163084102
480.3250831476639,115.81312672413614
481.0980335173885,116.72620871315
481.8709838871131,119.91688525859186
482.6439342568376,121.77275617808051
483.4168846265622,116.8902705201783
484.1898349962868,118.63713313766847
484.9627853660113,117.71990067085792
485.7357357357359,118.62284915481914
486.5086861054604,124.48307676816547
487.281636475185,120.91850557588535
488.0545868449096,119.32172399131646
488.8275372146341,122.49079932569231
489.6004875843587,118.69055215288155
490.3734379540833,124.68697525962071
491.1463883238078,120.58059299351662
491.9193386935324,126.20169178524695
492.69228906325696,123.55485444454945
493.4652394329815,122.89925350366704
494.2381898027061,124.21696982102036
495.01114017243066,122.11383281423576
495.7840905421552,123.97452626336488
496.55704091187977,120.96365658559822
497.32999128160435,125.24659640833262
498.1029416513289,123.36247173752159
498.87589202105346,126.43248896738915
499.64884239077804,119.9806060018619
500.42179276050257,128.1196066446634
501.19474313022715,126.26769210259054
501.96769349995174,129.4842955548947
502.74064386967626,123.19924025404379
503.51359423940085,125.08997574971421
504.28654460912543,129.4312680545586
505.05949497884995,127.54049886008121
505.83244534857454,124.65674031303433
506.6053957182991,128.62531855541113
507.37834608802365,130.62079560726752
508.15129645774823,126.82666485697226
508.92424682747276,127.82909529048051
509.69719719719734,126.49538690700302
510.4701475669219,128.79354076441174
511.24309793664645,128.08358893225721
512.016048306371,129.02186489665868
512.7889986760956,127.18039229772685
513.5619490458201,128.75176155128986
514.3348994155447,130.4621741183277
515.1078497852693,128.9991313462407
515.8808001549938,129.79439784103835
516.6537505247184,132.45071878009415
517.426700894443,129.31204201508933
518.1996512641675,131.4252900188092
518.972601633892,130.0796155287906
519.7455520036167,128.9580780318765
520.5185023733412,132.63283731861682
521.2914527430657,128.14632493847728
522.0644031127904,129.80018730609436
522.8373534825149,127.82258066230388
523.6103038522394,131.9337041923908
524.3832542219641,129.60483749445018
525.1562045916886,131.5037851891441
525.9291549614131,128.54465808161524
526.7021053311378,134.161937032491
527.4750557008623,133.90732055465057
528.2480060705868,130.98280077345166
529.0209564403115,135.757885881716
529.793906810036,134.9009756944122
530.5668571797605,135.28932170563493
531.3398075494852,136.00615141200305
532.1127579192097,137.47860366656906
532.8857082889342,131.38759611281594
533.6586586586589,134.56322666730506
534.4316090283834,135.39008997180213
535.2045593981079,136.82452121103822
535.9775097678325,135.59339921080766
536.7504601375571,134.57046094975163
537.5234105072816,135.62171909155236
538.2963608770062,136.03260969742314
539.0693112467308,133.27609500319053
539.8422616164553,133.4694387463242
540.6152119861799,135.70744984824807
541.3881623559045,136.77439413281223
542.161112725629,136.5750044807715
542.9340630953536,133.63674177540108
543.7070134650781,137.64999175656865
544.4799638348027,140.31842998607866
545.2529142045273,140.23002933630602
546.0258645742518,134.4326064960602
546.7988149439764,138.55527648900463
547.571765313701,138.5196939493314
548.3447156834255,137.36287777681454
549.1176660531501,139.34105608556462
549.8906164228747,136.98923444095186
550.6635667925992,140.63807931544324
551.4365171623238,136.29944726391597
552.2094675320484,136.27075904726138
552.9824179017729,140.90765149569157
553.7553682714974,139.04249096275691
554.5283186412221,136.59544741700003
555.3012690109466,143.05323004585216
556.0742193806711,138.65396128202252
556.8471697503958,140.25820315082325
557.6201201201203,138.044327583832
558.3930704898448,141.5035001663497
559.1660208595695,141.37906948622904
559.938971229294,141.8703899327068
560.7119215990185,142.1115189889057
561.4848719687432,139.41048843613152
562.2578223384677,141.54305839378304
563.0307727081922,139.42413768199978
563.8037230779169,143.42987935154096
564.5766734476414,144.2279808861186
565.3496238173659,143.0608032736985
566.1225741870905,140.59430206503288
566.8955245568151,144.37327387303282
567.6684749265396,144.4058925091021
568.4414252962642,146.1325667023195
569.2143756659888,146.0954113764161
569.9873260357133,145.71207519792864
570.7602764054379,141.2115760921368
571.5332267751623,148.92856011698615
572.306177144887,141.46324513342614
573.0791275146116,147.69242552267866
573.852077884336,144.4117200122383
574.6250282540607,141.4734445452161
575.3979786237853,144.9295383840464
576.1709289935097,147.74854990498008
576.9438793632344,144.18964058950343
577.716829732959,146.9389400500022
578.4897801026834,146.7060294314147
579.2627304724081,146.56764179445662
580.0356808421327,148.6168509249434
580.8086312118571,145.59912811721134
581.5815815815818,143.77178877506563
582.3545319513064,146.36484610460258
583.1274823210308,145.471440227939
583.9004326907555,145.23986630258483
584.6733830604801,146.47505846589632
585.4463334302045,148.73731110043394
586.2192837999291,149.23316914591098
586.9922341696538,144.85685736029757
587.7651845393782,152.7576779944775
588.5381349091028,149.41796246564417
589.3110852788275,146.28694989748726
590.0840356485519,151.0688556624456
590.8569860182765,148.4820290367059
591.629936388001,151.47051169546336
592.4028867577256,152.05695297191846
593.1758371274502,153.07072666724125
593.9487874971747,150.29669544155877
594.7217378668993,149.6501145170933
595.4946882366239,150.99546193658733
596.2676386063484,154.77052066244588
597.040588976073,149.54380324171467
597.8135393457976,149.9982282017177
598.5864897155221,150.0853812454149
599.3594400852467,150.96772970848988
600.1323904549713,150.7006078130127
600.9053408246958,152.93856121458268
601.6782911944204,155.05126739711508
602.451241564145,151.45524511289997
603.2241919338695,155.49877523520098
603.997142303594,154.08217660584566
604.7700926733187,149.70368454381335
605.5430430430432,153.81250040477744
606.3159934127677,151.43666731681097
607.0889437824924,154.90691363915164
607.8618941522169,152.6760452122811
608.6348445219414,149.4723946835774
609.4077948916661,155.51648197632144
610.1807452613906,156.87645362442595
610.9536956311151,157.17962387785258
611.7266460008398,151.72705107559642
612.4995963705643,157.2627101111053
613.2725467402888,154.63281959000727
614.0454971100135,150.87708273463912
614.8184474797381,154.3895936150966
615.5913978494625,153.06080172575244
616.3643482191871,154.28967717520766
617.1372985889118,156.26392828080907
617.9102489586362,153.46139665704817
618.6831993283608,153.42233123649913
619.4561496980855,155.49621931230925
620.2291000678099,157.38257137994546
621.0020504375345,152.13544331094502
621.775000807259,153.40561281090112
622.5479511769836,153.6464213163414
623.3209015467082,158.7564507473841
624.0938519164326,154.36975636854018
624.8668022861573,154.28155965010419
625.6397526558819,159.27417253316517
626.4127030256063,159.71294041613035
627.185653395331,157.401473917113
627.9586037650556,157.20148683490325
628.73155413478,153.80185473421403
629.5045045045047,159.51154242535466
630.2774548742293,157.1512414672865
631.0504052439537,159.35953684013128
631.8233556136784,155.5450979791007
632.596305983403,157.3652613605383
633.3692563531274,157.78904910711813
634.142206722852,152.25270916923645
634.9151570925767,155.53366409382548
635.6881074623011,156.59751873450847
636.4610578320257,158.5533972879289
637.2340082017504,159.08028740851572
638.0069585714748,157.00003206687907
638.7799089411994,157.76917534521016
639.5528593109241,158.19218389428983
640.3258096806485,157.30517971190233
641.0987600503731,156.8297613848719
641.8717104200978,157.92140956579416
642.6446607898222,159.29880512878162
643.4176111595468,159.71876841690909
644.1905615292715,161.31602164980424
644.9635118989959,155.84281595819215
645.7364622687205,156.27816873295828
646.5094126384452,159.76088608320075
647.2823630081696,158.28892766455328
648.0553133778942,157.32911274439408
648.8282637476188,156.6875228421135
649.6012141173433,158.83909207270182
650.3741644870679,158.8990655142695
651.1471148567925,154.3733605621634
651.920065226517,155.0557516991609
652.6930155962416,160.13823749440988
653.4659659659662,159.4280659658886
654.2389163356906,159.1603788020081
655.0118667054153,158.75338361188616
655.7848170751399,159.66011547464072
656.5577674448643,154.43627563794732
657.330717814589,161.55834949743402
658.1036681843136,159.50764512572093
658.876618554038,158.81870951456509
659.6495689237627,157.10182440433866
660.4225192934873,158.3607094220404
661.1954696632117,159.1639702742484
661.9684200329364,155.8587454622238
662.741370402661,161.19373871433913
663.5143207723854,162.3544506735899
664.2872711421101,158.94763709125112
665.0602215118347,159.95312382114815
665.8331718815591,160.41492700007902
666.6061222512838,161.57409120811852
667.3790726210084,161.3663686855461
668.1520229907328,161.21388781747575
668.9249733604574,160.89776433287122
669.6979237301821,156.5351450912582
670.4708740999065,161.692074456084
671.2438244696311,164.02062977482913
672.0167748393558,162.11507793394858
672.7897252090802,160.62068342817943
673.5626755788048,162.14388851244033
674.3356259485295,160.41962763370145
675.1085763182539,161.6419030527943
675.8815266879785,156.89242627286703
676.6544770577032,163.88023833452326
677.4274274274276,159.13804451477463
678.2003777971522,162.16792032724882
678.9733281668769,161.23025273820903
679.7462785366013,161.46538372833476
680.5192289063259,158.8404157422639
681.2921792760505,160.85057818835767
682.065129645775,163.40873005592678
682.8380800154996,162.44035151107244
683.6110303852242,157.1010944464392
684.3839807549487,160.7807010839705
685.1569311246733,162.04764141118162
685.9298814943979,161.61418410894208
686.7028318641223,161.9433356427861
687.475782233847,161.76599493063586
688.2487326035716,160.88452212208838
689.021682973296,160.90315667406702
689.7946333430207,159.07021257201436
690.5675837127453,162.62467031379455
691.3405340824697,162.3757449965012
692.1134844521944,159.88674375078784
692.886434821919,160.13380365879573
693.6593851916434,162.2637163546254
694.4323355613681,160.77577152065192
695.2052859310927,158.7053448384661
695.9782363008171,159.69948421076614
696.7511866705418,159.70877930292826
697.5241370402664,162.5629124377707
698.2970874099908,162.8653913986458
699.0700377797154,159.5713857709264
699.8429881494401,158.1083145955432
700.6159385191645,163.60147921655943
701.3888888888891,161.9459485252172
702.1618392586138,160.3583259084172
702.9347896283382,159.65658435802845
703.7077399980628,162.6379549732484
704.4806903677875,158.87552064252986
705.2536407375119,159.49546662896628
706.0265911072365,163.09999862208718
706.7995414769609,160.97030929547546
707.5724918466856,164.105355672579
708.3454422164102,159.71340717890922
709.1183925861346,161.17932159804445
709.8913429558593,161.18330479974173
710.6642933255839,164.3336678962509
711.4372436953083,158.74585969680496
712.210194065033,161.19295837637992
712.9831444347576,162.99865105818117
713.756094804482,163.1191763674244
714.5290451742067,158.4488531604645
715.3019955439313,158.93567662550186
716.0749459136557,161.6945168688902
716.8478962833804,164.01977752651572
717.620846653105,164.83047534028472
718.3937970228294,162.60983831168193
719.166747392554,159.5403006744272
719.9396977622787,162.39966414525773
720.7126481320031,161.2030883694084
721.4855985017277,165.03525600155717
722.2585488714524,159.31469277522746
723.0314992411768,160.1709155310619
723.8044496109014,159.48751574408504
724.5773999806261,160.1464967995674
725.3503503503505,157.51255466856406
726.1233007200751,159.7383738535187
726.8962510897998,161.1915962235694
727.6692014595242,163.0051036582953
728.4421518292488,164.14119997040982
729.2151021989735,160.3271996917328
729.9880525686979,163.13991104504646
730.7610029384225,160.9101428088637
731.5339533081471,163.28739316682797
732.3069036778716,163.40262260771095
733.0798540475962,158.72954569449058
733.8528044173208,165.96476654606406
734.6257547870453,161.16438672566366
735.3987051567699,160.99110634631256
736.1716555264945,159.63771868592463
736.944605896219,158.07239153151062
737.7175562659436,159.2415868119895
738.4905066356682,162.26974466894757
739.2634570053926,158.52226777345302
740.0364073751173,159.355607057875
740.8093577448419,160.4302550264366
741.5823081145663,156.47959388999158
742.355258484291,159.25093473505876
743.1282088540156,156.1615530017433
743.90115922374,159.36964952098353
744.6741095934647,159.13654332179235
745.4470599631893,158.64739176627398
746.2200103329137,165.063239039997
746.9929607026384,160.84602141165573
747.765911072363,158.34267856836507
748.5388614420874,161.11235190205426
749.311811811812,161.32483158153488
750.0847621815367,159.51259576824137
750.8577125512611,163.32390464310674
751.6306629209857,160.22021891698628
752.4036132907104,164.76530907205859
753.1765636604348,161.6562690382967
753.9495140301594,162.19559941801444
754.7224643998841,161.09868634641228
755.4954147696085,162.07735740836387
756.2683651393331,159.36861645113635
757.0413155090578,161.0952705181108
757.8142658787822,161.09432613449235
758.5872162485068,159.84774134026947
759.3601666182315,158.7098356158306
760.1331169879559,159.50991317705433
760.9060673576805,161.478841936233
761.6790177274052,161.66044287929037
762.4519680971296,162.2590076853478
763.2249184668542,161.0902691117785
763.9978688365788,158.22730790503155
764.7708192063033,160.19352535436397
765.5437695760279,160.42514610151431
766.3167199457525,164.40912303500468
767.089670315477,161.08989774532773
767.8626206852016,162.95935495310115
768.6355710549262,161.09028605831836
769.4085214246506,159.8751948873053
770.1814717943753,162.15061404944953
770.9544221640999,162.93054752215954
771.7273725338243,162.96978524270435
772.500322903549,158.34262541068276
773.2732732732736,160.6030491819418
774.046223642998,161.09382405766124
774.8191740127227,158.5265758845515
775.5921243824473,162.30857969096843
776.3650747521717,157.62958819719196
777.1380251218964,160.68458770944335
777.910975491621,161.0982006664133
778.6839258613454,162.25973223894064
779.45687623107,156.26898757924133
780.2298266007947,161.10146969813147
781.0027769705191,161.03993274509492
781.7757273402437,159.71465669145005
782.5486777099684,163.30605210819726
783.3216280796928,157.99464090006387
784.0945784494174,162.35715152622893
784.8675288191421,159.0406043284295
785.6404791888665,160.4506020352776
786.4134295585911,163.34957462750444
787.1863799283158,159.3064718698095
787.9593302980402,161.11522106670822
788.7322806677648,161.2443478443563
789.5052310374892,160.00395093114085
790.2781814072139,164.1052521982554
791.0511317769385,159.33466608566255
791.8240821466629,159.4627189638139
792.5970325163876,160.4565690177892
793.3699828861122,163.74231732041656
794.1429332558366,160.23977619105466
794.9158836255613,163.96322519439133
795.6888339952859,158.56789873502154
796.4617843650103,161.1339304807612
797.234734734735,158.8058993162504
798.0076851044596,161.86259304327305
798.780635474184,158.85433169809454
799.5535858439086,158.26441665474653
800.3265362136333,158.94289454913564
801.0994865833577,161.14497777064162
801.8724369530823,163.32277350412184
802.645387322807,157.41677243163406
803.4183376925314,161.15057925883076
804.191288062256,162.38337333796795
804.9642384319807,162.48536045720388
805.7371888017051,161.15617461047174
806.5101391714297,161.73111058825063
807.2830895411544,157.202030572585
808.0560399108788,159.56284075507494
808.8289902806034,162.1497961837958
809.6019406503281,161.74404459743647
810.3748910200525,159.72072333165087
811.1478413897771,163.03954645860287
811.9207917595018,160.65103510619804
812.6937421292262,159.19871975147834
813.4666924989508,158.54080448794105
814.2396428686754,162.47508564575338
815.0125932383999,159.3982971665296
815.7855436081245,161.26302851787707
816.5584939778491,160.21860028896194
817.3314443475736,162.86607273997356
818.1043947172982,162.95327169247633
818.8773450870228,161.20268404612284
819.6502954567472,160.76947863086568
820.4232458264719,164.42819091166444
821.1961961961965,164.67624786525124
821.9691465659209,159.9493851267812
822.7420969356456,163.04822615936655
823.5150473053702,161.17064750044648
824.2879976750946,165.03205195509855
825.0609480448193,161.19673382585665
825.8338984145439,160.23621278924418
826.6068487842683,163.40147596996948
827.379799153993,160.7231795264288
828.1527495237176,156.38505172047655
828.925699893442,165.02337888020418
829.6986502631667,163.70081544000735
830.4716006328913,166.0051207206513
831.2445510026157,161.38317232563676
832.0175013723403,158.26654490663248
832.790451742065,161.67044415475112
833.5634021117894,161.51397021767247
834.336352481514,156.53889049724447
835.1093028512387,162.21545516761833
835.8822532209631,159.34810426132944
836.6552035906877,161.9981231965005
837.4281539604124,162.70536633362892
838.2011043301368,159.64937511417097
838.9740546998614,160.27606798059128
839.7470050695861,162.05869026453092
840.5199554393105,160.95753191002925
841.2929058090351,159.57324399754603
842.0658561787598,159.19150116218344
842.8388065484842,164.6393970757442
843.6117569182088,159.95843049404994
844.3847072879335,161.20865686906814
845.1576576576579,163.80358954886128
845.9306080273825,160.73793669012767
846.7035583971071,159.6409123302434
847.4765087668316,164.5768663009259
848.2494591365562,161.20538863524243
849.0224095062808,162.6156158632967
849.7953598760053,164.47327350043702
850.5683102457299,161.51940140620184
851.3412606154545,157.9797173808861
852.1142109851789,166.1259460645735
852.8871613549036,161.52853563591987
853.6601117246282,162.41988942889483
854.4330620943526,161.15955627358298
855.2060124640773,158.93743277198888
855.9789628338019,165.78843054057356
856.7519132035263,164.04058311397444
857.524863573251,161.18755507042732
858.2978139429756,160.5551473609292
859.0707643127,159.12461476534068
859.8437146824247,158.18142966719398
860.6166650521493,161.17811540448605
861.3896154218737,160.38830208880685
862.1625657915984,160.31151146912796
862.935516161323,159.32184311065808
863.7084665310474,159.8655249444854
864.481416900772,159.72856497277357
865.2543672704967,162.3676770886953
866.0273176402211,161.83109970264252
866.8002680099457,160.31115748879452
867.5732183796704,161.14970074473771
868.3461687493948,160.4948723514053
869.1191191191194,157.51038713473656
869.8920694888441,158.13473508476775
870.6650198585685,163.91943255930374
871.4379702282931,161.12928332121152
872.2109205980175,166.08088662513794
872.9838709677422,161.53956227627694
