100.80645161290323,150.43958474487243
101.5794019826278,152.48271583768488
102.35235235235236,150.88747765044658
103.12530272207692,154.87291120225697
103.89825309180148,148.54430804652392
104.67120346152605,151.7569875769115
105.44415383125062,152.04274775685664
106.21710420097517,152.32646873286237
106.99005457069974,152.6081499212281
107.76300494042431,152.88779073825293
108.53595531014886,151.9472985679796
109.30890567987343,153.44094892347735
110.08185604959799,153.71446512427556
110.85480641932256,153.98593861893016
111.62775678904713,154.2553688237405
112.40070715877168,154.5227551550058
113.17365752849625,154.78809702902544
113.9466078982208,155.05139386209865
114.71955826794537,154.453046049691
115.49250863766994,154.18452768299778
116.2654590073945,159.74685339956014
117.03840937711907,156.08411911091346
117.81135974684364,156.33718198374416
118.58431011656819,156.8144654517504
119.35726048629276,156.83716151625305
120.13021085601733,157.08407700852987
120.90316122574188,156.78320995636096
121.67611159546645,158.0143262304699
122.449061965191,157.8125193850413
123.22201233491558,158.3783800128781
123.99496270464013,158.28788838210943
124.7679130743647,158.5224933533596
125.54086344408927,158.04993739641168
126.31381381381382,158.98554132278844
127.08676418353839,157.78108431634286
127.85971455326296,159.44036943678412
128.63266492298752,159.6646995887428
129.40561529271207,159.88697302574104
130.17856566243665,161.1768704249089
130.9515160321612,160.33639634935722
131.72446640188576,160.54144720996646
132.49741677161035,160.7554879501162
133.2703671413349,160.96746905680192
134.04331751105946,161.67636778415837
134.81626788078404,161.38525003497912
135.5892182505086,161.591048739069
136.36216862023315,161.79478547489228
137.13511898995773,161.9964596587481
137.9080693596823,162.19607070693587
138.68101972940684,163.28006505656973
139.45397009913142,162.58910106150438
140.22692046885598,162.7825192004837
140.99987083858053,160.70762727531374
141.7728212083051,163.16315848332897
142.54577157802967,165.53248581224244
143.31872194775423,161.51541525012732
144.09167231747878,163.93412152938959
144.86462268720334,163.89963272494646
145.63757305692792,164.9655352511736
146.41052342665247,164.2554583445075
147.18347379637703,164.43026623602364
147.9564241661016,161.87808257269197
148.72937453582617,164.77366926402374
149.50232490555072,162.89317075765314
150.2752752752753,165.10878472730948
151.04822564499986,165.27323316293274
151.82117601472441,165.21000040194443
152.594126384449,165.59590852363652
153.36707675417355,167.93101919369562
154.1400271238981,166.78018349753833
154.9129774936227,166.06435903282483
155.68592786334725,164.77987951057915
156.4588782330718,166.36627754119732
157.23182860279638,166.51412049495553
158.00477897252094,166.65988513682746
158.7777293422455,167.97503655756853
159.55067971197008,162.87408977385238
160.32363008169463,167.08470335411872
161.0965804514192,167.22214891143855
161.86953082114377,167.50615779197577
162.64248119086832,168.33243348862086
163.41543156059288,167.6219958662567
164.18838193031743,167.75111299981327
164.961332300042,167.8781465681773
165.73428266976657,167.26280201387172
166.50723303949113,168.12596067452478
167.28018340921568,168.24674004510686
168.05313377894026,172.90671760067187
168.82608414866482,164.270219482288
169.59903451838937,169.07143530800735
170.37198488811396,168.70899269047453
171.1449352578385,170.28865702198976
171.91788562756307,168.92759193917217
172.69083599728765,165.6674334979095
173.4637863670122,169.13783357907153
174.23673673673676,170.17877145394618
175.00968710646134,169.8843621575193
175.7826374761859,171.29000480215709
176.55558784591045,169.53322535405306
177.32853821563504,171.95032287709964
178.1014885853596,169.7183661499241
178.87443895508414,170.97796924847873
179.64738932480873,171.19902473536467
180.42033969453328,167.2863592474849
181.19329006425784,170.06351421039852
181.96624043398242,168.23815692654617
182.73919080370695,170.22351213579077
183.51214117343153,168.16335199655398
184.2850915431561,171.27065978668256
185.05804191288064,170.44777575955723
185.83099228260522,170.8465144695525
186.6039426523298,170.58678918934538
187.37689302205433,170.2842133040885
188.14984339177892,170.71740064908215
188.92279376150347,168.94502667111476
189.69574413122803,170.83960546916185
190.4686945009526,170.89755393007857
191.24164487067716,170.9533989799789
192.01459524040172,171.00714003516225
192.7875456101263,172.6502318416046
193.56049597985086,172.42639925076193
194.3334463495754,171.15573339540288
195.1063967193,171.6102566526132
195.87934708902455,171.24426496079852
196.6522974587491,171.28536978996485
197.4252478284737,170.87114620804172
198.19819819819824,169.3799221530102
198.9711485679228,169.62246514966895
199.74409893764738,171.4287024634035
200.51704930737193,171.4592610524531
201.2899996770965,171.48770864237716
202.06295004682107,174.03163617571664
202.8359004165456,172.5598182929801
203.60885078627018,171.9674845851316
204.38180115599476,171.58037733680507
205.1547515257193,169.1528393167477
205.92770189544387,174.14604761477997
206.70065226516846,171.62768476547456
207.47360263489298,171.63922334916987
208.24655300461757,172.80575803068206
209.01950337434212,175.0113072681139
209.79245374406668,170.4437057308939
210.56540411379126,174.2475074368049
211.33835448351581,170.7520461750506
212.11130485324037,173.84494988005687
212.88425522296495,173.89989120069086
213.6572055926895,171.65529790033094
214.43015596241406,171.6477691989154
215.20310633213865,171.63811899176181
215.9760567018632,171.62634669516945
216.74900707158776,170.27122603850742
217.52195744131234,168.72028743534378
218.2949078110369,171.57829143175303
219.06785818076145,171.5580249403987
219.84080855048603,171.53563344110216
220.61375892021059,171.51111635016275
221.38670928993514,171.48447308387966
222.15965965965972,171.4557030585522
222.93261002938428,171.42480569047973
223.70556039910883,171.39178039596155
224.47851076883342,171.3566265912969
225.25146113855794,170.7940070082662
226.02441150828253,170.54509443479972
226.7973618780071,168.01644232420247
227.57031224773164,169.34434219529732
228.34326261745622,172.45721822635926
229.11621298718077,171.10097236299475
229.88916335690536,171.0509026436855
230.6621137266299,170.9986997446242
231.43506409635447,170.9443630821102
232.20801446607902,170.88789207244275
232.9809648358036,170.82928613192115
233.75391520552816,170.76854467684473
234.5268655752527,170.7056671235128
235.2998159449773,170.54871068723133
236.07276631470185,171.16103496749324
236.8457166844264,170.5042014221653
237.618667054151,170.43272169410832
238.39161742387554,170.3590281551576
239.1645677936001,168.13557228234055
239.93751816332468,170.20486376126985
240.71046853304924,170.12432496468065
241.4834189027738,170.04143647389296
242.25636927249835,171.25989013486014
243.02931964222293,168.89658465395277
243.80227001194748,169.77833312807778
244.57522038167204,169.6857061522349
245.34817075139662,165.66636560179796
246.12112112112118,169.38566994067557
246.89407149084573,169.39257205142633
247.66702186057032,169.28966305730972
248.43997223029487,169.18409863155932
249.21292260001943,169.07584480334904
249.985872969744,167.66179666385457
250.75882333946856,171.28496370197442
251.53177370919312,165.57957257835128
252.30472407891767,163.7357511148727
253.07767444864226,165.43779016622747
253.8506248183668,163.40082762526603
254.62357518809137,169.13834809669387
255.39652555781595,167.04729112802372
256.1694759275405,165.54959706626798
256.94242629726506,169.99065624135852
257.71537666698964,167.1956463702909
258.48832703671417,165.44179148899156
259.26127740643875,167.40835268686266
260.03422777616333,169.67847343927315
260.80717814588786,165.4390603915691
261.58012851561244,166.95030462329458
262.353078885337,166.79113341686445
263.12602925506155,166.62866133310376
263.89897962478614,165.50930750816173
264.6719299945107,166.29367865028578
265.44488036423525,165.6812170890785
266.21783073395983,165.94508480823154
266.9907811036844,165.76559877542542
267.76373147340894,165.5826080403318
268.5366818431335,164.66295741430943
269.3096322128581,164.36871544859252
270.08258258258263,165.01226791306425
270.8555329523072,164.81491866055902
271.6284833220318,168.58172423786593
272.4014336917563,164.40916251546764
273.1743840614809,167.57480779348035
273.9473344312055,164.24714607579367
274.72028480093,163.7723746352359
275.4932351706546,163.77903185185448
276.2661855403792,163.32868394704653
277.0391359101037,164.88903000556803
277.8120862798283,165.49445892740928
278.5850366495529,162.63372034618726
279.3579870192774,162.3940825776429
280.130937389002,162.15039657359256
280.90388775872657,160.01156752703972
281.6768381284511,159.33275364553032
282.4497884981757,159.2990300042737
283.22273886790026,162.36893308615666
283.9956892376248,158.7313678283377
284.7686396073493,161.5461094319066
285.54158997707395,159.67222233622513
286.3145403467985,158.88033968093484
287.087490716523,158.04682929404464
287.86044108624765,156.99864683556004
288.6333914559722,159.22220640920617
289.4063418256967,157.82465036257838
290.17929219542134,158.59863236400224
290.95224256514587,158.29470412612346
291.7251929348704,159.22195660694481
292.49814330459503,157.67314047038272
293.27109367431956,157.35547365053577
294.0440440440441,159.63598307166768
294.81699441376867,156.80900378720202
295.58994478349325,156.37579687614402
296.3628951532178,156.91044779475112
297.13584552294236,159.48961560983804
297.90879589266694,159.4732479841519
298.68174626239147,156.50848117167354
299.45469663211605,154.4111957696868
300.22764700184064,159.09828296693394
301.00059737156516,153.94610459893192
301.77354774128975,153.58392595697217
302.54649811101433,152.84971547424288
303.31944848073886,152.84918084073857
304.09239885046344,152.47679876178412
304.865349220188,150.4732807250637
305.63829958991255,151.72247655049884
306.41124995963713,153.175331978435
307.1842003293617,152.7272629263343
307.95715069908624,150.5684810650255
308.7301010688108,148.30198592883335
309.5030514385354,149.78521826837652
310.27600180825993,149.3896837211312
311.0489521779845,148.99167000481825
311.8219025477091,148.59126931709747
312.5948529174336,148.18857385562862
313.3678032871582,147.78367581807126
314.1407536568828,147.3766674020853
314.9137040266073,146.96764080533043
315.6866543963319,145.66882858018175
316.4596047660565,146.14390186015265
317.232555135781,145.7293739070494
318.0055055055056,146.5367302426609
318.7784558752302,142.7139561747229
319.5514062449547,144.4762624975981
320.3243566146793,144.055690169933
321.0973069844039,144.78494678258866
321.8702573541284,142.1118086068694
322.643207723853,144.01370922153606
323.41615809357756,146.00537859841256
324.1891084633021,141.93546349243564
324.9620588330266,141.5085905327199
325.73500920275126,139.18547533242497
326.5079595724758,137.98108230324732
327.2809099422003,142.0836961630595
328.05386031192495,139.79474653512676
328.8268106816495,139.53562557750521
329.599761051374,138.9353029287111
330.37271142109864,138.50526904759818
331.14566179082317,138.0751457592757
331.9186121605477,137.64502199114395
332.69156253027234,139.20912462911767
333.46451289999686,135.7894508005254
334.2374632697214,136.3555370818977
335.010413639446,135.9263006685335
335.78336400917055,135.4975084123623
336.5563143788951,135.06924924078461
337.32926474861966,134.64161208120083
338.10221511834425,134.2146858610115
338.8751654880688,132.79334924868067
339.64811585779336,133.36332194841776
340.42106622751794,132.9390621108143
341.19401659724247,132.51586892220706
341.96696696696705,131.25069770514466
342.73991733669163,131.673038201583
343.51286770641616,134.41173840698693
344.28581807614074,131.34550566635411
345.0587684458653,133.99304188915022
345.83171881558985,129.17625375322788
346.60466918531444,127.4758053574169
347.377619555039,128.85048531717484
348.15056992476354,131.77687752070247
348.9235202944881,128.36216675902642
349.6964706642127,127.95657591780753
350.46942103393724,128.53205587279706
351.2423714036618,127.15188449617526
352.0153217733864,125.43908006164428
352.78827214311093,129.1028118439287
353.5612225128355,124.45850335748544
354.3341728825601,125.5709526633453
355.1071232522846,125.18216574214767
355.8800736220092,124.79613509055488
356.6530239917338,124.41294963596742
357.4259743614583,124.03269830578571
358.1989247311829,123.65547002741023
358.9718751009075,123.28135372824144
359.744825470632,120.14316059864663
360.5177758403566,121.41649053628463
361.2907262100811,122.17856597997965
362.0636765798057,116.86801983249293
362.8366269495303,121.46056437951349
363.6095773192548,119.12825036270601
364.3825276889794,119.18579384677037
365.155478058704,120.58306410397752
365.9284284284285,120.06901912109774
366.7013787981531,123.11753033925902
367.47432916787767,119.39689830155531
368.2472795376022,119.06706209010214
369.0202299073268,116.67377234577198
369.79318027705136,119.90671167298359
370.5661306467759,118.10351737781986
371.3390810165005,117.28118157089973
372.11203138622506,117.48368011203402
372.8849817559496,117.18078602406315
373.65793212567417,116.8826935359076
374.43088249539875,116.58949157496785
375.2038328651233,112.34462400746692
375.97678323484786,116.01811494433747
376.74973360457244,115.74011812944778
377.52268397429697,115.46736755137566
378.29563434402155,115.19995213752155
379.06858471374613,116.69904283901252
379.84153508347066,112.69435595429823
380.61448545319524,114.4306061552722
381.3874358229198,115.22533039567062
382.16038619264435,113.94601499053788
382.93333656236894,116.50389219209315
383.70628693209346,113.48489874028668
384.47923730181805,111.48452532137591
385.25218767154263,113.04796857779698
386.02513804126716,113.35899665622952
386.79808841099174,110.43375051978107
387.5710387807163,114.82489041731273
388.34398915044085,112.55583684529758
389.11693952016543,113.37813180133426
389.88988988989,111.88399227683132
390.66284025961454,111.71097832732784
391.4357906293391,109.15532434165237
392.2087409990637,111.3825205441545
392.98169136878823,111.22698459006851
393.7546417385128,111.07718251403885
394.5275921082374,109.82174328023083
395.3005424779619,113.7935377381914
396.0734928476865,111.9132887399928
396.8464432174111,110.53439178632188
397.6193935871356,111.15847126040751
398.3923439568602,110.29620212539128
399.1652943265848,110.18524750992964
399.9382446963093,114.20123712604064
400.7111950660339,109.98342725844229
401.4841454357585,109.8843918010625
402.257095805483,108.44910308006568
403.0300461752076,109.71003417433502
403.8029965449321,111.40844311778625
404.5759469146567,109.55621692901263
405.3488972843813,108.30100625540622
406.1218476541058,109.42257158343067
406.8947980238304,109.36319822252213
407.667748393555,109.43112525786276
408.4406987632795,112.44280377134315
409.2136491330041,106.74470949355974
409.98659950272867,109.07769503867769
410.7595498724532,109.13898212848069
411.5325002421778,107.14463878185589
412.30545061190236,113.33663002961833
413.0784009816269,107.94633563422596
413.85135135135147,109.04402649336414
414.62430172107605,109.0316283662005
415.3972520908006,111.17840495023779
416.17020246052516,109.02011862835525
416.94315283024974,109.0209148972575
417.71610319997427,110.76243177139862
418.48905356969885,108.35021195128738
419.26200393942344,109.04895553276664
420.03495430914796,109.06669948684356
420.80790467887255,108.7469713620146
421.58085504859713,111.24153304924407
422.35380541832166,109.51720060798999
423.12675578804624,110.98399083345538
423.89970615777077,109.21632461466854
424.67265652749535,109.25810829026504
425.44560689721993,108.47116871130169
426.21855726694446,109.35316580982487
426.99150763666904,109.40634753337207
427.7644580063936,109.46323648581998
428.53740837611815,109.52378660696054
429.31035874584273,110.77489914489028
430.0833091155673,108.10752949015222
430.85625948529184,109.72694338045724
431.6292098550164,109.8016775742876
432.402160224741,109.87984263577016
433.17511059446554,109.96139250469686
433.9480609641901,110.04628112085967
434.7210113339147,110.88209031264554
435.49396170363923,110.22589035406112
436.2669120733638,110.3205188506837
437.0398624430884,111.7981655073064
437.8128128128129,110.5191933029319
438.5857631825375,109.23252300510713
439.3587135522621,110.73011729913044
440.1316639219866,112.31837958385367
440.9046142917112,112.81949524046604
441.6775646614358,111.06866513469367
442.4505150311603,111.18723999671992
443.2234654008849,113.51171169028203
443.9964157706095,115.58153958393078
444.769366140334,111.55949649040076
445.5423165100586,112.1031789373836
446.3152668797831,111.82098347377567
447.0882172495077,111.95558358111522
447.8611676192323,113.78644113423027
448.6341179889568,114.37238769668613
449.4070683586814,111.722992080327
450.18001872840597,111.94112111426087
450.9529690981305,112.66530786601024
451.7259194678551,110.99185683863274
452.49886983757966,112.96547553857616
453.2718202073042,113.11886326801418
454.04477057702877,113.27439217927818
454.81772094675335,113.43201621216002
455.5906713164779,113.59168930645167
456.36362168620246,113.75336540194499
457.13657205592705,116.33304390532643
457.9095224256516,114.08254235570442
458.68247279537616,114.24995109355436
459.45542316510074,114.41917859177367
460.22837353482527,114.59017879015428
461.00132390454985,114.7629056284881
461.77427427427443,115.45995637400277
462.54722464399896,115.11335498418299
463.32017501372354,115.29098538112795
464.0931253834481,118.57685593433497
464.86607575317265,115.6508273121724
465.63902612289723,115.83294672585572
466.41197649262176,116.21525714498222
467.18492686234634,111.22500911440441
467.9578772320709,116.38754603705323
468.73082760179545,114.17751446077499
469.50377797152004,113.51251710799617
470.2767283412446,115.84967510583873
471.04967871096915,117.14452136789228
471.82262908069373,117.33658484372242
472.5955794504183,120.24003709451904
473.36852982014284,118.59587136036326
474.1414801898674,120.5859348232254
474.914430559592,117.26378650623721
475.68738092931653,118.3115945641813
476.4603312990411,119.29112270136466
477.2332816687657,117.49611684354831
478.0062320384902,116.88299371670574
478.7791824082148,119.10764642617997
479.5521327779394,119.3087563802803
480.3250831476639,118.18349239047325
481.0980335173885,119.71339040627566
481.8709838871131,116.18320410437634
482.6439342568376,120.12114585740112
483.4168846265622,117.43923084429746
484.1898349962868,118.6294338127907
484.9627853660113,120.73837603489277
485.7357357357359,120.94555352177986
486.5086861054604,121.15342370621275
487.281636475185,121.36197197840211
488.0545868449096,121.57118372855842
488.8275372146341,121.78104434689226
489.6004875843587,121.99153922361421
490.3734379540833,123.70133571480633
491.1463883238078,122.41437331306453
491.9193386935324,122.62668330621403
492.69228906325696,122.83956911859391
493.4652394329815,121.1391813319389
494.2381898027061,123.26700976188681
495.01114017243066,126.06963478329146
495.7840905421552,120.98056865706475
496.55704091187977,123.64420148040425
497.32999128160435,125.40398687893811
498.1029416513289,124.3446655213887
498.87589202105346,124.56163193519119
499.64884239077804,124.77904268011905
500.42179276050257,124.99688314638274
501.19474313022715,125.21513872419297
501.96769349995174,126.94609539213126
502.74064386967626,124.24834346469454
503.51359423940085,125.87225002900789
504.28654460912543,124.80672086444731
505.05949497884995,126.31213194381036
505.83244534857454,126.532571385321
506.6053957182991,126.78019715189899
507.37834608802365,127.26336136381403
508.15129645774823,127.19570832881745
508.92424682747276,125.90094872284125
509.69719719719734,127.639169042391
510.4701475669219,128.18993699859087
511.24309793664645,128.08358893225721
512.016048306371,128.3061220438264
512.7889986760956,131.9693424382124
513.5619490458201,128.75176155128986
514.3348994155447,125.04678284437027
515.1078497852693,129.19806803925715
515.8808001549938,129.42143487645612
516.6537505247184,129.64492462941269
517.426700894443,129.42869397881066
518.1996512641675,130.09221444344092
518.972601633892,128.63247922764972
519.7455520036167,131.43816077772368
520.5185023733412,130.76370578792944
521.2914527430657,130.98762622985342
522.0644031127904,127.43687644163532
522.8373534825149,132.90142187511702
523.6103038522394,131.07377343300683
524.3832542219641,131.88336837197033
525.1562045916886,132.1072459521576
525.9291549614131,131.05842571358963
526.7021053311378,131.25796227360294
527.4750557008623,133.35170437526625
528.2480060705868,129.9245369740401
529.0209564403115,132.30104701104327
529.793906810036,133.44889965462124
530.5668571797605,133.67210361722042
531.3398075494852,133.89515290957786
532.1127579192097,134.1180329219041
532.8857082889342,134.34072904440958
533.6586586586589,135.84120694538214
534.4316090283834,133.65291882251103
535.2045593981079,132.06997140078167
535.9775097678325,135.22938687219437
536.7504601375571,131.53309382560764
537.5234105072816,138.44118783299754
538.2963608770062,132.00389266434527
539.0693112467308,136.11402369152069
539.8422616164553,136.33446330147834
540.6152119861799,136.05844700518082
541.3881623559045,136.77439413281223
542.161112725629,136.99386110426494
542.9340630953536,137.212979612959
543.7070134650781,138.27954610629283
544.4799638348027,137.65012274222406
545.2529142045273,135.5021211509224
546.0258645742518,138.08572652091306
546.7988149439764,140.06627087318353
547.571765313701,138.5196939493314
548.3447156834255,138.73603371978467
549.1176660531501,138.9519280277848
549.8906164228747,138.10279265102196
550.6635667925992,141.08438361503664
551.4365171623238,140.92165936775234
552.2094675320484,140.20039491835212
552.9824179017729,140.02429325732632
553.7553682714974,142.83632396878943
554.5283186412221,143.97622180880342
555.3012690109466,143.44430556515994
556.0742193806711,140.8729303707
556.8471697503958,140.92645148044042
557.6201201201203,141.29389715480727
558.3930704898448,141.5035001663497
559.1660208595695,141.71250009093555
559.938971229294,141.92088480360303
560.7119215990185,139.39156828790158
561.4848719687432,142.33576009333572
562.2578223384677,142.54222642047725
563.0307727081922,142.74802903585322
563.8037230779169,142.5996019331127
564.5766734476414,143.15759463146114
565.3496238173659,142.706519184535
566.1225741870905,143.56435988046493
566.8955245568151,141.8725486370125
567.6684749265396,143.9682277831703
568.4414252962642,145.00048495215728
569.2143756659888,144.88863440454506
569.9873260357133,148.7243461423394
570.7602764054379,146.63398981055883
571.5332267751623,144.82410783124155
572.306177144887,145.1614774165506
573.0791275146116,145.35754840744943
573.852077884336,145.55278593711728
574.6250282540607,145.47541350193933
575.3979786237853,145.9407121129132
576.1709289935097,145.77108961581033
576.9438793632344,145.94325592274788
577.716829732959,147.63775311779708
578.4897801026834,146.7060294314147
579.2627304724081,146.8950932335358
580.0356808421327,147.0832265747315
580.8086312118571,147.27041733003998
581.5815815815818,145.92349418107807
582.3545319513064,146.78952988695764
583.1274823210308,147.8262128310246
583.9004326907555,148.00951199316643
584.6733830604801,148.19180794461207
585.4463334302045,150.22395328154659
586.2192837999291,148.04320948280701
586.9922341696538,148.73255528515372
587.7651845393782,148.22824793001934
588.5381349091028,149.08781516773405
589.3110852788275,152.10476408906405
590.0840356485519,152.27529177525136
590.8569860182765,149.6126049756973
591.629936388001,149.78532640759587
592.4028867577256,149.95692337918018
593.1758371274502,152.06517955290596
593.9487874971747,150.29669544155877
594.7217378668993,150.46484628242942
595.4946882366239,150.63182416313862
596.2676386063484,149.84998087166687
597.040588976073,149.3420089279182
597.8135393457976,154.00627078996857
598.5864897155221,153.02383040441225
599.3594400852467,151.44869479059884
600.1323904549713,151.60838028614114
600.9053408246958,154.53516050871917
601.6782911944204,151.92396564758138
602.451241564145,151.23749685754413
603.2241919338695,152.23442266975064
603.997142303594,152.3876977412041
604.7700926733187,154.22187226646207
605.5430430430432,155.65380481511463
606.3159934127677,152.83956369749822
607.0889437824924,155.58716976989587
607.8618941522169,153.13405370368764
608.6348445219414,156.61509693297955
609.4077948916661,153.42302737182817
610.1807452613906,152.486890851756
610.9536956311151,153.70638770222538
611.7266460008398,153.84593255336574
612.4995963705643,152.75810049156004
613.2725467402888,154.1206910027209
614.0454971100135,154.25588035101208
614.8184474797381,154.3895936150966
615.5913978494625,154.5218186700126
616.3643482191871,154.65254339079837
617.1372985889118,154.781755652492
617.9102489586362,154.90944333013172
618.6831993283608,155.03559429875574
619.4561496980855,155.16019643340232
620.2291000678099,152.39400524510708
621.0020504375345,155.67377257650725
621.775000807259,155.52458858385864
622.5479511769836,155.64287413297708
623.3209015467082,156.50040412409953
624.0938519164326,154.15641080979543
624.8668022861573,157.66395452608228
625.6397526558819,156.09995621520287
626.4127030256063,156.21025259094552
627.185653395331,152.50588822438274
627.9586037650556,156.42615251197205
628.73155413478,156.5317778715095
629.5045045045047,158.47617700288117
630.2774548742293,155.61340251671865
631.0504052439537,156.83948643174162
631.8233556136784,156.9390364694484
632.596305983403,157.3246248399813
633.3692563531274,155.59599271106387
634.142206722852,158.1291518951621
634.9151570925767,157.67306681613232
635.6881074623011,157.4146313609118
636.4610578320257,157.5053956296785
637.2340082017504,155.83457111474806
638.0069585714748,157.94325264777746
638.7799089411994,159.05578593164807
639.5528593109241,156.74036499919268
640.3258096806485,157.9380433178596
641.0987600503731,158.54215646915677
641.8717104200978,158.1014249535292
642.6446607898222,158.1810856628137
643.4176111595468,158.25940750923382
644.1905615292715,158.33640139991647
644.9635118989959,157.09505865147733
645.7364622687205,160.28425219079114
646.5094126384452,163.08595989054027
647.2823630081696,158.27301277059166
648.0553133778942,158.70183326670752
648.8282637476188,160.40881015045505
649.6012141173433,158.83909207270182
650.3741644870679,160.34356635769205
651.1471148567925,158.97138808380595
651.920065226517,160.98208497412318
652.6930155962416,162.23284512647493
653.4659659659662,159.16071773476307
654.2389163356906,159.2214407494032
655.0118667054153,162.90072656576578
655.7848170751399,159.33937191792623
656.5577674448643,159.39660188606294
657.330717814589,159.45268931961888
658.1036681843136,159.50764512572093
658.876618554038,159.561480211496
659.6495689237627,159.61420548407088
660.4225192934873,159.66583185057252
661.1954696632117,158.6164998291344
661.9684200329364,157.15142662075067
662.741370402661,159.8142265849064
663.5143207723854,161.74740562990857
664.2872711421101,159.9078618414219
665.0602215118347,159.95312382114815
665.8331718815591,156.4085467253532
666.6061222512838,163.65896235416497
667.3790726210084,157.538519989249
668.1520229907328,162.35246222252337
668.9249733604574,160.16431351953858
669.6979237301821,156.50059156003792
670.4708740999065,160.2419369051507
671.2438244696311,160.27932383494766
672.0167748393558,160.31577546557432
672.7897252090802,158.0717013003338
673.5626755788048,160.38591645782435
674.3356259485295,158.3790674205652
675.1085763182539,160.4524471389158
675.8815266879785,160.48438588059423
676.6544770577032,160.51545476586355
677.4274274274276,160.8142791374765
678.2003777971522,158.34299052606337
678.9733281668769,163.77001062066049
679.7462785366013,163.11338813713252
680.5192289063259,158.10595819752731
681.2921792760505,160.6842118919943
682.065129645775,159.916569240541
682.8380800154996,160.73399987251688
683.6110303852242,164.95053928948013
684.3839807549487,160.7807010839705
685.1569311246733,156.98130552236188
685.9298814943979,159.30044091969526
686.7028318641223,162.22574759555843
687.475782233847,160.86519222773057
688.2487326035716,165.01048283697145
689.021682973296,159.06773462660385
689.7946333430207,160.92110679079332
690.5675837127453,160.93838337939425
691.3405340824697,163.75653273231742
692.1134844521944,160.97095960072718
692.886434821919,160.98628104771305
693.6593851916434,161.0009725950809
694.4323355613681,161.0150451499577
695.2052859310927,161.02850961947027
695.9782363008171,161.04137691074553
696.7511866705418,161.6458640221676
697.5241370402664,162.71310809567098
698.2970874099908,161.07650478641574
699.0700377797154,162.25726832153663
699.8429881494401,158.6594680840675
700.6159385191645,159.11029988392855
701.3888888888891,161.11564315768308
702.1618392586138,161.12412567962673
702.9347896283382,161.13210918747487
703.7077399980628,161.1396045883543
704.4806903677875,160.48126039664248
705.2536407375119,161.1531746977146
706.0265911072365,161.15927122044926
706.7995414769609,161.16492326472266
707.5724918466856,161.17014173766177
708.3454422164102,161.17493754639338
709.1183925861346,161.17932159804445
709.8913429558593,163.08196007817497
710.6642933255839,165.27617615178315
711.4372436953083,161.19011228178263
712.210194065033,165.11368566750505
712.9831444347576,161.19544724953101
713.756094804482,161.1975898083627
714.5290451742067,161.19939696000185
715.3019955439313,163.74427766490845
716.0749459136557,160.01651913631756
716.8478962833804,160.54449120268825
717.620846653105,161.20348963717055
718.3937970228294,157.16642915137302
719.166747392554,160.4456367189426
719.9396977622787,161.20357181874215
720.7126481320031,161.2030883694084
721.4855985017277,161.20236767702391
722.2585488714524,161.97542252707237
723.0314992411768,161.20025819161023
723.8044496109014,158.043433526176
724.5773999806261,163.59449531823122
725.3503503503505,164.32975023779184
726.1233007200751,161.1936722177566
726.8962510897998,161.74138900881493
727.6692014595242,161.7753209137641
728.4421518292488,161.18700518421466
729.2151021989735,161.18451195330078
729.9880525686979,161.18190145773173
730.7610029384225,161.17918460463437
731.5339533081471,161.1763723011356
732.3069036778716,161.1734754543623
733.0798540475962,161.17050497144126
733.8528044173208,162.06442798137533
734.6257547870453,161.16438672566366
735.3987051567699,161.16126077706076
736.1716555264945,160.91388933078886
736.944605896219,161.15492976406117
737.7175562659436,160.89133995732112
738.4905066356682,160.0067417829722
739.2634570053926,161.14539906198033
740.0364073751173,163.64215389175843
740.8093577448419,159.659926248898
741.5823081145663,158.23193397820006
742.355258484291,161.13308575104895
743.1282088540156,161.1301505467529
743.90115922374,162.0761659412182
744.6741095934647,161.124528236173
745.4470599631893,161.12186294414295
746.2200103329137,161.1193093645855
746.9929607026384,158.68746764988467
747.765911072363,163.26214580869046
748.5388614420874,161.11235190205426
749.311811811812,163.50414926150333
750.0847621815367,161.1082851316422
750.8577125512611,161.1064183718148
751.6306629209857,157.06315554648737
752.4036132907104,163.0700569310399
753.1765636604348,161.1014652498317
753.9495140301594,157.51444545302638
754.7224643998841,161.09868634641228
755.4954147696085,160.59051937847687
756.2683651393331,161.09631093996936
757.0413155090578,159.4149124249152
757.8142658787822,161.09432613449235
758.5872162485068,161.0934761771129
759.3601666182315,160.33303618652982
760.1331169879559,161.0920530930652
760.9060673576805,161.0914767423944
761.6790177274052,158.19099806224412
762.4519680971296,161.09058636375235
763.2249184668542,163.01074591040557
763.9978688365788,159.7082684764078
764.7708192063033,161.08988242251837
765.5437695760279,161.08980976122956
766.3167199457525,161.08981540616645
767.089670315477,161.08989774532773
767.8626206852016,161.09005516671215
768.6355710549262,161.09028605831836
769.4085214246506,164.64121912175932
770.1814717943753,159.72310337931006
770.9544221640999,161.0914034344545
771.7273725338243,161.09191208693466
772.500322903549,158.98025539159315
773.2732732732736,161.09312401053933
774.046223642998,160.01720287831
774.8191740127227,161.7084219594547
775.5921243824473,162.5744828926312
776.3650747521717,161.0962811962892
777.1380251218964,161.09721386824825
777.910975491621,163.39416209359317
778.6839258613454,161.0992399787831
779.45687623107,161.1003301933562
780.2298266007947,162.4303406784181
781.0027769705191,162.45397665842702
781.7757273402437,164.8799290898351
782.5486777099684,163.9525190740688
783.3216280796928,159.4586885053425
784.0945784494174,161.67429202458547
784.8675288191421,160.3665902440168
785.6404791888665,160.9566263931329
786.4134295585911,162.01689156319676
787.1863799283158,164.70924860356985
787.9593302980402,161.11522106670822
788.7322806677648,164.96644361362073
789.5052310374892,163.41058397405448
790.2781814072139,161.12003520799954
791.0511317769385,161.17605524812933
791.8240821466629,156.32586113501733
792.5970325163876,162.0620634978978
793.3699828861122,165.94291347190148
794.1429332558366,161.1285717271408
794.9158836255613,163.11932823913938
795.6888339952859,162.52830781890577
796.4617843650103,164.4900471443213
797.234734734735,161.13574653364938
798.0076851044596,161.13757480070942
798.780635474184,158.05407003768417
799.5535858439086,160.05656057135965
800.3265362136333,161.1431167669074
801.0994865833577,161.91624628997923
801.8724369530823,163.8973774224674
802.645387322807,163.41164335417722
803.4183376925314,162.0808099574805
804.191288062256,161.1524472072182
804.9642384319807,161.15431286176562
805.7371888017051,159.2558886449138
806.5101391714297,161.15803084133526
807.2830895411544,158.03942814629733
808.0560399108788,161.30934184710026
808.8289902806034,158.5929147182069
809.6019406503281,161.16536834633686
810.3748910200525,161.81129926202854
811.1478413897771,161.16896207974779
811.9207917595018,160.9343040756821
812.6937421292262,157.37695223673376
813.4666924989508,161.1742226359722
814.2396428686754,161.17593502833722
815.0125932383999,161.17762417084518
815.7855436081245,161.17928845149476
816.5584939778491,156.67473124055292
817.3314443475736,161.1825359792134
818.1043947172982,160.2659116483909
818.8773450870228,161.18566471548283
819.6502954567472,162.77599449532016
820.4232458264719,161.72949462756546
821.1961961961965,161.19010687589636
821.9691465659209,161.1915142296315
822.7420969356456,161.1928822134964
823.5150473053702,161.19420921548974
824.2879976750946,161.1954936236103
825.0609480448193,161.19673382585665
825.8338984145439,161.1979282102275
826.6068487842683,164.38110155637463
827.379799153993,161.20017307733758
828.1527495237176,161.20122033607413
828.925699893442,161.7868219185941
829.6986502631667,161.20315644390377
830.4716006328913,164.35470805260894
831.2445510026157,160.30639464438184
832.0175013723403,159.08883847504333
832.790451742065,161.2063498849521
833.5634021117894,161.2069974304959
834.336352481514,159.71360334901235
835.1093028512387,162.3126376165308
835.8822532209631,161.20855231978248
836.6552035906877,162.00903698885972
837.4281539604124,158.60095414335254
838.2011043301368,161.20949173602418
838.9740546998614,162.51712364163447
839.7470050695861,161.20975459069837
840.5199554393105,158.91513426070512
841.2929058090351,161.2097116617708
842.0658561787598,161.20957149845304
842.8388065484842,161.20935005323088
843.6117569182088,162.5044110509263
844.3847072879335,163.95340374458362
845.1576576576579,161.20818190612493
845.9306080273825,162.8180192862943
846.7035583971071,157.65912576544278
847.4765087668316,161.20622418983214
848.2494591365562,161.20538863524243
849.0224095062808,160.11850311609027
849.7953598760053,161.203433380317
850.5683102457299,161.2023104559786
851.3412606154545,161.20108851772142
852.1142109851789,162.0408606731243
852.8871613549036,161.19834115144516
853.6601117246282,161.19681249942354
854.4330620943526,161.19517838547773
855.2060124640773,161.19343719760656
855.9789628338019,160.73750693108477
856.7519132035263,161.18962715208266
857.524863573251,160.28585001092299
858.2978139429756,159.78459887621653
859.0707643127,159.23036673320482
859.8437146824247,161.18065124587199
860.6166650521493,159.31395946572147
861.3896154218737,163.0654221777902
862.1625657915984,161.17268219990504
862.935516161323,161.16978161270737
863.7084665310474,162.66148217353367
864.481416900772,161.16360440849098
865.2543672704967,160.0493768721442
866.0273176402211,162.23629310391962
866.8002680099457,161.1533743475944
867.5732183796704,161.14970074473771
868.3461687493948,161.14589266393327
869.1191191191194,161.14194849317974
869.8920694888441,161.13786662047582
870.6650198585685,159.4339785654891
871.4379702282931,161.12928332121152
872.2109205980175,161.12477867064848
872.9838709677422,163.2367508613802
