100.80645161290323,152.97420497480996
101.5794019826278,152.2091074462981
102.35235235235236,150.88747765044658
103.12530272207692,151.6411696924391
103.89825309180148,152.5552105207882
104.67120346152605,152.03404920013853
105.44415383125062,151.86684609216113
106.21710420097517,152.32646873286237
106.99005457069974,151.43254112267144
107.76300494042431,151.7040476180089
108.53595531014886,151.33941623648457
109.30890567987343,153.44094892347735
110.08185604959799,156.01212300760292
110.85480641932256,152.96615888992983
111.62775678904713,153.29799283401672
112.40070715877168,151.6236548983863
113.17365752849625,157.80699404822067
113.9466078982208,154.58023600487195
114.71955826794537,155.31264507052475
115.49250863766994,156.81971913992263
116.2654590073945,158.1376368494226
117.03840937711907,156.03492043759624
117.81135974684364,157.7090036488468
118.58431011656819,157.23351191422904
119.35726048629276,158.58429026392122
120.13021085601733,159.156824278795
120.90316122574188,158.48011078350171
121.67611159546645,157.5717565266247
122.449061965191,159.37589967866842
123.22201233491558,159.39445614969492
123.99496270464013,160.67464532682774
124.7679130743647,156.34375324448305
125.54086344408927,158.7550445281528
126.31381381381382,158.98825882054768
127.08676418353839,161.27183816530328
127.85971455326296,160.10826387570265
128.63266492298752,162.16423807024964
129.40561529271207,162.08894939063498
130.17856566243665,159.37377773111052
130.9515160321612,160.32534742005353
131.72446640188576,165.29020126794734
132.49741677161035,160.7554879501162
133.2703671413349,162.5193326688142
134.04331751105946,164.6392681085537
134.81626788078404,158.5370434251341
135.5892182505086,162.62506761059967
136.36216862023315,157.85311888344964
137.13511898995773,160.14347649554432
137.9080693596823,163.0750842486723
138.68101972940684,162.2526977212989
139.45397009913142,162.58910106150438
140.22692046885598,162.7825192004837
140.99987083858053,162.68314201907947
141.7728212083051,164.89655376122477
142.54577157802967,164.62944320243474
143.31872194775423,163.45691155930203
144.09167231747878,162.91731823198828
144.86462268720334,165.2656994667562
145.63757305692792,162.99618446972985
146.41052342665247,163.6127710741743
147.18347379637703,164.33601116558896
147.9564241661016,167.97702338318004
148.72937453582617,165.67941948433273
149.50232490555072,162.57645473736565
150.2752752752753,167.3571394144894
151.04822564499986,165.27323316293274
151.82117601472441,165.43560795627528
152.594126384449,167.67741985397103
153.36707675417355,170.4110718208662
154.1400271238981,165.89185202029554
154.9129774936227,164.83120885311948
155.68592786334725,164.9162006090805
156.4588782330718,163.58866519336408
157.23182860279638,169.50660308347054
158.00477897252094,165.29338646728323
158.7777293422455,164.23811790586547
159.55067971197008,166.9451771501097
160.32363008169463,167.32689488704168
161.0965804514192,168.50603010827302
161.86953082114377,167.35751323836868
162.64248119086832,168.7435330787552
163.41543156059288,164.38981211188968
164.18838193031743,170.67133167123535
164.961332300042,171.6792698907019
165.73428266976657,168.003095987648
166.50723303949113,168.12596067452478
167.28018340921568,166.553960668739
168.05313377894026,169.66758394981562
168.82608414866482,170.73439955063105
169.59903451838937,166.9906134091378
170.37198488811396,168.70899269047453
171.1449352578385,171.1313017011862
171.91788562756307,164.57586972524376
172.69083599728765,169.82630654834676
173.4637863670122,169.13783357907153
174.23673673673676,169.23981883647014
175.00968710646134,171.7586099752426
175.7826374761859,168.9460705888116
176.55558784591045,169.53322535405306
177.32853821563504,171.35479302413668
178.1014885853596,166.81559765672117
178.87443895508414,167.41347069587707
179.64738932480873,168.36065680289008
180.42033969453328,168.15426304005734
181.19329006425784,168.02845045028153
181.96624043398242,171.50486653761902
182.73919080370695,170.22351213579077
183.51214117343153,170.49079012357996
184.2850915431561,173.10985432449505
185.05804191288064,174.3371599322279
185.83099228260522,170.0401291874033
186.6039426523298,166.9544481407354
187.37689302205433,172.21789403460778
188.14984339177892,168.4400588882137
188.92279376150347,173.3434244465328
189.69574413122803,173.7133764587286
190.4686945009526,170.89755393007857
191.24164487067716,174.50173759838611
192.01459524040172,172.3245663816418
192.7875456101263,171.05877651192782
193.56049597985086,171.10830782657493
194.3334463495754,172.36460776504222
195.1063967193,170.1275532572716
195.87934708902455,171.27628971953771
196.6522974587491,171.28536978996485
197.4252478284737,169.09605262806346
198.19819819819824,171.36125462273085
198.9711485679228,169.64118936554001
199.74409893764738,170.92481073413526
200.51704930737193,174.96955879593213
201.2899996770965,171.60385586066977
202.06295004682107,171.77500806318955
202.8359004165456,171.64358922783873
203.60885078627018,172.88171687800804
204.38180115599476,173.9002633324908
205.1547515257193,171.59826117559146
205.92770189544387,169.83127937392982
206.70065226516846,172.80008182871697
207.47360263489298,170.69991820582982
208.24655300461757,171.64864568043342
209.01950337434212,169.76274344141927
209.79245374406668,169.4101782808083
210.56540411379126,172.2555131523281
211.33835448351581,171.66516080715635
212.11130485324037,173.71620555515568
212.88425522296495,171.66070567970914
213.6572055926895,172.00773565312704
214.43015596241406,171.0531675136902
215.20310633213865,168.5756604169237
215.9760567018632,171.8512649238603
216.74900707158776,173.9983429275489
217.52195744131234,170.29136601032204
218.2949078110369,167.60682418918154
219.06785818076145,173.53243375090304
219.84080855048603,171.53563344110216
220.61375892021059,170.2551357773325
221.38670928993514,171.48447308387966
222.15965965965972,168.7275396544933
222.93261002938428,171.0407944799367
223.70556039910883,173.54785053996102
224.47851076883342,168.3330079518328
225.25146113855794,170.3855766981654
226.02441150828253,172.34412215968183
226.7973618780071,170.60818622058056
227.57031224773164,168.68128109434832
228.34326261745622,170.98912014288982
229.11621298718077,170.99850222994058
229.88916335690536,171.0509026436855
230.6621137266299,168.31334449191314
231.43506409635447,169.99546377261447
232.20801446607902,167.5857971322477
232.9809648358036,166.6518990763401
233.75391520552816,169.03844741136837
234.5268655752527,169.73530982540998
235.2998159449773,170.64065288822462
236.07276631470185,172.14596516855144
236.8457166844264,167.1164941118753
237.618667054151,168.66502132906928
238.39161742387554,170.3590281551576
239.1645677936001,170.0323097060341
239.93751816332468,169.0479366383093
240.71046853304924,170.12432496468065
241.4834189027738,166.13569933128244
242.25636927249835,169.95616431808068
243.02931964222293,171.2387407661674
243.80227001194748,169.12146313990542
244.57522038167204,172.52754112088257
245.34817075139662,171.41389057657744
246.12112112112118,169.3768328418995
246.89407149084573,165.99552924021626
247.66702186057032,169.28966305730972
248.43997223029487,167.58100325892337
249.21292260001943,166.6330321202734
249.985872969744,167.69278004798994
250.75882333946856,171.94826603692002
251.53177370919312,166.1534012199344
252.30472407891767,168.61525604938544
253.07767444864226,169.0806251951593
253.8506248183668,165.5652200101592
254.62357518809137,168.23991118760205
255.39652555781595,168.1089191899708
256.1694759275405,168.92217020649016
256.94242629726506,167.83791580419646
257.71537666698964,171.6146942611048
258.48832703671417,168.3126471346576
259.26127740643875,165.30950256259868
260.03422777616333,168.36309054880547
260.80717814588786,165.7078049772015
261.58012851561244,163.27871370521515
262.353078885337,166.35703278538963
263.12602925506155,166.00023706334696
263.89897962478614,165.75209257574636
264.6719299945107,166.49874561815963
265.44488036423525,166.12110010957628
266.21783073395983,167.24099938376872
266.9907811036844,165.545779422841
267.76373147340894,163.85759420350362
268.5366818431335,163.47916366501744
269.3096322128581,165.20597657997735
270.08258258258263,166.592206697676
270.8555329523072,164.81491866055902
271.6284833220318,165.45187633545018
272.4014336917563,162.31515782039654
273.1743840614809,162.7962163646759
273.9473344312055,163.98843637809392
274.72028480093,166.96946879364745
275.4932351706546,160.955472957503
276.2661855403792,160.75013738566815
277.0391359101037,166.00122769567915
277.8120862798283,163.32574811040695
278.5850366495529,165.35038585530003
279.3579870192774,160.45097830824852
280.130937389002,164.51410800407422
280.90388775872657,163.35338523411474
281.6768381284511,165.11330008166567
282.4497884981757,160.14099035811833
283.22273886790026,157.8681481308859
283.9956892376248,160.870054041837
284.7686396073493,160.60136523740206
285.54158997707395,157.8771478270841
286.3145403467985,162.19787920193633
287.087490716523,159.76944675305896
287.86044108624765,161.76957300309974
288.6333914559722,160.5780006247708
289.4063418256967,161.70272213201815
290.17929219542134,156.24887573345802
290.95224256514587,153.35909695624133
291.7251929348704,159.6302046372509
292.49814330459503,158.42437293453253
293.27109367431956,157.35547365053577
294.0440440440441,157.21575667257764
294.81699441376867,155.3300671504734
295.58994478349325,156.37579687614402
296.3628951532178,156.04065317192888
297.13584552294236,155.1806637139979
297.90879589266694,157.3403840195534
298.68174626239147,155.01075848826625
299.45469663211605,154.56429430345062
300.22764700184064,155.88711501764445
301.00059737156516,153.94610459893192
301.77354774128975,150.7885959554805
302.54649811101433,149.04920488367318
303.31944848073886,149.97521148314394
304.09239885046344,155.35987865550666
304.865349220188,150.61027569424272
305.63829958991255,150.14618083323387
306.41124995963713,148.80339151536504
307.1842003293617,151.94462449518323
307.95715069908624,154.20163802516797
308.7301010688108,149.6761953077816
309.5030514385354,151.85480459092346
310.27600180825993,149.3896837211312
311.0489521779845,148.99167000481825
311.8219025477091,149.2243735368134
312.5948529174336,145.69524662021044
313.3678032871582,147.78367581807126
314.1407536568828,145.03541364000336
314.9137040266073,148.5482096624012
315.6866543963319,146.55668822546633
316.4596047660565,148.11338766154387
317.232555135781,141.89589968446046
318.0055055055056,144.0920600094477
318.7784558752302,141.16579571658573
319.5514062449547,146.25483889584402
320.3243566146793,144.055690169933
321.0973069844039,143.33946105787362
321.8702573541284,142.11151933107726
322.643207723853,142.78665838063006
323.41615809357756,142.36151684095893
324.1891084633021,143.34255765990278
324.9620588330266,139.3581779110608
325.73500920275126,141.9837499220043
326.5079595724758,136.21953172319033
327.2809099422003,140.45814846793368
328.05386031192495,143.5855264169958
328.8268106816495,140.6369979593211
329.599761051374,141.8996967114034
330.37271142109864,138.50526904759818
331.14566179082317,138.0751457592757
331.9186121605477,138.77853013832348
332.69156253027234,135.30817249843085
333.46451289999686,137.78157822407965
334.2374632697214,136.569021512026
335.010413639446,132.48223218151466
335.78336400917055,140.1776166460184
336.5563143788951,135.98979741720993
337.32926474861966,136.11606227062623
338.10221511834425,131.4527412574952
338.8751654880688,136.33607268688343
339.64811585779336,133.36332194841776
340.42106622751794,131.6621084707742
341.19401659724247,134.00383566136128
341.96696696696705,131.96180185015774
342.73991733669163,129.9633044503586
343.51286770641616,134.11750653148462
344.28581807614074,131.57124298108553
345.0587684458653,132.1639030962433
345.83171881558985,130.00408935390956
346.60466918531444,130.20211142692298
347.377619555039,126.33540151420173
348.15056992476354,132.52229654823225
348.9235202944881,128.36216675902642
349.6964706642127,130.31209769878055
350.46942103393724,127.55311885439035
351.2423714036618,125.25415669944995
352.0153217733864,131.27027757889618
352.78827214311093,126.3564396049533
353.5612225128355,122.53308275539246
354.3341728825601,122.80580201456482
355.1071232522846,126.68841424353846
355.8800736220092,124.79613509055488
356.6530239917338,124.34575482418626
357.4259743614583,121.19987138580663
358.1989247311829,123.76411546439103
358.9718751009075,124.22667658112067
359.744825470632,120.16952933264305
360.5177758403566,123.94213744596284
361.2907262100811,122.6840165803244
362.0636765798057,121.81778687164211
362.8366269495303,121.41036690659112
363.6095773192548,118.87011176429333
364.3825276889794,120.75714495348498
365.155478058704,124.47215355122196
365.9284284284285,120.5759296823945
366.7013787981531,119.72422053106712
367.47432916787767,119.50133287073034
368.2472795376022,121.97286964091931
369.0202299073268,117.33930097891115
369.79318027705136,118.61789697143958
370.5661306467759,115.17233313850969
371.3390810165005,115.86553997714965
372.11203138622506,117.48368011203402
372.8849817559496,115.84698701066435
373.65793212567417,116.30712274513611
374.43088249539875,114.00960856425607
375.2038328651233,116.19743147898275
375.97678323484786,113.98448427646873
376.74973360457244,114.25867708447952
377.52268397429697,118.96117884107807
378.29563434402155,117.14845261492417
379.06858471374613,117.59711920119855
379.84153508347066,113.65045513257012
380.61448545319524,112.26327287114316
381.3874358229198,114.1854206722949
382.16038619264435,111.95656842111411
382.93333656236894,114.9883050066042
383.70628693209346,115.29070041370821
384.47923730181805,111.3623856711764
385.25218767154263,111.71917815886458
386.02513804126716,111.84212620472914
386.79808841099174,112.63568986581267
387.5710387807163,109.72451350088882
388.34398915044085,115.33472690643089
389.11693952016543,111.0388677334497
389.88988988989,113.60370214946161
390.66284025961454,111.71097832732784
391.4357906293391,109.66274940356494
392.2087409990637,107.358056546421
392.98169136878823,111.22698459006851
393.7546417385128,112.71197989758937
394.5275921082374,110.93306825585744
395.3005424779619,110.30703892398168
396.0734928476865,108.09145861209434
396.8464432174111,113.0090265446365
397.6193935871356,110.16812638783067
398.3923439568602,107.67014501694858
399.1652943265848,111.4566476189568
399.9382446963093,111.00880535230468
400.7111950660339,113.50569386958652
401.4841454357585,111.71657165565456
402.257095805483,109.63037415919179
403.0300461752076,107.84457665491749
403.8029965449321,114.04005800702417
404.5759469146567,109.13742062166793
405.3488972843813,111.17420481628821
406.1218476541058,108.0596535212824
406.8947980238304,111.5462338264238
407.667748393555,113.53075475015258
408.4406987632795,110.7450150164234
409.2136491330041,112.35225350568858
409.98659950272867,107.84400172492991
410.7595498724532,111.36412783731674
411.5325002421778,112.26498895269067
412.30545061190236,112.05488431955644
413.0784009816269,107.53214515184119
413.85135135135147,107.19954158635275
414.62430172107605,111.09097079820229
415.3972520908006,106.41293919449377
416.17020246052516,108.83872039912418
416.94315283024974,107.87513360834764
417.71610319997427,109.02601717776554
418.48905356969885,108.44706039529736
419.26200393942344,109.32244223820693
420.03495430914796,111.01853331699448
420.80790467887255,106.23525774739392
421.58085504859713,111.5814835048582
422.35380541832166,109.14447773288282
423.12675578804624,109.17843240880512
423.89970615777077,107.4747026583634
424.67265652749535,113.62472600821455
425.44560689721993,107.06480252064902
426.21855726694446,112.69196392776138
426.99150763666904,109.84203451073822
427.7644580063936,111.37532529468871
428.53740837611815,109.52378660696054
429.31035874584273,107.71557541517393
430.0833091155673,109.70403954895873
430.85625948529184,110.59692449509568
431.6292098550164,109.59957396098189
432.402160224741,112.41137476899591
433.17511059446554,109.96139250469686
433.9480609641901,109.77537813706545
434.7210113339147,110.13446242405045
435.49396170363923,110.99189639875823
436.2669120733638,110.3205188506837
437.0398624430884,109.91664031036187
437.8128128128129,110.5191933029319
438.5857631825375,108.18158036817934
439.3587135522621,111.08714220459552
440.1316639219866,110.27264550822443
440.9046142917112,111.33313185134273
441.6775646614358,108.39313183674186
442.4505150311603,109.70019268824569
443.2234654008849,112.27537437870296
443.9964157706095,110.6219568534364
444.769366140334,114.7778859265071
445.5423165100586,111.68893909013482
446.3152668797831,111.82098347377567
447.0882172495077,115.01458242452318
447.8611676192323,109.57406082794753
448.6341179889568,114.46004831623263
449.4070683586814,114.25022672592476
450.18001872840597,112.36843628717813
450.9529690981305,112.66530786601024
451.7259194678551,117.44367931155642
452.49886983757966,111.85135773856041
453.2718202073042,110.9069303792813
454.04477057702877,114.59394218655704
454.81772094675335,116.20053248388692
455.5906713164779,117.06086485356035
456.36362168620246,115.22047572127985
457.13657205592705,113.91699843843196
457.9095224256516,114.08254235570442
458.68247279537616,114.20387080289203
459.45542316510074,114.85009733022196
460.22837353482527,114.59017879015428
461.00132390454985,115.18047156682756
461.77427427427443,112.73309912493441
462.54722464399896,118.23081598763757
463.32017501372354,112.60403503954913
464.0931253834481,115.51788959922646
464.86607575317265,115.6508273121724
465.63902612289723,115.1885932531763
466.41197649262176,114.17079355666361
467.18492686234634,117.26193136123904
467.9578772320709,119.80262131422367
468.73082760179545,116.57500596347461
469.50377797152004,117.21974599915015
470.2767283412446,115.40123599883327
471.04967871096915,117.73838936247914
471.82262908069373,117.82481876936093
472.5955794504183,115.25874788375842
473.36852982014284,117.39047510803375
474.1414801898674,117.91880594287585
474.914430559592,118.1147516362296
475.68738092931653,123.23685271472318
476.4603312990411,121.18884848531425
477.2332816687657,118.70791368472123
478.0062320384902,119.42276768670978
478.7791824082148,115.76227855917104
479.5521327779394,115.15356982318906
480.3250831476639,120.77480240387982
481.0980335173885,124.527642900807
481.8709838871131,120.73184312653764
482.6439342568376,120.12114585740112
483.4168846265622,123.26017539925076
484.1898349962868,119.48644127339125
484.9627853660113,123.16596431848929
485.7357357357359,121.13458669300445
486.5086861054604,122.325797721228
487.281636475185,120.16165494441734
488.0545868449096,123.18259300373494
488.8275372146341,119.88525134367177
489.6004875843587,121.99153922361421
490.3734379540833,122.20265374893476
491.1463883238078,120.0315822978726
491.9193386935324,123.05926173056015
492.69228906325696,120.8582404493954
493.4652394329815,119.36063609871506
494.2381898027061,121.0421863523521
495.01114017243066,124.63085831935047
495.7840905421552,122.90759369192683
496.55704091187977,124.00342973164818
497.32999128160435,126.45797977502085
498.1029416513289,121.95752002472622
498.87589202105346,124.56163193519119
499.64884239077804,123.99192277331969
500.42179276050257,126.54804777064477
501.19474313022715,123.62528675863122
501.96769349995174,122.26089838424507
502.74064386967626,125.54384299729941
503.51359423940085,128.7728733839597
504.28654460912543,124.2156838167205
505.05949497884995,124.57200458373269
505.83244534857454,129.37285111150223
506.6053957182991,122.96299117912186
507.37834608802365,122.79239114787975
508.15129645774823,127.32715856245977
508.92424682747276,127.41731148367292
509.69719719719734,126.90634621596091
510.4701475669219,129.7179180219982
511.24309793664645,127.37685434548203
512.016048306371,127.72024910039711
512.7889986760956,131.48367213867158
513.5619490458201,130.23000503703875
514.3348994155447,129.01521929910007
515.1078497852693,125.54912809738019
515.8808001549938,131.9866539830999
516.6537505247184,131.47807747021437
517.426700894443,128.3596066812279
518.1996512641675,129.63916968400343
518.972601633892,133.02884579714126
519.7455520036167,132.86748481666393
520.5185023733412,130.76370578792944
521.2914527430657,129.5699616523852
522.0644031127904,130.44714008333472
522.8373534825149,133.8448531834237
523.6103038522394,135.82307097814942
524.3832542219641,135.74914464076323
525.1562045916886,130.66575423631113
525.9291549614131,132.33107113062914
526.7021053311378,134.23098724823575
527.4750557008623,130.87094856435365
528.2480060705868,134.6929400612942
529.0209564403115,133.96830905643992
529.793906810036,130.01590672569765
530.5668571797605,133.67210361722042
531.3398075494852,132.83604256935112
532.1127579192097,134.1180329219041
532.8857082889342,132.586516043031
533.6586586586589,135.6121874340023
534.4316090283834,134.78551118429905
535.2045593981079,137.34970668052944
535.9775097678325,135.25844199825747
536.7504601375571,134.52983899942578
537.5234105072816,134.98424376574928
538.2963608770062,135.87972377649314
539.0693112467308,137.2197134717954
539.8422616164553,133.72041265172206
540.6152119861799,136.48844029578592
541.3881623559045,138.37644448625397
542.161112725629,138.81859580643606
542.9340630953536,135.53417962720556
543.7070134650781,136.27166123107403
544.4799638348027,134.4141195549437
545.2529142045273,138.09513132791017
546.0258645742518,136.52342348023518
546.7988149439764,135.8320113799309
547.571765313701,138.9972161142555
548.3447156834255,137.33721879877555
549.1176660531501,140.3706603084131
549.8906164228747,141.02768144578317
550.6635667925992,142.0776910587466
551.4365171623238,138.18813023712795
552.2094675320484,143.41338195482368
552.9824179017729,140.02429325732632
553.7553682714974,140.50722288334237
554.5283186412221,142.13090975481794
555.3012690109466,144.924213089303
556.0742193806711,140.8729303707
556.8471697503958,143.00545811015468
557.6201201201203,143.02337544051736
558.3930704898448,141.80584309613414
559.1660208595695,145.08619991475854
559.938971229294,141.92088480360303
560.7119215990185,145.04087763718024
561.4848719687432,142.33576009333572
562.2578223384677,144.82319366526056
563.0307727081922,142.0683220896076
563.8037230779169,142.6028777131524
564.5766734476414,141.54943094512802
565.3496238173659,146.02900114663746
566.1225741870905,144.3866034402719
566.8955245568151,143.76666206258585
567.6684749265396,146.0704577699573
568.4414252962642,144.16904491725649
569.2143756659888,144.36910133988266
569.9873260357133,141.8173326851086
570.7602764054379,144.76688355090758
571.5332267751623,142.69231673946155
572.306177144887,147.90611224839202
573.0791275146116,142.70352640283838
573.852077884336,145.55278593711728
574.6250282540607,145.74717788059252
575.3979786237853,141.63997234595968
576.1709289935097,144.7685925881083
576.9438793632344,147.7304429456457
577.716829732959,145.34314517485984
578.4897801026834,146.7060294314147
579.2627304724081,146.32553318471378
580.0356808421327,145.95068246354074
580.8086312118571,149.27334731367472
581.5815815815818,147.9788206342593
582.3545319513064,145.9873742894528
583.1274823210308,147.99300155331522
583.9004326907555,144.8692789069917
584.6733830604801,148.40070632857606
585.4463334302045,149.12142285425242
586.2192837999291,148.55334171556748
586.9922341696538,148.73255528515372
587.7651845393782,151.20099781785626
588.5381349091028,147.11830276391763
589.3110852788275,149.2638372308046
590.0840356485519,149.43877120844627
590.8569860182765,150.13755932726718
591.629936388001,149.78532640759587
592.4028867577256,152.84328414219058
593.1758371274502,154.7485505271209
593.9487874971747,150.95261830816767
594.7217378668993,152.18458772545293
595.4946882366239,152.5929413768101
596.2676386063484,151.1792193956068
597.040588976073,151.2211392982754
597.8135393457976,147.09838975116884
598.5864897155221,150.84893733254262
599.3594400852467,148.46015027914734
600.1323904549713,153.4855509772027
600.9053408246958,154.10663168159743
601.6782911944204,151.92396564758138
602.451241564145,150.5467422927128
603.2241919338695,153.3860310333916
603.997142303594,152.3876977412041
604.7700926733187,152.53965435295444
605.5430430430432,151.45599028452136
606.3159934127677,151.02717833766764
607.0889437824924,152.65608764100932
607.8618941522169,154.58865551412427
608.6348445219414,152.72396590044505
609.4077948916661,153.42302737182817
610.1807452613906,153.5654152667256
610.9536956311151,153.70638770222538
611.7266460008398,153.84593255336574
612.4995963705643,158.35161873602723
613.2725467402888,153.4673138305148
614.0454971100135,154.25588035101208
614.8184474797381,150.94958998955806
615.5913978494625,154.5218186700126
616.3643482191871,158.51040970403295
617.1372985889118,157.33157639607452
617.9102489586362,157.8943807403774
618.6831993283608,155.03559429875574
619.4561496980855,157.78611384456437
620.2291000678099,154.70761175366593
621.0020504375345,157.18334592852452
621.775000807259,156.30446121712095
622.5479511769836,156.57323374055625
623.3209015467082,155.75955054153454
624.0938519164326,155.1252821531977
624.8668022861573,155.98808101980472
625.6397526558819,156.85110981112464
626.4127030256063,159.71845474247783
627.185653395331,156.2772316513905
627.9586037650556,153.9407536676824
628.73155413478,158.2810658181329
629.5045045045047,156.63586803989907
630.2774548742293,157.9309733597778
631.0504052439537,155.24160704818343
631.8233556136784,159.91734225692034
632.596305983403,154.93070556399786
633.3692563531274,154.8753678842026
634.142206722852,157.22878083523307
634.9151570925767,156.3981759196038
635.6881074623011,157.14696393075576
636.4610578320257,159.25253982693076
637.2340082017504,157.5947337785659
638.0069585714748,157.6826567147008
638.7799089411994,157.8045569386865
639.5528593109241,159.4532492011746
640.3258096806485,157.94143662592836
641.0987600503731,158.02041447425344
641.8717104200978,157.64425464122695
642.6446607898222,161.4899212628406
643.4176111595468,157.94579488275815
644.1905615292715,154.53321706263353
644.9635118989959,159.73117018291708
645.7364622687205,158.48644894257671
646.5094126384452,158.55952440880804
647.2823630081696,157.88685213890145
648.0553133778942,158.70183326670752
648.8282637476188,160.69940111682567
649.6012141173433,159.29965657103608
650.3741644870679,156.63535705381773
651.1471148567925,158.97138808380595
651.920065226517,159.63724060902447
652.6930155962416,156.8619350307738
653.4659659659662,157.4808552658276
654.2389163356906,156.65890938855838
655.0118667054153,160.8040055221796
655.7848170751399,157.9281782368399
656.5577674448643,159.70450682468183
657.330717814589,158.82682415415988
658.1036681843136,157.7974688606085
658.876618554038,159.44955835278103
659.6495689237627,161.49530218359376
660.4225192934873,156.66382838016847
661.1954696632117,159.7163702181277
661.9684200329364,160.9018734198812
662.741370402661,161.03362517449474
663.5143207723854,162.93428071822348
664.2872711421101,159.9078618414219
665.0602215118347,158.67749952992713
665.8331718815591,159.99736324468918
666.6061222512838,157.52849002725367
667.3790726210084,162.82596152336856
668.1520229907328,160.1240552494697
668.9249733604574,159.87917723342736
669.6979237301821,161.82689403463462
670.4708740999065,158.31643291520348
671.2438244696311,160.27932383494766
672.0167748393558,160.31577546557432
672.7897252090802,157.20304792118927
673.5626755788048,159.16055792320208
674.3356259485295,159.6673536244045
675.1085763182539,160.09395325533808
675.8815266879785,165.29843233907914
676.6544770577032,159.77051402592645
677.4274274274276,164.04914310114
678.2003777971522,160.43988972372847
678.9733281668769,162.92311016008856
679.7462785366013,161.9822247931938
680.5192289063259,163.58969814216715
681.2921792760505,158.91612693118125
682.065129645775,158.79704954825556
682.8380800154996,162.52200966458446
683.6110303852242,159.19788718242407
684.3839807549487,165.4598499128516
685.1569311246733,162.35193818593143
685.9298814943979,159.00851471316926
686.7028318641223,165.621549460976
687.475782233847,160.86519222773057
688.2487326035716,160.88452212208838
689.021682973296,160.86768999374246
689.7946333430207,161.52099199164758
690.5675837127453,163.1598074062889
691.3405340824697,159.1212558821053
692.1134844521944,158.14235142198226
692.886434821919,159.51867211954925
693.6593851916434,163.80207509391863
694.4323355613681,158.8743373723287
695.2052859310927,162.1631319323334
695.9782363008171,159.60522940298807
696.7511866705418,162.60109818764195
697.5241370402664,157.30609643922455
698.2970874099908,164.74695350849757
699.0700377797154,162.6203606413584
699.8429881494401,161.09713744300169
700.6159385191645,158.6060553943839
701.3888888888891,162.86097627364418
702.1618392586138,160.97978031007455
702.9347896283382,158.25819698950494
703.7077399980628,161.1396045883543
704.4806903677875,158.71172825556692
705.2536407375119,158.59131175222726
706.0265911072365,158.8136955346676
706.7995414769609,161.16492326472266
707.5724918466856,160.80571587505227
708.3454422164102,159.78227352784194
709.1183925861346,162.76160610741252
709.8913429558593,161.3107306553022
710.6642933255839,158.28519743929985
711.4372436953083,161.9110501392437
712.210194065033,158.35118532457838
712.9831444347576,164.82300830491562
713.756094804482,160.89621961842207
714.5290451742067,163.83174083810303
715.3019955439313,159.83569324103848
716.0749459136557,157.74626325948827
716.8478962833804,161.9462417905088
717.620846653105,159.82436848486705
718.3937970228294,161.20378335975013
719.166747392554,161.20380711789838
719.9396977622787,163.943166569346
720.7126481320031,161.2030883694084
721.4855985017277,161.5678571361653
722.2585488714524,161.20142064871553
723.0314992411768,162.86864468708308
723.8044496109014,163.93271894850577
724.5773999806261,159.5577612690965
725.3503503503505,158.22705707861195
726.1233007200751,158.4246552530431
726.8962510897998,162.9674800470211
727.6692014595242,164.32975389481226
728.4421518292488,161.82921276859582
729.2151021989735,159.45662282547423
729.9880525686979,164.5527191805063
730.7610029384225,162.30432328699672
731.5339533081471,161.81580856971786
732.3069036778716,157.28734279161895
733.0798540475962,159.92638777624262
733.8528044173208,160.8526066857101
734.6257547870453,160.22335256049917
735.3987051567699,158.4530069239814
736.1716555264945,160.31330987216285
736.944605896219,162.72904441775142
737.7175562659436,161.56990208811683
738.4905066356682,156.3851140551014
739.2634570053926,162.82242208229474
740.0364073751173,162.07717696945178
740.8093577448419,161.1391497220189
741.5823081145663,160.85404564852263
742.355258484291,157.15702235422495
743.1282088540156,165.21044706241025
743.90115922374,163.1031491459026
744.6741095934647,161.124528236173
745.4470599631893,161.2694566188528
746.2200103329137,159.6427789894227
746.9929607026384,161.91534111461965
747.765911072363,162.00237091311848
748.5388614420874,161.7710235243547
749.311811811812,156.14922072338547
750.0847621815367,157.23841981775982
750.8577125512611,161.06163593537082
751.6306629209857,164.42652035539277
752.4036132907104,163.326784507555
753.1765636604348,160.87354251795202
753.9495140301594,158.45924637101103
754.7224643998841,162.37960979147212
755.4954147696085,159.71869696826766
756.2683651393331,161.09631093996936
757.0413155090578,161.0952705181108
757.8142658787822,163.07755308049195
758.5872162485068,160.58975077148924
759.3601666182315,161.09271903397092
760.1331169879559,164.5978339605553
760.9060673576805,163.7213347958128
761.6790177274052,161.4971614409111
762.4519680971296,158.2306474914809
763.2249184668542,161.0902691117785
763.9978688365788,157.37381606419135
764.7708192063033,161.08988242251837
765.5437695760279,159.9000696506764
766.3167199457525,160.11887832243568
767.089670315477,161.08989774532773
767.8626206852016,159.1363999057601
768.6355710549262,163.67467894691362
769.4085214246506,159.78183685864659
770.1814717943753,161.09096180419084
770.9544221640999,161.0914034344545
771.7273725338243,162.5852072392301
772.500322903549,161.09248614963005
773.2732732732736,162.7279523391304
774.046223642998,165.0515258028492
774.8191740127227,164.9184870025565
775.5921243824473,164.64743612815718
776.3650747521717,165.00111068917136
777.1380251218964,158.91334887496592
777.910975491621,162.5330891688688
778.6839258613454,158.59422130195182
779.45687623107,161.1003301933562
780.2298266007947,159.56305615229917
781.0027769705191,161.71871275845135
781.7757273402437,164.13858051375328
782.5486777099684,160.43976664957003
783.3216280796928,157.97452639447548
784.0945784494174,161.10785015499258
784.8675288191421,158.980406433397
785.6404791888665,157.97152240986136
786.4134295585911,161.9233471846894
787.1863799283158,161.11367731998467
787.9593302980402,159.01422221806007
788.7322806677648,161.17102016510626
789.5052310374892,159.90189789082706
790.2781814072139,159.29914775332085
791.0511317769385,161.1216955154657
791.8240821466629,162.2187428672074
792.5970325163876,157.04914370415085
793.3699828861122,161.12682065095305
794.1429332558366,161.1285717271408
794.9158836255613,163.9950385743909
795.6888339952859,159.3899927081561
796.4617843650103,163.9950744801253
797.234734734735,164.130506083621
798.0076851044596,160.42192816367796
798.780635474184,161.03971788394782
799.5535858439086,161.57305142938011
800.3265362136333,159.26624411764024
801.0994865833577,158.23208179359304
801.8724369530823,161.3657905299791
802.645387322807,162.6961604788113
803.4183376925314,159.22390674323506
804.191288062256,161.1524472072182
804.9642384319807,163.4620879988436
805.7371888017051,162.128157772497
806.5101391714297,159.5435887996469
807.2830895411544,159.99029104854745
808.0560399108788,162.0213063861897
808.8289902806034,161.16355030685696
809.6019406503281,160.25490998918605
810.3748910200525,160.60873492866946
811.1478413897771,161.16896207974779
811.9207917595018,161.8648115109004
812.6937421292262,159.55730809677794
813.4666924989508,157.43467966179324
814.2396428686754,161.63834370942286
815.0125932383999,163.0319032392689
815.7855436081245,161.74221870739657
816.5584939778491,159.85398456377686
817.3314443475736,162.59388894369349
818.1043947172982,162.28986692574577
818.8773450870228,160.6997268469371
819.6502954567472,164.65324768174122
820.4232458264719,163.45565841205973
821.1961961961965,160.31938193776122
821.9691465659209,159.98258756623503
822.7420969356456,165.2754672914994
823.5150473053702,161.19420921548974
824.2879976750946,160.25142171233426
825.0609480448193,163.58606604658704
825.8338984145439,157.47510799909142
826.6068487842683,161.19907516472162
827.379799153993,160.93928559024616
828.1527495237176,156.6789528548142
828.925699893442,163.8593660112765
829.6986502631667,161.20315644390377
830.4716006328913,159.93436856614503
831.2445510026157,159.7770059034004
832.0175013723403,161.20564040151964
832.790451742065,161.49461774101346
833.5634021117894,159.6778819158306
834.336352481514,162.65692132569575
835.1093028512387,162.38497658406183
835.8822532209631,162.4232022575205
836.6552035906877,159.68903353014636
837.4281539604124,162.10097352021265
838.2011043301368,161.20949173602418
838.9740546998614,162.9205388954327
839.7470050695861,162.21837321241892
840.5199554393105,157.1457969164764
841.2929058090351,158.54449572884616
842.0658561787598,161.20957149845304
842.8388065484842,161.79144355029618
843.6117569182088,162.3596812955477
844.3847072879335,158.4436443053097
845.1576576576579,160.97324814026135
845.9306080273825,162.27904565259053
846.7035583971071,162.99777662383653
847.4765087668316,162.89475190255664
848.2494591365562,161.66682643263795
849.0224095062808,160.85196069516482
849.7953598760053,159.6854462624534
850.5683102457299,161.2023104559786
851.3412606154545,161.20108851772142
852.1142109851789,162.5683730697603
852.8871613549036,160.60632925619745
853.6601117246282,160.3061966451749
854.4330620943526,158.56062072576418
855.2060124640773,161.80735986129164
855.9789628338019,161.19158732380862
856.7519132035263,161.18962715208266
857.524863573251,159.71897397819657
858.2978139429756,159.9503815802431
859.0707643127,161.4719436335161
859.8437146824247,156.82935727208937
860.6166650521493,160.9823196873013
861.3896154218737,161.1754595931642
862.1625657915984,161.63126878565794
862.935516161323,161.16978161270737
863.7084665310474,161.83783995839482
864.481416900772,162.23179361950378
865.2543672704967,164.99907601201525
866.0273176402211,163.66092531060008
866.8002680099457,163.04448710693092
867.5732183796704,162.4499234382408
868.3461687493948,158.42396303597582
869.1191191191194,161.14194849317974
869.8920694888441,162.2032498073121
870.6650198585685,161.33716969159047
871.4379702282931,158.59044102711817
872.2109205980175,162.17140480145542
872.9838709677422,162.14914957433473
