100.80645161290323,150.73660921954783
101.5794019826278,150.59356649175066
102.35235235235236,149.90720586965548
103.12530272207692,151.17935194000574
103.89825309180148,151.4691887767276
104.67120346152605,154.07461324401154
105.44415383125062,152.04274775685664
106.21710420097517,152.32646873286237
106.99005457069974,152.6081499212281
107.76300494042431,152.88779073825293
108.53595531014886,150.54451351828234
109.30890567987343,153.44094892347735
110.08185604959799,153.5192165608326
110.85480641932256,153.98593861893016
111.62775678904713,155.357510627481
112.40070715877168,154.66879518606225
113.17365752849625,152.01517136517202
113.9466078982208,152.89792535678046
114.71955826794537,155.31264507052475
115.49250863766994,156.60710402336434
116.2654590073945,155.82900827863284
117.03840937711907,156.08411911091346
117.81135974684364,159.5748258502855
118.58431011656819,156.58819631342428
119.35726048629276,156.83716151625305
120.13021085601733,157.08407700852987
120.90316122574188,155.79676395198337
121.67611159546645,157.5717565266247
122.449061965191,156.91021737769015
123.22201233491558,158.0512301981031
123.99496270464013,159.7829606027168
124.7679130743647,158.5224933533596
125.54086344408927,160.74735843732972
126.31381381381382,158.98554132278844
127.08676418353839,158.57416015637676
127.85971455326296,161.41228969453522
128.63266492298752,159.6646995887428
129.40561529271207,156.2712495562715
130.17856566243665,160.10718916407822
130.9515160321612,160.32534742005353
131.72446640188576,160.54144720996646
132.49741677161035,160.7554879501162
133.2703671413349,162.57059134589244
134.04331751105946,163.61028154216842
134.81626788078404,159.217440177994
135.5892182505086,163.4940414627275
136.36216862023315,163.30781013399323
137.13511898995773,161.9964596587481
137.9080693596823,162.64855444511662
138.68101972940684,162.71827468733056
139.45397009913142,162.58910106150438
140.22692046885598,162.7825192004837
140.99987083858053,163.95362705584907
141.7728212083051,164.05638259106018
142.54577157802967,163.35037845979346
143.31872194775423,163.53553121468508
144.09167231747878,168.11066624654694
144.86462268720334,160.35680868032776
145.63757305692792,164.07858031291488
146.41052342665247,164.2554583445075
147.18347379637703,164.43026623602364
147.9564241661016,160.86989135296298
148.72937453582617,164.77366926402374
149.50232490555072,164.94226323310625
150.2752752752753,165.10878472730948
151.04822564499986,165.27323316293274
151.82117601472441,165.43560795627528
152.594126384449,167.7900264716717
153.36707675417355,164.68587109585172
154.1400271238981,165.91028464561197
154.9129774936227,166.06435903282483
155.68592786334725,170.09126887923355
156.4588782330718,164.3109118005931
157.23182860279638,166.51412049495553
158.00477897252094,166.65988513682746
158.7777293422455,166.80357088311249
159.55067971197008,163.71529919618627
160.32363008169463,167.08470335411872
161.0965804514192,170.05671168131755
161.86953082114377,169.1216132670442
162.64248119086832,168.1498995809524
163.41543156059288,167.6219958662567
164.18838193031743,167.75111299981327
164.961332300042,164.60591661709913
165.73428266976657,167.8404875913666
166.50723303949113,168.12596067452478
167.28018340921568,168.24674004510686
168.05313377894026,168.3654335156936
168.82608414866482,168.48204050258425
169.59903451838937,171.16615876494433
170.37198488811396,168.65528366234054
171.1449352578385,168.81933672407277
171.91788562756307,167.41004748717657
172.69083599728765,171.72489564933616
173.4637863670122,166.11551698406203
174.23673673673676,166.097048788955
175.00968710646134,169.33971294056707
175.7826374761859,169.80195677371887
176.55558784591045,169.53322535405306
177.32853821563504,172.0341895885244
178.1014885853596,169.7183661499241
178.87443895508414,167.51100368919515
179.64738932480873,167.11631151105135
180.42033969453328,174.16661423524704
181.19329006425784,170.06351421039852
181.96624043398242,170.144561668249
182.73919080370695,171.88079115550514
183.51214117343153,172.66682849196482
184.2850915431561,173.74709304245926
185.05804191288064,170.44777575955723
185.83099228260522,171.0852336547355
186.6039426523298,169.25928724021273
187.37689302205433,167.83166492813447
188.14984339177892,170.71740064908215
188.92279376150347,170.7795541809295
189.69574413122803,170.83960546916185
190.4686945009526,170.89755393007857
191.24164487067716,172.02874973402868
192.01459524040172,171.99609466624693
192.7875456101263,171.81061189989688
193.56049597985086,174.8051225576044
194.3334463495754,168.72089861044796
195.1063967193,169.17995469808767
195.87934708902455,173.2641492265022
196.6522974587491,171.28536978996485
197.4252478284737,171.3243665385092
198.19819819819824,171.36125462273085
198.9711485679228,173.41210626877887
199.74409893764738,171.7501751613391
200.51704930737193,171.4592610524531
201.2899996770965,171.85614353487296
202.06295004682107,171.51404464947512
202.8359004165456,175.94259883461777
203.60885078627018,172.93765749267143
204.38180115599476,172.20628302366705
205.1547515257193,169.89564115195958
205.92770189544387,171.61403051304814
206.70065226516846,172.42945539871036
207.47360263489298,170.30424152575677
208.24655300461757,171.64864568043342
209.01950337434212,175.85622433644127
209.79245374406668,171.66113925086256
210.56540411379126,171.66420932262676
211.33835448351581,173.39453896492608
212.11130485324037,171.66399312075072
212.88425522296495,171.02321910581372
213.6572055926895,166.6736724099018
214.43015596241406,171.6477691989154
215.20310633213865,170.4009881425299
215.9760567018632,171.85858840532293
216.74900707158776,171.61245172543772
217.52195744131234,174.14019809484253
218.2949078110369,169.2473484476126
219.06785818076145,171.5580249403987
219.84080855048603,173.51169696381675
220.61375892021059,169.8363820471942
221.38670928993514,171.48447308387966
222.15965965965972,172.8278191650133
222.93261002938428,168.59293653122072
223.70556039910883,171.39178039596155
224.47851076883342,171.3566265912969
225.25146113855794,172.86272834437617
226.02441150828253,171.27993111672552
226.7973618780071,169.49615094936553
227.57031224773164,168.77639586124403
228.34326261745622,171.1489094862527
229.11621298718077,169.94129230661787
229.88916335690536,171.0509026436855
230.6621137266299,170.58642689800587
231.43506409635447,169.20038375869683
232.20801446607902,169.82433597538676
232.9809648358036,170.57815162250597
233.75391520552816,170.76854467684473
234.5268655752527,171.6388162232441
235.2998159449773,175.1438062196271
236.07276631470185,171.70386201700785
236.8457166844264,174.5769853341182
237.618667054151,170.43272169410832
238.39161742387554,174.2845384685164
239.1645677936001,170.28308683448677
239.93751816332468,170.20486376126985
240.71046853304924,170.12432496468065
241.4834189027738,171.40332472460696
242.25636927249835,170.7571135596538
243.02931964222293,174.78270281393532
243.80227001194748,169.77833312807778
244.57522038167204,169.6857061522349
245.34817075139662,169.59055962806272
246.12112112112118,169.49285958473527
246.89407149084573,171.71521055926593
247.66702186057032,170.9684680107552
248.43997223029487,169.18409863155932
249.21292260001943,166.2622826182201
249.985872969744,166.46747949655725
250.75882333946856,168.851133056244
251.53177370919312,166.85341952853884
252.30472407891767,168.61525604938544
253.07767444864226,166.1633486460101
253.8506248183668,168.36794201616408
254.62357518809137,166.48649099228973
255.39652555781595,168.1089191899708
256.1694759275405,167.9749320524444
256.94242629726506,168.23769179677504
257.71537666698964,165.86586088278779
258.48832703671417,168.85686802539485
259.26127740643875,167.9893684288249
260.03422777616333,166.00746547333753
260.80717814588786,170.80931473033868
261.58012851561244,166.95030462329458
262.353078885337,166.79113341686445
263.12602925506155,166.62866133310376
263.89897962478614,166.4628544011862
264.6719299945107,166.29367865028578
265.44488036423525,165.59345302841822
266.21783073395983,164.50515611262517
266.9907811036844,165.76559877542542
267.76373147340894,165.5826080403318
268.5366818431335,164.72128598181146
269.3096322128581,165.20597657997735
270.08258258258263,165.01226791306425
270.8555329523072,164.81491866055902
271.6284833220318,164.27243458622652
272.4014336917563,164.40916251546764
273.1743840614809,164.14688577724323
273.9473344312055,165.0379463481988
274.72028480093,163.7723746352359
275.4932351706546,163.80848705336643
276.2661855403792,165.2636080834831
277.0391359101037,164.58343805113822
277.8120862798283,162.869343850052
278.5850366495529,161.6375366481328
279.3579870192774,162.3940825776429
280.130937389002,160.96109448102465
280.90388775872657,164.26015374665255
281.6768381284511,161.65074397566963
282.4497884981757,160.6138614815605
283.22273886790026,161.17627205134528
283.9956892376248,163.02851754865756
284.7686396073493,160.60136523740206
285.54158997707395,160.1632752329493
286.3145403467985,160.05109556383917
287.087490716523,159.76944675305896
287.86044108624765,159.48340999851123
288.6333914559722,159.19295132937
289.4063418256967,156.32432793512362
290.17929219542134,158.59863236400224
290.95224256514587,158.29470412612346
291.7251929348704,157.9862180903465
292.49814330459503,156.9786016880037
293.27109367431956,157.35547365053577
294.0440440440441,158.53334232651457
294.81699441376867,156.83634747902096
295.58994478349325,156.37579687614402
296.3628951532178,156.04065317192888
297.13584552294236,155.70137074077113
297.90879589266694,156.15446991045803
298.68174626239147,152.64536413943492
299.45469663211605,154.65961306223866
300.22764700184064,155.6641038222778
301.00059737156516,153.94610459893192
301.77354774128975,153.58392595697217
302.54649811101433,153.21825397168774
303.31944848073886,151.81264722404086
304.09239885046344,152.06449024698694
304.865349220188,151.0614519877691
305.63829958991255,151.72247655049884
306.41124995963713,153.1917252613489
307.1842003293617,149.60975780937912
307.95715069908624,153.00422897816978
308.7301010688108,150.17818144889452
309.5030514385354,149.78521826837652
310.27600180825993,149.3896837211312
311.0489521779845,148.99167000481825
311.8219025477091,148.59126931709747
312.5948529174336,148.18857385562862
313.3678032871582,149.02499456022372
314.1407536568828,147.3766674020853
314.9137040266073,146.96764080533043
315.6866543963319,143.20176725658544
316.4596047660565,144.3304283168404
317.232555135781,142.66623704494344
318.0055055055056,145.31319656381598
318.7784558752302,144.8954620281123
319.5514062449547,144.62606191667192
320.3243566146793,144.055690169933
321.0973069844039,144.96412579082522
321.8702573541284,143.2107959137893
322.643207723853,143.80071019382112
323.41615809357756,138.36276083281658
324.1891084633021,141.93546349243564
324.9620588330266,141.5085905327199
325.73500920275126,141.08099015947138
326.5079595724758,140.65275457034988
327.2809099422003,144.1274749407351
328.05386031192495,139.79474653512676
328.8268106816495,139.36515847521372
329.599761051374,139.91859702365662
330.37271142109864,138.50526904759818
331.14566179082317,138.0751457592757
331.9186121605477,136.14054728123395
332.69156253027234,137.21498667060337
333.46451289999686,137.32223835605595
334.2374632697214,136.3555370818977
335.010413639446,135.9263006685335
335.78336400917055,135.4975084123623
336.5563143788951,135.06924924078461
337.32926474861966,134.64161208120083
338.10221511834425,136.85442113314173
338.8751654880688,133.78855950761698
339.64811585779336,132.93530860362029
340.42106622751794,133.89776498097225
341.19401659724247,132.51586892220706
341.96696696696705,134.62437201802925
342.73991733669163,130.1005520255961
343.51286770641616,132.0894448882856
344.28581807614074,130.8355412057493
345.0587684458653,130.41901517312994
345.83171881558985,130.00408935390956
346.60466918531444,130.5457903910165
347.377619555039,129.1793940652674
348.15056992476354,129.77393601656857
348.9235202944881,126.4354437674334
349.6964706642127,123.36955405970366
350.46942103393724,129.42230411649754
351.2423714036618,127.15188449617526
352.0153217733864,126.75296177056275
352.78827214311093,128.87682153458573
353.5612225128355,123.8017880414557
354.3341728825601,122.6223131789533
355.1071232522846,125.18216574214767
355.8800736220092,124.79613509055488
356.6530239917338,124.41294963596742
357.4259743614583,124.03269830578571
358.1989247311829,123.65547002741023
358.9718751009075,125.75665832134409
359.744825470632,122.93958360289471
360.5177758403566,120.92311636879982
361.2907262100811,123.31863123854895
362.0636765798057,120.05729563273309
362.8366269495303,121.46056437951349
363.6095773192548,118.84861251882253
364.3825276889794,120.75714495348498
365.155478058704,120.41978755116808
365.9284284284285,120.82055806262771
366.7013787981531,119.73091362102069
367.47432916787767,119.39689830155531
368.2472795376022,118.76100114655625
369.0202299073268,118.74149391406151
369.79318027705136,118.42028270083392
370.5661306467759,113.96782145701464
371.3390810165005,119.60310012160278
372.11203138622506,117.48368011203402
372.8849817559496,116.74433412607891
373.65793212567417,116.8826935359076
374.43088249539875,115.24568752382861
375.2038328651233,116.30126906864434
375.97678323484786,119.7086658647919
376.74973360457244,115.74011812944778
377.52268397429697,119.16792422899283
378.29563434402155,117.09545378068229
379.06858471374613,114.937960815286
379.84153508347066,111.12852746554829
380.61448545319524,117.00773516579402
381.3874358229198,114.1854206722949
382.16038619264435,113.94601499053788
382.93333656236894,112.76740964706627
383.70628693209346,112.28242940607247
384.47923730181805,112.12549721974831
385.25218767154263,113.7207682977202
386.02513804126716,112.83875501184029
386.79808841099174,113.64826469191287
387.5710387807163,108.15222455469166
388.34398915044085,112.27730531037177
389.11693952016543,112.06292434522346
389.88988988989,112.39364536049499
390.66284025961454,109.99607451387129
391.4357906293391,111.5438364365049
392.2087409990637,108.70220458284314
392.98169136878823,108.25321731654478
393.7546417385128,111.22540890763091
394.5275921082374,113.22100198978201
395.3005424779619,110.79459575531621
396.0734928476865,110.66171895220702
396.8464432174111,110.84462156585396
397.6193935871356,110.41256819745264
398.3923439568602,109.68653114645585
399.1652943265848,109.57292685654727
399.9382446963093,110.0796582908597
400.7111950660339,108.59572823490294
401.4841454357585,109.8843918010625
402.257095805483,109.79462240991907
403.0300461752076,109.71003417433502
403.8029965449321,110.76303760115327
404.5759469146567,109.55621692901263
405.3488972843813,109.48689579885813
406.1218476541058,111.038996879635
406.8947980238304,109.51058181749094
407.667748393555,110.89590997407672
408.4406987632795,109.25911982342954
409.2136491330041,109.21432266482934
409.98659950272867,108.66122851687933
410.7595498724532,109.68127501173188
411.5325002421778,111.55980121354196
412.30545061190236,109.54709669316586
413.0784009816269,109.06091487296585
413.85135135135147,106.99333887836454
414.62430172107605,107.33979622565046
415.3972520908006,109.02367443126691
416.17020246052516,109.9178705159486
416.94315283024974,109.42800688032726
417.71610319997427,106.80421782029487
418.48905356969885,111.63391751413592
419.26200393942344,109.04895553276664
420.03495430914796,109.06669948684356
420.80790467887255,109.08856521169395
421.58085504859713,110.43425895108291
422.35380541832166,110.53871032316326
423.12675578804624,110.5342741935829
423.89970615777077,110.70271959887337
424.67265652749535,109.25810829026504
425.44560689721993,109.30373737538655
426.21855726694446,109.35316580982487
426.99150763666904,107.2738513033863
427.7644580063936,112.24002339855585
428.53740837611815,109.52378660696054
429.31035874584273,108.20447822452937
430.0833091155673,108.17568653549472
430.85625948529184,110.24442813087576
431.6292098550164,109.8016775742876
432.402160224741,109.87984263577016
433.17511059446554,109.96139250469686
433.9480609641901,110.05134484303338
434.7210113339147,110.13446242405045
435.49396170363923,109.2756733155077
436.2669120733638,109.97624783739285
437.0398624430884,110.41830185370996
437.8128128128129,110.5191933029319
438.5857631825375,110.6231471381414
439.3587135522621,110.73011729913044
440.1316639219866,110.84005772569088
440.9046142917112,110.95292235761465
441.6775646614358,106.56847148590344
442.4505150311603,111.18723999671992
443.2234654008849,109.05083333663816
443.9964157706095,111.43270173478152
444.769366140334,111.55949649040076
445.5423165100586,111.68893909013482
446.3152668797831,114.17224472154047
447.0882172495077,113.41463891856989
447.8611676192323,112.09269335194533
448.6341179889568,112.23226672605796
449.4070683586814,112.3742576432451
450.18001872840597,112.51862004329851
450.9529690981305,112.66530786601024
451.7259194678551,112.81427505117215
452.49886983757966,112.96547553857616
453.2718202073042,113.11886326801418
454.04477057702877,111.34127051124989
454.81772094675335,113.39941990112052
455.5906713164779,112.32865112729351
456.36362168620246,113.75336540194499
457.13657205592705,113.91699843843196
457.9095224256516,114.35135735646492
458.68247279537616,114.24995109355436
459.45542316510074,115.45446423450174
460.22837353482527,114.59017879015428
461.00132390454985,114.7629056284881
461.77427427427443,112.19248089132037
462.54722464399896,115.11335498418299
463.32017501372354,115.45022167558781
464.0931253834481,120.25636480656917
464.86607575317265,115.6508273121724
465.63902612289723,115.83294672585572
466.41197649262176,116.86459983272671
467.18492686234634,116.20135214850423
467.9578772320709,117.06349962824433
468.73082760179545,116.57500596347461
469.50377797152004,116.76368586756031
470.2767283412446,114.95379148464013
471.04967871096915,117.14452136789228
471.82262908069373,116.8581365188466
472.5955794504183,117.52968405638453
473.36852982014284,115.49904929395652
474.1414801898674,117.91880594287585
474.914430559592,118.1147516362296
475.68738092931653,121.52423801063705
476.4603312990411,118.5093201169417
477.2332816687657,119.5064773022565
478.0062320384902,123.4491978650031
478.7791824082148,117.55032455203153
479.5521327779394,121.67767187996705
480.3250831476639,118.47418026900556
481.0980335173885,119.84541967520738
481.8709838871131,118.3466210496402
482.6439342568376,123.09668760831956
483.4168846265622,120.32615759291394
484.1898349962868,117.56137017704778
484.9627853660113,120.73837603489277
485.7357357357359,119.79278340485563
486.5086861054604,123.81806549015008
487.281636475185,125.0466378614771
488.0545868449096,123.30847969984168
488.8275372146341,121.9016899908427
489.6004875843587,121.99153922361421
490.3734379540833,118.63726763268424
491.1463883238078,122.41437331306453
491.9193386935324,125.87280854600876
492.69228906325696,122.83956911859391
493.4652394329815,123.05301614041461
494.2381898027061,126.92330834703742
495.01114017243066,123.65745972962232
495.7840905421552,123.69657836462765
496.55704091187977,125.00282452645128
497.32999128160435,125.119189790802
498.1029416513289,123.68627689646483
498.87589202105346,125.19305180101084
499.64884239077804,124.77904268011905
500.42179276050257,124.99688314638274
501.19474313022715,125.2398172671398
501.96769349995174,125.43379480376016
502.74064386967626,127.33712498150209
503.51359423940085,125.80868109795193
504.28654460912543,126.09201995510949
505.05949497884995,127.16046397428104
505.83244534857454,126.37168242017296
506.6053957182991,126.75332366985205
507.37834608802365,127.8460140095414
508.15129645774823,127.19570832881745
508.92424682747276,127.41731148367292
509.69719719719734,124.22431578633044
510.4701475669219,127.86126639518224
511.24309793664645,126.55942318525996
512.016048306371,125.61789336075766
512.7889986760956,130.14381379570736
513.5619490458201,129.78721691278906
514.3348994155447,128.97483872760523
515.1078497852693,125.5695974753719
515.8808001549938,129.42143487645612
516.6537505247184,133.3489268021886
517.426700894443,125.15956690911257
518.1996512641675,130.09221444344092
518.972601633892,131.90924932970333
519.7455520036167,128.70594933504032
520.5185023733412,133.23412230839477
521.2914527430657,129.5732221514868
522.0644031127904,131.21156731900896
522.8373534825149,131.4355144456066
523.6103038522394,130.90119456697238
524.3832542219641,131.94441257912933
525.1562045916886,133.28350812633298
525.9291549614131,132.33107113062914
526.7021053311378,133.50429640863013
527.4750557008623,132.77850584326745
528.2480060705868,133.0020861578553
529.0209564403115,133.832935424343
529.793906810036,133.44889965462124
530.5668571797605,135.46924921590963
531.3398075494852,133.9168247106306
532.1127579192097,136.83801495226703
532.8857082889342,130.54703766206438
533.6586586586589,133.59200783267843
534.4316090283834,134.78551118429905
535.2045593981079,135.00756869729787
535.9775097678325,135.23043380869373
536.7504601375571,135.9076165463286
537.5234105072816,135.67225670783304
538.2963608770062,136.68163651288518
539.0693112467308,136.11402369152069
539.8422616164553,138.20962900563774
540.6152119861799,138.0769569508254
541.3881623559045,136.77439413281223
542.161112725629,137.4416107591313
542.9340630953536,139.63926656624685
543.7070134650781,138.57868217549307
544.4799638348027,137.65012274222406
545.2529142045273,135.55980623896096
546.0258645742518,140.23538296456977
546.7988149439764,138.30292084138696
547.571765313701,140.29434576144013
548.3447156834255,139.04033152921787
549.1176660531501,137.13608658665436
549.8906164228747,139.1673647483701
550.6635667925992,137.62047236254926
551.4365171623238,139.5968169274488
552.2094675320484,141.7378775065576
552.9824179017729,140.02429325732632
553.7553682714974,140.07664357201566
554.5283186412221,140.17870725175737
555.3012690109466,139.48550777686276
556.0742193806711,141.7811205690157
556.8471697503958,141.08370318127012
557.6201201201203,141.29389715480727
558.3930704898448,141.5035001663497
559.1660208595695,143.57386682369037
559.938971229294,141.92088480360303
560.7119215990185,138.8698432806273
561.4848719687432,142.33576009333572
562.2578223384677,142.54222642047725
563.0307727081922,146.1324175664535
563.8037230779169,142.95315581450174
564.5766734476414,139.19519794346303
565.3496238173659,141.85274977985497
566.1225741870905,143.0896406369732
566.8955245568151,143.76666206258585
567.6684749265396,146.990081500851
568.4414252962642,144.16904491725649
569.2143756659888,144.36910133988266
569.9873260357133,144.56838492608694
570.7602764054379,144.76688355090758
571.5332267751623,145.15210587090112
572.306177144887,143.56653071488364
573.0791275146116,145.35754840744943
573.852077884336,145.55278593711728
574.6250282540607,147.65548005146107
575.3979786237853,145.1181946597281
576.1709289935097,146.13337650911757
576.9438793632344,149.68583162638757
577.716829732959,149.1685364742779
578.4897801026834,148.3816511896285
579.2627304724081,146.8950932335358
580.0356808421327,147.0832265747315
580.8086312118571,148.40975661379503
581.5815815815818,147.45665337449955
582.3545319513064,147.64192258314836
583.1274823210308,146.182565381442
583.9004326907555,150.99347921501365
584.6733830604801,150.09476155790705
585.4463334302045,148.37308856039968
586.2192837999291,151.27938372090802
586.9922341696538,148.73255528515372
587.7651845393782,145.80101022984817
588.5381349091028,149.94522327519252
589.3110852788275,147.25719169206369
590.0840356485519,149.10298357362197
590.8569860182765,149.16378972078692
591.629936388001,149.78532640759587
592.4028867577256,149.95692337918018
593.1758371274502,152.34785001689593
593.9487874971747,150.13434200927793
594.7217378668993,147.9168167879108
595.4946882366239,150.63182416313862
596.2676386063484,150.79761695872452
597.040588976073,150.76234766914843
597.8135393457976,149.37506166983533
598.5864897155221,155.1073418817495
599.3594400852467,153.13747112438736
600.1323904549713,151.60838028614114
600.9053408246958,154.58070311408034
601.6782911944204,150.37346206978114
602.451241564145,150.14846436359227
603.2241919338695,152.23442266975064
603.997142303594,154.35085318448188
604.7700926733187,152.53965435295444
605.5430430430432,152.69028038003967
606.3159934127677,152.83956369749822
607.0889437824924,152.98749218036815
607.8618941522169,153.13405370368764
608.6348445219414,153.27923614249494
609.4077948916661,153.42302737182817
610.1807452613906,153.5654152667256
610.9536956311151,153.70638770222538
611.7266460008398,153.84593255336574
612.4995963705643,153.9840376951849
613.2725467402888,154.1206910027209
614.0454971100135,153.3705460380964
614.8184474797381,154.3895936150966
615.5913978494625,154.5218186700126
616.3643482191871,154.65254339079837
617.1372985889118,153.50755664547313
617.9102489586362,154.90944333013172
618.6831993283608,155.03559429875574
619.4561496980855,151.7566827687457
620.2291000678099,155.28323760910948
621.0020504375345,155.40470570091557
621.775000807259,154.69118747488548
622.5479511769836,152.79643826253596
623.3209015467082,155.75955054153454
624.0938519164326,155.96795735867556
624.8668022861573,153.06419527907104
625.6397526558819,155.7271520737898
626.4127030256063,156.21025259094552
627.185653395331,156.31898105415965
627.9586037650556,156.42615251197205
628.73155413478,153.83612869433676
629.5045045045047,155.06166528174694
630.2774548742293,156.73843392426744
631.0504052439537,156.83948643174162
631.8233556136784,156.67826576950472
632.596305983403,154.21201829047533
633.3692563531274,156.96781888730195
634.142206722852,157.22878083523307
634.9151570925767,157.32243006513897
635.6881074623011,157.4146313609118
636.4610578320257,159.67515510638066
637.2340082017504,157.5947337785659
638.0069585714748,157.6826567147008
638.7799089411994,157.76917534521016
639.5528593109241,157.8543005772208
640.3258096806485,157.99964697593336
641.0987600503731,158.02041447425344
641.8717104200978,156.86757491116768
642.6446607898222,156.0108831702585
643.4176111595468,158.25940750923382
644.1905615292715,158.33640139991647
644.9635118989959,158.41207824198847
645.7364622687205,156.44535398377326
646.5094126384452,158.1453497431805
647.2823630081696,155.69168488022498
648.0553133778942,157.3475431740996
648.8282637476188,158.7710884726294
649.6012141173433,158.83909207270182
650.3741644870679,158.90585497405172
651.1471148567925,162.94769378589626
651.920065226517,159.0357023090913
652.6930155962416,156.2910154377672
653.4659659659662,159.16071773476307
654.2389163356906,161.84187487261568
655.0118667054153,157.83943748385016
655.7848170751399,157.6708374016445
656.5577674448643,159.05793040788092
657.330717814589,162.0691101249224
658.1036681843136,159.50764512572093
658.876618554038,159.89312508104942
659.6495689237627,159.61420548407088
660.4225192934873,159.66583185057252
661.1954696632117,159.7163702181277
661.9684200329364,159.7658314938634
662.741370402661,159.8142265849064
663.5143207723854,158.17664219504928
664.2872711421101,160.08209354055708
665.0602215118347,158.58827520769228
665.8331718815591,158.16322227003084
666.6061222512838,161.22318718193605
667.3790726210084,159.99190462423093
668.1520229907328,164.2167838577501
668.9249733604574,162.98014247367485
669.6979237301821,160.20360376905666
670.4708740999065,160.2419369051507
671.2438244696311,160.27932383494766
672.0167748393558,160.06556187519078
672.7897252090802,160.35130270415758
673.5626755788048,160.38591645782435
674.3356259485295,162.35481062639806
675.1085763182539,159.79039863678048
675.8815266879785,160.48438588059423
676.6544770577032,160.58711700910283
677.4274274274276,161.1936671525253
678.2003777971522,159.93590033706394
678.9733281668769,160.60355135448606
679.7462785366013,160.63124988538786
680.5192289063259,160.658133095515
681.2921792760505,162.4403543737026
682.065129645775,160.70949718195268
682.8380800154996,160.73399987251688
683.6110303852242,160.75773087081384
684.3839807549487,162.9437197933008
685.1569311246733,160.8029214191136
685.9298814943979,160.82440278337006
686.7028318641223,162.25307607013065
687.475782233847,160.86519222773057
688.2487326035716,158.12068883625832
689.021682973296,156.8777778435061
689.7946333430207,160.92110679079332
690.5675837127453,162.88855625138385
691.3405340824697,159.8482245183041
692.1134844521944,160.97095960072718
692.886434821919,158.90214621638728
693.6593851916434,161.0009725950809
694.4323355613681,161.0150451499577
695.2052859310927,159.153044725771
695.9782363008171,163.29968662314133
696.7511866705418,161.05365793091022
697.5241370402664,161.06536358709138
698.2970874099908,161.2057957918504
699.0700377797154,161.74179953011162
699.8429881494401,160.10014110490124
700.6159385191645,161.10665071451703
701.3888888888891,161.11564315768308
702.1618392586138,161.12412567962673
702.9347896283382,161.13210918747487
703.7077399980628,161.1396045883543
704.4806903677875,160.1320279485234
705.2536407375119,158.76804581567538
706.0265911072365,164.6683454511276
706.7995414769609,163.59731100492942
707.5724918466856,161.76476012926898
708.3454422164102,159.18810437676177
709.1183925861346,158.53516606287937
709.8913429558593,163.1448250703195
710.6642933255839,159.653054320657
711.4372436953083,161.19011228178263
712.210194065033,161.19295837637992
712.9831444347576,161.19544724953101
713.756094804482,161.1975898083627
714.5290451742067,161.19939696000185
715.3019955439313,162.19975870001724
716.0749459136557,158.89073963383177
716.8478962833804,161.20291504303285
717.620846653105,160.0322368424269
718.3937970228294,161.20378335975013
719.166747392554,161.20380711789838
719.9396977622787,164.18578376709772
720.7126481320031,161.60492710665122
721.4855985017277,161.20236767702391
722.2585488714524,161.20142064871553
723.0314992411768,159.841566537535
723.8044496109014,161.09040998676588
724.5773999806261,161.19733061951615
725.3503503503505,161.19558731878112
726.1233007200751,158.52672794734323
726.8962510897998,164.74701747631246
727.6692014595242,158.35333217437972
728.4421518292488,159.65476749234438
729.2151021989735,161.18451195330078
729.9880525686979,161.18190145773173
730.7610029384225,161.17918460463437
731.5339533081471,161.1763723011356
732.3069036778716,161.1734754543623
733.0798540475962,159.26520349221195
733.8528044173208,158.10776644843568
734.6257547870453,161.16438672566366
735.3987051567699,158.96361232423988
736.1716555264945,161.15810482081764
736.944605896219,161.99869534677202
737.7175562659436,160.6163969423419
738.4905066356682,161.14856597751563
739.2634570053926,158.1253061251216
740.0364073751173,161.14241015076055
740.8093577448419,165.09381193215955
741.5823081145663,161.13608911184656
742.355258484291,164.61634516597974
743.1282088540156,161.1301505467529
743.90115922374,160.94345791402193
744.6741095934647,161.124528236173
745.4470599631893,160.2962769391513
746.2200103329137,160.08844121955752
746.9929607026384,158.14660007614293
747.765911072363,160.9145915674673
748.5388614420874,161.11235190205426
749.311811811812,159.57552907815597
750.0847621815367,162.76550442536677
750.8577125512611,161.1064183718148
751.6306629209857,161.1046605462382
752.4036132907104,164.8239884555467
753.1765636604348,161.20009810759635
753.9495140301594,161.10002455499927
754.7224643998841,163.01494514160686
755.4954147696085,159.53076072170145
756.2683651393331,158.00618715519013
757.0413155090578,160.71144204183167
757.8142658787822,161.09432613449235
758.5872162485068,161.05942417889196
759.3601666182315,160.02822784301853
760.1331169879559,161.0920530930652
760.9060673576805,163.04219552079806
761.6790177274052,161.98557555055962
762.4519680971296,160.3738773491642
763.2249184668542,161.0902691117785
763.9978688365788,158.87053243959514
764.7708192063033,161.08988242251837
765.5437695760279,161.08980976122956
766.3167199457525,161.70657560133577
767.089670315477,162.5494809790606
767.8626206852016,163.04621645004335
768.6355710549262,161.09028605831836
769.4085214246506,158.86298402101698
770.1814717943753,161.09096180419084
770.9544221640999,161.0914034344545
771.7273725338243,161.09191208693466
772.500322903549,161.03811578313673
773.2732732732736,161.09312401053933
774.046223642998,161.09382405766124
774.8191740127227,161.09458467899435
775.5921243824473,165.82092567296863
776.3650747521717,160.84058850262355
777.1380251218964,161.09721386824825
777.910975491621,161.0982006664133
778.6839258613454,161.0992399787831
779.45687623107,161.1003301933562
780.2298266007947,161.10146969813147
781.0027769705191,161.10265688110744
781.7757273402437,160.9150193716553
782.5486777099684,160.3121780797805
783.3216280796928,161.10648837922676
784.0945784494174,161.10785015499258
784.8675288191421,163.38249523418304
785.6404791888665,159.3885826057287
786.4134295585911,161.96462668861938
787.1863799283158,157.67033457721735
787.9593302980402,163.03871201814846
788.7322806677648,162.2918156322431
789.5052310374892,161.11840162271704
790.2781814072139,163.98483401371206
791.0511317769385,162.58988547815815
791.8240821466629,160.43207641305156
792.5970325163876,159.51305215918563
793.3699828861122,160.67819762500164
794.1429332558366,161.1285717271408
794.9158836255613,161.13034146550558
795.6888339952859,162.97265551137704
796.4617843650103,158.4415905635928
797.234734734735,156.14246939736486
798.0076851044596,160.21132646271408
798.780635474184,161.1361515685174
799.5535858439086,161.14126152933974
800.3265362136333,161.1431167669074
801.0994865833577,156.7922894706621
801.8724369530823,161.1468429285412
802.645387322807,161.14871062860465
803.4183376925314,162.677375182179
804.191288062256,161.1524472072182
804.9642384319807,161.15431286176562
805.7371888017051,163.06278949238376
806.5101391714297,161.15803084133526
807.2830895411544,161.15987994235485
808.0560399108788,161.1617203015292
808.8289902806034,161.16355030685696
809.6019406503281,161.16536834633686
810.3748910200525,164.17411657584807
811.1478413897771,161.16896207974779
811.9207917595018,161.418047642473
812.6937421292262,158.23422065535757
813.4666924989508,161.1742226359722
814.2396428686754,160.746443612806
815.0125932383999,161.47765440990727
815.7855436081245,161.17928845149476
816.5584939778491,161.18092625828464
817.3314443475736,161.1825359792134
818.1043947172982,163.1002785509386
818.8773450870228,161.18566471548283
819.6502954567472,161.26968161567518
820.4232458264719,161.26065564268083
821.1961961961965,159.17704695248992
821.9691465659209,161.1915142296315
822.7420969356456,156.65168606353913
823.5150473053702,165.76474503390534
824.2879976750946,160.7992988387184
825.0609480448193,162.8163890371318
825.8338984145439,161.1979282102275
826.6068487842683,161.19907516472162
827.379799153993,161.646186638369
828.1527495237176,161.20122033607413
828.925699893442,162.044230980485
829.6986502631667,161.20315644390377
830.4716006328913,158.61970715586392
831.2445510026157,159.23941599807364
832.0175013723403,162.50511060508285
832.790451742065,159.82614232701408
833.5634021117894,164.21257653056864
834.336352481514,161.75894137825443
835.1093028512387,159.173102867479
835.8822532209631,164.3898215081136
836.6552035906877,161.2089359937587
837.4281539604124,162.45707981973194
838.2011043301368,161.20949173602418
838.9740546998614,160.3267052742071
839.7470050695861,161.20975459069837
840.5199554393105,159.46707272596686
841.2929058090351,161.2097116617708
842.0658561787598,161.20957149845304
842.8388065484842,164.50435845298267
843.6117569182088,158.2054936059578
844.3847072879335,158.50039498955968
845.1576576576579,162.54525531000002
845.9306080273825,161.20761921327207
846.7035583971071,163.64142704795165
847.4765087668316,161.20622418983214
848.2494591365562,159.4704328649071
849.0224095062808,161.20445890273783
849.7953598760053,166.15061368415996
850.5683102457299,161.468383038277
851.3412606154545,161.20108851772142
852.1142109851789,161.19976595354402
852.8871613549036,161.19834115144516
853.6601117246282,161.19681249942354
854.4330620943526,161.19517838547773
855.2060124640773,162.7625137413909
855.9789628338019,161.19158732380862
856.7519132035263,161.18962715208266
857.524863573251,157.332570410311
858.2978139429756,161.18536946684134
859.0707643127,161.1830687293233
859.8437146824247,161.18065124587199
860.6166650521493,159.34855452404088
861.3896154218737,161.1754595931642
862.1625657915984,163.11909326976922
862.935516161323,161.16978161270737
863.7084665310474,161.1667562195698
864.481416900772,161.16360440849098
865.2543672704967,159.85968744902465
866.0273176402211,163.4095491904721
866.8002680099457,161.1533743475944
867.5732183796704,161.14970074473771
868.3461687493948,161.14589266393327
869.1191191191194,161.14194849317974
869.8920694888441,161.13786662047582
870.6650198585685,162.00510126777218
871.4379702282931,158.04913330574465
872.2109205980175,161.12477867064848
872.9838709677422,162.25287614428206
