100.80645161290323,150.29761904761904
101.5794019826278,155.1232634331957
102.35235235235236,151.2852910030923
103.12530272207692,151.17935194000574
103.89825309180148,151.4691887767276
104.67120346152605,153.66674110139633
105.44415383125062,153.38467762907604
106.21710420097517,152.32646873286237
106.99005457069974,155.51868707791593
107.76300494042431,152.7657556572558
108.53595531014886,151.66621283230702
109.30890567987343,152.9400269557583
110.08185604959799,153.71446512427556
110.85480641932256,155.45883736265938
111.62775678904713,154.2553688237405
112.40070715877168,154.5227551550058
113.17365752849625,156.9187192100624
113.9466078982208,157.63057697035305
114.71955826794537,156.39393037308787
115.49250863766994,155.57185007060303
116.2654590073945,152.11273571995557
117.03840937711907,156.08411911091346
117.81135974684364,157.31628768377814
118.58431011656819,155.16249820359127
119.35726048629276,156.83716151625305
120.13021085601733,161.12282736794504
120.90316122574188,157.328942206554
121.67611159546645,157.8383837319201
122.449061965191,157.46517286222416
123.22201233491558,160.3310269134559
123.99496270464013,158.28788838210943
124.7679130743647,158.5224933533596
125.54086344408927,157.46678728214994
126.31381381381382,158.4381110778863
127.08676418353839,157.47693000296005
127.85971455326296,159.44036943678412
128.63266492298752,163.2918396002308
129.40561529271207,159.88697302574104
130.17856566243665,160.10718916407822
130.9515160321612,159.69672202610488
131.72446640188576,160.54144720996646
132.49741677161035,160.7554879501162
133.2703671413349,160.96746905680192
134.04331751105946,162.02962942398347
134.81626788078404,156.40037181423116
135.5892182505086,160.4338756294227
136.36216862023315,161.29218722536848
137.13511898995773,161.12772700141565
137.9080693596823,162.19607070693587
138.68101972940684,162.39361803575488
139.45397009913142,162.58910106150438
140.22692046885598,162.7825192004837
140.99987083858053,162.9738718689921
141.7728212083051,163.72722143155661
142.54577157802967,159.58488875598812
143.31872194775423,163.53553121468508
144.09167231747878,163.71861616430294
144.86462268720334,164.3434504666967
145.63757305692792,164.07858031291488
146.41052342665247,164.2554583445075
147.18347379637703,164.43026623602364
147.9564241661016,164.60300340376264
148.72937453582617,165.3896828445657
149.50232490555072,164.94226323310625
150.2752752752753,165.10878472730948
151.04822564499986,165.27323316293274
151.82117601472441,167.2165648844961
152.594126384449,165.59590852363652
153.36707675417355,165.75413428131563
154.1400271238981,169.22086456538074
154.9129774936227,166.06435903282483
155.68592786334725,165.6687814955479
156.4588782330718,170.46479579691274
157.23182860279638,167.35844418508617
158.00477897252094,168.90118818970853
158.7777293422455,167.3317156681907
159.55067971197008,165.48130847522262
160.32363008169463,167.9532525131399
161.0965804514192,167.22214891143855
161.86953082114377,166.09701761275122
162.64248119086832,168.72550494767455
163.41543156059288,169.66790788317437
164.18838193031743,169.469011911074
164.961332300042,167.8781465681773
165.73428266976657,168.003095987648
166.50723303949113,168.12596067452478
167.28018340921568,168.24674004510686
168.05313377894026,167.59731348693643
168.82608414866482,168.1509492953212
169.59903451838937,168.59656042207814
170.37198488811396,168.70899269047453
171.1449352578385,173.240355967353
171.91788562756307,168.92759193917217
172.69083599728765,169.033757752072
173.4637863670122,169.13783357907153
174.23673673673676,169.23981883647014
175.00968710646134,169.33971294056707
175.7826374761859,167.64865563558772
176.55558784591045,167.67705049029743
177.32853821563504,171.22544890742378
178.1014885853596,172.6653877866067
178.87443895508414,169.80779573200218
179.64738932480873,170.85932210192883
180.42033969453328,169.98037034594012
181.19329006425784,171.41324150127087
181.96624043398242,170.144561668249
182.73919080370695,170.22351213579077
183.51214117343153,170.30036502932327
184.2850915431561,170.3751197651456
185.05804191288064,173.58109051739666
185.83099228260522,170.84122113173729
186.6039426523298,171.79908444481464
187.37689302205433,167.4614911981767
188.14984339177892,168.35318817035284
188.92279376150347,170.90816905265132
189.69574413122803,172.50873406322006
190.4686945009526,170.26475178184228
191.24164487067716,170.9533989799789
192.01459524040172,171.90644606092494
192.7875456101263,167.98200453276218
193.56049597985086,166.8633628894041
194.3334463495754,171.15573339540288
195.1063967193,171.201052634711
195.87934708902455,168.54953276307563
196.6522974587491,170.69435526610073
197.4252478284737,174.78293684808455
198.19819819819824,171.36125462273085
198.9711485679228,172.249585267624
199.74409893764738,171.4287024634035
200.51704930737193,175.49120999048912
201.2899996770965,173.25840634360696
202.06295004682107,171.51404464947512
202.8359004165456,171.53826849004622
203.60885078627018,170.04158735035742
204.38180115599476,172.5730783663794
205.1547515257193,171.59826117559146
205.92770189544387,169.79144579190543
206.70065226516846,169.34890526155584
207.47360263489298,171.63922334916987
208.24655300461757,169.10288009613416
209.01950337434212,171.6559511755646
209.79245374406668,171.9194417674067
210.56540411379126,171.66420932262676
211.33835448351581,171.6229886012677
212.11130485324037,169.90522082708213
212.88425522296495,173.32919804435278
213.6572055926895,174.55392485261265
214.43015596241406,171.6477691989154
215.20310633213865,173.89771270007148
215.9760567018632,172.14334335414918
216.74900707158776,171.61245172543772
217.52195744131234,174.84198511017937
218.2949078110369,171.57829143175303
219.06785818076145,171.61681556438444
219.84080855048603,171.53563344110216
220.61375892021059,174.59734845178866
221.38670928993514,171.48447308387966
222.15965965965972,171.4557030585522
222.93261002938428,172.16344506689563
223.70556039910883,170.26300308946477
224.47851076883342,173.15560009869876
225.25146113855794,172.84991355460457
226.02441150828253,171.27993111672552
226.7973618780071,172.025773261652
227.57031224773164,171.7531801373693
228.34326261745622,171.1489094862527
229.11621298718077,170.73762231201178
229.88916335690536,168.2583718699301
230.6621137266299,170.81797867940222
231.43506409635447,170.18375522959784
232.20801446607902,170.28001083825922
232.9809648358036,172.9200580347209
233.75391520552816,170.76854467684473
234.5268655752527,170.7056671235128
235.2998159449773,170.64065288822462
236.07276631470185,172.14291191505393
236.8457166844264,170.5042014221653
237.618667054151,170.43272169410832
238.39161742387554,165.6664314817371
239.1645677936001,170.28308683448677
239.93751816332468,167.32408898339838
240.71046853304924,170.12432496468065
241.4834189027738,173.39613162072965
242.25636927249835,171.54107841189474
243.02931964222293,169.86847452641769
243.80227001194748,170.08110548906228
244.57522038167204,171.13022590517016
245.34817075139662,168.96904505651776
246.12112112112118,168.3790799134063
246.89407149084573,168.34538580802726
247.66702186057032,169.65346314532675
248.43997223029487,164.79219628999448
249.21292260001943,169.5712153615871
249.985872969744,168.3015825803537
250.75882333946856,170.2622755180703
251.53177370919312,171.45883299039397
252.30472407891767,168.61525604938544
253.07767444864226,168.49304564648318
253.8506248183668,171.74904920488214
254.62357518809137,165.31857319585927
255.39652555781595,165.08720458836748
256.1694759275405,167.9749320524444
256.94242629726506,167.83791580419646
257.71537666698964,170.67906533852272
258.48832703671417,169.23912465050967
259.26127740643875,167.40835268686266
260.03422777616333,166.4876710952382
260.80717814588786,167.10620892322024
261.58012851561244,166.95030462329458
262.353078885337,165.36971031962824
263.12602925506155,163.53415016073657
263.89897962478614,166.4628544011862
264.6719299945107,166.29367865028578
265.44488036423525,164.9222742353244
266.21783073395983,167.78912766178019
266.9907811036844,166.99740398190445
267.76373147340894,165.5826080403318
268.5366818431335,165.39607863212447
269.3096322128581,169.80593469098744
270.08258258258263,161.9787409932176
270.8555329523072,166.57411922078646
271.6284833220318,164.61389485163554
272.4014336917563,164.35214390320138
273.1743840614809,162.66847427435346
273.9473344312055,163.98843637809392
274.72028480093,161.363001417807
275.4932351706546,163.55246848182878
276.2661855403792,163.32868394704653
277.0391359101037,162.80149013928542
277.8120862798283,162.869343850052
278.5850366495529,163.83409875932432
279.3579870192774,160.45971457974488
280.130937389002,162.15039657359256
280.90388775872657,159.04461288330742
281.6768381284511,161.65074397566963
282.4497884981757,161.39470944014465
283.22273886790026,163.59023770890428
283.9956892376248,159.62507099123476
284.7686396073493,159.86432635802043
285.54158997707395,160.32839040167815
286.3145403467985,161.0210673114926
287.087490716523,158.99501816836187
287.86044108624765,156.5143756107178
288.6333914559722,159.19295132937
289.4063418256967,158.89803677480907
290.17929219542134,158.59863236400224
290.95224256514587,159.22140163478394
291.7251929348704,157.9862180903465
292.49814330459503,157.66835207011198
293.27109367431956,157.35547365053577
294.0440440440441,157.0332993131072
294.81699441376867,156.7067096557567
295.58994478349325,156.37579687614402
296.3628951532178,156.04065317192888
297.13584552294236,155.65601485218286
297.90879589266694,155.35804178033032
298.68174626239147,153.00851355361755
299.45469663211605,157.46496678203548
300.22764700184064,154.3046976999073
301.00059737156516,154.66076388438242
301.77354774128975,153.59521096605732
302.54649811101433,153.1087612007871
303.31944848073886,153.20215706562817
304.09239885046344,152.47679876178412
304.865349220188,152.77780014615092
305.63829958991255,151.72247655049884
306.41124995963713,151.3407208134874
307.1842003293617,150.95602491910967
307.95715069908624,151.66645659468023
308.7301010688108,150.17818144889452
309.5030514385354,153.10671402994254
310.27600180825993,147.9353498196159
311.0489521779845,148.99167000481825
311.8219025477091,146.5019123688042
312.5948529174336,148.18857385562862
313.3678032871582,149.70594701109505
314.1407536568828,147.3766674020853
314.9137040266073,146.96764080533043
315.6866543963319,146.55668822546633
316.4596047660565,148.84817076850612
317.232555135781,149.20194289805497
318.0055055055056,143.75935887075778
318.7784558752302,147.69478500181674
319.5514062449547,144.4762624975981
320.3243566146793,144.23683985836192
321.0973069844039,144.51112701688683
321.8702573541284,141.43376771000393
322.643207723853,142.78665838063006
323.41615809357756,143.94136051560466
324.1891084633021,139.4831804680453
324.9620588330266,140.94023424430853
325.73500920275126,137.90953044403517
326.5079595724758,138.60623192846543
327.2809099422003,141.01746653579298
328.05386031192495,139.79474653512676
328.8268106816495,139.36515847521372
329.599761051374,140.98251429485643
330.37271142109864,137.18540482331514
331.14566179082317,140.27692092669736
331.9186121605477,138.26161474537759
332.69156253027234,138.92792753255102
333.46451289999686,136.78512872505448
334.2374632697214,136.3555370818977
335.010413639446,135.9263006685335
335.78336400917055,134.11479320302925
336.5563143788951,133.3258912518788
337.32926474861966,134.64161208120083
338.10221511834425,132.68093410195905
338.8751654880688,131.89526088810285
339.64811585779336,132.4703035825753
340.42106622751794,135.91831087921622
341.19401659724247,132.58303924553724
341.96696696696705,130.2795867840232
342.73991733669163,133.78971085937889
343.51286770641616,131.25357852436716
344.28581807614074,130.8355412057493
345.0587684458653,130.41901517312994
345.83171881558985,130.00408935390956
346.60466918531444,129.59085267548852
347.377619555039,129.1793940652674
348.15056992476354,127.05071364712941
348.9235202944881,128.36216675902642
349.6964706642127,128.89069601674987
350.46942103393724,128.94744586565744
351.2423714036618,127.15188449617526
352.0153217733864,126.75296177056275
352.78827214311093,125.50139559716595
353.5612225128355,125.9624069267473
354.3341728825601,125.5709526633453
355.1071232522846,123.94353946738404
355.8800736220092,123.70092871110204
356.6530239917338,123.6371495349478
357.4259743614583,122.66471165661498
358.1989247311829,126.44574144955129
358.9718751009075,119.27393464181952
359.744825470632,124.70743033516078
360.5177758403566,122.5428127771257
361.2907262100811,126.86256482851536
362.0636765798057,121.81778687164211
362.8366269495303,125.08188542182879
363.6095773192548,123.66247241513699
364.3825276889794,122.29171462907792
365.155478058704,120.41112587438596
365.9284284284285,120.06901912109774
366.7013787981531,119.63139348089653
367.47432916787767,119.81907642562197
368.2472795376022,119.06706209010214
369.0202299073268,118.74149391406151
369.79318027705136,118.42028270083392
370.5661306467759,120.0816181902738
371.3390810165005,118.11995220218661
372.11203138622506,117.48368011203402
372.8849817559496,115.22133471305149
373.65793212567417,116.29580523320485
374.43088249539875,114.91776710650923
375.2038328651233,116.30126906864434
375.97678323484786,119.40575706934878
376.74973360457244,115.74011812944778
377.52268397429697,115.52723251006674
378.29563434402155,115.5575598388843
379.06858471374613,114.937960815286
379.84153508347066,114.88497279061102
380.61448545319524,114.4306061552722
381.3874358229198,113.77953635283617
382.16038619264435,116.69340794702191
382.93333656236894,114.90408599330968
383.70628693209346,113.48489874028668
384.47923730181805,113.26336602659335
385.25218767154263,108.1918587671008
386.02513804126716,111.4031862490217
386.79808841099174,113.29049631672716
387.5710387807163,109.81137998263041
388.34398915044085,108.99034281863078
389.11693952016543,112.06292434522346
389.88988988989,111.63893880327537
390.66284025961454,110.55998276563462
391.4357906293391,111.05853358237886
392.2087409990637,111.3825205441545
392.98169136878823,110.39465770827957
393.7546417385128,111.07718251403885
394.5275921082374,111.07275595968136
395.3005424779619,110.79459575531621
396.0734928476865,110.66171895220702
396.8464432174111,111.59751350741904
397.6193935871356,109.83162920006629
398.3923439568602,110.29620212539128
399.1652943265848,110.03994807864935
399.9382446963093,111.08361677810456
400.7111950660339,106.37561188454214
401.4841454357585,109.80771320785877
402.257095805483,109.79462240991907
403.0300461752076,110.24052876127702
403.8029965449321,109.63058103410225
404.5759469146567,108.53269340050349
405.3488972843813,105.60449397993042
406.1218476541058,109.42257158343067
406.8947980238304,111.49611425410977
407.667748393555,105.53263456992
408.4406987632795,108.66266633234571
409.2136491330041,106.47477772182235
409.98659950272867,109.17429211991575
410.7595498724532,108.20229831491369
411.5325002421778,106.20379859282741
412.30545061190236,110.32191842079766
413.0784009816269,109.06091487296585
413.85135135135147,106.15082318470681
414.62430172107605,110.67370207036822
415.3972520908006,109.02367443126691
416.17020246052516,108.91045479663495
416.94315283024974,109.29920688232485
417.71610319997427,109.02601717776554
418.48905356969885,111.98861263565266
419.26200393942344,111.32566053129229
420.03495430914796,107.3287567798425
420.80790467887255,107.70795766877355
421.58085504859713,109.11450664710974
422.35380541832166,109.14447773288282
423.12675578804624,109.17843240880512
423.89970615777077,105.4892101775099
424.67265652749535,111.11277790699164
425.44560689721993,109.30373737538655
426.21855726694446,108.2389903529816
426.99150763666904,108.69674674365439
427.7644580063936,109.49425921062509
428.53740837611815,112.19480164653922
429.31035874584273,108.84876152911015
430.0833091155673,109.3960113865079
430.85625948529184,108.77766206577716
431.6292098550164,109.8016775742876
432.402160224741,109.87984263577016
433.17511059446554,109.96139250469686
433.9480609641901,107.84972073077853
434.7210113339147,110.13446242405045
435.49396170363923,109.90007432956344
436.2669120733638,110.3205188506837
437.0398624430884,110.41830185370996
437.8128128128129,110.5191933029319
438.5857631825375,109.25734691064318
439.3587135522621,110.17676734591572
440.1316639219866,111.41033890441682
440.9046142917112,110.95292235761465
441.6775646614358,111.06866513469367
442.4505150311603,113.32430548383363
443.2234654008849,108.94963966792037
443.9964157706095,112.97602224512126
444.769366140334,112.85033181782657
445.5423165100586,111.68893909013482
446.3152668797831,115.26956801349081
447.0882172495077,111.95558358111522
447.8611676192323,111.68399217254196
448.6341179889568,112.23226672605796
449.4070683586814,108.63984345141016
450.18001872840597,112.69512926535286
450.9529690981305,112.66530786601024
451.7259194678551,112.81427505117215
452.49886983757966,112.96547553857616
453.2718202073042,112.85244465693069
454.04477057702877,111.68065926762081
454.81772094675335,110.16833766811526
455.5906713164779,113.59168930645167
456.36362168620246,114.78917754737388
457.13657205592705,117.26311022001933
457.9095224256516,114.08254235570442
458.68247279537616,114.24995109355436
459.45542316510074,114.41917859177367
460.22837353482527,114.59017879015428
461.00132390454985,116.73877979258836
461.77427427427443,114.93731304656703
462.54722464399896,115.81481030706783
463.32017501372354,115.29098538112795
464.0931253834481,116.77677246908073
464.86607575317265,119.19581550710849
465.63902612289723,119.52391293435245
466.41197649262176,111.57229704546238
467.18492686234634,120.5117274268281
467.9578772320709,116.38754603705323
468.73082760179545,120.39533797332783
469.50377797152004,117.68965684885893
470.2767283412446,112.22616057421347
471.04967871096915,117.14452136789228
471.82262908069373,117.33658484372242
472.5955794504183,121.07534399676513
473.36852982014284,116.23120043459414
474.1414801898674,113.8848675106778
474.914430559592,114.40812244993718
475.68738092931653,117.58133729643602
476.4603312990411,118.5093201169417
477.2332816687657,118.70791368472123
478.0062320384902,120.84243544206502
478.7791824082148,117.91080899876263
479.5521327779394,119.3087563802803
480.3250831476639,119.51067591024204
481.0980335173885,120.55618494866926
481.8709838871131,119.91688525859186
482.6439342568376,120.12114585740112
483.4168846265622,118.99820405659696
484.1898349962868,120.53190585534101
484.9627853660113,119.8983447410186
485.7357357357359,120.94555352177986
486.5086861054604,124.79895186346121
487.281636475185,123.21306719858114
488.0545868449096,119.58969822992148
488.8275372146341,121.78104434689226
489.6004875843587,124.40782906920678
490.3734379540833,122.58704823022362
491.1463883238078,122.41437331306453
491.9193386935324,122.46617459753001
492.69228906325696,122.83956911859391
493.4652394329815,123.05301614041461
494.2381898027061,122.60497028819843
495.01114017243066,123.25319847274767
495.7840905421552,125.77771032613435
496.55704091187977,124.34480050030871
497.32999128160435,124.12815804850099
498.1029416513289,124.3446655213887
498.87589202105346,124.56163193519119
499.64884239077804,124.8693132281994
500.42179276050257,122.83447809171697
501.19474313022715,125.21513872419297
501.96769349995174,125.43379480376016
502.74064386967626,125.65283677529497
503.51359423940085,126.35582261678171
504.28654460912543,126.09201995510949
505.05949497884995,126.21550657254384
505.83244534857454,126.532571385321
506.6053957182991,126.75332366985205
507.37834608802365,124.09262921119014
508.15129645774823,126.67714990239813
508.92424682747276,127.02287592777226
509.69719719719734,124.7047996530956
510.4701475669219,127.86126639518224
511.24309793664645,127.13248008927475
512.016048306371,127.33708997258528
512.7889986760956,127.35052078966275
513.5619490458201,129.00774973337496
514.3348994155447,128.97483872760523
515.1078497852693,127.55646945252664
515.8808001549938,127.6421176370777
516.6537505247184,129.64492462941269
517.426700894443,129.86852268833744
518.1996512641675,130.09221444344092
518.972601633892,130.31598528493367
519.7455520036167,133.53543421208272
520.5185023733412,128.69121142093704
521.2914527430657,132.9317272474121
522.0644031127904,131.80196496705693
522.8373534825149,129.11906302340154
523.6103038522394,131.65945299985685
524.3832542219641,131.5693932998365
525.1562045916886,132.1072459521576
525.9291549614131,132.17863121460985
526.7021053311378,131.37695349207425
527.4750557008623,132.77850584326745
528.2480060705868,133.0020861578553
529.0209564403115,133.22555563156973
529.793906810036,133.44889965462124
530.5668571797605,133.67210361722042
531.3398075494852,135.4749806208061
532.1127579192097,132.2947693231845
532.8857082889342,132.89197480194312
533.6586586586589,133.41995496182568
534.4316090283834,135.13997499004765
535.2045593981079,138.69892935690922
535.9775097678325,135.22938687219437
536.7504601375571,135.68783989976228
537.5234105072816,135.67225670783304
538.2963608770062,135.54540105748345
539.0693112467308,136.11402369152069
539.8422616164553,136.33446330147834
540.6152119861799,137.16878587594854
541.3881623559045,133.42067212317005
542.161112725629,138.47681147052032
542.9340630953536,137.212979612959
543.7070134650781,137.43173753393265
544.4799638348027,140.64479779934666
545.2529142045273,137.09052872787097
546.0258645742518,138.08572652091306
546.7988149439764,138.30292084138696
547.571765313701,142.08570066190364
548.3447156834255,135.79030816321117
549.1176660531501,135.2527818916002
549.8906164228747,136.6811240382512
550.6635667925992,135.5471162721199
551.4365171623238,139.5968169274488
552.2094675320484,139.81080813601858
552.9824179017729,140.02429325732632
553.7553682714974,140.23726016641012
554.5283186412221,144.37347547936864
555.3012690109466,140.66159084805878
556.0742193806711,138.2662058480161
556.8471697503958,141.08370318127012
557.6201201201203,144.09625770983754
558.3930704898448,141.5035001663497
559.1660208595695,143.87043152818447
559.938971229294,141.92088480360303
560.7119215990185,139.39851661650354
561.4848719687432,143.5850773996613
562.2578223384677,142.54222642047725
563.0307727081922,141.39290581880636
563.8037230779169,142.95315581450174
564.5766734476414,138.52113324575595
565.3496238173659,144.90331979109456
566.1225741870905,143.04725212058977
566.8955245568151,144.65400822493262
567.6684749265396,143.9682277831703
568.4414252962642,144.16904491725649
569.2143756659888,144.36910133988266
569.9873260357133,142.28807001275277
570.7602764054379,144.93218825223212
571.5332267751623,140.60071057728376
572.306177144887,146.19821969983653
573.0791275146116,145.35754840744943
573.852077884336,145.55278593711728
574.6250282540607,145.74717788059252
575.3979786237853,148.64329892446057
576.1709289935097,144.94435266731864
576.9438793632344,146.3251589442438
577.716829732959,146.51604729333013
578.4897801026834,146.7060294314147
579.2627304724081,147.21680168872143
580.0356808421327,148.86253385367758
580.8086312118571,147.27041733003998
581.5815815815818,145.4957348821753
582.3545319513064,147.64192258314836
583.1274823210308,148.58252441563351
583.9004326907555,148.00951199316643
584.6733830604801,148.19180794461207
585.4463334302045,146.34522419910337
586.2192837999291,151.26378639827473
586.9922341696538,148.73255528515372
587.7651845393782,147.0033754014719
588.5381349091028,150.70646569291117
589.3110852788275,147.61916134255222
590.0840356485519,151.2963414758309
590.8569860182765,149.6126049756973
591.629936388001,150.82258128835147
592.4028867577256,147.2429340837549
593.1758371274502,150.12738376548845
593.9487874971747,150.29669544155877
594.7217378668993,152.3245897548957
595.4946882366239,150.36278348859602
596.2676386063484,150.79761695872452
597.040588976073,149.1938623687848
597.8135393457976,151.12559879467912
598.5864897155221,152.4843688660922
599.3594400852467,151.44869479059884
600.1323904549713,151.60838028614114
600.9053408246958,151.7668079467892
601.6782911944204,151.92396564758138
602.451241564145,152.0798412635558
603.2241919338695,152.23442266975064
603.997142303594,152.84207237148985
604.7700926733187,150.09865450552826
605.5430430430432,152.69028038003967
606.3159934127677,148.5984198799353
607.0889437824924,151.11940658361772
607.8618941522169,153.05768036823318
608.6348445219414,148.95188012678975
609.4077948916661,153.83193681594435
610.1807452613906,155.73439274925937
610.9536956311151,155.0993424047686
611.7266460008398,153.84593255336574
612.4995963705643,154.76050905496282
613.2725467402888,157.6508354147317
614.0454971100135,154.25588035101208
614.8184474797381,154.3895936150966
615.5913978494625,152.9695283997814
616.3643482191871,154.65254339079837
617.1372985889118,154.11061218363665
617.9102489586362,154.90944333013172
618.6831993283608,155.03559429875574
619.4561496980855,158.78954433203663
620.2291000678099,155.4285319521031
621.0020504375345,152.34440611316708
621.775000807259,152.78193780849494
622.5479511769836,156.8607856319451
623.3209015467082,155.75955054153454
624.0938519164326,155.8746160976242
624.8668022861573,157.86992034580257
625.6397526558819,153.02403401101301
626.4127030256063,156.21025259094552
627.185653395331,156.31898105415965
627.9586037650556,155.51576970345886
628.73155413478,156.5317778715095
629.5045045045047,158.91470240111494
630.2774548742293,158.10885050064502
631.0504052439537,156.83948643174162
631.8233556136784,155.16420055955768
632.596305983403,160.26330259693538
633.3692563531274,153.58771634794778
634.142206722852,157.24325907779044
634.9151570925767,157.32243006513897
635.6881074623011,161.1170343794775
636.4610578320257,158.14873651246813
637.2340082017504,157.5947337785659
638.0069585714748,157.6826567147008
638.7799089411994,157.76917534521016
639.5528593109241,156.23541308614182
640.3258096806485,155.54047960259476
641.0987600503731,158.02041447425344
641.8717104200978,155.0249882211469
642.6446607898222,158.1810856628137
643.4176111595468,158.25940750923382
644.1905615292715,158.56230173378864
644.9635118989959,158.41207824198847
645.7364622687205,161.34283552771882
646.5094126384452,153.9909545137431
647.2823630081696,156.35971638600842
648.0553133778942,158.39048678486697
648.8282637476188,160.4072722362568
649.6012141173433,160.6327051216232
650.3741644870679,159.90446551979963
651.1471148567925,158.97138808380595
651.920065226517,163.547179172779
652.6930155962416,159.09880855703472
653.4659659659662,159.46313360983376
654.2389163356906,159.2214407494032
655.0118667054153,159.28098850808195
655.7848170751399,159.79659307030064
656.5577674448643,159.39660188606294
657.330717814589,159.45268931961888
658.1036681843136,159.50764512572093
658.876618554038,162.0244485998233
659.6495689237627,159.75481136074862
660.4225192934873,156.78111976576207
661.1954696632117,159.7163702181277
661.9684200329364,158.5849515193592
662.741370402661,158.23427871498197
663.5143207723854,159.86156639838367
664.2872711421101,160.0241329095968
665.0602215118347,158.25866381670426
665.8331718815591,160.48528999254273
666.6061222512838,160.0405910191718
667.3790726210084,157.69317477680463
668.1520229907328,160.1240552494697
668.9249733604574,161.9600270758481
669.6979237301821,157.76546797697196
670.4708740999065,162.1438402236191
671.2438244696311,160.5860292416448
672.0167748393558,155.724362822723
672.7897252090802,160.35130270415758
673.5626755788048,159.61528918376726
674.3356259485295,164.13104102039495
675.1085763182539,161.00201391839366
675.8815266879785,159.8345532372046
676.6544770577032,161.84077476251446
677.4274274274276,163.94194357390856
678.2003777971522,160.5750265956826
678.9733281668769,159.0426367706289
679.7462785366013,159.2533508626744
680.5192289063259,160.658133095515
681.2921792760505,160.6842118919943
682.065129645775,160.14061876381177
682.8380800154996,160.73399987251688
683.6110303852242,160.75773087081384
684.3839807549487,160.7807010839705
685.1569311246733,157.21593189392033
685.9298814943979,161.73498339971178
686.7028318641223,159.00596406807995
687.475782233847,160.86519222773057
688.2487326035716,161.67846577865618
689.021682973296,160.90315667406702
689.7946333430207,160.92110679079332
690.5675837127453,165.88457078169245
691.3405340824697,158.84437448575332
692.1134844521944,160.70009111201594
692.886434821919,161.75813496083495
693.6593851916434,156.97232896593647
694.4323355613681,161.0150451499577
695.2052859310927,161.02850961947027
695.9782363008171,161.04137691074553
696.7511866705418,161.19061758218976
697.5241370402664,157.3959933056147
698.2970874099908,162.8188330850761
699.0700377797154,163.34458426987823
699.8429881494401,161.83966505259934
700.6159385191645,163.75063769900805
701.3888888888891,161.11564315768308
702.1618392586138,161.12412567962673
702.9347896283382,160.6587677410519
703.7077399980628,161.39245615757446
704.4806903677875,164.20379512967494
705.2536407375119,161.1531746977146
706.0265911072365,161.15927122044926
706.7995414769609,161.78526083233467
707.5724918466856,161.17014173766177
708.3454422164102,162.22054301751572
709.1183925861346,161.96509700931176
709.8913429558593,159.54052317128986
710.6642933255839,162.9927687552363
711.4372436953083,161.19011228178263
712.210194065033,164.7079271435635
712.9831444347576,164.66351159481968
713.756094804482,161.1975898083627
714.5290451742067,162.00369766433002
715.3019955439313,163.49100776225436
716.0749459136557,164.02561835007867
716.8478962833804,159.40979342726797
717.620846653105,161.20348963717055
718.3937970228294,161.20378335975013
719.166747392554,159.97635912422297
719.9396977622787,161.20357181874215
720.7126481320031,161.2030883694084
721.4855985017277,165.44483051268844
722.2585488714524,161.20142064871553
723.0314992411768,161.20025819161023
723.8044496109014,158.7852990891831
724.5773999806261,159.47344463087242
725.3503503503505,162.426238580935
726.1233007200751,161.1936722177566
726.8962510897998,162.58301162393263
727.6692014595242,161.1893702433465
728.4421518292488,161.92574035408808
729.2151021989735,160.33684129076633
729.9880525686979,158.80071440030505
730.7610029384225,161.17918460463437
731.5339533081471,161.1763723011356
732.3069036778716,165.02659988674236
733.0798540475962,161.17050497144126
733.8528044173208,161.16747175949942
734.6257547870453,159.40243112724562
735.3987051567699,161.16126077706076
736.1716555264945,161.15810482081764
736.944605896219,161.15492976406117
737.7175562659436,161.15174651391825
738.4905066356682,161.23751587821667
739.2634570053926,157.92779138080283
740.0364073751173,161.14225667443912
740.8093577448419,161.1391497220189
741.5823081145663,159.02737584563252
742.355258484291,161.13308575104895
743.1282088540156,161.1301505467529
743.90115922374,161.1272944060853
744.6741095934647,161.9246655967646
745.4470599631893,161.12186294414295
746.2200103329137,162.30502642298458
746.9929607026384,161.11687375348487
747.765911072363,161.11455513664163
748.5388614420874,159.27168510320763
749.311811811812,161.1102624377216
750.0847621815367,161.1082851316422
750.8577125512611,161.84959958528745
751.6306629209857,164.058208517115
752.4036132907104,161.10301004291094
753.1765636604348,161.1014652498317
753.9495140301594,159.58851307347527
754.7224643998841,161.09868634641228
755.4954147696085,162.5097421083498
756.2683651393331,161.85213400626176
757.0413155090578,161.0952705181108
757.8142658787822,164.65874540876314
758.5872162485068,161.0934761771129
759.3601666182315,161.99858948136122
760.1331169879559,161.0920530930652
760.9060673576805,158.84507328495792
761.6790177274052,160.69678653262096
762.4519680971296,157.8865224419504
763.2249184668542,159.06899914774044
763.9978688365788,164.4881067100205
764.7708192063033,158.8357710847699
765.5437695760279,160.9729937298979
766.3167199457525,161.9040679400954
767.089670315477,161.08989774532773
767.8626206852016,159.64647105012565
768.6355710549262,163.4363787188636
769.4085214246506,162.39521101051545
770.1814717943753,161.09096180419084
770.9544221640999,161.0914034344545
771.7273725338243,161.09191208693466
772.500322903549,161.09248614963005
773.2732732732736,161.09312401053933
774.046223642998,160.60368831037772
774.8191740127227,159.52582493568275
775.5921243824473,160.51209931981384
776.3650747521717,159.82946545707665
777.1380251218964,161.36196280924793
777.910975491621,161.44439129019028
778.6839258613454,161.55314739637527
779.45687623107,158.16182546109857
780.2298266007947,157.40771303767215
781.0027769705191,162.28723166997244
781.7757273402437,161.36399631097154
782.5486777099684,164.73657411698517
783.3216280796928,161.8565344416547
784.0945784494174,161.10785015499258
784.8675288191421,161.5085241736477
785.6404791888665,159.48089615107867
786.4134295585911,161.11216674345
787.1863799283158,162.72776691288163
787.9593302980402,161.11522106670822
788.7322806677648,160.76420471111192
789.5052310374892,165.47959687594425
790.2781814072139,161.12003520799954
791.0511317769385,161.1216955154657
791.8240821466629,161.26404122376897
792.5970325163876,163.5268142226164
793.3699828861122,161.12682065095305
794.1429332558366,161.1285717271408
794.9158836255613,164.66339048486856
795.6888339952859,161.13212825404614
796.4617843650103,161.1339304807612
797.234734734735,163.79156068443302
798.0076851044596,161.13757480070942
798.780635474184,158.92224701220374
799.5535858439086,158.3784374632508
800.3265362136333,164.2878492800081
801.0994865833577,165.52368488389288
801.8724369530823,161.1468429285412
802.645387322807,161.14871062860465
803.4183376925314,161.15057925883076
804.191288062256,161.1524472072182
804.9642384319807,161.15431286176562
805.7371888017051,162.4756913959482
806.5101391714297,160.3278222271162
807.2830895411544,161.15987994235485
808.0560399108788,160.47070053677277
808.8289902806034,161.16355030685696
809.6019406503281,161.16536834633686
810.3748910200525,161.65699946408228
811.1478413897771,162.63432438352152
811.9207917595018,162.94264105489486
812.6937421292262,161.1724886057514
813.4666924989508,161.1742226359722
814.2396428686754,158.42373492824595
815.0125932383999,161.17762417084518
815.7855436081245,160.63327780226797
816.5584939778491,162.90990454097494
817.3314443475736,161.1825359792134
818.1043947172982,165.12019086526695
818.8773450870228,161.18566471548283
819.6502954567472,161.18718050682074
820.4232458264719,159.65376254006247
821.1961961961965,161.89184113571312
821.9691465659209,159.62857430561354
822.7420969356456,161.1928822134964
823.5150473053702,161.16990775320247
824.2879976750946,161.06480911416162
825.0609480448193,161.19673382585665
825.8338984145439,163.0138611955259
826.6068487842683,161.42483398916661
827.379799153993,161.20017307733758
828.1527495237176,164.7138926068635
828.925699893442,161.20221532892998
829.6986502631667,162.2895798985695
830.4716006328913,161.7922114276409
831.2445510026157,161.20487059219985
832.0175013723403,161.30447011513087
832.790451742065,164.5239761213134
833.5634021117894,161.2069974304959
834.336352481514,160.85349376862555
835.1093028512387,157.62992410681068
835.8822532209631,161.20855231978248
836.6552035906877,161.2089359937587
837.4281539604124,161.74042241125147
838.2011043301368,160.42707214633378
838.9740546998614,161.20966058031084
839.7470050695861,161.2700711575297
840.5199554393105,159.84545709180907
841.2929058090351,161.44394111168623
842.0658561787598,161.20957149845304
842.8388065484842,164.02909245285286
843.6117569182088,160.42973453623839
844.3847072879335,161.20865686906814
845.1576576576579,161.20818190612493
845.9306080273825,163.17696621329102
846.7035583971071,157.18368382815936
847.4765087668316,157.5621107276499
848.2494591365562,161.20538863524243
849.0224095062808,161.20445890273783
849.7953598760053,161.203433380317
850.5683102457299,161.2023104559786
851.3412606154545,163.8466984217622
852.1142109851789,161.19976595354402
852.8871613549036,163.3662741910707
853.6601117246282,160.06849769507116
854.4330620943526,162.59857249287043
855.2060124640773,160.1031149588237
855.9789628338019,161.19158732380862
856.7519132035263,163.8368771131517
857.524863573251,161.18755507042732
858.2978139429756,165.54373784539598
859.0707643127,160.16884302424248
859.8437146824247,160.41346534296116
860.6166650521493,162.64694228167608
861.3896154218737,161.08806007318037
862.1625657915984,160.31526263205475
862.935516161323,160.86137502336305
863.7084665310474,160.46947313407048
864.481416900772,161.52155760936122
865.2543672704967,161.16032456746973
866.0273176402211,161.15691508450465
866.8002680099457,162.88169034795897
867.5732183796704,162.27458378321197
868.3461687493948,161.14589266393327
869.1191191191194,164.5892637119499
869.8920694888441,161.18336843268256
870.6650198585685,160.48207054138663
871.4379702282931,158.29762329876587
872.2109205980175,160.62613886712842
872.9838709677422,164.78536873320724
