100.80645161290323,150.29761904761904
101.5794019826278,150.59356649175066
102.35235235235236,150.88747765044658
103.12530272207692,151.17935194000574
103.89825309180148,151.4691887767276
104.67120346152605,151.7569875769115
105.44415383125062,152.04274775685664
106.21710420097517,152.32646873286237
106.99005457069974,152.6081499212281
107.76300494042431,152.88779073825293
108.53595531014886,153.16539060023624
109.30890567987343,153.44094892347735
110.08185604959799,153.71446512427556
110.85480641932256,153.98593861893016
111.62775678904713,154.2553688237405
112.40070715877168,154.5227551550058
113.17365752849625,155.7238764088896
113.9466078982208,151.97458972901686
114.71955826794537,155.31264507052475
115.49250863766994,158.07284749469991
116.2654590073945,152.12997559768115
117.03840937711907,156.08411911091346
117.81135974684364,156.33718198374416
118.58431011656819,157.90085204818644
119.35726048629276,158.01281217956551
120.13021085601733,157.08407700852987
120.90316122574188,157.328942206554
121.67611159546645,157.5717565266247
122.449061965191,157.8125193850413
123.22201233491558,154.58863837702717
123.99496270464013,158.28788838210943
124.7679130743647,158.5224933533596
125.54086344408927,158.7550445281528
126.31381381381382,157.1075715439657
127.08676418353839,159.21398315356578
127.85971455326296,155.5239558077947
128.63266492298752,159.6646995887428
129.40561529271207,159.88697302574104
130.17856566243665,160.10718916407822
130.9515160321612,160.32534742005353
131.72446640188576,160.54144720996646
132.49741677161035,160.7554879501162
133.2703671413349,160.96746905680192
134.04331751105946,161.1773899463232
134.81626788078404,161.38525003497912
135.5892182505086,161.591048739069
136.36216862023315,161.79478547489228
137.13511898995773,161.9964596587481
137.9080693596823,162.19607070693587
138.68101972940684,162.39361803575488
139.45397009913142,162.58910106150438
140.22692046885598,162.0999277830701
140.99987083858053,162.9738718689921
141.7728212083051,163.16315848332897
142.54577157802967,163.35037845979346
143.31872194775423,163.53553121468508
144.09167231747878,163.71861616430294
144.86462268720334,163.89963272494646
145.63757305692792,164.07858031291488
146.41052342665247,164.2554583445075
147.18347379637703,164.43026623602364
147.9564241661016,164.60300340376264
148.72937453582617,164.77366926402374
149.50232490555072,164.94226323310625
150.2752752752753,165.10878472730948
151.04822564499986,165.27323316293274
151.82117601472441,165.43560795627528
152.594126384449,168.0718374777747
153.36707675417355,165.75413428131563
154.1400271238981,165.91028464561197
154.9129774936227,166.06435903282483
155.68592786334725,166.2163568592535
156.4588782330718,166.36627754119732
157.23182860279638,166.51412049495553
158.00477897252094,164.9391215900255
158.7777293422455,170.37989004924654
159.55067971197008,166.9451771501097
160.32363008169463,167.08470335411872
161.0965804514192,167.22214891143855
161.86953082114377,172.03433929920595
162.64248119086832,165.28222558160726
163.41543156059288,167.6219958662567
164.18838193031743,165.21398485339003
164.961332300042,167.8781465681773
165.73428266976657,168.003095987648
166.50723303949113,168.12596067452478
167.28018340921568,168.24674004510686
168.05313377894026,168.3654335156936
168.82608414866482,168.51072262414615
169.59903451838937,168.59656042207814
170.37198488811396,168.70899269047453
171.1449352578385,168.81933672407277
171.91788562756307,168.92759193917217
172.69083599728765,168.33559467119503
173.4637863670122,169.13783357907153
174.23673673673676,169.23981883647014
175.00968710646134,169.33971294056707
175.7826374761859,170.45565032314522
176.55558784591045,169.53322535405306
177.32853821563504,169.62684249604078
178.1014885853596,169.7183661499241
178.87443895508414,167.8170918556258
179.64738932480873,169.89513065857446
180.42033969453328,169.98037034594012
181.19329006425784,169.93815991314523
181.96624043398242,170.144561668249
182.73919080370695,170.24431334757463
183.51214117343153,170.30036502932327
184.2850915431561,170.3751197651456
185.05804191288064,172.24055178539226
185.83099228260522,170.51833242885738
186.6039426523298,173.20230654051446
187.37689302205433,170.65314545732056
188.14984339177892,170.71740064908215
188.92279376150347,173.86677890573475
189.69574413122803,170.83960546916185
190.4686945009526,170.89755393007857
191.24164487067716,170.9533989799789
192.01459524040172,171.00714003516225
192.7875456101263,171.05877651192782
193.56049597985086,168.31775419796026
194.3334463495754,171.15573339540288
195.1063967193,171.201052634711
195.87934708902455,171.24426496079852
196.6522974587491,173.30702225391596
197.4252478284737,167.3752344546486
198.19819819819824,171.36125462273085
198.9711485679228,171.39603345892925
199.74409893764738,171.4287024634035
200.51704930737193,171.4592610524531
201.2899996770965,171.48770864237716
202.06295004682107,171.51404464947512
202.8359004165456,168.03164498833422
203.60885078627018,172.73489868575888
204.38180115599476,173.98041060567795
205.1547515257193,171.59826117559146
205.92770189544387,171.61403051304814
206.70065226516846,171.42091345238236
207.47360263489298,172.36046793298576
208.24655300461757,171.64864568043342
209.01950337434212,171.6559511755646
209.79245374406668,171.66113925086256
210.56540411379126,176.28801712398666
211.33835448351581,171.66516080715635
212.11130485324037,171.66399312075072
212.88425522296495,171.66070567970914
213.6572055926895,171.65529790033094
214.43015596241406,172.76397897619557
215.20310633213865,171.63811899176181
215.9760567018632,171.62634669516945
216.74900707158776,171.61245172543772
217.52195744131234,171.5964334988658
218.2949078110369,171.57829143175303
219.06785818076145,171.5580249403987
219.84080855048603,171.53563344110216
220.61375892021059,171.51111635016275
221.38670928993514,171.48447308387966
222.15965965965972,171.4557030585522
222.93261002938428,171.01691923296707
223.70556039910883,171.39178039596155
224.47851076883342,171.3566265912969
225.25146113855794,170.4596956732711
226.02441150828253,171.27993111672552
226.7973618780071,171.23838827941736
227.57031224773164,169.28687872676602
228.34326261745622,171.1489094862527
229.11621298718077,170.76184427636005
229.88916335690536,171.0509026436855
230.6621137266299,169.53619529905126
231.43506409635447,170.9443630821102
232.20801446607902,170.88789207244275
232.9809648358036,170.82928613192115
233.75391520552816,172.7312993618248
234.5268655752527,172.41214163270269
235.2998159449773,171.42709831000448
236.07276631470185,170.57350131015457
236.8457166844264,170.5042014221653
237.618667054151,170.43272169410832
238.39161742387554,170.3590281551576
239.1645677936001,170.28308683448677
239.93751816332468,170.20486376126985
240.71046853304924,170.12432496468065
241.4834189027738,169.4266326714238
242.25636927249835,173.95064200667898
243.02931964222293,169.86847452641769
243.80227001194748,169.19251827099254
244.57522038167204,169.6857061522349
245.34817075139662,169.59055962806272
246.12112112112118,169.49285958473527
246.89407149084573,169.39257205142633
247.66702186057032,169.30046757116781
248.43997223029487,169.18409863155932
249.21292260001943,169.07584480334904
249.985872969744,168.9648676018526
250.75882333946856,168.851133056244
251.53177370919312,168.73460719569692
252.30472407891767,168.61525604938544
253.07767444864226,169.45348270690482
253.8506248183668,168.36794201616408
254.62357518809137,168.23991118760205
255.39652555781595,170.76796556350843
256.1694759275405,167.9749320524444
256.94242629726506,167.83791580419646
257.71537666698964,167.69783647440096
258.48832703671417,167.55466009223176
259.26127740643875,167.40835268686266
260.03422777616333,168.3962392973278
260.80717814588786,167.10620892322024
261.58012851561244,166.95030462329458
262.353078885337,166.79113341686445
263.12602925506155,169.11755186287138
263.89897962478614,166.4628544011862
264.6719299945107,165.43804961135788
265.44488036423525,165.65524235913998
266.21783073395983,164.98531229895733
266.9907811036844,162.23737015462316
267.76373147340894,165.5826080403318
268.5366818431335,165.39607863212447
269.3096322128581,167.00231791010407
270.08258258258263,165.01226791306425
270.8555329523072,164.81491866055902
271.6284833220318,164.61389485163554
272.4014336917563,165.81715867216582
273.1743840614809,164.20068768122914
273.9473344312055,162.21643021382997
274.72028480093,163.7723746352359
275.4932351706546,163.55246848182878
276.2661855403792,163.32868394704653
277.0391359101037,165.15860144642755
277.8120862798283,162.869343850052
278.5850366495529,158.77746233850033
279.3579870192774,161.0393182315731
280.130937389002,162.15039657359256
280.90388775872657,164.90505050439506
281.6768381284511,161.65074397566963
282.4497884981757,161.39470944014465
283.22273886790026,161.13449078580913
283.9956892376248,160.870054041837
284.7686396073493,159.27614581498833
285.54158997707395,156.51325685993908
286.3145403467985,160.05109556383917
287.087490716523,159.76944675305896
287.86044108624765,159.48340999851123
288.6333914559722,157.5241685115242
289.4063418256967,158.89803677480907
290.17929219542134,160.17433727551727
290.95224256514587,157.16535305764543
291.7251929348704,159.17856832398792
292.49814330459503,157.67314047038272
293.27109367431956,157.35547365053577
294.0440440440441,157.0332993131072
294.81699441376867,156.7067096557567
295.58994478349325,157.99743565513756
296.3628951532178,156.04065317192888
297.13584552294236,156.31336308742377
297.90879589266694,155.35804178033032
298.68174626239147,155.01075848826625
299.45469663211605,154.65961306223866
300.22764700184064,155.69952203503325
301.00059737156516,153.94610459893192
301.77354774128975,153.58392595697217
302.54649811101433,153.21825397168774
303.31944848073886,152.93308415141672
304.09239885046344,152.47679876178412
304.865349220188,152.10119993248435
305.63829958991255,152.92951704804392
306.41124995963713,151.3407208134874
307.1842003293617,150.95602491910967
307.95715069908624,150.5684810650255
308.7301010688108,150.17818144889452
309.5030514385354,149.78521826837652
310.27600180825993,149.3896837211312
311.0489521779845,146.75780115671776
311.8219025477091,148.59126931709747
312.5948529174336,148.18857385562862
313.3678032871582,145.7215140606276
314.1407536568828,147.3766674020853
314.9137040266073,142.7975625400072
315.6866543963319,146.55668822546633
316.4596047660565,146.14390186015265
317.232555135781,145.7293739070494
318.0055055055056,144.2324441995035
318.7784558752302,144.8954620281123
319.5514062449547,146.2094175936527
320.3243566146793,144.055690169933
321.0973069844039,143.63383724277682
321.8702573541284,143.2107959137893
322.643207723853,142.78665838063006
323.41615809357756,142.36151684095893
324.1891084633021,141.93546349243564
324.9620588330266,141.5085905327199
325.73500920275126,141.08099015947138
326.5079595724758,140.65275457034988
327.2809099422003,140.2239759630151
328.05386031192495,139.79474653512676
328.8268106816495,141.35565286668023
329.599761051374,138.9353029287111
330.37271142109864,138.50526904759818
331.14566179082317,139.10632477480058
331.9186121605477,134.58251235065273
332.69156253027234,137.21498667060337
333.46451289999686,136.78512872505448
334.2374632697214,136.3555370818977
335.010413639446,133.30506066680107
335.78336400917055,135.3654427832505
336.5563143788951,135.06924924078461
337.32926474861966,135.3625785600836
338.10221511834425,134.2146858610115
338.8751654880688,133.78855950761698
339.64811585779336,133.36332194841776
340.42106622751794,132.9390621108143
341.19401659724247,132.51586892220706
341.96696696696705,132.0938313099965
342.73991733669163,131.673038201583
343.51286770641616,131.25357852436716
344.28581807614074,129.352258482771
345.0587684458653,130.41901517312994
345.83171881558985,130.00408935390956
346.60466918531444,129.59085267548852
347.377619555039,129.1793940652674
348.15056992476354,128.76980245064652
348.9235202944881,128.36216675902642
349.6964706642127,129.85341820046693
350.46942103393724,127.55311885439035
351.2423714036618,125.70486574111916
352.0153217733864,127.37867862624718
352.78827214311093,126.3564396049533
353.5612225128355,125.9624069267473
354.3341728825601,126.50103972827634
355.1071232522846,125.18216574214767
355.8800736220092,125.8444645860649
356.6530239917338,124.41294963596742
357.4259743614583,122.66172647074839
358.1989247311829,123.65547002741023
358.9718751009075,126.9325435980401
359.744825470632,122.91043833567977
360.5177758403566,122.5428127771257
361.2907262100811,122.17856597997965
362.0636765798057,121.81778687164211
362.8366269495303,121.46056437951349
363.6095773192548,122.24759825692836
364.3825276889794,120.75714495348498
365.155478058704,120.41112587438596
365.9284284284285,120.06901912109774
366.7013787981531,119.73091362102069
367.47432916787767,124.14765908814934
368.2472795376022,119.06706209010214
369.0202299073268,121.0588364467101
369.79318027705136,118.79011147622032
370.5661306467759,117.05483020019633
371.3390810165005,117.79128687241973
372.11203138622506,117.48368011203402
372.8849817559496,117.18078602406315
373.65793212567417,115.7190279669868
374.43088249539875,116.58949157496785
375.2038328651233,116.30126906864434
375.97678323484786,116.74431762140529
376.74973360457244,115.74011812944778
377.52268397429697,115.46736755137566
378.29563434402155,113.0895761105582
379.06858471374613,114.937960815286
379.84153508347066,114.68148251206942
380.61448545319524,114.4306061552722
381.3874358229198,114.1854206722949
382.16038619264435,114.91288309694573
382.93333656236894,113.71247803740167
383.70628693209346,113.48489874028668
384.47923730181805,113.26336602659335
385.25218767154263,113.04796857779698
386.02513804126716,112.83875501184029
386.79808841099174,111.21862222434639
387.5710387807163,112.43872707950604
388.34398915044085,112.24782059271236
389.11693952016543,114.07079203307903
389.88988988989,111.88399227683132
390.66284025961454,112.71631350507712
391.4357906293391,111.5438364365049
392.2087409990637,111.3825205441545
392.98169136878823,111.22698459006851
393.7546417385128,111.07718251403885
394.5275921082374,110.93306825585744
395.3005424779619,110.79459575531621
396.0734928476865,110.66171895220702
396.8464432174111,110.53439178632188
397.6193935871356,110.41256819745264
398.3923439568602,110.29620212539128
399.1652943265848,110.18524750992964
399.9382446963093,110.0796582908597
400.7111950660339,105.798689440564
401.4841454357585,109.8843918010625
402.257095805483,109.79462240991907
403.0300461752076,109.71003417433502
403.8029965449321,111.50707041893253
404.5759469146567,109.55621692901263
405.3488972843813,107.379864152905
406.1218476541058,113.01416631670757
406.8947980238304,109.36319822252213
407.667748393555,109.30872965592445
408.4406987632795,109.25911982342954
409.2136491330041,109.21432266482934
409.98659950272867,109.17429211991575
410.7595498724532,109.13898212848069
411.5325002421778,109.10834663031608
412.30545061190236,105.20530278494915
413.0784009816269,109.06091487296585
413.85135135135147,109.04402649336414
414.62430172107605,109.0316283662005
415.3972520908006,109.02367443126691
416.17020246052516,105.3951944267529
416.94315283024974,109.0209148972575
417.71610319997427,109.02601717776554
418.48905356969885,109.03537940967125
419.26200393942344,109.04895553276664
420.03495430914796,108.39768857869188
420.80790467887255,109.08856521169395
421.58085504859713,109.11450664710974
422.35380541832166,110.86566805641958
423.12675578804624,109.17843240880512
423.89970615777077,109.21632461466854
424.67265652749535,109.80604694053491
425.44560689721993,109.30373737538655
426.21855726694446,109.35316580982487
426.99150763666904,109.40634753337207
427.7644580063936,109.46323648581998
428.53740837611815,109.52378660696054
429.31035874584273,109.58795183658565
430.0833091155673,109.65568611448724
430.85625948529184,109.72694338045724
431.6292098550164,109.8016775742876
432.402160224741,110.14948629502628
433.17511059446554,109.96139250469686
433.9480609641901,110.82842318508624
434.7210113339147,110.13446242405045
435.49396170363923,112.81347671628744
436.2669120733638,110.3205188506837
437.0398624430884,110.41830185370996
437.8128128128129,110.5191933029319
438.5857631825375,107.94069859099085
439.3587135522621,110.73011729913044
440.1316639219866,113.2190166606147
440.9046142917112,110.95292235761465
441.6775646614358,111.06866513469367
442.4505150311603,111.18723999671992
443.2234654008849,111.3086008834852
443.9964157706095,111.43270173478152
444.769366140334,109.79829488881697
445.5423165100586,111.68893909013482
446.3152668797831,111.82098347377567
447.0882172495077,111.95558358111522
447.8611676192323,112.09269335194533
448.6341179889568,112.23226672605796
449.4070683586814,112.3742576432451
450.18001872840597,112.51862004329851
450.9529690981305,112.66530786601024
451.7259194678551,112.81427505117215
452.49886983757966,112.96547553857616
453.2718202073042,113.11886326801418
454.04477057702877,113.27439217927818
454.81772094675335,113.43201621216002
455.5906713164779,113.59168930645167
456.36362168620246,115.49566643425047
457.13657205592705,113.91699843843196
457.9095224256516,114.08254235570442
458.68247279537616,114.24995109355436
459.45542316510074,114.41917859177367
460.22837353482527,114.59017879015428
461.00132390454985,114.7629056284881
461.77427427427443,114.93731304656703
462.54722464399896,114.39160265527035
463.32017501372354,111.87024000552107
464.0931253834481,115.4701581771938
464.86607575317265,115.6508273121724
465.63902612289723,115.83294672585572
466.41197649262176,116.0164703580357
467.18492686234634,116.20135214850423
467.9578772320709,116.38754603705323
468.73082760179545,116.57500596347461
469.50377797152004,116.76368586756031
470.2767283412446,116.95353968910223
471.04967871096915,117.14452136789228
471.82262908069373,117.33658484372242
472.5955794504183,117.52968405638453
473.36852982014284,117.72377294567055
474.1414801898674,121.97434835020876
474.914430559592,118.1147516362296
475.68738092931653,116.83302211132927
476.4603312990411,122.6098179351882
477.2332816687657,118.70791368472123
478.0062320384902,118.90736065773044
478.7791824082148,122.02135380058274
479.5521327779394,120.08905247725673
480.3250831476639,119.51067591024204
481.0980335173885,119.71339040627566
481.8709838871131,119.91688525859186
482.6439342568376,120.12114585740112
483.4168846265622,119.90306401066648
484.1898349962868,120.53190585534101
484.9627853660113,120.73837603489277
485.7357357357359,120.94555352177986
486.5086861054604,121.15342370621275
487.281636475185,121.36197197840211
488.0545868449096,121.57118372855842
488.8275372146341,121.78104434689226
489.6004875843587,121.99153922361421
490.3734379540833,122.20265374893476
491.1463883238078,122.41437331306453
491.9193386935324,122.62668330621403
492.69228906325696,122.83794508811859
493.4652394329815,122.12571739422512
494.2381898027061,119.87992437106863
495.01114017243066,123.48153537322098
495.7840905421552,123.69657836462765
496.55704091187977,123.9121241263175
497.32999128160435,124.12815804850099
498.1029416513289,126.53447856293151
498.87589202105346,124.56163193519119
499.64884239077804,124.77904268011905
500.42179276050257,124.99688314638274
501.19474313022715,125.21513872419297
501.96769349995174,125.43379480376016
502.74064386967626,125.65283677529497
503.51359423940085,125.87225002900789
504.28654460912543,126.09201995510949
505.05949497884995,127.65828751275873
505.83244534857454,126.532571385321
506.6053957182991,126.75332366985205
507.37834608802365,126.97437418761398
508.15129645774823,127.19570832881745
508.92424682747276,127.41731148367292
509.69719719719734,127.639169042391
510.4701475669219,129.29263467494133
511.24309793664645,131.4661258510059
512.016048306371,128.3061220438264
512.7889986760956,128.52885112010046
513.5619490458201,128.75176155128986
514.3348994155447,128.97483872760523
515.1078497852693,129.19806803925715
515.8808001549938,129.42143487645612
516.6537505247184,129.64492462941269
517.426700894443,128.23033604426462
518.1996512641675,130.98169119755013
518.972601633892,130.31598528493367
519.7455520036167,130.53982060302636
520.5185023733412,130.76370578792944
521.2914527430657,130.98762622985342
522.0644031127904,131.21156731900896
522.8373534825149,131.4355144456066
523.6103038522394,131.65945299985685
524.3832542219641,130.90362010539462
525.1562045916886,132.1072459521576
525.9291549614131,132.33107113062914
526.7021053311378,133.83559938061862
527.4750557008623,132.77850584326745
528.2480060705868,133.0020861578553
529.0209564403115,133.61170022561876
529.793906810036,133.44889965462124
530.5668571797605,133.67210361722042
531.3398075494852,133.89515290957786
532.1127579192097,134.1180329219041
532.8857082889342,134.34072904440958
533.6586586586589,135.59778377661658
534.4316090283834,133.28985910428534
535.2045593981079,135.00756869729787
535.9775097678325,133.76882806970312
536.7504601375571,135.45095358402662
537.5234105072816,135.67225670783304
538.2963608770062,135.89328411865165
539.0693112467308,136.11402369152069
539.8422616164553,136.33446330147834
540.6152119861799,136.5545908235628
541.3881623559045,134.2475343599157
542.161112725629,136.99386110426494
542.9340630953536,137.212979612959
543.7070134650781,137.43173753393265
544.4799638348027,138.34290204036876
545.2529142045273,137.86812311287147
546.0258645742518,138.08572652091306
546.7988149439764,135.07398549252827
547.571765313701,138.5196939493314
548.3447156834255,138.73603371978467
549.1176660531501,138.9519280277848
549.8906164228747,139.1673647483701
550.6635667925992,139.38233175657865
551.4365171623238,137.88091463586485
552.2094675320484,139.81080813601858
552.9824179017729,140.02429325732632
553.7553682714974,138.69817510160243
554.5283186412221,140.44969673830823
555.3012690109466,140.66159084805878
556.0742193806711,140.44331943719408
556.8471697503958,141.08370318127012
557.6201201201203,141.29389715480727
558.3930704898448,138.27205579416173
559.1660208595695,141.71250009093555
559.938971229294,141.92088480360303
560.7119215990185,142.12864217939034
561.4848719687432,143.45540881063513
562.2578223384677,143.7724648747634
563.0307727081922,142.74802903585322
563.8037230779169,142.95315581450174
564.5766734476414,143.15759463146114
565.3496238173659,143.36133336176945
566.1225741870905,143.56435988046493
566.8955245568151,142.59164264467458
567.6684749265396,143.9682277831703
568.4414252962642,144.16904491725649
569.2143756659888,144.36910133988266
569.9873260357133,147.92641866007463
570.7602764054379,144.76688355090758
571.5332267751623,144.9645850893827
572.306177144887,145.1614774165506
573.0791275146116,145.35754840744943
573.852077884336,145.78667752064524
574.6250282540607,145.74717788059252
575.3979786237853,145.9407121129132
576.1709289935097,146.26111176575728
576.9438793632344,146.3251589442438
577.716829732959,146.51604729333013
578.4897801026834,146.7060294314147
579.2627304724081,146.8950932335358
580.0356808421327,147.0832265747315
580.8086312118571,148.15980150092926
581.5815815815818,147.45665337449955
582.3545319513064,147.64192258314836
583.1274823210308,147.8262128310246
583.9004326907555,148.00951199316643
584.6733830604801,148.19180794461207
585.4463334302045,148.37308856039968
586.2192837999291,148.55334171556748
586.9922341696538,148.73255528515372
587.7651845393782,148.9107171441965
588.5381349091028,149.08781516773405
589.3110852788275,149.2638372308046
590.0840356485519,149.43877120844627
590.8569860182765,149.6126049756973
591.629936388001,149.78532640759587
592.4028867577256,149.95692337918018
593.1758371274502,150.12738376548845
593.9487874971747,150.29669544155877
594.7217378668993,150.46484628242942
595.4946882366239,151.83066010847074
596.2676386063484,148.82843843676383
597.040588976073,150.96221254422525
597.8135393457976,151.12559879467912
598.5864897155221,151.28776358512425
599.3594400852467,151.44869479059884
600.1323904549713,151.60838028614114
600.9053408246958,151.7668079467892
601.6782911944204,151.92396564758138
602.451241564145,152.0798412635558
603.2241919338695,152.32753402063105
603.997142303594,152.57253603702384
604.7700926733187,152.53965435295444
605.5430430430432,152.69028038003967
606.3159934127677,152.83956369749822
607.0889437824924,152.98749218036815
607.8618941522169,153.13405370368764
608.6348445219414,153.27923614249494
609.4077948916661,153.42302737182817
610.1807452613906,154.27609218776834
610.9536956311151,153.70638770222538
611.7266460008398,153.84593255336574
612.4995963705643,153.9840376951849
613.2725467402888,152.85942774466287
614.0454971100135,156.57963248360642
614.8184474797381,154.3895936150966
615.5913978494625,154.5218186700126
616.3643482191871,150.9813484732268
617.1372985889118,154.781755652492
617.9102489586362,154.90944333013172
618.6831993283608,155.03559429875574
619.4561496980855,155.16019643340232
620.2291000678099,155.28323760910948
621.0020504375345,157.66220158739702
621.775000807259,155.52458858385864
622.5479511769836,155.64287413297708
623.3209015467082,157.28902137401082
624.0938519164326,155.8746160976242
624.8668022861573,155.98808101980472
625.6397526558819,157.05865921071378
626.4127030256063,156.21025259094552
627.185653395331,155.19194898529608
627.9586037650556,156.42615251197205
628.73155413478,154.46031407132185
629.5045045045047,159.74922959442424
630.2774548742293,156.73843392426744
631.0504052439537,156.83948643174162
631.8233556136784,156.9390364694484
632.596305983403,157.03709494451462
633.3692563531274,159.33341293668826
634.142206722852,159.34046882105582
634.9151570925767,157.32243006513897
635.6881074623011,157.4146313609118
636.4610578320257,157.5053956296785
637.2340082017504,157.5947337785659
638.0069585714748,157.6826567147008
638.7799089411994,157.76917534521016
639.5528593109241,157.8543005772208
640.3258096806485,157.9380433178596
641.0987600503731,158.02041447425344
641.8717104200978,156.8981422601607
642.6446607898222,158.1810856628137
643.4176111595468,158.25940750923382
644.1905615292715,158.33640139991647
644.9635118989959,162.87212907687476
645.7364622687205,158.48644894257671
646.5094126384452,157.7547442725417
647.2823630081696,158.63131554780935
648.0553133778942,158.70183326670752
648.8282637476188,157.41959683719364
649.6012141173433,158.0646862972219
650.3741644870679,158.90585497405172
651.1471148567925,158.97138808380595
651.920065226517,159.0357023090913
652.6930155962416,159.09880855703472
653.4659659659662,159.16071773476307
654.2389163356906,159.2214407494032
655.0118667054153,159.28098850808195
655.7848170751399,159.33937191792623
656.5577674448643,159.39660188606294
657.330717814589,159.45268931961888
658.1036681843136,159.50764512572093
658.876618554038,158.24191587886074
659.6495689237627,159.61420548407088
660.4225192934873,157.7537664566505
661.1954696632117,159.7163702181277
661.9684200329364,159.7658314938634
662.741370402661,159.8142265849064
663.5143207723854,160.1911773380413
664.2872711421101,159.9078618414219
665.0602215118347,160.6041937491905
665.8331718815591,159.99736324468918
666.6061222512838,160.0405910191718
667.3790726210084,156.9520133491503
668.1520229907328,160.1240552494697
668.9249733604574,162.3669104701179
669.6979237301821,160.20360376905666
670.4708740999065,160.2419369051507
671.2438244696311,161.1650713814154
672.0167748393558,160.31577546557432
672.7897252090802,160.35130270415758
673.5626755788048,157.4437336438177
674.3356259485295,160.41962763370145
675.1085763182539,160.4524471389158
675.8815266879785,160.21850897597423
676.6544770577032,160.51545476586355
677.4274274274276,160.5456647018507
678.2003777971522,158.7541781137545
678.9733281668769,159.40005472164253
679.7462785366013,160.63124988538786
680.5192289063259,160.658133095515
681.2921792760505,160.6842118919943
682.065129645775,160.70949718195268
682.8380800154996,160.73399987251688
683.6110303852242,160.75773087081384
684.3839807549487,160.7807010839705
685.1569311246733,160.8029214191136
685.9298814943979,160.82440278337006
686.7028318641223,160.84515608386678
687.475782233847,160.86519222773057
688.2487326035716,160.88452212208838
689.021682973296,160.90315667406702
689.7946333430207,160.92110679079332
690.5675837127453,157.25201784491605
691.3405340824697,163.52029924693954
692.1134844521944,160.97095960072718
692.886434821919,160.98628104771305
693.6593851916434,163.888617019086
694.4323355613681,161.0150451499577
695.2052859310927,162.54835566493728
695.9782363008171,158.7629246456306
696.7511866705418,161.05365793091022
697.5241370402664,161.06536358709138
698.2970874099908,161.07650478641574
699.0700377797154,159.32802995238416
699.8429881494401,161.09713744300169
700.6159385191645,160.3887056286661
701.3888888888891,161.11564315768308
702.1618392586138,161.12412567962673
702.9347896283382,161.13210918747487
703.7077399980628,161.1396045883543
704.4806903677875,161.14662278939198
705.2536407375119,161.97431273168684
706.0265911072365,161.15927122044926
706.7995414769609,161.16492326472266
707.5724918466856,161.17014173766177
708.3454422164102,161.17493754639338
709.1183925861346,161.17932159804445
709.8913429558593,156.65754727301695
710.6642933255839,161.1868980586122
711.4372436953083,161.19011228178263
712.210194065033,161.19295837637992
712.9831444347576,161.19544724953101
713.756094804482,161.1975898083627
714.5290451742067,159.48974526739585
715.3019955439313,161.20087961157537
716.0749459136557,161.20204867021005
716.8478962833804,161.20291504303285
717.620846653105,161.20348963717055
718.3937970228294,161.20378335975013
719.166747392554,161.60441948796338
719.9396977622787,159.24236826729089
720.7126481320031,161.2030883694084
721.4855985017277,161.20236767702391
722.2585488714524,161.20142064871553
723.0314992411768,160.2075292519004
723.8044496109014,161.1988912128348
724.5773999806261,161.19733061951615
725.3503503503505,162.8872072689123
726.1233007200751,161.1936722177566
726.8962510897998,157.30470178744855
727.6692014595242,161.1893702433465
728.4421518292488,161.18700518421466
729.2151021989735,161.18451195330078
729.9880525686979,161.18190145773173
730.7610029384225,161.17918460463437
731.5339533081471,161.1763723011356
732.3069036778716,161.1734754543623
733.0798540475962,161.17050497144126
733.8528044173208,161.16747175949942
734.6257547870453,161.16438672566366
735.3987051567699,161.16126077706076
736.1716555264945,161.15810482081764
736.944605896219,161.15492976406117
737.7175562659436,161.15174651391825
738.4905066356682,161.14856597751563
739.2634570053926,158.7132078135128
740.0364073751173,164.37862797771677
740.8093577448419,161.1391497220189
741.5823081145663,161.13608911184656
742.355258484291,161.13308575104895
743.1282088540156,161.1301505467529
743.90115922374,161.72933174652985
744.6741095934647,161.124528236173
745.4470599631893,161.12186294414295
746.2200103329137,161.1193093645855
746.9929607026384,161.11687375348487
747.765911072363,162.1584988435966
748.5388614420874,161.11235190205426
749.311811811812,161.1102624377216
750.0847621815367,161.1082851316422
750.8577125512611,158.2556755045667
751.6306629209857,158.57303523503833
752.4036132907104,161.10301004291094
753.1765636604348,161.1014652498317
753.9495140301594,161.10002455499927
754.7224643998841,161.09868634641228
755.4954147696085,161.09744901206943
756.2683651393331,159.23379846909026
757.0413155090578,161.0952705181108
757.8142658787822,162.37532210274617
758.5872162485068,162.83164414974607
759.3601666182315,161.09271903397092
760.1331169879559,161.0920530930652
760.9060673576805,161.0914767423944
761.6790177274052,161.09098836995724
762.4519680971296,161.09058636375235
763.2249184668542,164.35773893584877
763.9978688365788,161.09003500203426
764.7708192063033,161.08988242251837
765.5437695760279,161.72949896063764
766.3167199457525,161.08981540616645
767.089670315477,161.08989774532773
767.8626206852016,161.09005516671215
768.6355710549262,157.5577265150721
769.4085214246506,161.09058880814501
770.1814717943753,161.09096180419084
770.9544221640999,161.0914034344545
771.7273725338243,161.09191208693466
772.500322903549,160.61992831751937
773.2732732732736,161.09312401053933
774.046223642998,163.0255392268888
774.8191740127227,161.09458467899435
775.5921243824473,161.09540426253747
776.3650747521717,161.0962811962892
777.1380251218964,161.09721386824825
777.910975491621,161.0982006664133
778.6839258613454,161.0992399787831
779.45687623107,161.1003301933562
780.2298266007947,161.10146969813147
781.0027769705191,161.02849396497933
781.7757273402437,161.28552011687
782.5486777099684,161.10516783365642
783.3216280796928,161.10648837922676
784.0945784494174,161.10785015499258
784.8675288191421,161.1092515489526
785.6404791888665,161.11069094910553
786.4134295585911,161.11216674345
787.1863799283158,161.11367731998467
787.9593302980402,156.25974478136933
788.7322806677648,161.11679637161953
789.5052310374892,161.11840162271704
790.2781814072139,159.51728764982727
791.0511317769385,161.1216955154657
791.8240821466629,163.0087603150188
792.5970325163876,161.1250898489438
793.3699828861122,161.12682065095305
794.1429332558366,162.22708627370733
794.9158836255613,161.13034146550558
795.6888339952859,161.13212825404614
796.4617843650103,161.1339304807612
797.234734734735,161.13574653364938
798.0076851044596,161.13757480070942
798.780635474184,161.13941366994
799.5535858439086,161.14126152933974
800.3265362136333,161.1431167669074
801.0994865833577,161.14497777064162
801.8724369530823,162.98778535102207
802.645387322807,161.14871062860465
803.4183376925314,161.15057925883076
804.191288062256,161.1524472072182
804.9642384319807,161.15431286176562
805.7371888017051,163.98745672343347
806.5101391714297,161.15803084133526
807.2830895411544,161.15987994235485
808.0560399108788,161.1617203015292
808.8289902806034,161.16355030685696
809.6019406503281,161.16536834633686
810.3748910200525,161.16717280796757
811.1478413897771,161.16896207974779
811.9207917595018,162.31530849390464
812.6937421292262,161.1724886057514
813.4666924989508,161.1742226359722
814.2396428686754,162.3661589524034
815.0125932383999,161.17762417084518
815.7855436081245,162.67135568023002
816.5584939778491,158.4570335626832
817.3314443475736,161.1825359792134
818.1043947172982,161.18411600227998
818.8773450870228,161.18566471548283
819.6502954567472,161.18718050682074
820.4232458264719,161.18866176429233
821.1961961961965,161.19010687589636
821.9691465659209,161.1915142296315
822.7420969356456,165.52215033175685
823.5150473053702,161.19420921548974
824.2879976750946,161.1954936236103
825.0609480448193,157.06768388742685
825.8338984145439,161.1979282102275
826.6068487842683,161.19907516472162
827.379799153993,161.20017307733758
828.1527495237176,161.20122033607413
828.925699893442,161.20221532892998
829.6986502631667,161.20315644390377
830.4716006328913,161.20404206899417
831.2445510026157,161.7581389686451
832.0175013723403,161.20564040151964
832.790451742065,161.2063498849521
833.5634021117894,161.2069974304959
834.336352481514,161.20758142614977
835.1093028512387,161.20810025991244
835.8822532209631,161.0166723373218
836.6552035906877,161.2089359937587
837.4281539604124,161.20924966983966
838.2011043301368,161.20949173602418
838.9740546998614,159.19532454682525
839.7470050695861,161.20975459069837
840.5199554393105,161.20977215518545
841.2929058090351,161.2097116617708
842.0658561787598,161.20957149845304
842.8388065484842,161.20935005323088
843.6117569182088,161.209045714103
844.3847072879335,161.20865686906814
845.1576576576579,161.20818190612493
845.9306080273825,161.20761921327207
846.7035583971071,161.20696717850822
847.4765087668316,161.20622418983214
848.2494591365562,164.53487536722125
849.0224095062808,161.20445890273783
849.7953598760053,161.265535915175
850.5683102457299,161.2023104559786
851.3412606154545,161.20108851772142
852.1142109851789,161.19976595354402
852.8871613549036,161.19834115144516
853.6601117246282,161.19681249942354
854.4330620943526,161.19517838547773
855.2060124640773,160.36648664542614
855.9789628338019,161.19158732380862
856.7519132035263,161.18962715208266
857.524863573251,161.18755507042732
858.2978139429756,159.4177160630724
859.0707643127,161.1830687293233
859.8437146824247,161.18065124587199
860.6166650521493,161.17811540448605
861.3896154218737,162.69741397396731
862.1625657915984,162.48319731978134
862.935516161323,161.16978161270737
863.7084665310474,160.32603968619264
864.481416900772,158.687956862311
865.2543672704967,161.16032456746973
866.0273176402211,161.15691508450465
866.8002680099457,161.1533743475944
867.5732183796704,161.14970074473771
868.3461687493948,161.14589266393327
869.1191191191194,162.73470184236194
869.8920694888441,161.13786662047582
870.6650198585685,161.13364543382013
871.4379702282931,162.79751868307653
872.2109205980175,161.12477867064848
872.9838709677422,161.12012987012986
