100.80645161290323,146.89869105838952
101.5794019826278,147.73987835371227
102.35235235235236,149.69924402452554
103.12530272207692,152.11986123321765
103.89825309180148,148.5620781882003
104.67120346152605,154.48869062676928
105.44415383125062,154.93344359395687
106.21710420097517,152.39040942897086
106.99005457069974,151.39928593735252
107.76300494042431,156.60325406551058
108.53595531014886,154.63662127268316
109.30890567987343,152.91165603614024
110.08185604959799,153.71446512427556
110.85480641932256,157.46444197617882
111.62775678904713,154.7903664614268
112.40070715877168,151.72997896750093
113.17365752849625,154.78809702902544
113.9466078982208,153.4871457266974
114.71955826794537,155.31264507052475
115.49250863766994,156.57947546441426
116.2654590073945,156.89451111177817
117.03840937711907,155.16728725247708
117.81135974684364,154.50166911180267
118.58431011656819,157.2729218305507
119.35726048629276,154.33799716569183
120.13021085601733,155.83044870440747
120.90316122574188,157.19014735393404
121.67611159546645,155.0600168842994
122.449061965191,156.39513739650118
123.22201233491558,157.67402400147824
123.99496270464013,158.3882878881742
124.7679130743647,158.98895144411858
125.54086344408927,160.93473883767865
126.31381381381382,159.13242652075016
127.08676418353839,159.04152456937098
127.85971455326296,159.44036943678412
128.63266492298752,158.39288581694504
129.40561529271207,160.71369879731657
130.17856566243665,159.64473747210494
130.9515160321612,158.3878187997868
131.72446640188576,160.54144720996646
132.49741677161035,156.4189728830517
133.2703671413349,159.44614925543848
134.04331751105946,158.61583108681117
134.81626788078404,162.65377148790668
135.5892182505086,163.65650993313713
136.36216862023315,161.54122805420684
137.13511898995773,161.48092195652134
137.9080693596823,162.12250821805554
138.68101972940684,165.5655754950093
139.45397009913142,162.70777198064584
140.22692046885598,161.51763471634553
140.99987083858053,161.2370955358227
141.7728212083051,163.08639151418035
142.54577157802967,163.5390340279273
143.31872194775423,160.75902501099438
144.09167231747878,162.28211265923468
144.86462268720334,163.89963272494646
145.63757305692792,165.42927098126864
146.41052342665247,165.4089105689462
147.18347379637703,167.9570683642819
147.9564241661016,162.89604029213862
148.72937453582617,162.90879109596997
149.50232490555072,163.3986623212593
150.2752752752753,166.0131429026188
151.04822564499986,164.90577883936197
151.82117601472441,160.52007921651787
152.594126384449,163.82584763156285
153.36707675417355,161.84041642430364
154.1400271238981,169.3284767129016
154.9129774936227,163.2852347156914
155.68592786334725,169.43209496311388
156.4588782330718,166.36627754119732
157.23182860279638,162.06704439694778
158.00477897252094,167.7315260500159
158.7777293422455,164.37220327122446
159.55067971197008,166.58008165544112
160.32363008169463,169.6063928606448
161.0965804514192,166.5131625384472
161.86953082114377,165.93249057382033
162.64248119086832,169.33366144529114
163.41543156059288,170.9238242583826
164.18838193031743,164.69734736254776
164.961332300042,166.82466685643672
165.73428266976657,168.69707243934278
166.50723303949113,169.8862430554047
167.28018340921568,166.10941632629536
168.05313377894026,168.3654335156936
168.82608414866482,168.5292288290429
169.59903451838937,170.04825534588844
170.37198488811396,166.92838819621997
171.1449352578385,165.62926998346674
171.91788562756307,171.30446972358078
172.69083599728765,170.56042763234396
173.4637863670122,169.13783357907153
174.23673673673676,168.90328045805234
175.00968710646134,169.78522887439044
175.7826374761859,173.40629749976875
176.55558784591045,170.53957217023543
177.32853821563504,164.91687355688717
178.1014885853596,171.25853929780502
178.87443895508414,172.3255923293658
179.64738932480873,170.801795001015
180.42033969453328,170.10342445340927
181.19329006425784,166.53967233816513
181.96624043398242,171.50393993797906
182.73919080370695,173.91659322870538
183.51214117343153,173.68675611969226
184.2850915431561,171.16613894999534
185.05804191288064,171.297384477267
185.83099228260522,171.82462089185427
186.6039426523298,169.77053918008647
187.37689302205433,173.13213414627748
188.14984339177892,172.52695792662294
188.92279376150347,169.1041081565679
189.69574413122803,169.91766628778336
190.4686945009526,172.55334014012763
191.24164487067716,170.74544826202063
192.01459524040172,168.0459048840675
192.7875456101263,170.75696277793713
193.56049597985086,167.06457547746936
194.3334463495754,172.71422223238727
195.1063967193,171.201052634711
195.87934708902455,171.24426496079852
196.6522974587491,167.72771913271725
197.4252478284737,174.97080959279765
198.19819819819824,166.80934640025737
198.9711485679228,172.9651271428123
199.74409893764738,171.4287024634035
200.51704930737193,168.7107702303831
201.2899996770965,174.5810430317344
202.06295004682107,169.51557336532994
202.8359004165456,172.01504116146282
203.60885078627018,171.7242386152665
204.38180115599476,170.04513966755468
205.1547515257193,170.7017485927256
205.92770189544387,173.0176919012961
206.70065226516846,170.14644318624417
207.47360263489298,170.79861352585706
208.24655300461757,168.20470598279212
209.01950337434212,171.94298629550255
209.79245374406668,171.66113925086256
210.56540411379126,170.3339389687351
211.33835448351581,171.35880225422432
212.11130485324037,170.91703146653018
212.88425522296495,171.93603692665636
213.6572055926895,174.01770137962887
214.43015596241406,169.99633181406617
215.20310633213865,172.4714611722747
215.9760567018632,171.62634669516945
216.74900707158776,174.54626036241459
217.52195744131234,173.2957520301143
218.2949078110369,172.0803398350129
219.06785818076145,171.22025214369523
219.84080855048603,176.0028427009709
220.61375892021059,171.51111635016275
221.38670928993514,173.58415553999288
222.15965965965972,169.90731102694957
222.93261002938428,168.34256195688482
223.70556039910883,173.2826096891126
224.47851076883342,172.69173860285463
225.25146113855794,169.6477882385421
226.02441150828253,171.73497210388473
226.7973618780071,170.16524291992985
227.57031224773164,168.34338047208846
228.34326261745622,170.15893229377045
229.11621298718077,172.97819761214933
229.88916335690536,172.52788276461538
230.6621137266299,171.41601754953905
231.43506409635447,171.79283975313237
232.20801446607902,172.36787335819224
232.9809648358036,169.62003155737102
233.75391520552816,171.46332611305306
234.5268655752527,170.7056671235128
235.2998159449773,170.64065288822462
236.07276631470185,172.96300582268836
236.8457166844264,174.49169202850132
237.618667054151,173.81962080834822
238.39161742387554,170.32576071400177
239.1645677936001,167.93304630644815
239.93751816332468,170.52895134654707
240.71046853304924,172.22226994346397
241.4834189027738,168.35273997878102
242.25636927249835,169.95554645431957
243.02931964222293,170.82057704851047
243.80227001194748,170.9748195191537
244.57522038167204,171.81181292511673
245.34817075139662,169.91300227135656
246.12112112112118,165.83592922916876
246.89407149084573,165.51473678175836
247.66702186057032,169.87622407344827
248.43997223029487,165.88046622105358
249.21292260001943,171.14169166472675
249.985872969744,170.24036158254356
250.75882333946856,166.2267913589998
251.53177370919312,167.87468791196656
252.30472407891767,171.19210241562664
253.07767444864226,169.8656396548958
253.8506248183668,167.59708274494994
254.62357518809137,172.24727178491528
255.39652555781595,164.30069678669108
256.1694759275405,165.0237747560837
256.94242629726506,166.81221835746027
257.71537666698964,167.52873160929167
258.48832703671417,168.1174975477022
259.26127740643875,166.43986967986976
260.03422777616333,163.37496453791545
260.80717814588786,165.74035125660717
261.58012851561244,166.16396445947518
262.353078885337,164.8470796121814
263.12602925506155,168.11100647066084
263.89897962478614,164.79502574903213
264.6719299945107,165.28850222022947
265.44488036423525,166.12110010957628
266.21783073395983,162.35628064463694
266.9907811036844,170.32199363036574
267.76373147340894,165.78894526198286
268.5366818431335,164.2078129998575
269.3096322128581,165.92546614665503
270.08258258258263,165.01226791306425
270.8555329523072,163.18625926914683
271.6284833220318,166.00474511695114
272.4014336917563,161.6581446099709
273.1743840614809,162.9745385284173
273.9473344312055,160.30222342891923
274.72028480093,164.93600294596465
275.4932351706546,161.18022140764327
276.2661855403792,163.32868394704653
277.0391359101037,163.10098706006298
277.8120862798283,162.869343850052
278.5850366495529,162.4183603077892
279.3579870192774,162.21825553761826
280.130937389002,164.3889031976506
280.90388775872657,161.9026283632102
281.6768381284511,159.9479248820387
282.4497884981757,162.50257275397732
283.22273886790026,162.35392178531913
283.9956892376248,159.27197794405046
284.7686396073493,161.5706723735584
285.54158997707395,161.7457527405992
286.3145403467985,164.0504295066825
287.087490716523,157.71307586563609
287.86044108624765,159.83511881815326
288.6333914559722,159.8902898556401
289.4063418256967,159.89298169355126
290.17929219542134,158.31622104629267
290.95224256514587,159.90466454889926
291.7251929348704,159.01596743519897
292.49814330459503,156.69428403720156
293.27109367431956,157.35547365053577
294.0440440440441,157.80197572266013
294.81699441376867,153.8484995101773
295.58994478349325,156.37579687614402
296.3628951532178,160.97976070008465
297.13584552294236,159.0598929371728
297.90879589266694,158.98423636828875
298.68174626239147,151.7134183924323
299.45469663211605,155.69263372670375
300.22764700184064,154.22067789108323
301.00059737156516,154.03027546428126
301.77354774128975,156.51903714251895
302.54649811101433,154.5000725027727
303.31944848073886,150.70780393719772
304.09239885046344,152.4776285641816
304.865349220188,152.10119993248435
305.63829958991255,150.89251540916584
306.41124995963713,155.05967216762542
307.1842003293617,151.20648449502266
307.95715069908624,149.54104201923565
308.7301010688108,151.31254546701183
309.5030514385354,150.85691516212248
310.27600180825993,154.11756289673713
311.0489521779845,151.49978845488013
311.8219025477091,145.71215337912153
312.5948529174336,149.29246338361617
313.3678032871582,148.00769349973876
314.1407536568828,146.2715829975586
314.9137040266073,143.36912530212703
315.6866543963319,149.9790165871102
316.4596047660565,143.104965239899
317.232555135781,145.7293739070494
318.0055055055056,145.69764599313464
318.7784558752302,143.7037097064578
319.5514062449547,143.1459588839667
320.3243566146793,145.26343321656603
321.0973069844039,144.12869283938946
321.8702573541284,140.3123250534402
322.643207723853,141.92798394503845
323.41615809357756,140.03723321359126
324.1891084633021,138.81776342489852
324.9620588330266,136.73520250185314
325.73500920275126,140.20286073528644
326.5079595724758,140.65275457034988
327.2809099422003,137.621414980803
328.05386031192495,139.79474653512676
328.8268106816495,138.5666199857366
329.599761051374,138.9353029287111
330.37271142109864,136.07907494944027
331.14566179082317,141.7632864801241
331.9186121605477,139.77724259377146
332.69156253027234,136.32412268109624
333.46451289999686,134.7301005559702
334.2374632697214,136.10992361258306
335.010413639446,140.48688653636566
335.78336400917055,132.84210612664808
336.5563143788951,137.55180307072243
337.32926474861966,137.61605016524973
338.10221511834425,129.49246324432127
338.8751654880688,136.05645205513028
339.64811585779336,132.93572587739595
340.42106622751794,133.0001512152291
341.19401659724247,136.21821294079118
341.96696696696705,136.7622318542839
342.73991733669163,131.673038201583
343.51286770641616,134.9554769755112
344.28581807614074,130.69742355103878
345.0587684458653,129.6443009326897
345.83171881558985,133.2248545686904
346.60466918531444,130.995845374829
347.377619555039,129.1793940652674
348.15056992476354,125.90501047389475
348.9235202944881,129.4384217361092
349.6964706642127,131.95774875980288
350.46942103393724,126.0963989514488
351.2423714036618,127.24246378281556
352.0153217733864,128.2614662068931
352.78827214311093,130.54294955340833
353.5612225128355,124.92411375457449
354.3341728825601,128.2002207531186
355.1071232522846,121.27452193624457
355.8800736220092,123.57411341350468
356.6530239917338,125.1168153669249
357.4259743614583,127.87516122638442
358.1989247311829,126.1587956030564
358.9718751009075,122.66780298446339
359.744825470632,122.91043833567977
360.5177758403566,121.28992738936698
361.2907262100811,123.20208502317566
362.0636765798057,122.38774772834353
362.8366269495303,122.96013788836704
363.6095773192548,120.75594709494074
364.3825276889794,122.60893200294147
365.155478058704,122.32180861084619
365.9284284284285,121.19165298770687
366.7013787981531,118.98173707056904
367.47432916787767,118.43196902753907
368.2472795376022,119.06706209010214
369.0202299073268,118.32734606475346
369.79318027705136,117.49154893255202
370.5661306467759,117.25036089041157
371.3390810165005,117.79128687241973
372.11203138622506,114.10892906503173
372.8849817559496,121.66164700464219
373.65793212567417,113.03402347002525
374.43088249539875,118.9481126863299
375.2038328651233,116.74236810741085
375.97678323484786,115.15586977872701
376.74973360457244,116.14447702130455
377.52268397429697,114.05361712781463
378.29563434402155,113.0069832880459
379.06858471374613,114.30976268190743
379.84153508347066,116.55967781217176
380.61448545319524,115.32140039526718
381.3874358229198,118.18295041827314
382.16038619264435,113.94601499053788
382.93333656236894,108.81853798011787
383.70628693209346,116.35054654504995
384.47923730181805,113.47555297880878
385.25218767154263,109.23414127427574
386.02513804126716,114.1032244773018
386.79808841099174,116.67024735320359
387.5710387807163,115.91185515486714
388.34398915044085,115.03740283819684
389.11693952016543,110.93111316856107
389.88988988989,112.95263554691282
390.66284025961454,110.79014355550964
391.4357906293391,111.5438364365049
392.2087409990637,111.57043884479918
392.98169136878823,111.22698459006851
393.7546417385128,110.9141683087496
394.5275921082374,112.02730539409706
395.3005424779619,110.79459575531621
396.0734928476865,112.0743514328489
396.8464432174111,110.53439178632188
397.6193935871356,108.67324350358653
398.3923439568602,114.27566234321115
399.1652943265848,110.27494513206028
399.9382446963093,112.40148057422172
400.7111950660339,108.14181973363985
401.4841454357585,110.81941469011875
402.257095805483,108.50478712472972
403.0300461752076,109.71003417433502
403.8029965449321,109.510629064591
404.5759469146567,109.55621692901263
405.3488972843813,109.04614608615657
406.1218476541058,109.41981226677903
406.8947980238304,110.87700724713353
407.667748393555,113.1470700589615
408.4406987632795,110.10722713025392
409.2136491330041,109.21432266482934
409.98659950272867,111.19308546656788
410.7595498724532,109.13898212848069
411.5325002421778,109.3242062913383
412.30545061190236,104.79477499146692
413.0784009816269,107.17188504012569
413.85135135135147,105.66938717553529
414.62430172107605,107.10047979304927
415.3972520908006,106.90445889681334
416.17020246052516,108.30256810489634
416.94315283024974,109.29019210178632
417.71610319997427,106.92892140426795
418.48905356969885,109.34340017050886
419.26200393942344,108.28248883654034
420.03495430914796,111.04896150690256
420.80790467887255,109.08856521169395
421.58085504859713,111.78487513330481
422.35380541832166,113.23693623476753
423.12675578804624,108.38444994205295
423.89970615777077,107.40799131381287
424.67265652749535,108.50614289999399
425.44560689721993,109.06848207344201
426.21855726694446,107.74687783950547
426.99150763666904,110.0897818060479
427.7644580063936,107.55065578368978
428.53740837611815,110.0270890320016
429.31035874584273,111.14585775702149
430.0833091155673,113.4653194881888
430.85625948529184,107.93844250291576
431.6292098550164,111.49690145713357
432.402160224741,112.29189226514397
433.17511059446554,107.91389774086394
433.9480609641901,107.74636440281515
434.7210113339147,110.90275101708006
435.49396170363923,111.56025144558326
436.2669120733638,112.11931928100094
437.0398624430884,110.72964719143042
437.8128128128129,110.95991968864193
438.5857631825375,110.6231471381414
439.3587135522621,110.73011729913044
440.1316639219866,110.19058700760193
440.9046142917112,107.12122787570564
441.6775646614358,113.67077477677769
442.4505150311603,113.28708420512187
443.2234654008849,111.3086008834852
443.9964157706095,112.89930790246522
444.769366140334,110.2111909735138
445.5423165100586,109.80497488873311
446.3152668797831,112.87310629977925
447.0882172495077,111.95558358111522
447.8611676192323,107.22271854362425
448.6341179889568,111.14969063043345
449.4070683586814,113.75899540057412
450.18001872840597,114.50316798915767
450.9529690981305,112.04778048206781
451.7259194678551,111.52045846025256
452.49886983757966,113.49851177495245
453.2718202073042,112.38468579322281
454.04477057702877,115.86695148476254
454.81772094675335,114.9956961819253
455.5906713164779,113.59168930645167
456.36362168620246,117.85589310917138
457.13657205592705,114.13330475602062
457.9095224256516,115.59718792552017
458.68247279537616,109.77954214040408
459.45542316510074,110.5180608351769
460.22837353482527,116.36166577537224
461.00132390454985,113.75598567997699
461.77427427427443,117.92370441378637
462.54722464399896,115.57205743064196
463.32017501372354,112.0035986176326
464.0931253834481,114.72535858210001
464.86607575317265,118.73889119455872
465.63902612289723,116.04777465262451
466.41197649262176,114.84956558510153
467.18492686234634,116.93258501823435
467.9578772320709,113.2255200268364
468.73082760179545,120.3361166408007
469.50377797152004,116.56382489599942
470.2767283412446,113.04154465769015
471.04967871096915,117.53773032803477
471.82262908069373,118.82791469907974
472.5955794504183,117.52968405638453
473.36852982014284,116.12450298071147
474.1414801898674,117.66119523074995
474.914430559592,116.67524959007898
475.68738092931653,117.56365527003018
476.4603312990411,119.5090239781044
477.2332816687657,122.95799386126288
478.0062320384902,116.35031913918395
478.7791824082148,119.99029739851696
479.5521327779394,116.6034632917466
480.3250831476639,119.51067591024204
481.0980335173885,121.00723228641002
481.8709838871131,120.01863996662601
482.6439342568376,120.12114585740112
483.4168846265622,124.18213737680212
484.1898349962868,121.46364062152534
484.9627853660113,122.4978075573357
485.7357357357359,119.8388588702579
486.5086861054604,117.83153710489337
487.281636475185,121.01972189864819
488.0545868449096,124.90911082686048
488.8275372146341,123.61023352041224
489.6004875843587,119.39564194124262
490.3734379540833,124.558301082199
491.1463883238078,120.56015746459057
491.9193386935324,124.33217774891524
492.69228906325696,118.44569297948225
493.4652394329815,120.88009124890374
494.2381898027061,124.87113893492116
495.01114017243066,120.83109667618535
495.7840905421552,123.69657836462765
496.55704091187977,125.32184698268614
497.32999128160435,125.48080831317989
498.1029416513289,125.86733892588296
498.87589202105346,127.70553064067082
499.64884239077804,127.2803830472182
500.42179276050257,127.3602928084017
501.19474313022715,126.54602395676724
501.96769349995174,122.64494451254463
502.74064386967626,128.04985997402784
503.51359423940085,125.87225002900789
504.28654460912543,124.75397388886451
505.05949497884995,131.27105085126928
505.83244534857454,125.86071893453934
506.6053957182991,126.4998043589381
507.37834608802365,126.97437418761398
508.15129645774823,127.4517035768439
508.92424682747276,129.22820667770105
509.69719719719734,129.4011712348651
510.4701475669219,127.86126639518224
511.24309793664645,128.08358893225721
512.016048306371,125.39993005017247
512.7889986760956,129.03487649786828
513.5619490458201,131.0509373285314
514.3348994155447,130.05908278286134
515.1078497852693,130.03221720858562
515.8808001549938,124.96611658933514
516.6537505247184,130.21685774396104
517.426700894443,128.12529205437767
518.1996512641675,129.88616935583732
518.972601633892,131.98748153946397
519.7455520036167,131.3402690623718
520.5185023733412,127.97329044172302
521.2914527430657,130.22897530646557
522.0644031127904,131.21156731900896
522.8373534825149,133.29479239193552
523.6103038522394,136.2046902689881
524.3832542219641,130.2504170245529
525.1562045916886,133.4969740142898
525.9291549614131,128.433620656206
526.7021053311378,129.57630703478273
527.4750557008623,132.34800047569252
528.2480060705868,134.36792071720416
529.0209564403115,135.37628509178043
529.793906810036,128.46992623509652
530.5668571797605,132.71461852412983
531.3398075494852,133.89515290957786
532.1127579192097,136.98246650987795
532.8857082889342,135.0170434572756
533.6586586586589,132.79476557623585
534.4316090283834,134.31455572463253
535.2045593981079,132.63302815995186
535.9775097678325,133.99736709697098
536.7504601375571,134.87250520922981
537.5234105072816,136.9398549624847
538.2963608770062,133.96757816615383
539.0693112467308,134.87516618960169
539.8422616164553,132.42551428055734
540.6152119861799,138.1867202852784
541.3881623559045,132.1511611330939
542.161112725629,137.11446976005004
542.9340630953536,141.92930628622437
543.7070134650781,136.35784410274638
544.4799638348027,138.6121409001985
545.2529142045273,136.1036850658865
546.0258645742518,137.35979018430197
546.7988149439764,138.21838399864268
547.571765313701,140.50550989328528
548.3447156834255,135.28827263898836
549.1176660531501,138.9519280277848
549.8906164228747,140.93938419039912
550.6635667925992,139.38233175657865
551.4365171623238,141.0916849384762
552.2094675320484,141.1901989034703
552.9824179017729,140.02429325732632
553.7553682714974,143.78051154745984
554.5283186412221,137.09188220164017
555.3012690109466,141.05121557659007
556.0742193806711,141.17421159817067
556.8471697503958,142.62266165374854
557.6201201201203,140.82176514074004
558.3930704898448,142.93436824291976
559.1660208595695,143.01531492067423
559.938971229294,139.6961174505493
560.7119215990185,142.92999149456955
561.4848719687432,143.4742947631309
562.2578223384677,142.14160518940076
563.0307727081922,142.2859111441412
563.8037230779169,143.54556553095432
564.5766734476414,147.67340968472874
565.3496238173659,146.14096220349893
566.1225741870905,144.26557703883833
566.8955245568151,144.09579617893573
567.6684749265396,145.34480680884357
568.4414252962642,146.76052495759006
569.2143756659888,147.3023573705967
569.9873260357133,146.68602110202684
570.7602764054379,144.35858713904213
571.5332267751623,145.805466274915
572.306177144887,142.75361494957878
573.0791275146116,145.66142617941287
573.852077884336,145.02605640424937
574.6250282540607,149.34556204418857
575.3979786237853,142.26449333033622
576.1709289935097,147.90253383664523
576.9438793632344,146.59977952183385
577.716829732959,142.0330754409924
578.4897801026834,148.12206833201276
579.2627304724081,144.93233804847657
580.0356808421327,149.25931326354583
580.8086312118571,149.6469610022943
581.5815815815818,148.69838174063983
582.3545319513064,147.44139400283578
583.1274823210308,147.55983630059333
583.9004326907555,144.66586712927054
584.6733830604801,149.47812856476978
585.4463334302045,149.82012899306247
586.2192837999291,148.3567670230423
586.9922341696538,148.39163458898884
587.7651845393782,146.66437338394502
588.5381349091028,154.00872480350148
589.3110852788275,149.2638372308046
590.0840356485519,145.44684851471493
590.8569860182765,153.9330987964062
591.629936388001,153.3854985080764
592.4028867577256,150.36750523574716
593.1758371274502,149.9159016826612
593.9487874971747,150.7024597912771
594.7217378668993,148.73629561645538
595.4946882366239,149.73539347183223
596.2676386063484,152.32770845044865
597.040588976073,153.09954170307344
597.8135393457976,150.51798712260216
598.5864897155221,150.0704752956677
599.3594400852467,151.44869479059884
600.1323904549713,153.41560547119718
600.9053408246958,151.57070639583938
601.6782911944204,150.0234579309283
602.451241564145,152.5575679968327
603.2241919338695,149.80344176324286
603.997142303594,154.1432547722865
604.7700926733187,152.53965435295444
605.5430430430432,150.9443689841997
606.3159934127677,152.4305182006545
607.0889437824924,154.15575696778723
607.8618941522169,153.31313408183377
608.6348445219414,153.301543314782
609.4077948916661,154.98091011263213
610.1807452613906,151.00122708032816
610.9536956311151,157.4921352451536
611.7266460008398,155.24241325694203
612.4995963705643,156.27012287335603
613.2725467402888,155.5642996340757
614.0454971100135,154.25588035101208
614.8184474797381,155.25186281701943
615.5913978494625,154.11916708164065
616.3643482191871,154.44316100692754
617.1372985889118,152.869590445778
617.9102489586362,155.2043561307253
618.6831993283608,156.38713469671575
619.4561496980855,155.54496350341458
620.2291000678099,157.1412915760444
621.0020504375345,153.31499393527838
621.775000807259,156.9468793424413
622.5479511769836,154.02205130678288
623.3209015467082,158.6297163026074
624.0938519164326,159.48787332175834
624.8668022861573,155.22943327487752
625.6397526558819,158.37749303819578
626.4127030256063,155.63050637695972
627.185653395331,156.31898105415965
627.9586037650556,155.4618963014804
628.73155413478,157.2016565694024
629.5045045045047,152.94125109045996
630.2774548742293,156.7842474500455
631.0504052439537,158.84631997266337
631.8233556136784,157.6587961791914
632.596305983403,157.03709494451462
633.3692563531274,155.33288331141802
634.142206722852,155.59918792533284
634.9151570925767,153.80304084479118
635.6881074623011,155.3472152598983
636.4610578320257,158.26094951197544
637.2340082017504,154.63096336493737
638.0069585714748,159.8130802742004
638.7799089411994,160.53064476810044
639.5528593109241,160.58405348403252
640.3258096806485,160.0541381584552
641.0987600503731,159.7957182431651
641.8717104200978,158.1014249535292
642.6446607898222,155.97764431646536
643.4176111595468,160.6895087117757
644.1905615292715,156.6887570418562
644.9635118989959,159.25439406835807
645.7364622687205,156.75505028424644
646.5094126384452,157.45562512400033
647.2823630081696,156.85110006394243
648.0553133778942,158.70183326670752
648.8282637476188,157.34705057371528
649.6012141173433,161.13696978341517
650.3741644870679,158.88304691800704
651.1471148567925,158.93162135047822
651.920065226517,155.35561373951373
652.6930155962416,157.52003771621563
653.4659659659662,158.65359073052974
654.2389163356906,156.7983248746981
655.0118667054153,159.73921705818964
655.7848170751399,159.0678312215855
656.5577674448643,159.2837144284792
657.330717814589,154.53296745172838
658.1036681843136,160.57428113647248
658.876618554038,156.67659976737878
659.6495689237627,156.298551368592
660.4225192934873,158.4666265135544
661.1954696632117,158.93326760793948
661.9684200329364,159.23880164857158
662.741370402661,159.45594021356246
663.5143207723854,158.72055928351654
664.2872711421101,159.40043400795952
665.0602215118347,159.66733295693794
665.8331718815591,156.5526969967951
666.6061222512838,161.2748350464757
667.3790726210084,160.66845079265792
668.1520229907328,161.86584330782836
668.9249733604574,162.7809020456342
669.6979237301821,159.83860065210072
670.4708740999065,158.0075449579868
671.2438244696311,156.7156365108261
672.0167748393558,160.31577546557432
672.7897252090802,162.03381393569072
673.5626755788048,160.38591645782435
674.3356259485295,161.64429030452558
675.1085763182539,160.85390499323313
675.8815266879785,163.29224348483237
676.6544770577032,160.51545476586355
677.4274274274276,165.53408280078324
678.2003777971522,157.72917511245862
678.9733281668769,161.77753139050108
679.7462785366013,160.22112022667312
680.5192289063259,157.61610114445378
681.2921792760505,158.0736747485117
682.065129645775,162.05764987325807
682.8380800154996,162.29628740737442
683.6110303852242,164.22397526253096
684.3839807549487,161.75585426951244
685.1569311246733,159.21149972861576
685.9298814943979,159.52859719399729
686.7028318641223,163.54678238163052
687.475782233847,158.99944958928663
688.2487326035716,160.88452212208838
689.021682973296,160.84624315378522
689.7946333430207,163.92121109104534
690.5675837127453,162.8781386985833
691.3405340824697,157.63127947837984
692.1134844521944,160.0112658612066
692.886434821919,160.77813389493951
693.6593851916434,163.78793216995257
694.4323355613681,165.18780399064704
695.2052859310927,161.724841780768
695.9782363008171,161.52124038231938
696.7511866705418,163.03723314422808
697.5241370402664,160.15600429849027
698.2970874099908,163.43116323504893
699.0700377797154,159.18915466475104
699.8429881494401,163.2529474734698
700.6159385191645,165.10155019565227
701.3888888888891,162.35066990831774
702.1618392586138,163.47136188234276
702.9347896283382,160.64201598434147
703.7077399980628,162.13826079517324
704.4806903677875,165.77348855336007
705.2536407375119,159.68871717116335
706.0265911072365,163.03077678161253
706.7995414769609,159.93822094665342
707.5724918466856,161.0324368927944
708.3454422164102,160.99536394434014
709.1183925861346,164.62189044653599
709.8913429558593,161.18330479974173
710.6642933255839,156.68683363182262
711.4372436953083,158.36645603854726
712.210194065033,161.32903201109622
712.9831444347576,164.52465444600023
713.756094804482,159.49327860535524
714.5290451742067,158.24841021057168
715.3019955439313,160.07558466222133
716.0749459136557,157.24470121588863
716.8478962833804,159.69799474182165
717.620846653105,161.41843820867504
718.3937970228294,156.87453459970163
719.166747392554,158.1388133987418
719.9396977622787,157.22907254928066
720.7126481320031,159.98527295332536
721.4855985017277,163.7443415878863
722.2585488714524,159.6053675677024
723.0314992411768,160.8040668726455
723.8044496109014,160.83277460948514
724.5773999806261,159.80393521683726
725.3503503503505,159.81182135395028
726.1233007200751,160.0379556573749
726.8962510897998,160.50471267303428
727.6692014595242,162.92316771151903
728.4421518292488,161.93496559683877
729.2151021989735,160.24577457752062
729.9880525686979,162.574172027767
730.7610029384225,161.5364118013679
731.5339533081471,163.80288172189242
732.3069036778716,162.8383114300892
733.0798540475962,160.58724949469047
733.8528044173208,160.28881382333486
734.6257547870453,160.27556869236938
735.3987051567699,164.15670440281997
736.1716555264945,161.29247086532024
736.944605896219,160.66580765598118
737.7175562659436,159.00440547980108
738.4905066356682,164.17961701117173
739.2634570053926,161.46956789207874
740.0364073751173,164.85322307466654
740.8093577448419,159.24979797393527
741.5823081145663,163.20719787172652
742.355258484291,161.13308575104895
743.1282088540156,163.62808302754854
743.90115922374,161.0986202949641
744.6741095934647,163.87804181180005
745.4470599631893,160.6830814117248
746.2200103329137,161.1193093645855
746.9929607026384,164.46821765549782
747.765911072363,161.1045193806211
748.5388614420874,164.53537798560134
749.311811811812,162.92357170435196
750.0847621815367,163.49783494782432
750.8577125512611,161.4387854271882
751.6306629209857,162.53475794846807
752.4036132907104,161.80311059077619
753.1765636604348,162.20860631280317
753.9495140301594,158.29232051684195
754.7224643998841,162.84650005052018
755.4954147696085,162.80440244986028
756.2683651393331,157.23145125567476
757.0413155090578,159.59152593967377
757.8142658787822,163.55166401471348
758.5872162485068,161.0934761771129
759.3601666182315,162.75186144197346
760.1331169879559,165.8346902395285
760.9060673576805,164.44879338876316
761.6790177274052,161.63187648610648
762.4519680971296,164.6618555951921
763.2249184668542,163.89800909301917
763.9978688365788,161.0459412118269
764.7708192063033,164.7191494822348
765.5437695760279,161.58146917045067
766.3167199457525,162.50076213217164
767.089670315477,160.26286065689325
767.8626206852016,157.21515901480348
768.6355710549262,163.07575517847107
769.4085214246506,160.20678176327436
770.1814717943753,159.5226247024461
770.9544221640999,160.4079119223567
771.7273725338243,158.208639437057
772.500322903549,164.06050630903835
773.2732732732736,164.39906874967488
774.046223642998,161.09382405766124
774.8191740127227,163.6738753996201
775.5921243824473,165.27546356647528
776.3650747521717,158.50711641243862
777.1380251218964,160.03308431824908
777.910975491621,163.74140378858021
778.6839258613454,160.48730958547597
779.45687623107,162.16425492515916
780.2298266007947,157.87317865382497
781.0027769705191,161.10265688110744
781.7757273402437,164.62410685427662
782.5486777099684,165.08395452816978
783.3216280796928,162.49360654927187
784.0945784494174,162.75489202436313
784.8675288191421,159.73273295641664
785.6404791888665,161.2924708430239
786.4134295585911,158.03042978775667
787.1863799283158,160.8258324685831
787.9593302980402,160.57691547534102
788.7322806677648,159.6081712439118
789.5052310374892,159.80041240123848
790.2781814072139,159.743586218294
791.0511317769385,156.3460036570685
791.8240821466629,158.9652663727956
792.5970325163876,158.15755665190517
793.3699828861122,157.04419926188862
794.1429332558366,159.1662603524652
794.9158836255613,162.6712407756664
795.6888339952859,161.9139604714182
796.4617843650103,161.1339304807612
797.234734734735,162.0728941381346
798.0076851044596,159.03866882970098
798.780635474184,161.09779121713544
799.5535858439086,161.14126152933974
800.3265362136333,158.94896589670262
801.0994865833577,163.38866970352916
801.8724369530823,164.04153349559923
802.645387322807,162.829820615518
803.4183376925314,162.1703584498938
804.191288062256,161.54646517738857
804.9642384319807,162.2039862664365
805.7371888017051,159.53788563575966
806.5101391714297,159.0200935176497
807.2830895411544,159.04939999565448
808.0560399108788,162.52719896197806
808.8289902806034,157.79280914948123
809.6019406503281,162.44174217285664
810.3748910200525,163.84349972776215
811.1478413897771,159.92107241966434
811.9207917595018,157.26876202473295
812.6937421292262,159.8816073181132
813.4666924989508,160.44637792957394
814.2396428686754,161.17593502833722
815.0125932383999,157.16814342163408
815.7855436081245,162.42529151368126
816.5584939778491,163.90255232525612
817.3314443475736,162.66547444871003
818.1043947172982,161.17507664853568
818.8773450870228,164.50572046351718
819.6502954567472,162.95102317188235
820.4232458264719,161.2837515143336
821.1961961961965,165.71653453272376
821.9691465659209,162.4030186123746
822.7420969356456,164.67675372825892
823.5150473053702,161.19420921548974
824.2879976750946,161.37853863294342
825.0609480448193,160.7421491299971
825.8338984145439,161.1979282102275
826.6068487842683,160.60095089913716
827.379799153993,161.43755642346892
828.1527495237176,163.14219721596066
828.925699893442,160.29396835509183
829.6986502631667,161.20315644390377
830.4716006328913,160.11511133810257
831.2445510026157,160.66584257138734
832.0175013723403,160.97171196596332
832.790451742065,161.2063498849521
833.5634021117894,160.21905102717855
834.336352481514,162.94207433228976
835.1093028512387,162.06074215902348
835.8822532209631,158.51577468797535
836.6552035906877,162.54370400516578
837.4281539604124,159.5082178131837
838.2011043301368,158.05261175925264
838.9740546998614,159.83259616324642
839.7470050695861,165.50150965893974
840.5199554393105,161.75724598651576
841.2929058090351,160.09002829826156
842.0658561787598,157.27856268352235
842.8388065484842,158.91325059875797
843.6117569182088,161.9117123673257
844.3847072879335,161.0232550676508
845.1576576576579,160.8072683719158
845.9306080273825,161.4374174615488
846.7035583971071,161.09333999937982
847.4765087668316,160.30118830912198
848.2494591365562,157.76461771733582
849.0224095062808,158.3427504506304
849.7953598760053,159.92179831835185
850.5683102457299,162.68348654995015
851.3412606154545,160.24220618300427
852.1142109851789,160.6461083593245
852.8871613549036,159.52848968434745
853.6601117246282,162.81527752700148
854.4330620943526,164.02493218367167
855.2060124640773,160.06769116505777
855.9789628338019,159.43561516635953
856.7519132035263,162.94487692240716
857.524863573251,163.9826070651512
858.2978139429756,164.9678947546096
859.0707643127,159.15100816599488
859.8437146824247,161.65257487229965
860.6166650521493,160.2317742319147
861.3896154218737,164.6486945026178
862.1625657915984,163.06558677723666
862.935516161323,157.74930246356033
863.7084665310474,157.25765418295
864.481416900772,160.85681164929494
865.2543672704967,160.19516943191533
866.0273176402211,162.69231195673888
866.8002680099457,160.172204090766
867.5732183796704,162.85087739794727
868.3461687493948,159.06113554721844
869.1191191191194,162.94382440410624
869.8920694888441,162.85882497618636
870.6650198585685,161.93483614185888
871.4379702282931,161.12928332121152
872.2109205980175,165.88045317950034
872.9838709677422,161.7555501359752
