100.80645161290323,151.7622184026952
101.5794019826278,151.5846739638624
102.35235235235236,153.72623583666265
103.12530272207692,149.19254926647116
103.89825309180148,150.93828583750167
104.67120346152605,151.56757385714653
105.44415383125062,153.368795656592
106.21710420097517,149.0116585376316
106.99005457069974,153.7136689622796
107.76300494042431,150.42336854028895
108.53595531014886,152.70121983848168
109.30890567987343,152.50629339749685
110.08185604959799,153.71446512427556
110.85480641932256,157.7451886371211
111.62775678904713,152.9637395676783
112.40070715877168,152.896321585186
113.17365752849625,156.59268557343313
113.9466078982208,157.88555303723157
114.71955826794537,153.2846957745203
115.49250863766994,152.58520732366128
116.2654590073945,155.82900827863284
117.03840937711907,159.00523025077965
117.81135974684364,156.73885264817943
118.58431011656819,158.96909568726628
119.35726048629276,155.9196459912882
120.13021085601733,154.97462894588628
120.90316122574188,158.58663754046998
121.67611159546645,158.75188772950662
122.449061965191,158.77490994138088
123.22201233491558,157.10153587535427
123.99496270464013,160.27892122729727
124.7679130743647,162.10563143307263
125.54086344408927,154.92090540388503
126.31381381381382,159.33083736974382
127.08676418353839,159.21398315356578
127.85971455326296,154.92144162081738
128.63266492298752,158.2691271423942
129.40561529271207,160.98598269024134
130.17856566243665,160.62389288116017
130.9515160321612,156.11006747952536
131.72446640188576,160.54144720996646
132.49741677161035,160.7554879501162
133.2703671413349,160.96746905680192
134.04331751105946,165.41001205962183
134.81626788078404,163.35049769012443
135.5892182505086,165.2967715034915
136.36216862023315,163.46626583865924
137.13511898995773,159.7092615815577
137.9080693596823,160.8463909560918
138.68101972940684,163.49084656089298
139.45397009913142,162.58910106150438
140.22692046885598,165.19866394675128
140.99987083858053,163.45556020290692
141.7728212083051,163.16315848332897
142.54577157802967,161.14389747221395
143.31872194775423,163.77989483212883
144.09167231747878,163.69549988316183
144.86462268720334,162.13360410771557
145.63757305692792,164.07858031291488
146.41052342665247,161.40094021887506
147.18347379637703,164.43026623602364
147.9564241661016,163.9038845913606
148.72937453582617,165.0941780904267
149.50232490555072,164.94226323310625
150.2752752752753,168.18996329300876
151.04822564499986,165.0571578288206
151.82117601472441,164.55194383721215
152.594126384449,167.40420627510585
153.36707675417355,169.63184512718146
154.1400271238981,165.1367423969211
154.9129774936227,164.19554265060242
155.68592786334725,168.58529790085026
156.4588782330718,166.36627754119732
157.23182860279638,163.03285733267202
158.00477897252094,169.33686243799775
158.7777293422455,165.3657740327196
159.55067971197008,165.60700984522458
160.32363008169463,165.21064772901275
161.0965804514192,165.85917812559526
161.86953082114377,167.35751323836868
162.64248119086832,167.4481729875727
163.41543156059288,167.27072189933142
164.18838193031743,167.75111299981327
164.961332300042,168.81397575145226
165.73428266976657,168.003095987648
166.50723303949113,168.75713357647666
167.28018340921568,173.19332893062304
168.05313377894026,168.72318757376704
168.82608414866482,170.34098519682257
169.59903451838937,170.8758558091009
170.37198488811396,169.52213304666768
171.1449352578385,170.37648865359856
171.91788562756307,168.7148472393177
172.69083599728765,166.90063339465306
173.4637863670122,170.28736257278163
174.23673673673676,167.9029702738964
175.00968710646134,171.23554808904092
175.7826374761859,166.3153888614862
176.55558784591045,169.53322535405306
177.32853821563504,168.02305807443665
178.1014885853596,169.7183661499241
178.87443895508414,168.6434297142649
179.64738932480873,168.37084500537995
180.42033969453328,169.98037034594012
181.19329006425784,169.15377010432016
181.96624043398242,170.144561668249
182.73919080370695,166.31514759674292
183.51214117343153,173.93031076244887
184.2850915431561,174.23662293326862
185.05804191288064,173.39143192504085
185.83099228260522,170.2393829366233
186.6039426523298,169.80905343696398
187.37689302205433,173.30630825308117
188.14984339177892,171.09067504675113
188.92279376150347,170.16473449126192
189.69574413122803,174.44184700452718
190.4686945009526,173.40718831883956
191.24164487067716,166.8832775160041
192.01459524040172,173.60672942319894
192.7875456101263,171.46771511627983
193.56049597985086,176.02880394938265
194.3334463495754,168.8578484605527
195.1063967193,171.201052634711
195.87934708902455,171.24426496079852
196.6522974587491,171.28536978996485
197.4252478284737,169.39448672327708
198.19819819819824,173.18350187375805
198.9711485679228,173.72531535106197
199.74409893764738,172.50572761420108
200.51704930737193,174.06887407504965
201.2899996770965,169.37772207235412
202.06295004682107,172.50790824319355
202.8359004165456,173.46519762837846
203.60885078627018,170.4397167074673
204.38180115599476,171.58037733680507
205.1547515257193,171.59826117559146
205.92770189544387,171.61403051304814
206.70065226516846,172.92196287585418
207.47360263489298,171.1475308540071
208.24655300461757,166.79486927595204
209.01950337434212,171.6559511755646
209.79245374406668,171.15020034859705
210.56540411379126,171.44170196071204
211.33835448351581,171.06559121085422
212.11130485324037,171.66399312075072
212.88425522296495,174.0086983280988
213.6572055926895,173.26658691322777
214.43015596241406,174.8890656719587
215.20310633213865,167.9685719119646
215.9760567018632,173.69416624293467
216.74900707158776,175.02702848311927
217.52195744131234,169.11508357428957
218.2949078110369,171.36838492425164
219.06785818076145,169.25591683370303
219.84080855048603,170.05886922092603
220.61375892021059,171.50032983960796
221.38670928993514,170.89343564432068
222.15965965965972,172.276979418972
222.93261002938428,171.42480569047973
223.70556039910883,169.6507141725314
224.47851076883342,171.3566265912969
225.25146113855794,171.3829091662119
226.02441150828253,167.45982065831507
226.7973618780071,171.23838827941736
227.57031224773164,172.58434837919197
228.34326261745622,174.38860875550546
229.11621298718077,170.26804060663483
229.88916335690536,168.55283163917795
230.6621137266299,172.70107118051098
231.43506409635447,168.81724463347066
232.20801446607902,171.88268171338575
232.9809648358036,172.2690184917945
233.75391520552816,167.23747616484994
234.5268655752527,165.9661613630271
235.2998159449773,170.64065288822462
236.07276631470185,168.75291688860264
236.8457166844264,168.3440522475847
237.618667054151,170.43272169410832
238.39161742387554,170.05720791355017
239.1645677936001,166.90141640525104
239.93751816332468,169.30109195575122
240.71046853304924,165.70076082174472
241.4834189027738,166.56497336714006
242.25636927249835,169.35691426823155
243.02931964222293,173.06993501723966
243.80227001194748,167.449690120233
244.57522038167204,170.27145584775164
245.34817075139662,167.37562852988063
246.12112112112118,169.7518620532682
246.89407149084573,167.65511864029762
247.66702186057032,169.28966305730972
248.43997223029487,169.18409863155932
249.21292260001943,171.16138450419635
249.985872969744,169.05189350321038
250.75882333946856,167.14419347847328
251.53177370919312,166.1062879646804
252.30472407891767,167.64297131401491
253.07767444864226,170.32238929479203
253.8506248183668,166.46727237898224
254.62357518809137,169.09511024362882
255.39652555781595,167.76516161584757
256.1694759275405,168.6741660302726
256.94242629726506,165.3632332357563
257.71537666698964,167.69783647440096
258.48832703671417,164.4152542760981
259.26127740643875,168.2795408654528
260.03422777616333,168.5345495670074
260.80717814588786,167.10620892322024
261.58012851561244,166.72790036289894
262.353078885337,165.37337059492344
263.12602925506155,169.34836829950078
263.89897962478614,166.4628544011862
264.6719299945107,166.78056723337207
265.44488036423525,164.98486477138553
266.21783073395983,168.56038225228488
266.9907811036844,165.97471539952338
267.76373147340894,167.2164361036905
268.5366818431335,165.39607863212447
269.3096322128581,163.60577811280035
270.08258258258263,163.12389787249828
270.8555329523072,166.14110212992182
271.6284833220318,159.62017232101752
272.4014336917563,162.45552310674674
273.1743840614809,162.84242433262827
273.9473344312055,163.5163273488299
274.72028480093,163.7723746352359
275.4932351706546,163.55246848182878
276.2661855403792,163.32868394704653
277.0391359101037,161.01161683589922
277.8120862798283,163.64234457001805
278.5850366495529,162.8025328238922
279.3579870192774,162.76371337567497
280.130937389002,165.0587453022431
280.90388775872657,161.9026283632102
281.6768381284511,164.00834251014206
282.4497884981757,165.7875755875723
283.22273886790026,161.13449078580913
283.9956892376248,159.06744938676013
284.7686396073493,162.43433354581643
285.54158997707395,161.86710138951045
286.3145403467985,162.3249014763996
287.087490716523,159.87903171250943
287.86044108624765,162.07543132987044
288.6333914559722,161.0414185690875
289.4063418256967,158.89803677480907
290.17929219542134,154.3126756675179
290.95224256514587,158.29470412612346
291.7251929348704,154.98062861718319
292.49814330459503,157.55801563461165
293.27109367431956,160.1479874216292
294.0440440440441,160.59079501078222
294.81699441376867,160.26433624332049
295.58994478349325,155.86986623124133
296.3628951532178,157.36846806493435
297.13584552294236,158.87966929452722
297.90879589266694,155.35804178033032
298.68174626239147,154.91590643337952
299.45469663211605,158.4766994560764
300.22764700184064,154.3046976999073
301.00059737156516,152.9757665016011
301.77354774128975,156.62563743036196
302.54649811101433,151.60312719658054
303.31944848073886,150.08599124742554
304.09239885046344,154.24597309311315
304.865349220188,148.80132903316922
305.63829958991255,152.75008789435904
306.41124995963713,149.98632048735664
307.1842003293617,150.95602491910967
307.95715069908624,148.89861016481288
308.7301010688108,150.11745010340405
309.5030514385354,152.00218642534284
310.27600180825993,150.37895920749625
311.0489521779845,146.0725488067731
311.8219025477091,148.59126931709747
312.5948529174336,147.59334802234667
313.3678032871582,148.74025379499568
314.1407536568828,143.46188031961591
314.9137040266073,148.9254852482185
315.6866543963319,146.83339333302683
316.4596047660565,149.34009155605006
317.232555135781,145.7293739070494
318.0055055055056,144.21746449033057
318.7784558752302,143.8398399860683
319.5514062449547,146.77790028233235
320.3243566146793,144.22864663731664
321.0973069844039,143.63383724277682
321.8702573541284,142.82487098318043
322.643207723853,146.5583541758979
323.41615809357756,141.99502044592685
324.1891084633021,141.38117645530372
324.9620588330266,140.3557445681441
325.73500920275126,141.08099015947138
326.5079595724758,140.65275457034988
327.2809099422003,137.31310493436325
328.05386031192495,141.72134222144763
328.8268106816495,139.36515847521372
329.599761051374,135.4374937390712
330.37271142109864,138.09615168751904
331.14566179082317,138.0751457592757
331.9186121605477,137.9665597479468
332.69156253027234,141.97712096151906
333.46451289999686,138.95312984407158
334.2374632697214,134.13598521621253
335.010413639446,135.9263006685335
335.78336400917055,134.0739675688582
336.5563143788951,134.51947831667349
337.32926474861966,134.64161208120083
338.10221511834425,131.57048242921888
338.8751654880688,132.78967457228558
339.64811585779336,131.20043721811294
340.42106622751794,131.38716160970972
341.19401659724247,131.24393678491037
341.96696696696705,134.94766606855168
342.73991733669163,135.6373417659835
343.51286770641616,130.56843541242918
344.28581807614074,128.72139860362472
345.0587684458653,132.55159907215963
345.83171881558985,129.37657056410424
346.60466918531444,127.8883809173551
347.377619555039,129.2100861370929
348.15056992476354,128.7059066359075
348.9235202944881,128.36216675902642
349.6964706642127,125.80322576124193
350.46942103393724,127.55311885439035
351.2423714036618,130.2496867500588
352.0153217733864,124.7199699069314
352.78827214311093,129.41379755760653
353.5612225128355,125.9624069267473
354.3341728825601,130.16235205819015
355.1071232522846,121.27942960035584
355.8800736220092,124.56019345957826
356.6530239917338,126.74970591199839
357.4259743614583,119.78337227132472
358.1989247311829,123.65547002741023
358.9718751009075,121.72473843638066
359.744825470632,127.24859971883949
360.5177758403566,124.39223564367364
361.2907262100811,123.46072543515406
362.0636765798057,121.81778687164211
362.8366269495303,119.8529102479375
363.6095773192548,122.59598908423214
364.3825276889794,122.04351883265298
365.155478058704,120.41112587438596
365.9284284284285,121.78753610073053
366.7013787981531,121.34422954186574
367.47432916787767,117.68721890764309
368.2472795376022,117.97632960114157
369.0202299073268,118.74149391406151
369.79318027705136,120.17717568474055
370.5661306467759,118.10351737781986
371.3390810165005,119.03288217057764
372.11203138622506,118.77002266288594
372.8849817559496,117.18078602406315
373.65793212567417,121.81457938918044
374.43088249539875,117.33228021962682
375.2038328651233,116.79024506268213
375.97678323484786,112.80490809125465
376.74973360457244,119.33753740852472
377.52268397429697,111.07826142535379
378.29563434402155,119.1698698839361
379.06858471374613,114.937960815286
379.84153508347066,113.30609314504271
380.61448545319524,115.76123243480843
381.3874358229198,119.02622341936375
382.16038619264435,116.31041689865671
382.93333656236894,114.45600803867521
383.70628693209346,114.8270586046517
384.47923730181805,114.99218741287876
385.25218767154263,117.46216790536104
386.02513804126716,111.919587280409
386.79808841099174,111.66290249851895
387.5710387807163,109.16962977580854
388.34398915044085,113.93016628694852
389.11693952016543,111.02890567656276
389.88988988989,112.50834470119436
390.66284025961454,110.24014767110008
391.4357906293391,111.5438364365049
392.2087409990637,110.77470412838056
392.98169136878823,112.09411725798053
393.7546417385128,111.07718251403885
394.5275921082374,109.97881209203263
395.3005424779619,110.79459575531621
396.0734928476865,110.66171895220702
396.8464432174111,107.84166313920899
397.6193935871356,109.74857642656065
398.3923439568602,105.51644502296816
399.1652943265848,108.47456990545517
399.9382446963093,114.4115502337646
400.7111950660339,110.4959476819212
401.4841454357585,111.5540743362889
402.257095805483,108.09214114491816
403.0300461752076,114.372211114912
403.8029965449321,110.0875553544814
404.5759469146567,111.91901391124415
405.3488972843813,109.3889111362118
406.1218476541058,108.93781694343745
406.8947980238304,109.79645123547826
407.667748393555,108.02114264675843
408.4406987632795,110.43299395163267
409.2136491330041,108.71831800630878
409.98659950272867,107.61060574382074
410.7595498724532,111.98769514380022
411.5325002421778,109.10834663031608
412.30545061190236,110.77057471068005
413.0784009816269,109.36892949007996
413.85135135135147,109.04402649336414
414.62430172107605,107.19489702330621
415.3972520908006,110.04363114139095
416.17020246052516,107.50449066410496
416.94315283024974,106.07884084284095
417.71610319997427,110.4647280102918
418.48905356969885,112.8209851388266
419.26200393942344,110.08528711717514
420.03495430914796,109.06669948684356
420.80790467887255,109.08856521169395
421.58085504859713,111.29656255365802
422.35380541832166,108.90812443292118
423.12675578804624,106.58919581484832
423.89970615777077,109.21632461466854
424.67265652749535,109.25810829026504
425.44560689721993,109.30373737538655
426.21855726694446,110.03769470179564
426.99150763666904,110.94712572228676
427.7644580063936,108.31265908327151
428.53740837611815,111.56993571698773
429.31035874584273,109.58795183658565
430.0833091155673,108.41645960609148
430.85625948529184,109.72694338045724
431.6292098550164,109.30811208945693
432.402160224741,114.38064536662854
433.17511059446554,107.72408720826724
433.9480609641901,108.54415729791377
434.7210113339147,111.50502481773653
435.49396170363923,112.833412893655
436.2669120733638,111.24701821503922
437.0398624430884,110.2150210224977
437.8128128128129,110.9508270102939
438.5857631825375,110.6231471381414
439.3587135522621,114.28306721250914
440.1316639219866,112.8497296228435
440.9046142917112,110.18390572680111
441.6775646614358,111.06866513469367
442.4505150311603,111.31630832261054
443.2234654008849,107.5579723101892
443.9964157706095,112.84098203762353
444.769366140334,108.9733790531028
445.5423165100586,112.8262170899284
446.3152668797831,111.11867974156223
447.0882172495077,113.48782076157147
447.8611676192323,113.76692921635842
448.6341179889568,114.12984911691034
449.4070683586814,112.39856256594483
450.18001872840597,112.87363790033585
450.9529690981305,112.66530786601024
451.7259194678551,115.78122626706553
452.49886983757966,112.96547553857616
453.2718202073042,111.42548882290896
454.04477057702877,117.86510858864857
454.81772094675335,117.41044381688556
455.5906713164779,116.84181156047444
456.36362168620246,113.91598068015965
457.13657205592705,113.91699843843196
457.9095224256516,116.35041263537671
458.68247279537616,114.24995109355436
459.45542316510074,114.12337344727273
460.22837353482527,110.64119448905751
461.00132390454985,117.46005474507632
461.77427427427443,114.5724874035578
462.54722464399896,118.60193263709616
463.32017501372354,115.54660723056716
464.0931253834481,114.86880984275068
464.86607575317265,115.6508273121724
465.63902612289723,116.21986735692494
466.41197649262176,116.38491210661675
467.18492686234634,119.33057543143153
467.9578772320709,117.51299323170319
468.73082760179545,116.57500596347461
469.50377797152004,118.19123281159149
470.2767283412446,115.17057084784446
471.04967871096915,114.2384525654808
471.82262908069373,117.021096138967
472.5955794504183,120.2957775378229
473.36852982014284,115.8975320862877
474.1414801898674,120.66852382454391
474.914430559592,121.31844784998651
475.68738092931653,118.3115945641813
476.4603312990411,120.08181475253089
477.2332816687657,119.47423938930048
478.0062320384902,119.23982608545565
478.7791824082148,119.10764642617997
479.5521327779394,119.3087563802803
480.3250831476639,121.10699195369862
481.0980335173885,122.12026311310251
481.8709838871131,123.32576240570032
482.6439342568376,121.98928148741453
483.4168846265622,120.32615759291394
484.1898349962868,118.49228096990076
484.9627853660113,121.03038778148961
485.7357357357359,121.4527710224778
486.5086861054604,120.3121776881707
487.281636475185,123.11321388461774
488.0545868449096,119.51884647469097
488.8275372146341,120.75581782745533
489.6004875843587,121.99153922361421
490.3734379540833,125.49404762751898
491.1463883238078,121.4206725290629
491.9193386935324,126.49459293909666
492.69228906325696,119.8189008656544
493.4652394329815,122.20240914424735
494.2381898027061,123.26700976188681
495.01114017243066,124.18387692571054
495.7840905421552,123.69657836462765
496.55704091187977,123.9121241263175
497.32999128160435,124.63109916921722
498.1029416513289,125.76410196399492
498.87589202105346,121.32939558275918
499.64884239077804,126.09612160007399
500.42179276050257,127.35016823033362
501.19474313022715,122.09794309478211
501.96769349995174,124.0957808586353
502.74064386967626,126.55760516025909
503.51359423940085,127.31166971991303
504.28654460912543,125.79431386223399
505.05949497884995,125.49131108610351
505.83244534857454,126.22820002821378
506.6053957182991,126.75332366985205
507.37834608802365,126.79309260585838
508.15129645774823,129.5362592933428
508.92424682747276,127.41731148367292
509.69719719719734,123.71668811070492
510.4701475669219,128.4882383176082
511.24309793664645,127.89371090040525
512.016048306371,126.29442100070045
512.7889986760956,126.19789292952257
513.5619490458201,130.5792702328331
514.3348994155447,129.7272348922855
515.1078497852693,128.14519808348842
515.8808001549938,129.42143487645612
516.6537505247184,128.68058519541088
517.426700894443,129.45276848265846
518.1996512641675,125.44461724763735
518.972601633892,131.7812501577276
519.7455520036167,127.34449646977833
520.5185023733412,130.78582335208554
521.2914527430657,132.5586002716865
522.0644031127904,131.21156731900896
522.8373534825149,131.30123350057355
523.6103038522394,131.65945299985685
524.3832542219641,134.51123010476473
525.1562045916886,132.88676329126386
525.9291549614131,131.39981314879725
526.7021053311378,132.30882580503322
527.4750557008623,135.41251198995846
528.2480060705868,135.8378549531919
529.0209564403115,133.22555563156973
529.793906810036,133.44889965462124
530.5668571797605,136.26945378083283
531.3398075494852,131.5802450506561
532.1127579192097,134.1180329219041
532.8857082889342,134.7853812031722
533.6586586586589,136.1035907479345
534.4316090283834,134.93132996387016
535.2045593981079,136.3529723985344
535.9775097678325,132.9094941006376
536.7504601375571,138.04991211231783
537.5234105072816,135.2928668362974
538.2963608770062,140.89137892171286
539.0693112467308,136.11402369152069
539.8422616164553,139.52979432085155
540.6152119861799,138.15259782271676
541.3881623559045,134.6001154163602
542.161112725629,135.85869402706373
542.9340630953536,137.08896645797245
543.7070134650781,133.94163080004077
544.4799638348027,137.65012274222406
545.2529142045273,137.96235692615224
546.0258645742518,133.87501767396287
546.7988149439764,138.30292084138696
547.571765313701,137.54012274044447
548.3447156834255,141.54266000196793
549.1176660531501,137.29133137701484
549.8906164228747,138.32918080002884
550.6635667925992,142.02204939178839
551.4365171623238,139.5968169274488
552.2094675320484,136.00661416946917
552.9824179017729,139.6162363473481
553.7553682714974,141.81442609400395
554.5283186412221,142.49032205734068
555.3012690109466,137.4020236166406
556.0742193806711,142.35600815847945
556.8471697503958,139.76445797162899
557.6201201201203,141.29389715480727
558.3930704898448,141.5035001663497
559.1660208595695,141.71250009093555
559.938971229294,143.71118115658075
560.7119215990185,139.83095505665992
561.4848719687432,144.4939573048821
562.2578223384677,141.37625368934502
563.0307727081922,145.68693842843467
563.8037230779169,142.95315581450174
564.5766734476414,143.15759463146114
565.3496238173659,143.8214579921777
566.1225741870905,141.46906853563013
566.8955245568151,140.70520249532092
567.6684749265396,141.35566823219918
568.4414252962642,143.8492273606437
569.2143756659888,145.64456620757014
569.9873260357133,143.05598516097743
570.7602764054379,142.7354922127331
571.5332267751623,145.72111509348136
572.306177144887,143.78829860582678
573.0791275146116,144.8884792735197
573.852077884336,143.2723137952863
574.6250282540607,145.28670579177358
575.3979786237853,142.12001642098645
576.1709289935097,146.7459846487255
576.9438793632344,144.37273386529776
577.716829732959,146.95513990168365
578.4897801026834,147.15865545321694
579.2627304724081,141.92406972664128
580.0356808421327,147.0832265747315
580.8086312118571,143.09339938149418
581.5815815815818,147.3533358444047
582.3545319513064,147.64192258314836
583.1274823210308,147.14166823706353
583.9004326907555,146.5252127314231
584.6733830604801,146.21048329524456
585.4463334302045,147.2282643548724
586.2192837999291,149.94235182292482
586.9922341696538,147.0935160820899
587.7651845393782,151.2170278234916
588.5381349091028,146.19256610497126
589.3110852788275,150.70517747950208
590.0840356485519,152.09938328313524
590.8569860182765,149.52249816679225
591.629936388001,149.78532640759587
592.4028867577256,152.842078248068
593.1758371274502,151.72167874419986
593.9487874971747,152.57144725596999
594.7217378668993,151.16093530515656
595.4946882366239,150.63182416313862
596.2676386063484,150.0884849392046
597.040588976073,150.1576310644102
597.8135393457976,152.45187803283122
598.5864897155221,151.28776358512425
599.3594400852467,154.15220533228342
600.1323904549713,150.9260538053105
600.9053408246958,150.05145632774617
601.6782911944204,151.19511566621773
602.451241564145,150.49224099829044
603.2241919338695,151.01761344503674
603.997142303594,152.3876977412041
604.7700926733187,152.32208841257858
605.5430430430432,152.69028038003967
606.3159934127677,154.17220979695298
607.0889437824924,150.88913365738833
607.8618941522169,153.76682608063985
608.6348445219414,151.87654634525057
609.4077948916661,150.1123408072446
610.1807452613906,153.5654152667256
610.9536956311151,152.97236569735017
611.7266460008398,158.61327216128882
612.4995963705643,158.35835230683426
613.2725467402888,154.1206910027209
614.0454971100135,152.8819278563574
614.8184474797381,152.89858163385205
615.5913978494625,153.4362623597567
616.3643482191871,154.65254339079837
617.1372985889118,152.54587068506228
617.9102489586362,153.55604569094993
618.6831993283608,159.00817615958042
619.4561496980855,152.58880811393482
620.2291000678099,155.1751364637309
621.0020504375345,150.68617506215242
621.775000807259,155.20396317067423
622.5479511769836,157.3078201408377
623.3209015467082,157.8088800214272
624.0938519164326,157.11047149845407
624.8668022861573,157.36117788827417
625.6397526558819,157.40288365811284
626.4127030256063,151.37367480770786
627.185653395331,157.27465162705727
627.9586037650556,156.42615251197205
628.73155413478,158.87094933382048
629.5045045045047,155.86525285336967
630.2774548742293,153.2591937865017
631.0504052439537,154.7472678904038
631.8233556136784,153.55054121731536
632.596305983403,157.0199523889403
633.3692563531274,157.5242006298887
634.142206722852,159.06170702948188
634.9151570925767,155.11101119171678
635.6881074623011,157.4146313609118
636.4610578320257,156.57818008249996
637.2340082017504,157.85436757486886
638.0069585714748,156.48043662989878
638.7799089411994,158.97751626647192
639.5528593109241,156.51482037467375
640.3258096806485,154.55564607668268
641.0987600503731,158.58690197697098
641.8717104200978,158.1014249535292
642.6446607898222,159.39752249028447
643.4176111595468,158.25940750923382
644.1905615292715,158.33640139991647
644.9635118989959,157.05558313266476
645.7364622687205,156.64866838577782
646.5094126384452,160.57542685468533
647.2823630081696,159.63884230729218
648.0553133778942,158.52334800501134
648.8282637476188,159.2432833069911
649.6012141173433,160.01680174478648
650.3741644870679,157.69482370505457
651.1471148567925,160.26556503734423
651.920065226517,160.00130969109577
652.6930155962416,155.41554437350962
653.4659659659662,160.40942136625154
654.2389163356906,159.2214407494032
655.0118667054153,159.28098850808195
655.7848170751399,154.74424529070492
656.5577674448643,160.1794864646662
657.330717814589,163.2389285337517
658.1036681843136,159.50764512572093
658.876618554038,159.561480211496
659.6495689237627,159.61420548407088
660.4225192934873,158.7921310725954
661.1954696632117,162.9267973193613
661.9684200329364,158.06924181446027
662.741370402661,158.25602321977587
663.5143207723854,155.458793225033
664.2872711421101,161.7646636675371
665.0602215118347,162.12496644963647
665.8331718815591,157.4392674465885
666.6061222512838,160.0405910191718
667.3790726210084,161.7759360863475
668.1520229907328,160.1240552494697
668.9249733604574,161.90281041978528
669.6979237301821,156.38217149308264
670.4708740999065,159.26521954068977
671.2438244696311,160.79564903880478
672.0167748393558,162.53050641444668
672.7897252090802,159.2868387174664
673.5626755788048,160.38591645782435
674.3356259485295,165.34809676320378
675.1085763182539,164.36193457957194
675.8815266879785,161.0751836498366
676.6544770577032,160.51545476586355
677.4274274274276,161.09924796710743
678.2003777971522,160.5750265956826
678.9733281668769,156.81733657423092
679.7462785366013,160.2760964847446
680.5192289063259,157.6000129511787
681.2921792760505,164.38197874874254
682.065129645775,155.93660245804446
682.8380800154996,162.50729812649627
683.6110303852242,157.61086114426502
684.3839807549487,158.50254905857926
685.1569311246733,157.08328295843367
685.9298814943979,162.28671980847682
686.7028318641223,162.1378409737848
687.475782233847,159.26646698146644
688.2487326035716,161.29837864823796
689.021682973296,162.89828940402322
689.7946333430207,160.05327323787674
690.5675837127453,157.33498887451208
691.3405340824697,158.92450810461168
692.1134844521944,160.97095960072718
692.886434821919,157.28404800223208
693.6593851916434,158.21012016497258
694.4323355613681,161.63499179392602
695.2052859310927,161.02850961947027
695.9782363008171,163.18572418137967
696.7511866705418,161.60864426679385
697.5241370402664,161.06536358709138
698.2970874099908,161.51865970565564
699.0700377797154,161.0870924360102
699.8429881494401,161.43319096183754
700.6159385191645,159.73695163463694
701.3888888888891,161.3974974250774
702.1618392586138,159.1376029264679
702.9347896283382,162.76217483716786
703.7077399980628,162.56014935253467
704.4806903677875,162.21710722731652
705.2536407375119,161.83984583441378
706.0265911072365,160.46348538083467
706.7995414769609,162.57259007270983
707.5724918466856,161.17014173766177
708.3454422164102,161.17493754639338
709.1183925861346,158.11716798039308
709.8913429558593,161.18330479974173
710.6642933255839,157.88643449113704
711.4372436953083,161.51324942446976
712.210194065033,160.7853965802083
712.9831444347576,159.4024755206249
713.756094804482,159.99571686342722
714.5290451742067,159.6086812793065
715.3019955439313,161.20087961157537
716.0749459136557,161.4640261917575
716.8478962833804,161.38828445682486
717.620846653105,161.11903050798335
718.3937970228294,164.24510047201176
719.166747392554,159.04921013711504
719.9396977622787,164.1666659925404
720.7126481320031,156.35717085754735
721.4855985017277,164.1969962448156
722.2585488714524,161.20142064871553
723.0314992411768,161.20025819161023
723.8044496109014,161.52008481353906
724.5773999806261,161.19733061951615
725.3503503503505,161.1791560366131
726.1233007200751,159.2189336972048
726.8962510897998,163.18792241770333
727.6692014595242,161.04521527465744
728.4421518292488,158.15403588059908
729.2151021989735,164.161105966346
729.9880525686979,161.18190145773173
730.7610029384225,162.18969404985813
731.5339533081471,158.31608613528957
732.3069036778716,161.1734754543623
733.0798540475962,157.52122911954746
733.8528044173208,158.72466735267597
734.6257547870453,159.6865430639522
735.3987051567699,162.36650217829933
736.1716555264945,159.91610767588168
736.944605896219,161.15492976406117
737.7175562659436,160.10365954776606
738.4905066356682,160.05098669548022
739.2634570053926,161.14539906198033
740.0364073751173,162.69220835606382
740.8093577448419,156.1454726506027
741.5823081145663,162.7377044704416
742.355258484291,162.96410815109266
743.1282088540156,164.2099191217133
743.90115922374,161.30107621440624
744.6741095934647,162.78487401183327
745.4470599631893,159.5829874623422
746.2200103329137,157.734888300368
746.9929607026384,162.97649696049697
747.765911072363,160.82186531472206
748.5388614420874,160.5503868578024
749.311811811812,161.1102624377216
750.0847621815367,160.07809498736563
750.8577125512611,160.1611075450746
751.6306629209857,164.37386709295345
752.4036132907104,160.04618136111674
753.1765636604348,159.23842917494528
753.9495140301594,162.8556996167116
754.7224643998841,161.11099870408938
755.4954147696085,162.42134341826664
756.2683651393331,162.75576228930592
757.0413155090578,163.94797363427654
757.8142658787822,161.15909558337856
758.5872162485068,160.67782101267954
759.3601666182315,161.94433446336987
760.1331169879559,159.27974468269522
760.9060673576805,164.56592763719817
761.6790177274052,165.6599026720345
762.4519680971296,164.33618419523106
763.2249184668542,158.28506360106888
763.9978688365788,161.09003500203426
764.7708192063033,160.33836575025805
765.5437695760279,161.08980976122956
766.3167199457525,162.16720914981724
767.089670315477,162.0075941264178
767.8626206852016,159.75296198014246
768.6355710549262,158.65817798978546
769.4085214246506,159.31270778836875
770.1814717943753,161.09096180419084
770.9544221640999,162.38902705230478
771.7273725338243,162.75622829878205
772.500322903549,164.10447261225556
773.2732732732736,157.95708276316304
774.046223642998,156.8179275747466
774.8191740127227,160.734623058478
775.5921243824473,161.09540426253747
776.3650747521717,159.00175761757893
777.1380251218964,166.06495175108455
777.910975491621,159.91695834365626
778.6839258613454,161.44440995222837
779.45687623107,161.1003301933562
780.2298266007947,162.5206849928688
781.0027769705191,164.03197282046406
781.7757273402437,161.10389013028288
782.5486777099684,157.12276773216666
783.3216280796928,159.47824012267992
784.0945784494174,161.10785015499258
784.8675288191421,162.22638526468896
785.6404791888665,156.38690673204366
786.4134295585911,160.47629041669862
787.1863799283158,162.2128300652352
787.9593302980402,161.11522106670822
788.7322806677648,161.81206691056929
789.5052310374892,161.11840162271704
790.2781814072139,160.7833133408347
791.0511317769385,160.48607186872331
791.8240821466629,163.75736707838888
792.5970325163876,161.1250898489438
793.3699828861122,164.04998119168542
794.1429332558366,162.62202276504667
794.9158836255613,164.83002535019932
795.6888339952859,163.53278467847846
796.4617843650103,159.06242991614553
797.234734734735,161.8739644216744
798.0076851044596,160.40894056537743
798.780635474184,161.13941366994
799.5535858439086,161.8190091153033
800.3265362136333,162.10069683474381
801.0994865833577,158.80862723786475
801.8724369530823,159.84202865228434
802.645387322807,161.14871062860465
803.4183376925314,161.72328343584726
804.191288062256,161.1524472072182
804.9642384319807,160.6988744995154
805.7371888017051,161.43189902651864
806.5101391714297,157.2059209814374
807.2830895411544,161.15987994235485
808.0560399108788,157.36507517890294
808.8289902806034,158.78602295419924
809.6019406503281,162.52468683716123
810.3748910200525,160.1468177231043
811.1478413897771,165.4266697536662
811.9207917595018,159.77778345999093
812.6937421292262,161.31606221296727
813.4666924989508,161.1742226359722
814.2396428686754,160.37730098834268
815.0125932383999,157.41095601854647
815.7855436081245,161.32275466481582
816.5584939778491,161.18092625828464
817.3314443475736,162.49646038618798
818.1043947172982,161.18411600227998
818.8773450870228,161.35908846512334
819.6502954567472,161.57411965590634
820.4232458264719,161.71061305153273
821.1961961961965,166.03920029754792
821.9691465659209,158.69524851862377
822.7420969356456,160.44209874102606
823.5150473053702,158.4597397042518
824.2879976750946,162.30407116134492
825.0609480448193,161.19673382585665
825.8338984145439,161.1979282102275
826.6068487842683,161.85722683921682
827.379799153993,163.0729768747066
828.1527495237176,161.597664937844
828.925699893442,163.14833112344803
829.6986502631667,161.20315644390377
830.4716006328913,161.9241418011753
831.2445510026157,161.0374847981806
832.0175013723403,161.36788331801114
832.790451742065,164.03908599681066
833.5634021117894,161.2281406251516
834.336352481514,162.07334297017283
835.1093028512387,164.10755232656723
835.8822532209631,162.24182215659084
836.6552035906877,164.01804607965988
837.4281539604124,166.0216043774828
838.2011043301368,161.43519097382602
838.9740546998614,157.45392935741938
839.7470050695861,162.34417802958316
840.5199554393105,162.6146885864823
841.2929058090351,161.0485809970593
842.0658561787598,161.20957149845304
842.8388065484842,158.26900009272097
843.6117569182088,157.93649197288227
844.3847072879335,162.96469815445843
845.1576576576579,163.05725383585266
845.9306080273825,156.459265228485
846.7035583971071,160.561228325267
847.4765087668316,160.87301832122432
848.2494591365562,161.93477886690715
849.0224095062808,159.8553394622395
849.7953598760053,159.27409046919416
850.5683102457299,160.70804971287265
851.3412606154545,160.66525121340192
852.1142109851789,162.74611564991022
852.8871613549036,161.7696564790776
853.6601117246282,161.19681249942354
854.4330620943526,163.0467546173297
855.2060124640773,161.14650461718767
855.9789628338019,159.55742417531394
856.7519132035263,163.6977464181543
857.524863573251,165.4306058090464
858.2978139429756,161.18536946684134
859.0707643127,164.77864785467233
859.8437146824247,161.18065124587199
860.6166650521493,160.37826423003082
861.3896154218737,160.9327666356897
862.1625657915984,162.19967301008722
862.935516161323,165.3736075528581
863.7084665310474,163.4166763114823
864.481416900772,159.4401306314116
865.2543672704967,161.16032456746973
866.0273176402211,161.15691508450465
866.8002680099457,157.39367745767055
867.5732183796704,162.19448236627156
868.3461687493948,161.73490300591075
869.1191191191194,161.14194849317974
869.8920694888441,157.18547227199048
870.6650198585685,160.0359117490161
871.4379702282931,162.0450505826155
872.2109205980175,163.6137370267971
872.9838709677422,157.2155362723005
