100.80645161290323,152.1464672875734
101.5794019826278,148.56390339230575
102.35235235235236,148.32610940180854
103.12530272207692,149.7954443072562
103.89825309180148,147.413064320514
104.67120346152605,151.7569875769115
105.44415383125062,153.75161824115912
106.21710420097517,152.32646873286237
106.99005457069974,152.6081499212281
107.76300494042431,155.8271829713129
108.53595531014886,153.0370044202029
109.30890567987343,149.88482610073888
110.08185604959799,154.16561727564076
110.85480641932256,153.98593861893016
111.62775678904713,153.40716541997983
112.40070715877168,155.70574182415587
113.17365752849625,153.97415034136978
113.9466078982208,156.4827778801796
114.71955826794537,159.3958921675138
115.49250863766994,158.09055952996349
116.2654590073945,158.06504060860115
117.03840937711907,160.16608973060804
117.81135974684364,159.90504268552564
118.58431011656819,156.69394592764897
119.35726048629276,157.344486214253
120.13021085601733,158.28531019484302
120.90316122574188,155.7636466132314
121.67611159546645,159.08704988586084
122.449061965191,153.59979661447124
123.22201233491558,158.0512301981031
123.99496270464013,156.36763695324754
124.7679130743647,158.80430549216655
125.54086344408927,159.29904406174163
126.31381381381382,158.98554132278844
127.08676418353839,158.31922126679729
127.85971455326296,154.45313767837894
128.63266492298752,161.05826650322365
129.40561529271207,160.32727761297133
130.17856566243665,164.10185219841824
130.9515160321612,163.49223110219353
131.72446640188576,160.4684479619389
132.49741677161035,158.3217776208286
133.2703671413349,162.93182736010084
134.04331751105946,161.11113719212148
134.81626788078404,159.75219731622923
135.5892182505086,161.77444378751258
136.36216862023315,158.4458479266063
137.13511898995773,161.9964596587481
137.9080693596823,162.44286284288145
138.68101972940684,162.95391671465305
139.45397009913142,161.60507851129555
140.22692046885598,163.50071907299935
140.99987083858053,165.5799834070406
141.7728212083051,165.69899022676756
142.54577157802967,165.98144839706256
143.31872194775423,163.24009755258857
144.09167231747878,163.71861616430294
144.86462268720334,163.01786204292983
145.63757305692792,162.53334525774306
146.41052342665247,164.2554583445075
147.18347379637703,166.77300074203325
147.9564241661016,163.62535792158792
148.72937453582617,161.72052994323633
149.50232490555072,167.8687276743798
150.2752752752753,168.36756921601759
151.04822564499986,166.50981508757022
151.82117601472441,164.21651790793484
152.594126384449,167.9455028470201
153.36707675417355,163.5725668696212
154.1400271238981,166.66094332907008
154.9129774936227,166.06435903282483
155.68592786334725,169.06049286359809
156.4588782330718,169.17957276876265
157.23182860279638,166.51412049495553
158.00477897252094,169.34419560085857
158.7777293422455,166.91387950584772
159.55067971197008,166.9451771501097
160.32363008169463,168.9561127885376
161.0965804514192,165.98760190574217
161.86953082114377,167.35751323836868
162.64248119086832,165.70289938798186
163.41543156059288,165.53943990525346
164.18838193031743,167.6533109602679
164.961332300042,168.5062954797368
165.73428266976657,167.51172913318675
166.50723303949113,164.3901469815408
167.28018340921568,172.1743120043085
168.05313377894026,166.11537014300688
168.82608414866482,168.48204050258425
169.59903451838937,169.10978867129714
170.37198488811396,171.51003621729248
171.1449352578385,168.53147826146485
171.91788562756307,169.4806298920365
172.69083599728765,168.72284121159504
173.4637863670122,170.41780024923833
174.23673673673676,170.86804944959454
175.00968710646134,168.57430264993502
175.7826374761859,169.4375153076616
176.55558784591045,168.90722304991982
177.32853821563504,169.62684249604078
178.1014885853596,170.52217216044437
178.87443895508414,172.6054685005537
179.64738932480873,169.14657939725572
180.42033969453328,168.85431639120716
181.19329006425784,168.94281609936806
181.96624043398242,169.512943063415
182.73919080370695,170.22351213579077
183.51214117343153,170.30036502932327
184.2850915431561,169.64606389960264
185.05804191288064,167.0887873912303
185.83099228260522,169.6106149986782
186.6039426523298,170.7917559313059
187.37689302205433,169.87558664932752
188.14984339177892,170.0250929426558
188.92279376150347,167.1115603880329
189.69574413122803,170.83960546916185
190.4686945009526,170.88500985107626
191.24164487067716,170.15975864116623
192.01459524040172,169.85378293007477
192.7875456101263,168.1554604695281
193.56049597985086,171.10830782657493
194.3334463495754,171.74184206622544
195.1063967193,172.43879270108678
195.87934708902455,172.1531223068697
196.6522974587491,173.06489576683012
197.4252478284737,170.15635453772077
198.19819819819824,171.7684486778567
198.9711485679228,172.48855253938245
199.74409893764738,170.70814513468864
200.51704930737193,172.610592427323
201.2899996770965,167.48999174359025
202.06295004682107,172.12670310148928
202.8359004165456,169.17722805012897
203.60885078627018,174.18493862928565
204.38180115599476,167.82991883995896
205.1547515257193,170.565171403711
205.92770189544387,168.67206175532058
206.70065226516846,172.13788025491587
207.47360263489298,170.99533991477614
208.24655300461757,169.84684685162193
209.01950337434212,172.95567469580897
209.79245374406668,173.55367590334916
210.56540411379126,170.05268132628123
211.33835448351581,173.3533301476132
212.11130485324037,173.61424244675354
212.88425522296495,173.49170075671105
213.6572055926895,172.27894669655768
214.43015596241406,169.75869891348503
215.20310633213865,174.55709889276213
215.9760567018632,171.62634669516945
216.74900707158776,170.584804525451
217.52195744131234,168.21215123136633
218.2949078110369,169.54112427752716
219.06785818076145,171.5580249403987
219.84080855048603,171.27539485152948
220.61375892021059,171.65649614883978
221.38670928993514,168.78598187304337
222.15965965965972,170.50634475669048
222.93261002938428,170.73721014239536
223.70556039910883,168.83722848913405
224.47851076883342,170.78234147254386
225.25146113855794,170.15503843250661
226.02441150828253,171.27993111672552
226.7973618780071,171.90512724965652
227.57031224773164,171.19471459716002
228.34326261745622,174.42732649547386
229.11621298718077,171.10097236299475
229.88916335690536,171.0509026436855
230.6621137266299,173.91879602357997
231.43506409635447,172.65887936479106
232.20801446607902,168.02642462382093
232.9809648358036,167.83146030068522
233.75391520552816,172.3208606518187
234.5268655752527,173.97101110459872
235.2998159449773,170.62520732473405
236.07276631470185,169.98174825740642
236.8457166844264,170.439859346717
237.618667054151,171.69139733474776
238.39161742387554,170.4256955504255
239.1645677936001,167.85889128976453
239.93751816332468,170.91231443101074
240.71046853304924,170.12432496468065
241.4834189027738,169.39251508934817
242.25636927249835,168.87625901045988
243.02931964222293,169.78445244789856
243.80227001194748,168.49831119699954
244.57522038167204,169.72340914572192
245.34817075139662,171.12111256276881
246.12112112112118,169.49285958473527
246.89407149084573,168.2450690185573
247.66702186057032,170.16137053191045
248.43997223029487,169.18409863155932
249.21292260001943,172.1572254501891
249.985872969744,172.09528833307849
250.75882333946856,170.84024312181404
251.53177370919312,167.32955413420956
252.30472407891767,169.82870721891015
253.07767444864226,168.45828712353673
253.8506248183668,168.3399574191825
254.62357518809137,164.93797212854557
255.39652555781595,171.0571056153234
256.1694759275405,166.8256768916264
256.94242629726506,171.17322183765353
257.71537666698964,167.69783647440096
258.48832703671417,171.36689025529
259.26127740643875,163.45180935222845
260.03422777616333,164.808280127115
260.80717814588786,167.63847556911975
261.58012851561244,169.43350887566552
262.353078885337,170.49683323555396
263.12602925506155,163.22624328957065
263.89897962478614,167.67715436768555
264.6719299945107,166.29367865028578
265.44488036423525,165.71833548045333
266.21783073395983,167.27521633866832
266.9907811036844,165.32943369818153
267.76373147340894,165.3842457978133
268.5366818431335,165.39607863212447
269.3096322128581,162.7727454337105
270.08258258258263,163.99382109724763
270.8555329523072,163.96512989416877
271.6284833220318,159.9791657097846
272.4014336917563,165.57242020980223
273.1743840614809,161.93242419256987
273.9473344312055,163.98843637809392
274.72028480093,165.1444245025943
275.4932351706546,164.79149362154575
276.2661855403792,163.32868394704653
277.0391359101037,165.70830322806052
277.8120862798283,164.25261509544518
278.5850366495529,165.8522791142999
279.3579870192774,164.29465439968845
280.130937389002,163.91517128347004
280.90388775872657,160.74084984451324
281.6768381284511,162.69199820536403
282.4497884981757,163.27959254743348
283.22273886790026,161.99780439498952
283.9956892376248,158.88364101702376
284.7686396073493,159.33531898777935
285.54158997707395,161.7974820383772
286.3145403467985,157.78535073625955
287.087490716523,163.2499424536632
287.86044108624765,160.35125365522643
288.6333914559722,155.00015710778035
289.4063418256967,159.68115585230916
290.17929219542134,155.84872930018375
290.95224256514587,157.5146275883568
291.7251929348704,158.61025314051454
292.49814330459503,158.37576689262468
293.27109367431956,155.3884301668839
294.0440440440441,160.80913300556716
294.81699441376867,157.4826024172936
295.58994478349325,154.56571790321163
296.3628951532178,156.04065317192888
297.13584552294236,156.03796223110962
297.90879589266694,154.71627680261525
298.68174626239147,156.27749078644945
299.45469663211605,150.08727322223248
300.22764700184064,153.61221179231143
301.00059737156516,153.84144976242774
301.77354774128975,155.293774727376
302.54649811101433,151.84076315137946
303.31944848073886,153.62974095911594
304.09239885046344,150.8481347801668
304.865349220188,154.32009393593268
305.63829958991255,151.41876156381426
306.41124995963713,149.6328071149924
307.1842003293617,149.46638036823327
307.95715069908624,150.5684810650255
308.7301010688108,152.66945416551067
309.5030514385354,152.33657571959245
310.27600180825993,150.94200942023159
311.0489521779845,148.99167000481825
311.8219025477091,148.59126931709747
312.5948529174336,151.79540546961843
313.3678032871582,145.63319052170615
314.1407536568828,147.83506425692914
314.9137040266073,145.88866156574613
315.6866543963319,146.55668822546633
316.4596047660565,147.81687955389555
317.232555135781,146.44923394065816
318.0055055055056,146.68938327398004
318.7784558752302,146.3478915803928
319.5514062449547,148.96652750148698
320.3243566146793,146.95706530261583
321.0973069844039,143.63383724277682
321.8702573541284,145.34229697993024
322.643207723853,141.53103293815695
323.41615809357756,143.848104439623
324.1891084633021,141.93546349243564
324.9620588330266,142.72462338801648
325.73500920275126,143.06229122666647
326.5079595724758,137.25576555676264
327.2809099422003,141.11363704608627
328.05386031192495,144.6616975838879
328.8268106816495,139.56742698805633
329.599761051374,137.17676534170957
330.37271142109864,135.26619112443476
331.14566179082317,133.1195337138246
331.9186121605477,135.58065962301959
332.69156253027234,142.0493713952968
333.46451289999686,136.78512872505448
334.2374632697214,136.94672355328763
335.010413639446,137.41354382718296
335.78336400917055,138.28392282134675
336.5563143788951,135.62098025756413
337.32926474861966,134.64161208120083
338.10221511834425,135.57090498755576
338.8751654880688,134.13256987458527
339.64811585779336,133.36332194841776
340.42106622751794,135.62240038945032
341.19401659724247,132.51586892220706
341.96696696696705,132.80404874068915
342.73991733669163,133.05303596881996
343.51286770641616,127.48035607274988
344.28581807614074,130.8355412057493
345.0587684458653,130.41901517312994
345.83171881558985,133.9820473609235
346.60466918531444,127.9783812222052
347.377619555039,129.34456734776364
348.15056992476354,128.76980245064652
348.9235202944881,126.01009464931134
349.6964706642127,124.98204257669383
350.46942103393724,131.12381249312685
351.2423714036618,130.9287069943537
352.0153217733864,129.64794638270396
352.78827214311093,126.7733078285925
353.5612225128355,125.9624069267473
354.3341728825601,125.62113947272539
355.1071232522846,123.50554276803716
355.8800736220092,124.0434165844811
356.6530239917338,125.35782901954535
357.4259743614583,125.62253715481327
358.1989247311829,126.95682341496834
358.9718751009075,120.51298479818657
359.744825470632,119.40143071059015
360.5177758403566,126.81802671561617
361.2907262100811,120.94630576657819
362.0636765798057,123.60543052261738
362.8366269495303,121.46056437951349
363.6095773192548,118.56892406929738
364.3825276889794,117.38666557143388
365.155478058704,120.41112587438596
365.9284284284285,120.53620761365366
366.7013787981531,121.19792873663273
367.47432916787767,119.39689830155531
368.2472795376022,121.80086766940981
369.0202299073268,119.68732244951282
369.79318027705136,118.52716600490153
370.5661306467759,122.84975413414112
371.3390810165005,116.85760847745536
372.11203138622506,120.3339476655199
372.8849817559496,115.33347538496683
373.65793212567417,117.10651234923368
374.43088249539875,117.8327719118213
375.2038328651233,119.93358546987321
375.97678323484786,117.23378983383985
376.74973360457244,114.86236715880422
377.52268397429697,113.55231061531383
378.29563434402155,115.50070582749467
379.06858471374613,116.46768219307312
379.84153508347066,115.56736120721085
380.61448545319524,114.4306061552722
381.3874358229198,112.59461335383156
382.16038619264435,111.42792648158351
382.93333656236894,116.38943521762306
383.70628693209346,112.76121093010742
384.47923730181805,118.09292768970629
385.25218767154263,111.39460252892066
386.02513804126716,113.46770204281852
386.79808841099174,112.63568986581267
387.5710387807163,112.21804912036289
388.34398915044085,113.0313861214797
389.11693952016543,111.97207386289801
389.88988988989,111.88399227683132
390.66284025961454,107.3168425437732
391.4357906293391,114.16225395928132
392.2087409990637,112.2356786448586
392.98169136878823,111.18404608980099
393.7546417385128,112.79098513117727
394.5275921082374,110.08095534512667
395.3005424779619,111.94875726802296
396.0734928476865,111.6090483207116
396.8464432174111,108.93053665960073
397.6193935871356,112.53106883368042
398.3923439568602,110.29620212539128
399.1652943265848,110.18524750992964
399.9382446963093,106.88372435726261
400.7111950660339,108.49774555916305
401.4841454357585,109.8843918010625
402.257095805483,110.2798512125009
403.0300461752076,109.76448369138727
403.8029965449321,109.0907599779583
404.5759469146567,110.08213368823536
405.3488972843813,107.83129597473406
406.1218476541058,111.87336797980616
406.8947980238304,105.98734501827114
407.667748393555,113.25789751075027
408.4406987632795,107.35217842033606
409.2136491330041,108.64035311670233
409.98659950272867,108.4850760709726
410.7595498724532,106.47032526851952
411.5325002421778,109.28138172044724
412.30545061190236,110.40937189333815
413.0784009816269,108.52126369615814
413.85135135135147,107.1408859115666
414.62430172107605,107.15377151878013
415.3972520908006,109.02367443126691
416.17020246052516,108.81877939252782
416.94315283024974,109.0209148972575
417.71610319997427,107.26596164636483
418.48905356969885,109.03537940967125
419.26200393942344,107.91871618320268
420.03495430914796,109.36958351665201
420.80790467887255,107.6227684431756
421.58085504859713,113.1386624616727
422.35380541832166,109.14447773288282
423.12675578804624,106.31948880617594
423.89970615777077,109.21632461466854
424.67265652749535,105.26178674811018
425.44560689721993,109.2251615855891
426.21855726694446,109.81845392882235
426.99150763666904,111.35624411552976
427.7644580063936,108.84642693988376
428.53740837611815,111.80117228866816
429.31035874584273,109.58795183658565
430.0833091155673,107.6830306898197
430.85625948529184,108.65688191687872
431.6292098550164,109.8016775742876
432.402160224741,109.87984263577016
433.17511059446554,112.49810973411478
433.9480609641901,109.0939752581044
434.7210113339147,108.5541274256917
435.49396170363923,112.46950655406036
436.2669120733638,109.87230237745936
437.0398624430884,107.82565919271798
437.8128128128129,110.5191933029319
438.5857631825375,108.609296571127
439.3587135522621,112.34490019093748
440.1316639219866,109.03367195271184
440.9046142917112,112.70676441013046
441.6775646614358,110.41328347338266
442.4505150311603,113.0728627321651
443.2234654008849,108.97256018516187
443.9964157706095,107.17552983764239
444.769366140334,114.8691880649401
445.5423165100586,110.55374476584512
446.3152668797831,115.6285674108614
447.0882172495077,111.95558358111522
447.8611676192323,112.09269335194533
448.6341179889568,112.41794465159424
449.4070683586814,112.3742576432451
450.18001872840597,114.52763871306708
450.9529690981305,112.78243257202514
451.7259194678551,111.30573970553706
452.49886983757966,112.96547553857616
453.2718202073042,109.7979839101563
454.04477057702877,113.27439217927818
454.81772094675335,112.37556332592672
455.5906713164779,113.5340990931459
456.36362168620246,115.19698063256074
457.13657205592705,112.26602788891093
457.9095224256516,115.91137197898689
458.68247279537616,114.09818710016836
459.45542316510074,112.00867778697582
460.22837353482527,116.15721853157565
461.00132390454985,114.68678300663152
461.77427427427443,114.93731304656703
462.54722464399896,112.16982889952166
463.32017501372354,116.20195117021122
464.0931253834481,115.4701581771938
464.86607575317265,111.97307740690648
465.63902612289723,120.70300708090096
466.41197649262176,116.0164703580357
467.18492686234634,120.19574308523012
467.9578772320709,119.7594769109761
468.73082760179545,116.57500596347461
469.50377797152004,115.96525435219384
470.2767283412446,117.63553721154645
471.04967871096915,112.35478074023196
471.82262908069373,117.06792908223306
472.5955794504183,117.1138834436199
473.36852982014284,116.97568925388374
474.1414801898674,120.60341332718819
474.914430559592,118.74122412706953
475.68738092931653,115.3484611179534
476.4603312990411,122.64019078453748
477.2332816687657,121.12261212017901
478.0062320384902,118.90736065773044
478.7791824082148,120.8941691719999
479.5521327779394,122.47132032266101
480.3250831476639,119.51067591024204
481.0980335173885,122.5960617780175
481.8709838871131,119.72783933418758
482.6439342568376,119.99242830416688
483.4168846265622,118.77582325289006
484.1898349962868,120.77975805707362
484.9627853660113,122.49139387238591
485.7357357357359,117.55140153075658
486.5086861054604,121.15342370621275
487.281636475185,122.73558088469166
488.0545868449096,123.80910735737052
488.8275372146341,120.43785465961753
489.6004875843587,125.50249170231987
490.3734379540833,122.20265374893476
491.1463883238078,122.11359770548074
491.9193386935324,121.05625422907687
492.69228906325696,122.28726461873107
493.4652394329815,124.1346764014766
494.2381898027061,122.83671520948435
495.01114017243066,121.79972087370659
495.7840905421552,126.84939386827632
496.55704091187977,123.9121241263175
497.32999128160435,120.6521503308114
498.1029416513289,120.26380717434618
498.87589202105346,124.15420066712849
499.64884239077804,127.35073576401959
500.42179276050257,126.79709082609584
501.19474313022715,125.22700611539882
501.96769349995174,122.80754804116333
502.74064386967626,125.65283677529497
503.51359423940085,127.93049498917307
504.28654460912543,126.09201995510949
505.05949497884995,126.31213194381036
505.83244534857454,128.53063430974277
506.6053957182991,126.75332366985205
507.37834608802365,128.39356032377287
508.15129645774823,125.48158134769969
508.92424682747276,129.40990263079934
509.69719719719734,127.26440363830024
510.4701475669219,129.71147357759298
511.24309793664645,126.61217547855038
512.016048306371,128.3061220438264
512.7889986760956,129.34172131739646
513.5619490458201,126.6111801274076
514.3348994155447,128.73529526544039
515.1078497852693,128.11597323392323
515.8808001549938,129.63140860074407
516.6537505247184,127.77391408655171
517.426700894443,131.58142369759514
518.1996512641675,129.7890764502583
518.972601633892,129.99863266804988
519.7455520036167,130.81092355221827
520.5185023733412,128.77509826060611
521.2914527430657,132.8394029757164
522.0644031127904,128.8243392641759
522.8373534825149,131.4355144456066
523.6103038522394,132.64389891598398
524.3832542219641,136.1383182341079
525.1562045916886,130.69471704014157
525.9291549614131,135.0540867208811
526.7021053311378,136.03015968752254
527.4750557008623,131.14635216339144
528.2480060705868,136.13935264754414
529.0209564403115,132.17899869741456
529.793906810036,131.6494743570754
530.5668571797605,133.67210361722042
531.3398075494852,130.23691278545337
532.1127579192097,132.3207827935375
532.8857082889342,135.0566742689948
533.6586586586589,132.71031217380457
534.4316090283834,136.7710549451758
535.2045593981079,134.4112085418045
535.9775097678325,134.9940725682801
536.7504601375571,132.65982756614503
537.5234105072816,135.22774281731253
538.2963608770062,137.3168965533716
539.0693112467308,136.56539492119592
539.8422616164553,139.02175638116694
540.6152119861799,137.2517369385528
541.3881623559045,136.77439413281223
542.161112725629,136.99386110426494
542.9340630953536,137.59545829777738
543.7070134650781,138.6405447655773
544.4799638348027,137.65012274222406
545.2529142045273,136.49013738472766
546.0258645742518,138.6479399853258
546.7988149439764,137.33972186801478
547.571765313701,138.5196939493314
548.3447156834255,137.05555708180475
549.1176660531501,141.39580326533928
549.8906164228747,137.27907613458407
550.6635667925992,140.08575893351343
551.4365171623238,139.5968169274488
552.2094675320484,142.25926294992973
552.9824179017729,140.02429325732632
553.7553682714974,139.3509834337754
554.5283186412221,139.21968964165833
555.3012690109466,139.16240675068107
556.0742193806711,142.02726883859563
556.8471697503958,140.6033587636118
557.6201201201203,141.094451640741
558.3930704898448,144.7371249078418
559.1660208595695,137.3581398544352
559.938971229294,138.1550963012191
560.7119215990185,143.48223831119446
561.4848719687432,142.33576009333572
562.2578223384677,141.6496993147871
563.0307727081922,142.1393549904198
563.8037230779169,142.65224092634844
564.5766734476414,145.00203195916853
565.3496238173659,139.08351804260718
566.1225741870905,142.90279675146112
566.8955245568151,142.67412194714112
567.6684749265396,147.128474602186
568.4414252962642,140.56584210942825
569.2143756659888,144.36910133988266
569.9873260357133,145.92961219235707
570.7602764054379,146.52516502459662
571.5332267751623,143.5289472894979
572.306177144887,141.67947307914235
573.0791275146116,146.89940150446816
573.852077884336,144.2913473799334
574.6250282540607,145.68517841292768
575.3979786237853,146.684257946775
576.1709289935097,146.85635184339844
576.9438793632344,143.8332318282827
577.716829732959,146.51604729333013
578.4897801026834,148.45712003067254
579.2627304724081,145.13687039951736
580.0356808421327,147.3034934463743
580.8086312118571,146.99934651678402
581.5815815815818,145.6763329310279
582.3545319513064,151.27843862535286
583.1274823210308,147.8262128310246
583.9004326907555,149.02333670025817
584.6733830604801,147.18087976812345
585.4463334302045,149.7436715754587
586.2192837999291,151.97406580417234
586.9922341696538,149.70667079023144
587.7651845393782,150.10833765504347
588.5381349091028,149.71026741385904
589.3110852788275,148.50045487276293
590.0840356485519,147.71230828332767
590.8569860182765,145.55081498587836
591.629936388001,146.729011872216
592.4028867577256,149.1543817417355
593.1758371274502,152.67972793168056
593.9487874971747,151.12104356477067
594.7217378668993,146.67183432882015
595.4946882366239,152.19508827921305
596.2676386063484,147.6712720653443
597.040588976073,150.96221254422525
597.8135393457976,152.80354031881257
598.5864897155221,153.1611567625471
599.3594400852467,151.88867057574114
600.1323904549713,154.07452889097914
600.9053408246958,152.27164072923108
601.6782911944204,153.5466309289968
602.451241564145,155.94808249572455
603.2241919338695,155.77663689618143
603.997142303594,152.3876977412041
604.7700926733187,157.01485573012218
605.5430430430432,150.80431342152434
606.3159934127677,152.83956369749822
607.0889437824924,150.831237133456
607.8618941522169,150.91934963142614
608.6348445219414,154.6973239997715
609.4077948916661,155.31585802737925
610.1807452613906,150.56706928968686
610.9536956311151,151.39359661909342
611.7266460008398,152.4325839790324
612.4995963705643,154.35995636616414
613.2725467402888,155.2563742630752
614.0454971100135,154.25588035101208
614.8184474797381,154.3895936150966
615.5913978494625,154.5218186700126
616.3643482191871,151.0403778347679
617.1372985889118,152.42118900244822
617.9102489586362,154.90944333013172
618.6831993283608,155.03559429875574
619.4561496980855,156.14133220024468
620.2291000678099,155.28323760910948
621.0020504375345,155.40470570091557
621.775000807259,155.52458858385864
622.5479511769836,153.0642569894592
623.3209015467082,155.75955054153454
624.0938519164326,156.5070274918073
624.8668022861573,155.60115312021907
625.6397526558819,154.30101313058756
626.4127030256063,157.38737479804624
627.185653395331,157.93540188951243
627.9586037650556,156.43665392445035
628.73155413478,156.5317778715095
629.5045045045047,157.89942410347496
630.2774548742293,158.55846523529794
631.0504052439537,160.83490470154047
631.8233556136784,156.9390364694484
632.596305983403,159.66598318857393
633.3692563531274,154.52061811570664
634.142206722852,155.8079841643123
634.9151570925767,161.36827368273407
635.6881074623011,154.86205702899676
636.4610578320257,154.84782272815804
637.2340082017504,160.572810403142
638.0069585714748,157.6826567147008
638.7799089411994,160.82924953734903
639.5528593109241,160.86852655857453
640.3258096806485,158.75974400519186
641.0987600503731,157.77266150341035
641.8717104200978,155.13977611524308
642.6446607898222,158.07655205814712
643.4176111595468,155.49326478139497
644.1905615292715,158.59133051647115
644.9635118989959,157.91623061736422
645.7364622687205,156.31618464960795
646.5094126384452,159.46557049698268
647.2823630081696,157.92420014808584
648.0553133778942,158.70183326670752
648.8282637476188,158.25575973563767
649.6012141173433,158.12853046619935
650.3741644870679,159.08986096464295
651.1471148567925,158.65792301968662
651.920065226517,160.90295274061353
652.6930155962416,157.17081120317752
653.4659659659662,156.2178000047726
654.2389163356906,158.87552594548313
655.0118667054153,158.10375137649743
655.7848170751399,162.02457794656976
656.5577674448643,159.9141069530555
657.330717814589,161.16595606132455
658.1036681843136,160.6747377528386
658.876618554038,155.32090869902333
659.6495689237627,155.4015685181317
660.4225192934873,157.85509589929993
661.1954696632117,156.26152914096878
661.9684200329364,161.10495272120195
662.741370402661,159.8142265849064
663.5143207723854,157.9463886379195
664.2872711421101,159.9078618414219
665.0602215118347,163.3228142403033
665.8331718815591,158.7207754120751
666.6061222512838,159.9774691987396
667.3790726210084,159.5809284732866
668.1520229907328,160.3269527030983
668.9249733604574,161.6225820695426
669.6979237301821,160.31913422838446
670.4708740999065,158.67275652440458
671.2438244696311,163.51946360022265
672.0167748393558,160.1143877206175
672.7897252090802,157.75244299139845
673.5626755788048,160.38591645782435
674.3356259485295,160.61402617888905
675.1085763182539,157.33482674807718
675.8815266879785,156.14728598957015
676.6544770577032,158.61684267935752
677.4274274274276,160.960354813532
678.2003777971522,163.16317345753336
678.9733281668769,162.09339932596316
679.7462785366013,161.93241665224232
680.5192289063259,159.19379513853286
681.2921792760505,160.75162409748833
682.065129645775,160.70949718195268
682.8380800154996,160.73399987251688
683.6110303852242,159.83969247001454
684.3839807549487,165.6199128054482
685.1569311246733,160.8029214191136
685.9298814943979,162.5395713035175
686.7028318641223,162.09800589769716
687.475782233847,158.36725605630824
688.2487326035716,160.8326857459206
689.021682973296,159.33589979540128
689.7946333430207,157.01863835684017
690.5675837127453,157.7896291652089
691.3405340824697,161.9278697845681
692.1134844521944,161.73757229653012
692.886434821919,164.02901100780585
693.6593851916434,157.18823244397385
694.4323355613681,162.65302355261983
695.2052859310927,162.51996378136664
695.9782363008171,159.8948987970949
696.7511866705418,156.50155936688964
697.5241370402664,161.06536358709138
698.2970874099908,161.45464420313291
699.0700377797154,164.07254835707772
699.8429881494401,157.09802671084424
700.6159385191645,161.10665071451703
701.3888888888891,163.64582474422346
702.1618392586138,160.7706249232118
702.9347896283382,157.87185025029598
703.7077399980628,160.5879963438371
704.4806903677875,164.58954157043954
705.2536407375119,162.0301522236802
706.0265911072365,161.15927122044926
706.7995414769609,159.6069993912429
707.5724918466856,160.95356394416453
708.3454422164102,161.17493754639338
709.1183925861346,157.2961070321773
709.8913429558593,161.18330479974173
710.6642933255839,161.83846826643068
711.4372436953083,161.19011228178263
712.210194065033,159.33407904562728
712.9831444347576,159.89030051100113
713.756094804482,156.95917495638056
714.5290451742067,164.4723937980581
715.3019955439313,161.91567151394034
716.0749459136557,159.24681055099714
716.8478962833804,158.4101159926533
717.620846653105,160.50667001602596
718.3937970228294,161.18040942605614
719.166747392554,156.60034107202335
719.9396977622787,161.20357181874215
720.7126481320031,160.4770754948669
721.4855985017277,156.3450247480773
722.2585488714524,160.5305944772961
723.0314992411768,161.22244382758456
723.8044496109014,161.0488568246914
724.5773999806261,163.43263098742452
725.3503503503505,164.2101148678469
726.1233007200751,159.9119701969689
726.8962510897998,160.28478612435305
727.6692014595242,162.98581334270756
728.4421518292488,161.18700518421466
729.2151021989735,162.57064159774237
729.9880525686979,159.63186144848004
730.7610029384225,159.75646154422307
731.5339533081471,159.35471512810258
732.3069036778716,159.08627844692182
733.0798540475962,157.67732864126782
733.8528044173208,158.51598450810164
734.6257547870453,163.60785235198958
735.3987051567699,166.0627371378157
736.1716555264945,162.14472129027538
736.944605896219,159.46349268315217
737.7175562659436,162.4215561791786
738.4905066356682,161.14856597751563
739.2634570053926,163.09147212794255
740.0364073751173,160.0728313612728
740.8093577448419,163.34732865138793
741.5823081145663,164.39745486827667
742.355258484291,159.96829788979267
743.1282088540156,160.3064341081296
743.90115922374,161.36310827378904
744.6741095934647,160.90789040751264
745.4470599631893,160.97733519038297
746.2200103329137,158.01161511513925
746.9929607026384,160.63417055800255
747.765911072363,162.0363932947926
748.5388614420874,161.11235190205426
749.311811811812,159.8747349129075
750.0847621815367,164.8546911326756
750.8577125512611,158.08219043594175
751.6306629209857,162.04500519068282
752.4036132907104,156.80431778865145
753.1765636604348,161.1014652498317
753.9495140301594,162.21022158346034
754.7224643998841,164.73272211245245
755.4954147696085,158.25284809888504
756.2683651393331,160.6517297921996
757.0413155090578,160.52254832536684
757.8142658787822,161.09432613449235
758.5872162485068,164.29732576668317
759.3601666182315,160.4032722372955
760.1331169879559,161.0920530930652
760.9060673576805,162.29071234682505
761.6790177274052,157.40006806123594
762.4519680971296,161.7097472820363
763.2249184668542,164.12370834191714
763.9978688365788,160.151145711177
764.7708192063033,163.767420869742
765.5437695760279,163.50385443961724
766.3167199457525,161.013239094369
767.089670315477,161.6341773562759
767.8626206852016,164.05615301277555
768.6355710549262,158.55127573492513
769.4085214246506,159.46837484954338
770.1814717943753,164.6316953124499
770.9544221640999,161.0914034344545
771.7273725338243,162.16498699132129
772.500322903549,162.17973873162956
773.2732732732736,161.09312401053933
774.046223642998,159.6891829346315
774.8191740127227,161.60547886297886
775.5921243824473,158.5865794612217
776.3650747521717,161.19869058658003
777.1380251218964,163.3592276000154
777.910975491621,161.93935527093788
778.6839258613454,159.14128194085137
779.45687623107,163.71879560196942
780.2298266007947,161.10146969813147
781.0027769705191,161.10265688110744
781.7757273402437,161.46450610871617
782.5486777099684,158.34660961183144
783.3216280796928,156.1157435496582
784.0945784494174,161.10785015499258
784.8675288191421,161.1092515489526
785.6404791888665,162.40865355946082
786.4134295585911,161.11216674345
787.1863799283158,162.89677404414545
787.9593302980402,160.96653483423802
788.7322806677648,159.7908290748164
789.5052310374892,163.8835948312049
790.2781814072139,158.17379710911928
791.0511317769385,161.1216955154657
791.8240821466629,162.21393051174755
792.5970325163876,157.37866069659924
793.3699828861122,159.18929259096058
794.1429332558366,161.1285717271408
794.9158836255613,162.51609395461756
795.6888339952859,161.4344407914395
796.4617843650103,162.86893022646123
797.234734734735,159.5856262102628
798.0076851044596,161.13757480070942
798.780635474184,161.13941366994
799.5535858439086,160.70958118738153
800.3265362136333,162.65745103444112
801.0994865833577,159.98821367272242
801.8724369530823,162.81855433779643
802.645387322807,162.59728762623752
803.4183376925314,161.15057925883076
804.191288062256,158.25634976769487
804.9642384319807,159.6533649887032
805.7371888017051,163.5601753843113
806.5101391714297,163.30749886730104
807.2830895411544,163.3830036339912
808.0560399108788,158.17031523017985
808.8289902806034,159.61941158470563
809.6019406503281,163.14273448086146
810.3748910200525,159.4997992729429
811.1478413897771,158.86937373594532
811.9207917595018,161.17073454967615
812.6937421292262,157.26640597610808
813.4666924989508,161.6813688848233
814.2396428686754,159.8272837520824
815.0125932383999,161.17762417084518
815.7855436081245,159.22314563287654
816.5584939778491,158.20403088037267
817.3314443475736,159.34727387974633
818.1043947172982,159.6812696132149
818.8773450870228,160.60226577852828
819.6502954567472,159.47135397213748
820.4232458264719,160.40139231749964
821.1961961961965,160.06034901356645
821.9691465659209,159.8930458210795
822.7420969356456,161.0448157495348
823.5150473053702,163.16509814065117
824.2879976750946,156.23449608352365
825.0609480448193,160.00406190943656
825.8338984145439,161.1979282102275
826.6068487842683,158.88668241813764
827.379799153993,156.79580853828426
828.1527495237176,160.01584200890193
828.925699893442,161.5622491089661
829.6986502631667,156.63092138232884
830.4716006328913,157.06092719356977
831.2445510026157,159.71923869841442
832.0175013723403,162.67401375974006
832.790451742065,160.23444751620906
833.5634021117894,160.46431229316852
834.336352481514,160.09984048635866
835.1093028512387,159.17523206303358
835.8822532209631,160.24505290645652
836.6552035906877,161.2089359937587
837.4281539604124,163.28197004600858
838.2011043301368,164.48666678701656
838.9740546998614,161.70253610437334
839.7470050695861,160.69182267986457
840.5199554393105,156.4190567904764
841.2929058090351,160.5738982273777
842.0658561787598,163.2670632610332
842.8388065484842,160.55823989183915
843.6117569182088,161.209045714103
844.3847072879335,160.9301870640091
845.1576576576579,159.58208806627567
845.9306080273825,161.20761921327207
846.7035583971071,161.5869145296599
847.4765087668316,161.18840921504565
848.2494591365562,162.62072797233617
849.0224095062808,161.20445890273783
849.7953598760053,163.86651238635076
850.5683102457299,161.36248441430865
851.3412606154545,161.59645476637675
852.1142109851789,161.75032383954513
852.8871613549036,161.6734469398291
853.6601117246282,158.08889294961216
854.4330620943526,161.19517838547773
855.2060124640773,161.19343719760656
855.9789628338019,161.19158732380862
856.7519132035263,159.22654833835247
857.524863573251,160.33317938365278
858.2978139429756,161.18536946684134
859.0707643127,162.33799040119771
859.8437146824247,160.0624721970571
860.6166650521493,162.0820397792704
861.3896154218737,162.55328362858364
862.1625657915984,161.17268219990504
862.935516161323,159.33191947505233
863.7084665310474,159.51311716061005
864.481416900772,163.15645039232209
865.2543672704967,161.72739490515113
866.0273176402211,162.71224447827433
866.8002680099457,161.30247458821546
867.5732183796704,160.054044042949
868.3461687493948,158.82840247500354
869.1191191191194,156.3232879057571
869.8920694888441,158.46275109781533
870.6650198585685,160.16956005709497
871.4379702282931,161.12928332121152
872.2109205980175,162.19685209597128
872.9838709677422,161.12012987012986
