110.88709677419354,151.40529846913773
111.69031935160966,149.80848495819808
112.4935419290258,151.116662910863
113.29676450644192,151.5176610025917
114.09998708385804,148.25890146423612
114.90320966127416,152.30281685176394
115.7064322386903,152.68705754740796
116.50965481610642,153.06579538255755
117.31287739352254,153.43907182631304
118.11609997093868,149.06584276429382
118.9193225483548,154.39304322170685
119.72254512577092,152.6080089203248
120.52576770318706,154.878393069399
121.32899028060318,155.22498459268786
122.1322128580193,157.2798451525681
122.93543543543542,155.90257137798807
123.73865801285156,156.23364957820002
124.54188059026768,158.42371750934166
125.3451031676838,153.20499104425548
126.14832574509992,157.1965210382863
126.95154832251606,154.56012857540205
127.75477089993218,157.8135474188885
128.5579934773483,158.1147186386537
129.36121605476444,160.49834510673554
130.16443863218058,158.70258448261393
130.96766120959668,157.5209100587208
131.77088378701282,159.2714246598154
132.57410636442893,159.54881379613226
133.37732894184506,158.19615496553985
134.1805515192612,158.34877297616276
134.9837740966773,161.9834230467479
135.78699667409344,156.4323038371176
136.59021925150958,160.59636269826214
137.3934418289257,161.11732783537605
138.19666440634182,158.66580730195764
138.99988698375796,161.60465795308932
139.80310956117407,163.81990430052
140.6063321385902,162.07478704445532
141.4095547160063,162.30350487800874
142.21277729342245,163.9200664203284
143.01599987083858,163.83487752931518
143.81922244825472,165.42989543395908
144.62244502567083,160.22852017671207
145.42566760308696,163.38528568849117
146.22889018050307,161.98899850219988
147.0321127579192,163.78992820248936
147.83533533533534,163.98640037656202
148.63855791275145,164.1790284541508
149.4417804901676,161.45679905070807
150.2450030675837,164.55291819627757
151.04822564499983,161.13812338456842
151.85144822241597,164.9119291816718
152.6546707998321,166.81846763416277
153.4578933772482,165.2563931631356
154.26111595466435,167.00512631291937
155.06433853208046,165.58664189347107
155.8675611094966,165.7465392122163
156.67078368691273,165.90300712548026
157.47400626432886,165.67429078579332
158.27722884174497,166.923245146215
159.0804514191611,166.3522491233868
159.88367399657722,166.49541410572812
160.68689657399335,163.9753255795857
161.4901191514095,167.39246394092817
162.2933417288256,166.90574256927314
163.09656430624173,167.71914054253375
163.89978688365784,167.1637374997399
164.70300946107398,167.28819215870516
165.5062320384901,167.409673572292
166.30945461590625,167.5282232096006
167.11267719332236,167.64388253973135
167.9158997707385,169.36327062990048
168.7191223481546,167.86669615486014
169.52234492557074,172.02615374759804
170.32556750298687,170.8231511315176
171.12879008040298,171.08337686530209
171.93201265781912,168.0405542306866
172.73523523523525,168.3760526540871
173.53845781265136,167.57451072640166
174.3416803900675,168.56159508944535
175.14490296748363,173.17606360080188
175.94812554489974,168.73723506010242
176.75134812231587,168.8214452939187
177.55457069973198,168.34719418203997
178.35779327714812,172.30537504984437
179.16101585456425,169.06013461852146
179.9642384319804,169.13518883144127
180.7674610093965,166.6340914822819
181.5706835868126,169.27878272896072
182.37390616422874,169.3474053517609
183.17712874164488,170.5515038752647
183.98035131906101,169.47850929094355
184.78357389647715,169.5410735455265
185.58679647389326,169.60170128223757
186.39001905130937,166.2877628299244
187.1932416287255,169.71731307844504
187.99646420614164,172.48775014918792
188.79968678355777,171.80027819297618
189.60290936097388,169.87724361622364
190.40613193839002,170.43834831270462
191.20935451580613,169.97535634322398
192.01257709322226,170.02198482456933
192.8157996706384,171.47361347874593
193.61902224805453,168.45081607559308
194.42224482547064,172.21389743033703
195.22546740288675,170.66198438305685
196.0286899803029,172.36199385079678
196.83191255771902,170.27037791579022
197.63513513513516,168.4996731019565
198.4383577125513,170.34221742485062
199.2415802899674,170.37626913007952
200.0448028673835,166.5018257474536
200.84802544479965,171.17123465759693
201.65124802221578,170.4714496777642
202.45447059963192,170.50098990132597
203.25769317704803,170.52950592722155
204.06091575446416,169.95508107174524
204.86413833188027,170.58363126241537
205.6673609092964,170.60932350991416
206.47058348671254,169.227233433963
207.27380606412868,170.6581745102166
208.07702864154479,170.68141620122088
208.8802512189609,170.70392397826083
209.68347379637703,167.9688993945064
210.48669637379317,170.74690366684888
211.2899189512093,170.7674585165975
212.0931415286254,171.87387843624728
212.89636410604155,173.2642316678866
213.69958668345765,166.76569867060368
214.5028092608738,168.77316797619008
215.30603183828993,172.09344515648223
216.10925441570606,170.88031024476973
216.91247699312217,170.6011155607047
217.71569957053828,169.92177456580035
218.5189221479544,170.93186676601948
219.32214472537055,170.94860734964726
220.12536730278669,170.070075942462
220.92858988020282,174.33915844233076
221.73181245761893,172.12293315944112
222.53503503503504,171.0144509095544
223.33825761245117,172.2473305559954
224.1414801898673,171.04728199214935
224.94470276728345,169.76315424462192
225.74792534469955,170.92990509566835
226.5511479221157,170.75002566007367
227.3543704995318,171.1144215266323
228.15759307694793,171.13175609860735
228.96081565436407,171.14939348412457
229.7640382317802,173.43207007917024
230.5672608091963,170.2608604139879
231.37048338661242,171.26480468928924
232.17370596402856,172.8838160423021
232.9769285414447,174.8015418813244
233.78015111886083,171.26389915122957
234.58337369627696,172.56688186463882
235.38659627369307,171.30628967821755
236.18981885110918,171.32831077924044
236.99304142852532,171.3508419176123
237.79626400594145,173.5437653879999
238.5994865833576,171.3973127260801
239.4027091607737,172.5155551894373
240.20593173818983,174.6869923427273
241.00915431560594,171.47008434188123
241.81237689302208,171.49503740765184
242.6155994704382,171.35797663643936
243.41882204785432,171.54580495946425
244.22204462527046,171.57155865534452
245.0252672026866,171.5975184377666
245.8284897801027,171.62365391164974
246.63171235751884,171.1635269207094
247.43493493493497,171.6763303534762
248.23815751235108,170.9978118704943
249.04138008976722,171.72934482017826
249.84460266718335,169.010706906529
250.64782524459946,172.20094667295388
251.4510478220156,175.12016418633763
252.2542703994317,171.8354151856258
253.05749297684784,173.27620528157834
253.86071555426398,172.2016462872878
254.66393813168008,171.91404676770676
255.46716070909622,171.93991972282618
256.27038328651236,174.3288552316117
257.0736058639285,175.88680009638813
257.8768284413446,172.01610034033152
258.68005101876076,172.04091314661326
259.48327359617684,172.06538492798376
260.286496173593,174.4007050049232
261.0897187510091,172.11318383566817
261.8929413284252,169.5403168646733
262.69616390584133,172.1592539027391
263.49938648325747,173.1789345013252
264.3026090606736,169.30644716421665
265.10583163808974,173.27651542698496
265.9090542155059,173.21216517641056
266.712276792922,174.18856265425688
267.51549937033815,171.20024127263733
268.3187219477542,169.40641965573707
269.12194452517036,172.32138255197168
269.9251671025865,172.3386550571506
270.7283896800026,172.3551610062881
271.5316122574187,170.64356464607806
272.33483483483485,171.05248315422986
273.138057412251,172.3997755666457
273.9412799896671,172.74086713598848
274.74450256708326,172.42512858353084
275.5477251444994,170.70799276167
276.35094772191553,174.91335374301738
277.1541702993316,172.45596517221426
277.95739287674775,171.75216795457376
278.7606154541639,172.36592858523912
279.56383803157996,172.47744075498724
280.3670606089961,172.48237721533258
281.17028318641223,172.4861519835872
281.97350576382837,175.36672132518518
282.7767283412445,170.42030174971168
283.57995091866064,172.49020218499948
284.3831734960768,172.48902623408398
285.1863960734929,172.48653661567414
285.98961865090905,172.4827029346893
286.79284122832513,172.4774947960487
287.59606380574127,172.47088180467162
288.39928638315735,171.92193008279253
289.2025089605735,168.7738347225935
290.0057315379896,172.44230976331409
290.80895411540575,176.20149419685848
291.6121766928219,172.41568022891335
292.415399270238,172.39999982442217
293.21862184765416,172.38270180162937
294.0218444250703,172.36375576545433
294.82506700248643,172.34313132081633
295.6282895799025,172.32079807263463
296.43151215731865,172.29672562582843
297.2347347347348,172.27088358531716
298.03795731215087,171.06149162461017
298.841179889567,172.21376914285617
299.64440246698314,173.44595091831414
300.4476250443993,175.93045320805683
301.2508476218154,170.56464914602998
302.05407019923155,176.3881701692242
302.8572927766477,172.037887491213
303.6605153540638,172.64638899665843
304.4637379314799,171.95365831566428
305.26696050889603,173.37423923852958
306.07018308631217,174.74177747489622
306.87340566372825,172.51537277960009
307.6766282411444,172.48461023296218
308.4798508185605,171.70626643391336
309.28307339597666,169.06706415828165
310.0862959733928,171.67069107732735
310.88951855080893,171.53136822651675
311.69274112822507,166.82068850125563
312.4959637056412,171.91841352594065
313.2991862830573,170.0116501033389
314.1024088604734,169.38101168693123
314.90563143788955,173.86915169175998
315.70885401530563,171.1182001052741
316.51207659272177,171.0407692916225
317.3152991701379,172.92920055032556
318.11852174755404,169.1779923736245
318.9217443249702,170.12727288744557
319.7249669023863,170.7054473789769
320.52818947980245,170.61506526090213
321.3314120572186,170.5220016967005
322.1346346346347,170.42622629129136
322.9378572120508,170.6657592425741
323.74107978946694,170.22641837652753
324.544302366883,170.12232507701145
325.34752494429915,171.1991950638146
326.1507475217153,169.90560781830726
326.9539700991314,169.28495644505315
327.75719267654756,169.67731371283566
328.5604152539637,170.98833813613672
329.36363783137983,169.4371995999508
330.16686040879597,169.31263405302664
330.9700829862121,168.03806022756143
331.7733055636282,169.05439475464428
332.5765281410443,168.92084354081183
333.37975071846046,168.78447129404853
334.18297329587654,168.64537917944503
334.9861958732927,169.14717639540578
335.7894184507088,164.6420561026047
336.59264102812494,168.2127952794985
337.3958636055411,168.06383534443947
338.1990861829572,166.01490524463756
339.00230876037335,168.31555993674363
339.8055313377895,167.60407594529988
340.60875391520557,167.4468668312343
341.4119764926217,167.28784833514354
342.21519907003784,167.127121622118
343.0184216474539,166.96478785724838
343.82164422487006,166.8009482056252
344.6248668022862,169.1830791684074
345.4280893797023,162.50575205925693
346.23131195711846,166.3014055811397
347.0345345345346,166.13255403340779
347.83775711195074,165.96270242437507
348.6409796893669,165.79195191913212
349.44420226678295,165.62040368276956
350.2474248441991,165.4481588803778
351.0506474216152,164.4595014673649
351.8538699990313,165.1019842378692
352.65709257644744,164.92825672793344
353.4603151538636,164.75423731233084
354.2635377312797,164.58002715615189
355.06676030869585,164.40572742448714
355.869982886112,164.23143928242723
356.6732054635281,164.05726389506265
357.47642804094426,163.88330242748395
358.2796506183604,163.7096560447817
359.0828731957765,163.53642591204652
359.8860957731926,163.36371319436887
360.6893183506087,163.1916190568394
361.4925409280248,163.0202345349707
362.29576350544096,166.17198732208183
363.0989860828571,161.86417914559382
363.90220866027323,162.51020054645304
364.70543123768937,163.9249242209474
365.5086538151055,163.1442194968169
366.31187639252164,162.00549176618284
367.1150989699377,161.83824871984453
367.91832154735386,161.93562494981057
368.72154412477,161.50500794883413
369.5247667021861,163.48155313087156
370.32798927960226,161.17315594119952
371.13121185701834,161.0076488490809
371.9344344344345,160.84236669832552
372.7376570118506,160.67726873910655
373.54087958926675,156.51323267835866
374.3441021666829,160.38358954314637
375.147324744099,162.94053485921876
375.9505473215151,160.0179038210567
376.75376989893124,161.26173391536568
377.5569924763474,161.87073113216601
378.3602150537635,161.9535376383068
379.16343763117965,159.35822598143778
379.9666602085957,163.13286783610346
380.76988278601186,158.77954086125493
381.573105363428,162.15829533431662
382.37632794084413,161.36333285912923
383.17955051826027,158.529215527836
383.9827730956764,158.362417518303
384.7859956730925,158.19519245290303
385.5892182505086,158.0274995818092
386.39244082792476,161.6386663459117
387.1956634053409,157.69054742323246
387.99888598275703,157.52120663609574
388.80210856017317,154.31240656885183
389.60533113758925,157.18059189699127
390.4085537150054,159.01945601631363
391.2117762924215,159.2662487052696
392.01499886983765,156.66422562885342
392.8182214472538,156.49048876430493
393.62144402466987,155.0371302363141
394.424666602086,156.14034837349288
395.22788917950214,153.6673580170288
396.0311117569183,154.5813569360617
396.8343343343344,154.19084511243068
397.63755691175055,154.36717129859326
398.44077948916663,155.2475402112031
399.24400206658277,155.06565991979977
400.0472246439989,154.88257832581857
400.85044722141504,159.4830295332972
401.6536697988312,154.51264823081516
402.45689237624725,154.3257182301391
403.2601149536634,154.13742392757757
404.0633375310795,154.148825540348
404.86656010849566,153.75657941749083
405.6697826859118,153.56394771031177
406.47300526332793,153.3697887019397
407.276227840744,153.17406164254783
408.07945041816015,152.55586606624206
408.8826729955763,152.7777403713969
409.6858955729924,152.1944316498691
410.48911815040856,152.37465789824384
411.2923407278247,152.1704793363493
412.0955633052408,152.79280770116011
412.8987858826569,152.94507344529094
413.70200846007305,151.54690691328278
414.5052310374892,148.35250634582405
415.3084536149053,151.12178576685608
416.1116761923214,150.90647523517507
416.91489876973753,150.4173197777898
417.71812134715367,152.59536017976592
418.5213439245698,150.24999635576788
419.32456650198594,152.25585634313362
420.1277890794021,149.80393149044846
420.93101165681816,152.23053917670669
421.7342342342343,146.10216131888288
422.53745681165043,149.1100475019955
423.34067938906657,148.89296993861413
424.1439019664827,149.70164295846695
424.94712454389884,148.26876724366105
425.7503471213149,148.19445887364694
426.55356969873105,151.58003775296038
427.3567922761472,147.72206961193703
428.1600148535633,147.48397355293923
428.96323743097946,144.42643227946442
429.76646000839554,147.00416714095215
430.5696825858117,146.7625322128807
431.3729051632278,146.51979308670244
432.17612774064395,146.27598747487633
432.9793503180601,146.0311530898611
433.7825728954762,145.78532764411577
434.5857954728923,145.5385488500992
435.38901805030844,145.29085442027022
436.1922406277246,146.27825543595438
436.9954632051407,144.79286950301056
437.79868578255684,144.2926343287814
438.6019083599729,144.29167459200798
439.40513093738906,144.0399676700002
440.2083535148052,143.78757138693337
441.01157609222133,144.39758021618678
441.81479866963747,143.28086158745782
442.6180212470536,142.11203908063757
443.4212438244697,140.1794289787683
444.2244664018858,143.37580863190004
445.02768897930196,142.26082900398802
445.8309115567181,141.46901986455973
446.63413413413423,144.3788834485465
447.43735671155036,141.04827068913627
448.24057928896644,140.24443320589907
449.0438018663826,143.58744929861518
449.8470244437987,138.86908431600352
450.65024702121485,139.27077132603887
451.453469598631,140.20275948976254
452.25669217604707,138.53611993427793
453.0599147534632,139.68623501582206
453.86313733087934,140.62170322791022
454.6663599082955,135.06091471536718
455.4695824857116,139.9196887654073
456.27280506312775,138.65241924111717
457.0760276405438,141.32476754457193
457.87925021795996,138.1354669324051
458.6824727953761,140.01614008557848
459.48569537279224,137.76760317028229
460.2889179502084,137.36045961991863
461.0921405276245,137.10232089853943
461.8953631050406,137.567026881915
462.6985856824567,140.43226589306894
463.50180825987286,136.32879248194772
464.305030837289,136.07131621112222
465.10825341470513,135.24064840279732
465.9114759921212,137.55480804191032
466.71469856953735,138.6619575799189
467.5179211469535,135.04380875219806
468.3211437243696,134.7876372218461
469.12436630178576,134.5317901965597
469.9275888792019,134.2762888619958
470.73081145661797,134.02115440381132
471.5340340340341,133.76640800766324
472.33725661145024,135.4237943689664
473.1404791888664,133.25816414410397
473.9437017662825,135.8608905431455
474.7469243436986,132.75172675657353
475.55014692111473,131.16485757291488
476.35336949853087,132.24726533032754
477.156592075947,131.99582856682855
477.95981465336314,129.77423848895214
478.7630372307793,131.49464886736334
479.56625980819535,131.24494830271104
480.3694823856115,130.99586884232147
481.1727049630276,130.74743167185167
481.97592754044376,128.99249492550808
482.7791501178599,130.25256894329902
483.58237269527604,132.0218502256991
484.3855952726921,129.7605296023086
485.18881785010825,129.51562166629162
485.9920404275244,129.5376481527307
486.7952630049405,129.41000752244238
487.59848558235666,128.78559902403674
488.40170815977274,128.54389581740702
489.2049307371889,129.49821141794524
490.008153314605,126.96370643219977
490.81137589202115,127.82399581908065
491.6145984694373,128.51233079430486
492.4178210468534,126.03860925440144
493.2210436242695,127.11235515189452
494.02426620168563,126.87707586948491
494.82748877910177,126.64279903316304
495.6307113565179,124.54903375798291
496.43393393393404,129.30751870449478
497.2371565113502,125.47331266393785
498.04037908876626,126.66646748547413
498.8436016661824,125.48719304086416
499.64682424359853,125.25937577986501
500.45004682101467,125.03270926455227
501.2532693984308,124.80721468058293
502.0564919758469,122.70235460755026
502.859714553263,121.26025676741484
503.66293713067915,125.94409445427752
504.4661597080953,123.91745388646329
505.2693822855114,125.5126693289141
506.07260486292756,124.62132676442968
506.87582744034364,123.26392777691434
507.6790500177598,123.04890995139223
508.4822725951759,122.83536579736247
509.28549517259205,122.6233322544221
510.0887177500082,122.41284626216827
510.89194032742427,121.5540309662696
511.6951629048404,121.99666468810865
512.4983854822565,118.83312329994409
513.3016080596726,121.38045167616683
514.1048306370888,121.73145309478328
514.9080532145049,121.18449749050036
515.711275791921,120.98587866177127
516.5144983693372,120.78910290050551
517.3177209467533,120.4073088941393
518.1209435241694,120.4012283387527
518.9241661015856,120.2102034174598
519.7273886790017,120.02116932201874
520.5306112564178,118.32156596547296
521.333833833834,117.82687117258975
522.1370564112501,119.46638138677764
522.9402789886663,118.65221113198952
523.7435015660824,117.9275431901401
524.5467241434984,118.93084070969898
525.3499467209145,119.95802258943637
526.1531692983307,122.72243619718762
526.9563918757468,119.97954546559502
527.759614453163,115.36804049328411
528.5628370305791,115.82080161960124
529.3660596079951,117.9214906065166
530.1692821854112,119.32564431211532
530.9725047628274,120.66799882147617
531.7757273402435,115.85839647095344
532.5789499176597,118.11034373714516
533.3821724950758,117.14422744314835
534.1853950724919,114.77347572871824
534.9886176499081,116.85690808464159
535.7918402273242,116.71544782163005
536.5950628047403,118.77742808945153
537.3982853821565,119.34519822953226
538.2015079595726,116.3078141353306
539.0047305369887,116.1776417394662
539.8079531144049,116.05038365938131
540.611175691821,115.78551314032362
541.4143982692372,115.80475820493871
542.2176208466533,115.68646470977517
543.0208434240693,119.99540754445796
543.8240660014854,115.45910088154925
544.6272885789016,115.52151929249716
545.4305111563177,114.62085422078124
546.2337337337339,113.56399106036
547.0369563111499,115.04229482696215
547.840178888566,116.55304936063618
548.6434014659822,111.85959815874313
549.4466240433983,112.60214172761928
550.2498466208144,112.65914304175294
551.0530691982306,114.59359905708473
551.8562917756467,114.5133571027539
552.6595143530628,114.4362355467402
553.462736930479,119.00361277542173
554.2659595078951,112.64875776749425
555.0691820853112,114.22339897618275
555.8724046627274,116.2616620466377
556.6756272401435,112.86170442878446
557.4788498175596,109.28794852332993
558.2820723949758,113.22516116045021
559.0852949723919,111.17386860815645
559.8885175498081,113.8793536419726
560.6917401272241,111.92592050187646
561.4949627046402,113.7230523465998
562.2981852820564,113.74709569925699
563.1014078594725,113.70877126035232
563.9046304368886,110.39434398040964
564.7078530143048,114.99372907575724
565.5110755917208,113.61081056025327
566.3142981691369,114.93740884563987
567.117520746553,113.55948631494732
567.9207433239692,113.53796077099663
568.7239659013853,113.51916704052496
569.5271884788015,115.06611827537577
570.3304110562176,111.83904057186105
571.1336336336337,113.47898243756485
571.9368562110499,113.47092166859007
572.740078788466,112.02546849305276
573.5433013658821,113.462684703207
574.3465239432983,115.12119611750502
575.1497465207144,113.46483097296661
575.9529690981306,115.03199542718754
576.7561916755467,113.47720504393354
577.5594142529628,113.37647324794003
578.362636830379,113.4996514821726
579.165859407795,113.5146032659144
579.9690819852111,112.33558248211614
580.7723045626273,113.55186681643305
581.5755271400434,113.57413972472604
582.3787497174595,113.59881414938567
583.1819722948755,113.62587066116997
583.9851948722917,114.87670356066027
584.7884174497078,114.51035606829275
585.591640027124,110.47311680170189
586.3948626045401,113.7575289947159
587.1980851819562,113.7962040215802
588.0013077593724,112.71250765748879
588.8045303367885,113.88029732921851
589.6077529142046,113.92565351794795
590.4109754916208,113.97317460193108
591.2141980690369,114.02282948515303
592.017420646453,114.07458707159894
592.8206432238692,114.128416265254
593.6238658012853,111.77765575210228
594.4270883787015,110.17699039869366
595.2303109561176,112.81598513963924
596.0335335335337,114.36382719166816
596.8367561109498,115.76919457473869
597.6399786883659,111.7461978448463
598.443201265782,114.56061355744627
599.2464238431982,118.22143360169122
600.0496464206143,114.7009704901076
600.8528689980304,114.77380547503644
601.6560915754465,114.84837001101093
602.4593141528626,114.92463300201625
603.2625367302787,115.00256335203744
604.0657593076949,114.71707145472372
604.868981885111,118.2303139120905
605.6722044625271,116.1236128092713
606.4754270399433,115.33033642198428
607.2786496173594,115.41613712686221
608.0818721947755,115.5034186146669
608.8850947721917,112.49076520595821
609.6883173496078,115.68229955499713
610.491539927024,115.77383681549291
611.2947625044401,115.86673047485597
612.0979850818562,120.44439733159356
612.9012076592724,111.25936370071506
613.7044302366885,116.15323888600062
614.5076528141046,113.69031033084946
615.3108753915207,114.15043820918787
616.1140979689368,116.41460923471023
616.9173205463529,116.55235319343427
617.7205431237691,116.65497858720093
618.5237657011852,119.80490562635313
619.3269882786012,120.849423956999
620.1302108560174,116.96918959284281
620.9334334334335,120.52982662733818
621.7366560108496,118.02375504587027
622.5398785882658,117.29224981868555
623.3431011656819,117.4017579392751
624.146323743098,117.51212492249418
624.9495463205142,117.62331967232795
625.7527688979303,117.73531109276155
626.5559914753464,118.36942489126787
627.3592140527626,117.7998744019407
628.1624366301787,115.53332132358028
628.9656592075949,119.83192746318466
629.768881785011,118.30612989340668
630.5721043624271,118.4222483211271
631.3753269398431,119.27746552749346
632.1785495172593,119.06602806200691
632.9817720946754,118.77395321120373
633.7849946720916,118.89220105681818
634.5882172495077,114.85106365834483
635.3914398269238,121.43684272017661
636.19466240434,119.2495478962202
636.9978849817561,118.41968701593527
637.8011075591722,120.64208787241905
638.6043301365884,119.61014667314814
639.4075527140045,118.52509651786659
640.2107752914205,119.85193787619413
641.0139978688367,122.24545332782492
641.8172204462528,119.3546648387229
642.6204430236689,120.21609078810698
643.4236656010851,122.06661962906325
644.2268881785012,120.45947401410469
645.0301107559173,120.58125672447571
645.8333333333335,120.70305870507508
646.6365559107496,120.82484885988787
647.4397784881658,123.43391224396278
648.2430010655819,121.0682693080943
649.0462236429979,121.18983740945816
649.849446220414,121.31127906932048
650.6526687978302,124.89627462568373
651.4558913752463,121.5540009257935
652.2591139526625,120.46058938240692
653.0623365300786,121.7970174920971
653.8655591074947,121.77773997671366
654.6687816849109,122.55721617369257
655.472004262327,124.77414907090981
656.2752268397431,124.25375557645636
657.0784494171593,120.36812351781008
657.8816719945753,122.53395892231369
658.6848945719914,118.37788155495669
659.4881171494076,124.05490039151638
660.2913397268237,123.40775348579908
661.0945623042398,123.03795312420291
661.897784881656,123.5027039062755
662.7010074590721,120.82825391385865
663.5042300364883,120.45184804837271
664.3074526139044,123.55782249898951
665.1106751913205,123.69084441398164
665.9138977687367,123.82524124430009
666.7171203461528,124.61476838704952
667.5203429235688,124.09846582453196
668.323565500985,124.2374466612535
669.1267880784011,123.22075627289726
669.9300106558172,124.2908123300942
670.7332332332334,124.66478187868879
671.5364558106495,125.71358715245695
672.3396783880656,123.18804711065425
673.1429009654818,125.12663769282696
673.9461235428979,125.26166943931848
674.749346120314,125.41624220289256
675.5525686977302,124.19013210724398
676.3557912751462,128.06904429170825
677.1590138525623,125.8940272842795
677.9622364299785,126.05822471365694
678.7654590073946,126.2249113005147
679.5686815848107,126.39400244853795
680.3719041622269,126.56541264171902
681.175126739643,129.88452285751382
681.9783493170592,129.19161873705843
682.7815718944753,127.09270233213088
683.5847944718914,127.55292801199614
684.3880170493076,127.4542562247181
685.1912396267236,125.56940291026908
685.9944622041397,128.2016067035289
686.7976847815559,128.0099178919119
687.600907358972,128.19835127116215
688.4041299363881,128.38824853549224
689.2073525138043,128.57952416889438
690.0105750912204,130.1645629212498
690.8137976686365,128.96586847888352
691.6170202460527,129.16076612345498
692.4202428234688,129.35670007306732
693.223465400885,129.2434977314174
694.026687978301,131.10730679593647
694.8299105557171,129.94986459207144
695.6331331331332,129.1405922716542
696.4363557105494,134.11626923166764
697.2395782879655,130.54927728016273
698.0428008653817,129.40564272961987
698.8460234427978,130.95121673050144
699.6492460202139,133.56455131045115
700.4524685976301,131.354222824723
701.2556911750462,132.4994802558432
702.0589137524623,131.6403662350835
702.8621363298785,131.95923539319932
703.6653589072945,132.46385613959885
704.4685814847106,131.57438354734956
705.2718040621268,132.56279969006127
706.0750266395429,133.48972740017084
706.878249216959,135.06767200324762
707.6814717943752,133.16260678309845
708.4846943717913,135.15921904048284
709.2879169492074,133.55925062956118
710.0911395266236,135.88484863539136
710.8943621040397,132.66609932229318
711.6975846814559,136.72970638729285
712.5008072588719,134.3417136288569
713.304029836288,136.22797144493254
714.1072524137041,131.77077560779517
714.9104749911203,134.9163955171572
715.7136975685364,135.10518284956405
716.5169201459526,134.88806738068178
717.3201427233687,132.43027494792446
718.1233653007848,139.67780240019488
718.926587878201,135.84418526718383
719.7298104556171,137.55409338055057
720.5330330330332,135.4815997644667
721.3362556104493,136.37908837457246
722.1394781878654,136.5532478572174
722.9427007652815,136.725194036607
723.7459233426977,140.79915096519923
724.5491459201138,137.06210442158905
725.3523684975299,134.06293953143626
726.1555910749461,137.38913540145637
726.9588136523622,137.09814653812566
727.7620362297783,137.70560284814655
728.5652588071945,138.7449433200726
729.3684813846106,138.0108226335972
730.1717039620266,138.15900086333818
730.9749265394428,138.30411062974602
731.7781491168589,141.69595286216335
732.581371694275,138.58478270853067
733.3845942716912,138.72017398889193
734.1878168491073,138.85215474188874
734.9910394265235,138.98063945151338
735.7942620039396,139.04794740816413
736.5974845813557,142.9668800899102
737.4007071587719,139.3442621600759
738.203929736188,139.4579075361337
739.0071523136041,139.56762928878027
739.8103748910202,139.67334190200788
740.6135974684363,139.7749598598087
741.4168200458524,139.87239764617487
742.2200426232686,139.96556974509878
743.0232652006847,138.26355479109196
743.8264877781008,140.13877481658824
744.629710355517,142.79671231318994
745.4329329329331,139.16766416966834
746.2361555103492,141.34443454395876
747.0393780877654,140.4319219403204
747.8426006651815,140.4945293989945
748.6458232425975,136.69606941209312
749.4490458200137,140.6075783838667
750.2522683974298,143.54422228497214
751.055490974846,144.70937975200027
751.8587135522621,143.25041898994883
752.6619361296782,140.78760977542868
753.4651587070944,140.82356149280662
754.2683812845105,137.45877049090709
755.0716038619266,140.88524685887796
755.8748264393428,141.94737400086038
756.6780490167589,143.16037100413507
757.4812715941749,140.9536210675533
758.2844941715911,136.04083166381233
759.0877167490072,143.98458837549018
759.8909393264233,140.99523679775814
760.6941619038395,141.0035952378978
761.4973844812556,141.00935153543747
762.3006070586717,141.0125984457959
763.1038296360879,137.34628588766182
763.907052213504,139.24605637797006
764.7102747909202,141.00821040797007
765.5134973683363,141.00234732378985
766.3167199457523,138.84293660991563
767.1199425231684,140.07179895845232
767.9231651005846,140.03561220149896
768.7263876780007,140.3772264645025
769.5296102554169,139.91144339125293
770.332832832833,138.08454423018554
771.1360554102491,141.75935635928107
771.9392779876653,139.89540392870725
772.7425005650814,140.86865776244363
773.5457231424975,141.72044788907365
774.3489457199137,140.82324932409895
775.1521682973298,140.79896077649283
775.9553908747458,142.2692615453934
776.758613452162,140.74767880150642
777.5618360295781,140.72087088496338
778.3650586069942,140.69340868961197
779.1682811844104,140.6653849708709
779.9715037618265,140.6368924841587
780.7747263392426,141.61856794020468
781.5779489166588,140.09958377201013
782.3811714940749,140.5495299703823
783.184394071491,140.52008996597235
783.9876166489072,141.3156725765391
784.7908392263232,140.46128773993755
785.5940618037394,140.43211102915
786.3972843811555,140.40320759374055
787.2005069585716,140.37467018912784
788.0037295359878,138.1524639153165
788.8069521134039,140.3190644939673
789.61017469082,140.2921817142567
790.4133972682362,135.50257616560995
791.2166198456523,139.78843132138564
792.0198424230684,141.88219422479114
792.8230650004846,140.19294867431415
793.6262875779006,143.11790680956733
794.4295101553167,140.1496095625579
795.2327327327329,139.83784726299274
796.035955310149,139.47092903819916
796.8391778875651,140.0939828215695
797.6424004649813,136.52244087963444
798.4456230423974,140.0630588133996
799.2488456198136,140.0493874856191
800.0520681972297,142.1822475469858
800.8552907746458,136.3988033596158
801.658513352062,140.0153063297261
802.461735929478,140.00619303197544
803.2649585068941,139.42598568994578
804.0681810843103,139.99122212891007
804.8714036617264,139.65351594304585
805.6746262391425,137.76472536500043
806.4778488165587,138.39927274386002
807.2810713939748,139.9737667110618
808.0842939713909,140.78621950301252
808.8875165488071,138.02878897753607
809.6907391262232,138.2212935669631
810.4939617036393,140.79340523878307
811.2971842810555,141.78914940678536
812.1004068584715,139.9765007773047
812.9036294358876,139.98008428602725
813.7068520133038,139.98451037680547
814.5100745907199,139.98975989315866
815.313297168136,139.995813678606
816.1165197455522,138.53542928736235
816.9197423229683,140.01025743086018
817.7229649003845,137.29961520031645
818.5261874778006,140.02768838172202
819.3294100552167,140.03747616542893
820.1326326326329,138.6473227579349
820.9358552100489,140.0591005669908
821.739077787465,139.3751188289272
822.5423003648812,136.10447317331483
823.3455229422973,136.23806786810366
824.1487455197134,144.2699355518823
824.9519680971296,138.80609040550206
825.7551906745457,137.64508016979508
826.5584132519618,136.96757143781585
827.361635829378,140.1701063447021
828.1648584067941,139.91942934466607
828.9680809842102,140.20321857276545
829.7713035616263,144.21310818526425
830.5745261390424,143.34756834772486
831.3777487164585,138.87719653422948
832.1809712938747,141.43527566024616
832.9841938712908,140.29370432221972
833.787416448707,140.31296910814385
834.5906390261231,142.51185702816795
835.3938616035392,142.21281826584126
836.1970841809554,138.00028715009995
837.0003067583715,139.28359161881667
837.8035293357876,140.41407761148847
838.6067519132037,140.43512213153696
839.4099744906198,142.56062491539092
840.2131970680359,141.64881494999653
841.0164196454521,140.49955651378784
841.8196422228682,140.5214043936374
842.6228648002843,142.63896911839765
843.4260873777005,140.9759534022346
844.2293099551166,141.158586582896
845.0325325325327,140.61013383571188
845.8357551099489,140.6325548944957
846.638977687365,139.81681091784583
847.4422002647811,142.14338943112799
848.2454228421972,140.70008444299177
849.0486454196133,140.72261922826937
849.8518679970294,140.74513455396854
850.6550905744456,140.76761126360853
851.4583131518617,140.79003020070851
852.2615357292779,140.6371537926269
853.064758306694,140.83461813136552
853.8679808841101,140.85674881196104
854.6712034615263,140.87874509409352
855.4744260389424,140.90058782128224
856.2776486163585,143.58047827822588
857.0808711937746,140.94373598490535
857.8840937711907,139.67110886133102
858.6873163486068,140.98604005098431
859.490538926023,141.00682765624282
860.2937615034391,141.02734676767295
861.0969840808552,139.63500442001637
861.9002066582714,137.57884936148807
862.7034292356875,141.087101574186
863.5066518131036,141.10635514549526
864.3098743905198,141.12524444057246
865.1130969679359,142.15169410271986
865.9163195453519,145.09488753943728
866.7195421227681,141.17953510360365
867.5227647001842,141.1967757289448
868.3259872776003,145.2666269508671
869.1292098550165,141.22985764723853
869.9324324324326,141.24566062722963
870.7356550098488,141.26094607914254
871.5388775872649,137.74943662646197
872.342100164681,145.16789094737592
873.1453227420972,141.3035057016045
873.9485453195133,141.31652947639705
874.7517678969293,142.818767049128
875.5549904743455,141.37735747160744
876.3582130517616,142.36204360596275
877.1614356291777,138.8236418908572
877.9646582065939,141.0415195366919
878.76788078401,141.38112212820408
879.5711033614261,141.3894504435268
880.3743259388423,141.3970313530022
881.1775485162584,141.40384570014953
881.9807710936745,143.46884787126345
882.7839936710907,141.41509808153702
883.5872162485068,141.41949780281567
884.3904388259228,141.4230543358432
885.193661403339,141.42574852413887
885.9968839807551,145.40257616715604
886.8001065581713,142.00762983733097
887.6033291355874,141.12179032533416
888.4065517130035,141.42751870038785
889.2097742904197,139.47065736620263
890.0129968678358,141.67270656315856
890.8162194452519,143.8198352800229
891.6194420226681,139.59844036821048
892.4226646000842,141.1739581394553
893.2258871775002,143.1285223291826
894.0291097549164,143.398074007442
894.8323323323325,141.38384293560608
895.6355549097486,139.75869334810866
896.4387774871648,141.36219333420863
897.2420000645809,141.3496535738354
898.045222641997,141.33594496503818
898.8484452194132,143.3697372331848
899.6516677968293,141.30494457624874
900.4548903742455,141.34043048533587
901.2581129516616,141.2690389159942
902.0613355290776,144.37316610512732
902.8645581064937,141.2280747324285
903.6677806839099,142.28452174784601
904.471003261326,141.1818987737055
905.2742258387422,141.15680848745816
906.0774484161583,141.1303577879792
906.8806709935744,143.4418003560856
907.6838935709906,141.07329852340354
908.4871161484067,139.44556942545557
909.2903387258228,141.0105677281324
910.093561303239,140.9770276152841
910.896783880655,141.62277321985025
911.7000064580711,140.9055021767584
912.5032290354873,137.32325940112605
913.3064516129034,137.55257130213496
