110.88709677419354,150.29761904761904
111.69031935160966,147.49852815085944
112.4935419290258,151.116662910863
113.29676450644192,154.12128463555288
114.09998708385804,151.9130318265253
114.90320966127416,152.30281685176394
115.7064322386903,154.1615658126655
116.50965481610642,153.06579538255755
117.31287739352254,153.43907182631304
118.11609997093868,153.80692834777466
118.9193225483548,154.1694064160427
119.72254512577092,154.52654750021742
120.52576770318706,154.878393069399
121.32899028060318,155.22498459268786
122.1322128580193,155.56636353918412
122.93543543543542,155.90257137798807
123.73865801285156,156.23364957820002
124.54188059026768,156.5596396089202
125.3451031676838,156.88058293924885
126.14832574509992,158.22694082131343
126.95154832251606,157.50749537513275
127.75477089993218,155.86815079726682
128.5579934773483,158.1147186386537
129.36121605476444,158.4110505035288
130.16443863218058,158.70258448261393
130.96766120959668,158.9893620450094
131.77088378701282,163.11105920587093
132.57410636442893,159.54881379613226
133.37732894184506,158.5240499744921
134.1805515192612,160.08973750969963
134.9837740966773,160.35335502515065
135.78699667409344,160.61246493851354
136.59021925150958,160.86710871888857
137.3934418289257,161.11732783537605
138.19666440634182,162.12911899757918
138.99988698375796,161.60465795308932
139.80310956117407,161.84185189251554
140.6063321385902,162.07478704445532
141.4095547160063,162.30350487800874
142.21277729342245,162.5280468622762
143.01599987083858,161.48420930424044
143.81922244825472,162.96476915935418
144.62244502567083,163.17703241036511
145.42566760308696,167.28374207692275
146.22889018050307,163.58957046283246
147.0321127579192,163.78992820248936
147.83533533533534,163.98640037656202
148.63855791275145,164.1790284541508
149.4417804901676,164.3678539043559
150.2450030675837,164.55291819627757
151.04822564499983,164.73426279901614
151.85144822241597,164.9119291816718
152.6546707998321,165.08595881334492
153.4578933772482,165.2563931631356
154.26111595466435,165.42327370014428
155.06433853208046,165.58664189347107
155.8675611094966,165.7465392122163
156.67078368691273,163.38995535795624
157.47400626432886,166.0560871023631
158.27722884174497,166.20582061196518
159.0804514191611,166.3522491233868
159.88367399657722,170.72556682805714
160.68689657399335,169.3299550091747
161.4901191514095,166.772119359571
162.2933417288256,166.90574256927314
163.09656430624173,163.41459157827802
163.89978688365784,168.21983652429992
164.70300946107398,167.28819215870516
165.5062320384901,167.409673572292
166.30945461590625,167.5282232096006
167.11267719332236,167.64388253973135
167.9158997707385,166.88800091700915
168.7191223481546,166.9249897909951
169.52234492557074,170.6688872123093
170.32556750298687,168.07844617048048
171.12879008040298,168.1802760012256
171.93201265781912,168.27946433939442
172.73523523523525,168.3760526540871
173.53845781265136,168.47008241440403
174.3416803900675,168.56159508944535
175.14490296748363,168.65063214831144
175.94812554489974,168.73723506010242
176.75134812231587,168.8214452939187
177.55457069973198,168.90330431886045
178.35779327714812,168.98285360402795
179.16101585456425,169.06013461852146
179.9642384319804,169.13518883144127
180.7674610093965,169.2080577118876
181.5706835868126,170.81100721313314
182.37390616422874,169.3474053517609
183.17712874164488,169.41396704938845
183.98035131906101,169.47850929094355
184.78357389647715,169.5410735455265
185.58679647389326,169.60170128223757
186.39001905130937,171.33405774965897
187.1932416287255,169.71731307844504
187.99646420614164,169.77238007614204
188.79968678355777,169.82567643236814
189.60290936097388,171.07323027422424
190.40613193839002,168.05010415683842
191.20935451580613,169.97535634322398
192.01257709322226,170.02198482456933
192.8157996706384,170.06705000994512
193.61902224805453,170.11059336845165
194.42224482547064,168.85960341249182
195.22546740288675,170.19328048125794
196.0286899803029,170.23250717375817
196.83191255771902,170.27037791579022
197.63513513513516,170.30693417645426
198.4383577125513,166.99735154062284
199.2415802899674,170.37626913007952
200.0448028673835,170.4091307612413
200.84802544479965,170.44084378743605
201.65124802221578,170.4714496777642
202.45447059963192,166.5230773869547
203.25769317704803,166.79238874152622
204.06091575446416,170.5570392245513
204.86413833188027,170.58363126241537
205.6673609092964,173.61185749056182
206.47058348671254,170.6341574361478
207.27380606412868,170.6581745102166
208.07702864154479,169.63782048615195
208.8802512189609,170.59320206400585
209.68347379637703,170.72573931043678
210.48669637379317,170.74690366684888
211.2899189512093,166.91720980669783
212.0931415286254,170.78744532878284
212.89636410604155,170.80690557250517
213.69958668345765,169.25254581714663
214.5028092608738,170.84441223096192
215.30603183828993,167.46550154623515
216.10925441570606,173.02842853103937
216.91247699312217,170.897759682681
217.71569957053828,170.91493136673085
218.5189221479544,170.93186676601948
219.32214472537055,170.94860734964726
220.12536730278669,170.96519458671435
220.92858988020282,173.95122208644278
221.73181245761893,169.40057198578467
222.53503503503504,171.0144509095544
223.33825761245117,171.03083945138152
224.1414801898673,171.04728199214935
224.94470276728345,171.06382000095803
225.74792534469955,171.08049494690795
226.5511479221157,173.95057520639924
227.3543704995318,170.09692543946747
228.15759307694793,171.13175609860735
228.96081565436407,171.14939348412457
229.7640382317802,171.16737515228434
230.5672608091963,171.1857425721868
231.37048338661242,171.20453721293234
232.17370596402856,166.7566755703282
232.9769285414447,171.2435740333534
233.78015111886083,171.26389915122957
234.58337369627696,171.28480900962438
235.38659627369307,175.84840428860866
236.18981885110918,171.32831077924044
236.99304142852532,171.3508419176123
237.79626400594145,171.37385269825242
238.5994865833576,171.3973127260801
239.4027091607737,171.42119160601462
240.20593173818983,171.44545894297522
241.00915431560594,171.47008434188123
241.81237689302208,171.49503740765184
242.6155994704382,171.52028774520642
243.41882204785432,171.54580495946425
244.22204462527046,171.57155865534452
245.0252672026866,169.61269341725577
245.8284897801027,173.39431959435808
246.63171235751884,171.64993468191315
247.43493493493497,171.6763303534762
248.23815751235108,171.70281053125817
249.04138008976722,170.53430120185826
249.84460266718335,172.18581851132473
250.64782524459946,171.78245415111002
251.4510478220156,176.7532405124208
252.2542703994317,171.8354151856258
253.05749297684784,171.86176410402587
253.86071555426398,173.10696498153564
254.66393813168008,171.91404676770676
255.46716070909622,175.6998651319067
256.27038328651236,171.96557323335728
257.0736058639285,171.9909769042193
257.8768284413446,172.01610034033152
258.68005101876076,172.04091314661326
259.48327359617684,169.1568528892719
260.286496173593,172.0894852893623
261.0897187510091,172.9603453920333
261.8929413284252,172.1364501718207
262.69616390584133,170.05344366855226
263.49938648325747,172.18156463334267
264.3026090606736,171.8132334308097
265.10583163808974,172.2245855132824
265.9090542155059,172.24523487245713
266.712276792922,174.66383948638222
267.51549937033815,172.28465945381268
268.3187219477542,172.30337388583214
269.12194452517036,172.32138255197168
269.9251671025865,177.1082475065561
270.7283896800026,172.3551610062881
271.5316122574187,170.33686486614315
272.33483483483485,170.30434052720855
273.138057412251,172.3997755666457
273.9412799896671,170.2812096093386
274.74450256708326,171.65361817945018
275.5477251444994,172.43639689972525
276.35094772191553,172.44668589431333
277.1541702993316,172.45596517221426
277.95739287674775,172.46420433834737
278.7606154541639,172.47137299763196
279.56383803157996,172.47744075498724
280.3670606089961,172.48237721533258
281.17028318641223,172.4861519835872
281.97350576382837,172.48873466467035
282.7767283412445,172.49009486350138
283.57995091866064,172.49020218499948
284.3831734960768,172.48902623408398
285.1863960734929,172.02962516543525
285.98961865090905,172.4827029346893
286.79284122832513,172.4774947960487
287.59606380574127,172.47088180467162
288.39928638315735,172.46283356547724
289.2025089605735,172.453319683385
290.0057315379896,169.8416590258382
290.80895411540575,172.4297734101838
291.6121766928219,172.41568022891335
292.415399270238,172.39999982442217
293.21862184765416,172.38270180162937
294.0218444250703,172.36375576545433
294.82506700248643,172.34313132081633
295.6282895799025,173.59957459886203
296.43151215731865,172.29672562582843
297.2347347347348,171.72977394783948
298.03795731215087,172.2432415560199
298.841179889567,172.21376914285617
299.64440246698314,170.00809762898814
300.4476250443993,172.14921158460595
301.2508476218154,172.11406564935803
302.05407019923155,172.0769677499206
302.8572927766477,172.037887491213
303.6605153540638,171.99679447815447
304.4637379314799,171.95365831566428
305.26696050889603,171.90844860866173
306.07018308631217,171.8611349620661
306.87340566372825,171.8116869807966
307.6766282411444,171.7600742697726
308.4798508185605,171.70626643391336
309.28307339597666,171.9298085544481
310.0862959733928,171.59194380736614
310.88951855080893,171.53136822651675
311.69274112822507,171.46847594050922
312.4959637056412,171.40323655426283
313.2991862830573,171.0241033578335
314.1024088604734,174.5172407734735
314.90563143788955,171.1931318432832
315.70885401530563,169.88155575848026
316.51207659272177,171.0407692916225
317.3152991701379,170.96080900724775
318.11852174755404,170.878288857069
318.9217443249702,171.04965616357637
319.7249669023863,170.7054473789769
320.52818947980245,167.84290842197862
321.3314120572186,170.5220016967005
322.1346346346347,170.42622629129136
322.9378572120508,170.32770864959394
323.74107978946694,170.22641837652753
324.544302366883,170.12232507701145
325.34752494429915,170.01539835596495
326.1507475217153,169.90560781830726
326.9539700991314,169.79292306895775
327.75719267654756,169.67731371283566
328.5604152539637,169.55874935486025
329.36363783137983,169.4371995999508
330.16686040879597,169.31263405302664
330.9700829862121,173.51178265676583
331.7733055636282,169.05439475464428
332.5765281410443,168.92084354081183
333.37975071846046,168.78447129404853
334.18297329587654,168.64537917944503
334.9861958732927,168.9775171282648
335.7894184507088,168.35944000707943
336.59264102812494,170.7538909485669
337.3958636055411,168.06383534443947
338.1990861829572,164.2185718308722
339.00230876037335,167.75937451224962
339.8055313377895,169.87914885664284
340.60875391520557,167.4468668312343
341.4119764926217,169.5879291999792
342.21519907003784,167.127121622118
343.0184216474539,166.96478785724838
343.82164422487006,166.8009482056252
344.6248668022862,166.635703832339
345.4280893797023,165.94080176332935
346.23131195711846,166.3014055811397
347.0345345345346,166.13255403340779
347.83775711195074,166.9005177828258
348.6409796893669,165.79195191913212
349.44420226678295,165.62040368276956
350.2474248441991,166.9112941282273
351.0506474216152,165.27531867704744
351.8538699990313,165.1019842378692
352.65709257644744,164.92825672793344
353.4603151538636,164.75423731233084
354.2635377312797,163.43491430276288
355.06676030869585,164.40572742448714
355.869982886112,161.86594968761977
356.6732054635281,164.05726389506265
357.47642804094426,164.26459504156475
358.2796506183604,163.7096560447817
359.0828731957765,161.84933876635534
359.8860957731926,163.36371319436887
360.6893183506087,163.1916190568394
361.4925409280248,163.0202345349707
362.29576350544096,162.84956359928137
363.0989860828571,162.67956585305106
363.90220866027323,162.51020054645304
364.70543123768937,162.3414269296602
365.5086538151055,162.17320425284578
366.31187639252164,162.00549176618284
367.1150989699377,161.83824871984453
367.91832154735386,161.67143436400391
368.72154412477,161.50500794883413
369.5247667021861,157.298771291034
370.32798927960226,161.17315594119952
371.13121185701834,160.01775673115446
371.9344344344345,161.9094948950054
372.7376570118506,164.56253700109164
373.54087958926675,160.5123142215971
374.3441021666829,160.34746239597018
375.147324744099,160.18267251239902
375.9505473215151,160.0179038210567
376.75376989893124,159.51487461740476
377.5569924763474,159.68826701575094
378.3602150537635,159.52331740213373
379.16343763117965,158.95965208871593
379.9666602085957,159.1929520038362
380.76988278601186,159.0274547195022
381.573105363428,159.53533156728622
382.37632794084413,158.69562723132896
383.17955051826027,158.529215527836
383.9827730956764,158.362417518303
384.7859956730925,158.19519245290303
385.5892182505086,160.9488963887967
386.39244082792476,157.85929815519464
387.1956634053409,157.69054742323246
387.99888598275703,157.52120663609574
388.80210856017317,161.6889143344678
389.60533113758925,157.18059189699127
390.4085537150054,158.4363640078971
391.2117762924215,157.37104344876616
392.01499886983765,156.76440861305517
392.8182214472538,156.49048876430493
393.62144402466987,156.31587659579378
394.424666602086,157.70907355354112
395.22788917950214,155.9638633475755
396.0311117569183,157.56663565504203
396.8343343343344,155.60785988558368
397.63755691175055,154.27175835524457
398.44077948916663,155.2475402112031
399.24400206658277,156.66590534725256
400.0472246439989,156.7923056764474
400.85044722141504,154.6982546794327
401.6536697988312,154.51264823081516
402.45689237624725,154.3257182301391
403.2601149536634,154.13742392757757
404.0633375310795,153.94772457330382
404.86656010849566,155.84287329446744
405.6697826859118,153.56394771031177
406.47300526332793,153.3697887019397
407.276227840744,153.17406164254783
408.07945041816015,152.9767257823092
408.8826729955763,152.7777403713969
409.6858955729924,152.5770646599841
410.48911815040856,152.37465789824384
411.2923407278247,152.1704793363493
412.0955633052408,151.96448822447354
412.8987858826569,151.75664381278975
413.70200846007305,153.1131179721355
414.5052310374892,151.33527556371158
415.3084536149053,151.12178576685608
416.1116761923214,148.83982390385688
416.91489876973753,150.6893816811275
417.71812134715367,150.0485461903341
418.5213439245698,147.3937292174208
419.32456650198594,150.02778000937374
420.1277890794021,149.80393149044846
420.93101165681816,151.08218669714782
421.7342342342343,149.35148878484017
422.53745681165043,149.12297002307494
423.34067938906657,148.89296993861413
424.1439019664827,144.8003959523202
424.94712454389884,148.4286766514412
425.7503471213149,148.19445887364694
426.55356969873105,147.9589106229926
427.3567922761472,147.72206961193703
428.1600148535633,148.72712454556378
428.96323743097946,149.02013879971332
429.76646000839554,147.92951063638614
430.5696825858117,146.7625322128807
431.3729051632278,143.8807861303574
432.17612774064395,146.27598747487633
432.9793503180601,146.0311530898611
433.7825728954762,145.78532764411577
434.5857954728923,145.5385488500992
435.38901805030844,145.29085442027022
436.1922406277246,145.04228206708774
436.9954632051407,144.79286950301056
437.79868578255684,144.54265444049773
438.6019083599729,144.29167459200798
439.40513093738906,144.0399676700002
440.2083535148052,143.78757138693337
441.01157609222133,143.29705296930868
441.81479866963747,143.28086158745782
442.6180212470536,141.16718975990958
443.4212438244697,142.77184689325236
444.2244664018858,142.5165694917731
445.02768897930196,142.26082900398802
445.8309115567181,141.3086204994204
446.63413413413423,144.49255102828639
447.43735671155036,141.4912061473865
448.24057928896644,138.39877607780667
449.0438018663826,140.97650020653572
449.8470244437987,140.71877316255205
450.65024702121485,140.4608470194747
451.453469598631,140.20275948976254
452.25669217604707,139.9445468675996
453.0599147534632,139.68623501582206
453.86313733087934,139.51909329122282
454.6663599082955,139.16939843067473
455.4695824857116,138.91091606861875
456.27280506312775,138.65241924111717
457.0760276405438,138.39392913382702
457.87925021795996,138.1354669324051
458.6824727953761,139.5914956130569
459.48569537279224,137.61871098979398
460.2889179502084,137.36045961991863
461.0921405276245,137.10232089853943
461.8953631050406,136.84431601131328
462.6985856824567,138.0983630391553
463.50180825987286,141.2296565965772
464.305030837289,136.07131621112222
465.10825341470513,135.81405851707763
465.9114759921212,135.5570405854707
466.71469856953735,135.30028360195857
467.5179211469535,135.04380875219806
468.3211437243696,134.7876372218461
469.12436630178576,134.5317901965597
469.9275888792019,133.9849093188658
470.73081145661797,134.02115440381132
471.5340340340341,133.76640800766324
472.33725661145024,133.51207085920845
473.1404791888664,131.64489728607828
473.9437017662825,133.00470904800667
474.7469243436986,132.75172675657353
475.55014692111473,130.90904737926382
476.35336949853087,132.24726533032754
477.156592075947,131.99582856682855
477.95981465336314,131.7449493506215
478.7630372307793,131.49464886736334
479.56625980819535,131.24494830271104
480.3694823856115,131.81373311099452
481.1727049630276,130.74743167185167
481.97592754044376,130.49965797695853
482.7791501178599,130.25256894329902
483.58237269527604,130.00618575653004
484.3855952726921,133.87381998655238
485.18881785010825,126.79999647892025
485.9920404275244,129.05394134316467
486.7952630049405,129.0281351914987
487.59848558235666,128.78559902403674
488.40170815977274,128.54389581740702
489.2049307371889,128.3030467572665
490.008153314605,128.06307302927206
490.81137589202115,127.82399581908065
491.6145984694373,129.75751608625816
492.4178210468534,125.31931626093454
493.2210436242695,126.89024117924146
494.02426620168563,126.87707586948491
494.82748877910177,126.64279903316304
495.6307113565179,126.40954582858605
496.43393393393404,126.17733744141063
497.2371565113502,125.94619505729392
498.04037908876626,127.32810864600435
498.8436016661824,125.48719304086416
499.64682424359853,123.577875534322
500.45004682101467,125.03270926455227
501.2532693984308,124.80721468058293
502.0564919758469,124.3096116126925
502.859714553263,124.35982909101045
503.66293713067915,125.80689751196375
504.4661597080953,126.5243769751599
505.2693822855114,123.69823668404693
506.07260486292756,123.48038233433157
506.87582744034364,123.26392777691434
507.6790500177598,120.66070880891992
508.4822725951759,126.05603424044482
509.28549517259205,122.6233322544221
510.0887177500082,123.7338699755694
510.89194032742427,122.20394476019808
511.6951629048404,121.99666468810865
512.4983854822565,121.79104298549703
513.3016080596726,121.5871165919604
514.1048306370888,121.38492244709578
514.9080532145049,120.74809597719329
515.711275791921,120.98587866177127
516.5144983693372,118.93954801190263
517.3177209467533,120.59420714630028
518.1209435241694,120.4012283387527
518.9241661015856,120.3513212571303
519.7273886790017,120.02116932201874
520.5306112564178,121.61943623864707
521.333833833834,120.40890511495407
522.1370564112501,115.07638447747054
522.9402789886663,119.285679990715
523.7435015660824,117.80180834715019
524.5467241434984,118.93084070969898
525.3499467209145,118.7567767039398
526.1531692983307,118.58499904080931
526.9563918757468,118.41554465990465
527.759614453163,118.24845050082291
528.5628370305791,118.08375350316118
529.3660596079951,116.39191412676752
530.1692821854112,117.76169875048629
530.9725047628274,117.6044148746673
531.7757273402435,118.47099367968912
532.5789499176597,117.29751882205183
533.3821724950758,117.14798052444964
534.1853950724919,117.00109796544713
534.9886176499081,117.75152491453572
535.7918402273242,116.71544782163005
536.5950628047403,118.72693502546412
537.3982853821565,119.05634373161645
538.2015079595726,116.3078141353306
539.0047305369887,112.27056112563797
539.8079531144049,116.05038365938131
540.611175691821,115.92607683467311
541.4143982692372,116.371863131397
542.2176208466533,115.68646470977517
543.0208434240693,115.57123328877967
543.8240660014854,115.45910088154925
544.6272885789016,113.29671102753181
545.4305111563177,115.2442808667721
546.2337337337339,115.14166713841962
547.0369563111499,115.04229482696215
547.840178888566,114.94615944241718
548.6434014659822,114.85324160239888
549.4466240433983,114.76352187766528
550.2498466208144,115.74021229607378
551.0530691982306,114.59359905708473
551.8562917756467,114.5133571027539
552.6595143530628,114.4362355467402
553.462736930479,114.36221495980173
554.2659595078951,112.85208366674438
555.0691820853112,113.57197814236366
555.8724046627274,114.1585647210185
556.6756272401435,114.09675371796175
557.4788498175596,115.83581353393957
558.2820723949758,111.42384343604935
559.0852949723919,110.17979047206566
559.8885175498081,112.72316654707689
560.6917401272241,113.83236746082522
561.4949627046402,113.78828795633397
562.2981852820564,113.74709569925699
563.1014078594725,113.70877126035232
563.9046304368886,113.6732952103781
564.7078530143048,110.89206389783439
565.5110755917208,113.61081056025327
566.3142981691369,113.58376310161891
567.117520746553,113.55948631494732
567.9207433239692,113.53796077099663
568.7239659013853,113.51916704052496
569.5271884788015,113.50308569429039
570.3304110562176,113.48969730305096
571.1336336336337,113.47898243756485
571.9368562110499,113.42128620034745
572.740078788466,113.46549556688477
573.5433013658821,113.462684703207
574.3465239432983,113.46246964831494
575.1497465207144,113.46483097296661
575.9529690981306,113.46974924792009
576.7561916755467,111.08023528360152
577.5594142529628,113.48717893176502
578.362636830379,113.4996514821726
579.165859407795,113.5146032659144
579.9690819852111,113.5320148537485
580.7723045626273,113.55186681643305
581.5755271400434,113.57413972472604
582.3787497174595,113.59881414938567
583.1819722948755,114.06277202092942
583.9851948722917,112.21549792065791
584.7884174497078,112.37199572448816
585.591640027124,114.31267199169666
586.3948626045401,113.7575289947159
587.1980851819562,113.7962040215802
588.0013077593724,113.83713713175763
588.8045303367885,113.88029732921851
589.6077529142046,113.92565351794795
590.4109754916208,113.97317460193108
591.2141980690369,114.02282948515303
592.017420646453,114.07458707159894
592.8206432238692,114.128416265254
593.6238658012853,114.18428597010332
594.4270883787015,114.24216509013202
595.2303109561176,115.74813605327584
596.0335335335337,112.2188009330482
596.8367561109498,114.42754798114585
597.6399786883659,114.49315380174353
598.443201265782,114.56061355744627
599.2464238431982,115.35402488782496
600.0496464206143,117.76457507704238
600.8528689980304,117.97344224517956
601.6560915754465,118.24976721813707
602.4593141528626,114.92463300201625
603.2625367302787,116.13448357490536
604.0657593076949,117.18677579425442
604.868981885111,115.16330174506821
605.6722044625271,111.65043868962552
606.4754270399433,115.33033642198428
607.2786496173594,115.41613712686221
608.0818721947755,115.5034186146669
608.8850947721917,115.59214978938348
609.6883173496078,112.87750139537829
610.491539927024,115.77383681549291
611.2947625044401,115.86673047485597
612.0979850818562,115.96094943707153
612.9012076592724,116.05646260612473
613.7044302366885,116.15323888600062
614.5076528141046,116.25124718068436
615.3108753915207,116.35045639416111
616.1140979689368,116.45083543041603
616.9173205463529,118.41514628310219
617.7205431237691,116.65497858720093
618.5237657011852,116.75868051570112
619.3269882786012,116.86342788292002
620.1302108560174,116.96918959284281
620.9334334334335,115.69973573087904
621.7366560108496,117.1836316567404
622.5398785882658,118.9127874036528
623.3431011656819,118.28316265942547
624.146323743098,117.51212492249418
624.9495463205142,117.62331967232795
625.7527688979303,117.18030687870689
626.5559914753464,117.84806808778009
627.3592140527626,117.99717001695159
628.1624366301787,118.07575441751261
628.9656592075949,118.19062156019689
629.768881785011,118.30612989340668
630.5721043624271,116.24562666918816
631.3753269398431,118.9896059242334
632.1785495172593,118.6561910760405
632.9817720946754,118.77395321120373
633.7849946720916,119.15190552356556
634.5882172495077,119.01090351686895
635.3914398269238,119.13002949534126
636.19466240434,119.2495478962202
636.9978849817561,119.36942762349089
637.8011075591722,119.48963758113851
638.6043301365884,118.24616350775364
639.4075527140045,119.730923803505
640.2107752914205,119.85193787619413
641.0139978688367,119.97315779520073
641.8172204462528,120.09455246450997
642.6204430236689,117.14701829444171
643.4236656010851,120.3377416699768
644.2268881785012,117.87663247046201
645.0301107559173,120.58125672447571
645.8333333333335,120.70305870507508
646.6365559107496,118.73517750152887
647.4397784881658,120.94659609289923
648.2430010655819,121.0682693080943
649.0462236429979,121.18983740945816
649.849446220414,121.31127906932048
650.6526687978302,120.7381448341017
651.4558913752463,121.5540009257935
652.2591139526625,121.67543409851447
653.0623365300786,121.7970174920971
653.8655591074947,121.91882764994538
654.6687816849109,122.04094111546341
655.472004262327,122.16343443205523
656.2752268397431,122.28638414312486
657.0784494171593,122.40986679207633
657.8816719945753,122.53395892231369
658.6848945719914,122.658737077241
659.4881171494076,122.78427780026227
660.2913397268237,122.91065763478156
661.0945623042398,123.03795312420291
661.897784881656,123.16624081193032
662.7010074590721,123.29559724136787
663.5042300364883,123.4260989559196
664.3074526139044,123.55782249898951
665.1106751913205,123.69084441398164
665.9138977687367,126.71035406707787
666.7171203461528,123.96108953334884
667.5203429235688,124.09846582453196
668.323565500985,124.2374466612535
669.1267880784011,124.37810858691742
669.9300106558172,124.52052814492782
670.7332332332334,124.66478187868879
671.5364558106495,124.8109463316043
672.3396783880656,124.95909804707838
673.1429009654818,125.10931356851506
673.9461235428979,125.26166943931848
674.749346120314,125.41624220289256
675.5525686977302,125.57310840264141
676.3557912751462,126.54335383487918
677.1590138525623,125.8940272842795
677.9622364299785,124.4261305619128
678.7654590073946,123.50202749227446
679.5686815848107,126.39400244853795
680.3719041622269,125.94604580865642
681.175126739643,126.73905636405007
681.9783493170592,126.9148480995233
682.7815718944753,127.09270233213088
683.5847944718914,127.27253354586509
684.3880170493076,128.00199240052336
685.1912396267236,127.63778485268205
685.9944622041397,127.82303391374926
686.7976847815559,128.0099178919119
687.600907358972,128.19835127116215
688.4041299363881,128.38824853549224
689.2073525138043,128.57952416889438
690.0105750912204,128.30419693830524
690.8137976686365,128.96586847888352
691.6170202460527,129.16076612345498
692.4202428234688,129.35670007306732
693.223465400885,132.08196106341734
694.026687978301,128.47968070005618
694.8299105557171,129.94986459207144
695.6331331331332,130.14908860176925
696.4363557105494,130.34892133646895
697.2395782879655,130.54927728016273
698.0428008653817,130.75007091684287
698.8460234427978,131.30573453900112
699.6492460202139,131.15262920513078
700.4524685976301,131.354222824723
701.2556911750462,131.55591207327035
702.0589137524623,131.91197257097414
702.8621363298785,132.98780192116345
703.6653589072945,132.16069843256523
704.4685814847106,132.36191503685515
705.2718040621268,132.56279969006127
706.0750266395429,132.76326687617566
706.878249216959,132.9632310791907
707.6814717943752,133.16260678309845
708.4846943717913,133.36130847189125
709.2879169492074,133.55925062956118
710.0911395266236,133.75634774010055
710.8943621040397,131.3037359452479
711.6975846814559,134.14766475575618
712.5008072588719,134.3417136288569
713.304029836288,134.53457539079582
714.1072524137041,135.25595887313625
714.9104749911203,134.9163955171572
715.7136975685364,135.10518284956405
716.5169201459526,135.29244100677795
717.3201427233687,135.8558981926031
718.1233653007848,135.6620277315956
718.926587878201,135.84418526718383
719.7298104556171,135.46836014415445
720.5330330330332,136.20280110468008
721.3362556104493,137.17319116156548
722.1394781878654,136.5532478572174
722.9427007652815,136.725194036607
723.7459233426977,136.89484139673348
724.5491459201138,137.06210442158905
725.3523684975299,137.22689759516595
726.1555910749461,137.38913540145637
726.9588136523622,137.5487323244525
727.7620362297783,139.0197833651824
728.5652588071945,137.8596614565307
729.3684813846106,139.21562399425008
730.1717039620266,138.15900086333818
730.9749265394428,138.30411062974602
731.7781491168589,138.44606641681276
732.581371694275,138.58478270853067
733.3845942716912,138.72017398889193
734.1878168491073,141.13817498579013
734.9910394265235,138.98063945151338
735.7942620039396,139.0452692658404
736.5974845813557,142.7093659574898
737.4007071587719,139.3442621600759
738.203929736188,139.4579075361337
739.0071523136041,139.56762928878027
739.8103748910202,139.67334190200788
740.6135974684363,139.7749598598087
741.4168200458524,139.87239764617487
742.2200426232686,139.96556974509878
743.0232652006847,141.5156839258577
743.8264877781008,140.13877481658824
744.629710355517,140.21865463432204
745.4329329329331,141.16695130071616
746.2361555103492,140.36513549692935
747.0393780877654,140.4319219403204
747.8426006651815,140.4945293989945
748.6458232425975,140.55305062837039
749.4490458200137,140.6075783838667
750.2522683974298,140.658205420902
751.055490974846,140.70502449489499
751.8587135522621,140.74812836126435
752.6619361296782,142.7893758655969
753.4651587070944,140.82356149280662
754.2683812845105,141.52901763471058
755.0716038619266,140.88524685887796
755.8748264393428,144.94980582167872
756.6780490167589,141.17774582065394
757.4812715941749,140.9536210675533
758.2844941715911,140.97034246800456
759.0877167490072,140.9841834596
759.8909393264233,140.99523679775814
760.6941619038395,138.29276352799997
761.4973844812556,141.00935153543747
762.3006070586717,141.0125984457959
763.1038296360879,141.0134287243917
763.907052213504,141.01193512664355
764.7102747909202,141.00821040797007
765.5134973683363,141.00234732378985
766.3167199457523,140.9944386295216
767.1199425231684,140.98457708058396
767.9231651005846,137.6512986560243
768.7263876780007,140.9593664403751
769.5296102554169,140.94420285994116
770.332832832833,140.9274574465124
771.1360554102491,140.90922295550746
771.9392779876653,140.88959214234498
772.7425005650814,140.86865776244363
773.5457231424975,140.84651257122206
774.3489457199137,140.82324932409895
775.1521682973298,140.79896077649283
775.9553908747458,140.77373968382247
776.758613452162,140.74767880150642
777.5618360295781,140.72087088496338
778.3650586069942,140.69340868961197
779.1682811844104,140.6653849708709
779.9715037618265,140.6368924841587
780.7747263392426,140.60802398489417
781.5779489166588,140.5788722284958
782.3811714940749,138.0624734451864
783.184394071491,140.52008996597235
783.9876166489072,143.3878616884972
784.7908392263232,140.46128773993755
785.5940618037394,135.84771804250295
786.3972843811555,142.22038638422663
787.2005069585716,140.37467018912784
788.0037295359878,138.19316826850297
788.8069521134039,140.3190644939673
789.61017469082,140.2921817142567
790.4133972682362,137.39875710258318
791.2166198456523,140.24072006766818
792.0198424230684,138.39914440791313
792.8230650004846,140.19294867431415
793.6262875779006,141.13161089060208
794.4295101553167,140.1496095625579
795.2327327327329,140.12980967642298
796.035955310149,140.11127381492042
796.8391778875651,139.09685225895882
797.6424004649813,140.0779175398895
798.4456230423974,140.0630588133996
799.2488456198136,140.0493874856191
800.0520681972297,140.03688440006715
800.8552907746458,138.76773436357377
801.658513352062,138.97249157959405
802.461735929478,140.00619303197544
803.2649585068941,139.99817135053033
804.0681810843103,142.4191428942803
804.8714036617264,139.98532621063381
805.6746262391425,139.9804644392209
806.4778488165587,139.97661765819046
807.2810713939748,139.9737667110618
808.0842939713909,139.97189244135419
808.8875165488071,139.97097569258682
809.6907391262232,139.97099730827895
810.4939617036393,141.37112868088096
811.2971842810555,139.97377900711865
812.1004068584715,139.9765007773047
812.9036294358876,139.98008428602725
813.7068520133038,139.98451037680547
814.5100745907199,139.98975989315866
815.313297168136,138.11385490996008
816.1165197455522,140.00265257666678
816.9197423229683,140.01025743086018
817.7229649003845,140.0186090847056
818.5261874778006,140.02768838172202
819.3294100552167,140.03747616542893
820.1326326326329,140.0479532793454
820.9358552100489,140.0591005669908
821.739077787465,140.0708988718843
822.5423003648812,140.08332903754513
823.3455229422973,140.0963719074926
824.1487455197134,140.11000832524587
824.9519680971296,142.76310734061497
825.7551906745457,141.70855914208687
826.5584132519618,140.15428730053307
827.361635829378,141.2416918516392
828.1648584067941,140.18642315427311
828.9680809842102,140.20321857276545
829.7713035616263,140.22047344369832
830.5745261390424,140.23816861059092
831.3777487164585,140.25628491696253
832.1809712938747,140.2748032063324
832.9841938712908,140.29370432221972
833.787416448707,140.31296910814385
834.5906390261231,140.33257840762383
835.3938616035392,141.20361197390667
836.1970841809554,140.37275392132875
837.0003067583715,137.5379627746341
837.8035293357876,140.41407761148847
838.6067519132037,140.43512213153696
839.4099744906198,140.45639622625683
840.2131970680359,140.4778807391674
841.0164196454521,140.49955651378784
841.8196422228682,141.09850924344698
842.6228648002843,140.2853411586898
843.4260873777005,140.5655398431009
844.2293099551166,140.58778909975337
845.0325325325327,140.61013383571188
845.8357551099489,140.6325548944957
846.638977687365,140.65503311962414
847.4422002647811,140.6775493546164
848.2454228421972,140.70008444299177
849.0486454196133,140.72261922826937
849.8518679970294,140.74513455396854
850.6550905744456,140.76761126360853
851.4583131518617,140.79003020070851
852.2615357292779,140.81237220878774
853.064758306694,138.6154532957718
853.8679808841101,140.85674881196104
854.6712034615263,140.87874509409352
855.4744260389424,140.90058782128224
856.2776486163585,140.92225783704646
857.0808711937746,140.94373598490535
857.8840937711907,140.96500310837826
858.6873163486068,140.98604005098431
859.490538926023,141.00682765624282
860.2937615034391,141.02734676767295
861.0969840808552,141.04757822879407
861.9002066582714,141.57390311851364
862.7034292356875,141.087101574186
863.5066518131036,141.10635514549526
864.3098743905198,141.12524444057246
865.1130969679359,141.48115665776135
865.9163195453519,139.21485653022341
866.7195421227681,141.17953510360365
867.5227647001842,142.21266694065181
868.3259872776003,141.21355629565
869.1292098550165,141.22985764723853
869.9324324324326,141.24566062722963
870.7356550098488,141.26094607914254
871.5388775872649,141.2756948464965
872.342100164681,142.2664234974798
873.1453227420972,141.3035057016045
873.9485453195133,141.31652947639705
874.7517678969293,141.3289399407076
875.5549904743455,141.34071793805546
876.3582130517616,141.35184431195975
877.1614356291777,141.36229990593984
877.9646582065939,141.3720655635148
878.76788078401,141.38112212820408
879.5711033614261,140.2931175962519
880.3743259388423,141.3970313530022
881.1775485162584,141.40384570014953
881.9807710936745,141.40987432848812
882.7839936710907,141.41509808153702
883.5872162485068,141.41949780281567
884.3904388259228,141.4230543358432
885.193661403339,141.42574852413887
885.9968839807551,141.8983308525085
886.8001065581713,141.4284732406116
887.6033291355874,138.90347274912338
888.4065517130035,137.6040445668288
889.2097742904197,141.42561381781286
890.0129968678358,141.4227316516215
890.8162194452519,145.26484583508335
891.6194420226681,141.41395884246646
892.4226646000842,138.60448722829733
893.2258871775002,141.4010470210767
894.0291097549164,141.39299108959187
894.8323323323325,141.38384293560608
895.6355549097486,141.3735834026386
896.4387774871648,141.36219333420863
897.2420000645809,141.3496535738354
898.045222641997,141.33594496503818
898.8484452194132,141.32104835133623
899.6516677968293,141.30494457624874
900.4548903742455,141.70723267517332
901.2581129516616,139.93807244578304
902.0613355290776,141.24919871786562
902.8645581064937,142.18039042216864
903.6677806839099,141.20564780320203
904.471003261326,141.1818987737055
905.2742258387422,141.15680848745816
906.0774484161583,141.1303577879792
906.8806709935744,142.98570928237586
907.6838935709906,141.07329852340354
908.4871161484067,141.04265164534527
909.2903387258228,142.7946864299921
910.093561303239,140.9770276152841
910.896783880655,138.06358403465
911.7000064580711,140.9055021767584
912.5032290354873,140.86747853811943
913.3064516129034,140.82792207792204
