110.88709677419354,151.7487040750513
111.69031935160966,150.70999608223883
112.4935419290258,151.116662910863
113.29676450644192,151.5176610025917
114.09998708385804,151.63857407797576
114.90320966127416,152.30281685176394
115.7064322386903,149.2830396152237
116.50965481610642,149.86317219950993
117.31287739352254,154.92968359246666
118.11609997093868,153.80692834777466
118.9193225483548,152.15162259605458
119.72254512577092,154.52654750021742
120.52576770318706,158.75109913035735
121.32899028060318,155.22498459268786
122.1322128580193,157.23714313689388
122.93543543543542,155.90257137798807
123.73865801285156,158.56025862347218
124.54188059026768,156.5596396089202
125.3451031676838,156.88058293924885
126.14832574509992,157.1965210382863
126.95154832251606,159.1053730556606
127.75477089993218,157.8135474188885
128.5579934773483,159.78914720562827
129.36121605476444,158.4110505035288
130.16443863218058,162.1661278673056
130.96766120959668,161.82804102556779
131.77088378701282,159.2714246598154
132.57410636442893,156.203024636157
133.37732894184506,159.8215709230603
134.1805515192612,160.08973750969963
134.9837740966773,161.3033188784739
135.78699667409344,160.61246493851354
136.59021925150958,161.4985198137133
137.3934418289257,160.1922906111058
138.19666440634182,161.3631637570762
138.99988698375796,161.60465795308932
139.80310956117407,163.79642196129493
140.6063321385902,162.07478704445532
141.4095547160063,162.30350487800874
142.21277729342245,162.5280468622762
143.01599987083858,161.18940860524637
143.81922244825472,162.96476915935418
144.62244502567083,164.34293876793407
145.42566760308696,160.71374892650132
146.22889018050307,163.58957046283246
147.0321127579192,164.0846923791739
147.83533533533534,164.33014406737814
148.63855791275145,166.68468558775476
149.4417804901676,162.92697974817233
150.2450030675837,164.84245137262423
151.04822564499983,164.73426279901614
151.85144822241597,164.9119291816718
152.6546707998321,168.47896652715735
153.4578933772482,165.2563931631356
154.26111595466435,165.42327370014428
155.06433853208046,165.11226020875594
155.8675611094966,169.35539007210747
156.67078368691273,165.90300712548026
157.47400626432886,165.10605596323717
158.27722884174497,166.20582061196518
159.0804514191611,166.3522491233868
159.88367399657722,164.68710577189702
160.68689657399335,169.44727122772156
161.4901191514095,165.60401874376993
162.2933417288256,166.90574256927314
163.09656430624173,167.03626812629597
163.89978688365784,167.1637374997399
164.70300946107398,167.28819215870516
165.5062320384901,167.409673572292
166.30945461590625,165.95252422789278
167.11267719332236,167.64388253973135
167.9158997707385,167.75669303178447
168.7191223481546,167.789944249831
169.52234492557074,167.97393337805877
170.32556750298687,168.07844617048048
171.12879008040298,166.3239138723393
171.93201265781912,172.18674322932685
172.73523523523525,166.37886838998415
173.53845781265136,168.47008241440403
174.3416803900675,168.56159508944535
175.14490296748363,168.65063214831144
175.94812554489974,167.48363974253604
176.75134812231587,170.09798698051543
177.55457069973198,168.90330431886045
178.35779327714812,168.98285360402795
179.16101585456425,165.3666219983692
179.9642384319804,169.13518883144127
180.7674610093965,169.2080577118876
181.5706835868126,169.27878272896072
182.37390616422874,169.3474053517609
183.17712874164488,168.25280551885106
183.98035131906101,168.01014917082043
184.78357389647715,168.39313822581863
185.58679647389326,169.2290396996619
186.39001905130937,167.63924660440932
187.1932416287255,166.13425049245467
187.99646420614164,170.41068370549695
188.79968678355777,169.82567643236814
189.60290936097388,171.0262824626111
190.40613193839002,169.92712309680886
191.20935451580613,173.7717730810217
192.01257709322226,170.02198482456933
192.8157996706384,170.06705000994512
193.61902224805453,170.11059336845165
194.42224482547064,170.15265636918915
195.22546740288675,172.88696218373443
196.0286899803029,173.04132978891715
196.83191255771902,170.27037791579022
197.63513513513516,168.3609800823887
198.4383577125513,170.34221742485062
199.2415802899674,173.38815146985573
200.0448028673835,173.18758762722607
200.84802544479965,170.44084378743605
201.65124802221578,172.0609905216223
202.45447059963192,171.76431221695788
203.25769317704803,170.52950592722155
204.06091575446416,173.46683201677155
204.86413833188027,169.58919472610572
205.6673609092964,170.60932350991416
206.47058348671254,171.08188490361985
207.27380606412868,171.79644820179274
208.07702864154479,170.27973725318697
208.8802512189609,168.45461296759277
209.68347379637703,172.85675518236218
210.48669637379317,171.34995523533345
211.2899189512093,172.8720078813813
212.0931415286254,170.78744532878284
212.89636410604155,170.80690557250517
213.69958668345765,170.8258807168648
214.5028092608738,173.54234140475776
215.30603183828993,170.86254158389676
216.10925441570606,170.88031024476973
216.91247699312217,172.27741354244563
217.71569957053828,170.94723812619992
218.5189221479544,170.93186676601948
219.32214472537055,170.94860734964726
220.12536730278669,170.96519458671435
220.92858988020282,174.0022610335753
221.73181245761893,169.89051760919293
222.53503503503504,171.0144509095544
223.33825761245117,168.35455481829175
224.1414801898673,175.4202606161523
224.94470276728345,169.5150970269682
225.74792534469955,170.12953964977987
226.5511479221157,171.7984295274363
227.3543704995318,171.1144215266323
228.15759307694793,171.13175609860735
228.96081565436407,171.14939348412457
229.7640382317802,170.6758260354678
230.5672608091963,171.1857425721868
231.37048338661242,168.59998478631644
232.17370596402856,172.07248636102838
232.9769285414447,171.2435740333534
233.78015111886083,172.948031395504
234.58337369627696,171.28480900962438
235.38659627369307,169.10142409552554
236.18981885110918,171.32831077924044
236.99304142852532,171.3508419176123
237.79626400594145,171.37385269825242
238.5994865833576,169.68528307323206
239.4027091607737,171.42119160601462
240.20593173818983,171.44545894297522
241.00915431560594,171.47008434188123
241.81237689302208,171.49503740765184
242.6155994704382,171.52028774520642
243.41882204785432,171.54580495946425
244.22204462527046,176.4766234005836
245.0252672026866,171.5975184377666
245.8284897801027,171.62365391164974
246.63171235751884,171.64993468191315
247.43493493493497,171.6763303534762
248.23815751235108,171.70281053125817
249.04138008976722,171.72934482017826
249.84460266718335,171.69732686066914
250.64782524459946,171.78245415111002
251.4510478220156,174.11714010322257
252.2542703994317,173.83066245695557
253.05749297684784,171.86176410402587
253.86071555426398,171.88798476307977
254.66393813168008,171.91404676770676
255.46716070909622,171.93991972282618
256.27038328651236,172.36089370340184
257.0736058639285,169.95079144457307
257.8768284413446,173.7379945271165
258.68005101876076,172.04091314661326
259.48327359617684,172.06538492798376
260.286496173593,172.0894852893623
261.0897187510091,175.68260710754583
261.8929413284252,172.1364501718207
262.69616390584133,172.1592539027391
263.49938648325747,168.68028079700554
264.3026090606736,171.81572927157657
265.10583163808974,169.73783368186005
265.9090542155059,173.5839336695445
266.712276792922,172.26526965099418
267.51549937033815,172.28465945381268
268.3187219477542,172.30337388583214
269.12194452517036,172.32138255197168
269.9251671025865,172.3386550571506
270.7283896800026,172.3551610062881
271.5316122574187,174.35450840370817
272.33483483483485,173.14440503160773
273.138057412251,172.3997755666457
273.9412799896671,172.41291134081075
274.74450256708326,172.42512858353084
275.5477251444994,175.4301483792946
276.35094772191553,176.6506304517469
277.1541702993316,172.45596517221426
277.95739287674775,172.46420433834737
278.7606154541639,172.47137299763196
279.56383803157996,173.5822675864584
280.3670606089961,173.24003790009124
281.17028318641223,172.4861519835872
281.97350576382837,172.48873466467035
282.7767283412445,172.49009486350138
283.57995091866064,176.8374801379219
284.3831734960768,172.48902623408398
285.1863960734929,172.48653661567414
285.98961865090905,174.4153100297241
286.79284122832513,172.4774947960487
287.59606380574127,175.55756481772033
288.39928638315735,172.46283356547724
289.2025089605735,172.453319683385
290.0057315379896,171.05496683614777
290.80895411540575,172.4297734101838
291.6121766928219,172.41568022891335
292.415399270238,171.86931297497017
293.21862184765416,172.38270180162937
294.0218444250703,172.36375576545433
294.82506700248643,172.34313132081633
295.6282895799025,172.32079807263463
296.43151215731865,172.29672562582843
297.2347347347348,172.27088358531716
298.03795731215087,170.52585677128005
298.841179889567,172.21376914285617
299.64440246698314,170.2342232650024
300.4476250443993,169.49965821813606
301.2508476218154,172.11406564935803
302.05407019923155,173.85157269155923
302.8572927766477,172.037887491213
303.6605153540638,170.83573380969185
304.4637379314799,171.05018466713003
305.26696050889603,171.90844860866173
306.07018308631217,171.8611349620661
306.87340566372825,172.9167711631357
307.6766282411444,170.11780643712328
308.4798508185605,170.40634499784963
309.28307339597666,169.41229959696207
310.0862959733928,171.59194380736614
310.88951855080893,171.53136822651675
311.69274112822507,171.46847594050922
312.4959637056412,173.232225578705
313.2991862830573,172.83572071270268
314.1024088604734,169.9267506735919
314.90563143788955,172.99175543729814
315.70885401530563,171.67757139687234
316.51207659272177,171.5741374717274
317.3152991701379,169.36438824395108
318.11852174755404,171.33264557704908
318.9217443249702,170.79317844600564
319.7249669023863,169.38424842846217
320.52818947980245,170.61506526090213
321.3314120572186,170.5220016967005
322.1346346346347,171.58741031814117
322.9378572120508,166.69982175064763
323.74107978946694,169.9122706710037
324.544302366883,170.12232507701145
325.34752494429915,170.01539835596495
326.1507475217153,173.2844898490176
326.9539700991314,169.79292306895775
327.75719267654756,170.42392708522559
328.5604152539637,169.55874935486025
329.36363783137983,170.40305864275928
330.16686040879597,172.1377654508215
330.9700829862121,172.64280588620568
331.7733055636282,168.93242473833715
332.5765281410443,169.63463076854117
333.37975071846046,168.78447129404853
334.18297329587654,168.64537917944503
334.9861958732927,168.7907698932106
335.7894184507088,166.48171273898842
336.59264102812494,168.2127952794985
337.3958636055411,165.52646365836088
338.1990861829572,164.84239464645964
339.00230876037335,164.82648028018298
339.8055313377895,167.60407594529988
340.60875391520557,168.62661256582356
341.4119764926217,170.6568493566868
342.21519907003784,167.127121622118
343.0184216474539,164.33281393881492
343.82164422487006,165.94813947977678
344.6248668022862,169.35937196491773
345.4280893797023,167.85432905140746
346.23131195711846,166.3014055811397
347.0345345345346,166.13255403340779
347.83775711195074,167.2906797035133
348.6409796893669,165.79195191913212
349.44420226678295,165.62040368276956
350.2474248441991,166.74639653288037
351.0506474216152,161.95104723768978
351.8538699990313,164.12151715332652
352.65709257644744,164.92825672793344
353.4603151538636,164.75423731233084
354.2635377312797,166.98021403490688
355.06676030869585,164.40572742448714
355.869982886112,164.23143928242723
356.6732054635281,164.14063049280432
357.47642804094426,163.88330242748395
358.2796506183604,163.7096560447817
359.0828731957765,163.53642591204652
359.8860957731926,163.36371319436887
360.6893183506087,164.98659631616366
361.4925409280248,163.0202345349707
362.29576350544096,158.92979122839094
363.0989860828571,160.53228449136918
363.90220866027323,158.84483516739482
364.70543123768937,162.3414269296602
365.5086538151055,166.3906553425208
366.31187639252164,162.00549176618284
367.1150989699377,161.83824871984453
367.91832154735386,161.67143436400391
368.72154412477,161.50500794883413
369.5247667021861,159.79113845165037
370.32798927960226,161.17315594119952
371.13121185701834,161.0076488490809
371.9344344344345,162.73049218593363
372.7376570118506,160.67726873910655
373.54087958926675,160.5123142215971
374.3441021666829,162.65742799098518
375.147324744099,159.2473674795907
375.9505473215151,159.63222616408325
376.75376989893124,159.85311557211634
377.5569924763474,161.5075652483127
378.3602150537635,159.52331740213373
379.16343763117965,159.35822598143778
379.9666602085957,159.1929520038362
380.76988278601186,158.72967331620234
381.573105363428,158.86169337860872
382.37632794084413,160.34460056784351
383.17955051826027,161.33852126002165
383.9827730956764,158.362417518303
384.7859956730925,156.72533621035734
385.5892182505086,158.0274995818092
386.39244082792476,160.3913356004713
387.1956634053409,157.69054742323246
387.99888598275703,156.70345117853037
388.80210856017317,155.2386415863129
389.60533113758925,157.18059189699127
390.4085537150054,157.0092364453697
391.2117762924215,154.83682499988888
392.01499886983765,156.66422562885342
392.8182214472538,160.2167547077168
393.62144402466987,156.31587659579378
394.424666602086,156.3110272392854
395.22788917950214,155.34167364450064
396.0311117569183,155.78638076821477
396.8343343343344,155.37024824123247
397.63755691175055,155.42825994985537
398.44077948916663,155.2475402112031
399.24400206658277,155.06565991979977
400.0472246439989,152.59120500455828
400.85044722141504,154.6982546794327
401.6536697988312,153.92722188197814
402.45689237624725,154.3257182301391
403.2601149536634,154.13742392757757
404.0633375310795,153.94772457330382
404.86656010849566,153.75657941749083
405.6697826859118,153.56394771031177
406.47300526332793,153.3697887019397
407.276227840744,154.6404067055829
408.07945041816015,152.9767257823092
408.8826729955763,151.67481999503508
409.6858955729924,152.5770646599841
410.48911815040856,152.37465789824384
411.2923407278247,152.1704793363493
412.0955633052408,151.96448822447354
412.8987858826569,151.75664381278975
413.70200846007305,151.54690691328278
414.5052310374892,151.33527556371158
415.3084536149053,151.12178576685608
416.1116761923214,150.90647523517507
416.91489876973753,150.6893816811275
417.71812134715367,148.41054337000503
418.5213439245698,150.24999635576788
419.32456650198594,150.02778000937374
420.1277890794021,149.80393149044846
420.93101165681816,149.57848851145104
421.7342342342343,149.35148878484017
422.53745681165043,147.99430647794796
423.34067938906657,148.89296993861413
424.1439019664827,151.11446662331628
424.94712454389884,148.4286766514412
425.7503471213149,148.19445887364694
426.55356969873105,146.68857726161616
427.3567922761472,150.8898413176681
428.1600148535633,147.48397355293923
428.96323743097946,144.7279441057448
429.76646000839554,147.00416714095215
430.5696825858117,146.7625322128807
431.3729051632278,146.51979308670244
432.17612774064395,143.62513078268836
432.9793503180601,146.0311530898611
433.7825728954762,147.6194879763033
434.5857954728923,145.5385488500992
435.38901805030844,143.92704825611685
436.1922406277246,146.7954686545085
436.9954632051407,144.79286950301056
437.79868578255684,144.54265444049773
438.6019083599729,144.29167459200798
439.40513093738906,144.0399676700002
440.2083535148052,143.78757138693337
441.01157609222133,143.53452345526628
441.81479866963747,143.1296291672325
442.6180212470536,142.55445899613812
443.4212438244697,142.77184689325236
444.2244664018858,143.16585295221165
445.02768897930196,144.5783006760259
445.8309115567181,141.7244419320315
446.63413413413423,137.67295700004883
447.43735671155036,141.4912061473865
448.24057928896644,141.23399043896683
449.0438018663826,140.97650020653572
449.8470244437987,138.2116608082565
450.65024702121485,140.4608470194747
451.453469598631,140.20275948976254
452.25669217604707,141.20352538221928
453.0599147534632,139.68623501582206
453.86313733087934,139.42784514162813
454.6663599082955,139.16939843067473
455.4695824857116,138.91091606861875
456.27280506312775,138.97636635817153
457.0760276405438,138.74834737827922
457.87925021795996,137.3475020228751
458.6824727953761,137.87705382250846
459.48569537279224,140.550093360544
460.2889179502084,137.36045961991863
461.0921405276245,137.10232089853943
461.8953631050406,139.5182212039097
462.6985856824567,136.58646614389698
463.50180825987286,136.32879248194772
464.305030837289,136.07131621112222
465.10825341470513,135.31119557647548
465.9114759921212,135.5570405854707
466.71469856953735,135.30028360195857
467.5179211469535,135.04380875219806
468.3211437243696,133.63983466150057
469.12436630178576,134.5317901965597
469.9275888792019,129.3196962818127
470.73081145661797,134.02115440381132
471.5340340340341,134.51435517961502
472.33725661145024,130.53733009490045
473.1404791888664,133.25816414410397
473.9437017662825,131.34282773665836
474.7469243436986,133.72560838937292
475.55014692111473,132.4992384554615
476.35336949853087,132.24726533032754
477.156592075947,129.5310616203275
477.95981465336314,130.97110990204303
478.7630372307793,132.34330492127384
479.56625980819535,131.24494830271104
480.3694823856115,130.99586884232147
481.1727049630276,130.74743167185167
481.97592754044376,130.49965797695853
482.7791501178599,129.8631965949766
483.58237269527604,125.89210955391387
484.3855952726921,129.7605296023086
485.18881785010825,131.10987713466508
485.9920404275244,129.271483134136
486.7952630049405,131.84181054788104
487.59848558235666,128.78559902403674
488.40170815977274,129.87782088421494
489.2049307371889,128.3030467572665
490.008153314605,128.5820153162473
490.81137589202115,127.82399581908065
491.6145984694373,128.03761545801524
492.4178210468534,127.34861569473495
493.2210436242695,127.11235515189452
494.02426620168563,126.87707586948491
494.82748877910177,125.82873116325646
495.6307113565179,126.39920558130032
496.43393393393404,127.93720479568222
497.2371565113502,125.94619505729392
498.04037908876626,125.71613986189277
498.8436016661824,125.48719304086416
499.64682424359853,123.95821359251596
500.45004682101467,125.03270926455227
501.2532693984308,125.87986954270147
502.0564919758469,124.32154704869572
502.859714553263,124.35982909101045
503.66293713067915,124.13799700198349
504.4661597080953,123.91745388646329
505.2693822855114,122.79320917754502
506.07260486292756,123.1643305741439
506.87582744034364,123.26392777691434
507.6790500177598,123.04890995139223
508.4822725951759,122.83536579736247
509.28549517259205,117.75901135469354
510.0887177500082,122.41284626216827
510.89194032742427,122.20394476019808
511.6951629048404,125.91462586274571
512.4983854822565,121.79104298549703
513.3016080596726,121.5871165919604
514.1048306370888,121.38492244709578
514.9080532145049,124.75884204485773
515.711275791921,120.59576893989913
516.5144983693372,118.66791574309795
517.3177209467533,120.59420714630028
518.1209435241694,121.5347577142827
518.9241661015856,120.2102034174598
519.7273886790017,123.9284378164986
520.5306112564178,119.83416299202662
521.333833833834,122.36600344653397
522.1370564112501,123.97067433912008
522.9402789886663,121.57011942420122
523.7435015660824,117.18568995385284
524.5467241434984,118.93084070969898
525.3499467209145,119.92882230370786
526.1531692983307,118.58499904080931
526.9563918757468,114.49659734088229
527.759614453163,117.99552888280755
528.5628370305791,118.74740514645647
529.3660596079951,117.9214906065166
530.1692821854112,115.76425937083914
530.9725047628274,117.6044148746673
531.7757273402435,121.2878444174949
532.5789499176597,117.29751882205183
533.3821724950758,118.212854131779
534.1853950724919,113.99185486325365
534.9886176499081,113.17484197076104
535.7918402273242,116.71544782163005
536.5950628047403,114.63290688382426
537.3982853821565,116.44086390737745
538.2015079595726,116.3078141353306
539.0047305369887,115.38139532515248
539.8079531144049,116.05038365938131
540.611175691821,114.13236310209442
541.4143982692372,115.80475820493871
542.2176208466533,115.68646470977517
543.0208434240693,115.57123328877967
543.8240660014854,115.45910088154925
544.6272885789016,115.35010442768099
545.4305111563177,115.2442808667721
546.2337337337339,116.40630855153982
547.0369563111499,115.04229482696215
547.840178888566,114.94615944241718
548.6434014659822,114.85324160239888
549.4466240433983,114.76352187766528
550.2498466208144,114.67698083897454
551.0530691982306,114.59359905708473
551.8562917756467,114.5133571027539
552.6595143530628,116.4933726667245
553.462736930479,112.12745832450555
554.2659595078951,113.30182360440836
555.0691820853112,114.91300024418643
555.8724046627274,114.1585647210185
556.6756272401435,111.23706949469475
557.4788498175596,114.03794653777071
558.2820723949758,115.50373172707805
559.0852949723919,113.92926592901806
559.8885175498081,111.50729044266676
560.6917401272241,113.83236746082522
561.4949627046402,113.78828795633397
562.2981852820564,114.74186671087192
563.1014078594725,116.08443181607937
563.9046304368886,113.6732952103781
564.7078530143048,113.64064812009237
565.5110755917208,112.55501363145635
566.3142981691369,113.58376310161891
567.117520746553,113.55948631494732
567.9207433239692,117.73058075283811
568.7239659013853,114.95139218161265
569.5271884788015,109.86209636075137
570.3304110562176,112.270006928082
571.1336336336337,111.9581006738548
571.9368562110499,112.85159676216918
572.740078788466,113.46549556688477
573.5433013658821,112.08722173315931
574.3465239432983,113.46246964831494
575.1497465207144,113.46483097296661
575.9529690981306,113.46974924792009
576.7561916755467,113.47720504393354
577.5594142529628,110.88898463455386
578.362636830379,113.4996514821726
579.165859407795,113.5146032659144
579.9690819852111,116.43403649014637
580.7723045626273,113.43704313023609
581.5755271400434,113.77716973129439
582.3787497174595,113.59881414938567
583.1819722948755,113.62587066116997
583.9851948722917,109.43899290830382
584.7884174497078,113.68705222914497
585.591640027124,113.72113842685192
586.3948626045401,116.89647740005942
587.1980851819562,113.7962040215802
588.0013077593724,113.83713713175763
588.8045303367885,112.8602347883595
589.6077529142046,113.92565351794795
590.4109754916208,113.97317460193108
591.2141980690369,112.89270831412883
592.017420646453,116.64820127201477
592.8206432238692,114.128416265254
593.6238658012853,113.13010795165145
594.4270883787015,114.24216509013202
595.2303109561176,115.43305066232418
596.0335335335337,114.36382719166816
596.8367561109498,114.50756079715441
597.6399786883659,109.50338733991453
598.443201265782,113.57285091830555
599.2464238431982,109.73851948290383
600.0496464206143,114.7009704901076
600.8528689980304,114.77380547503644
601.6560915754465,118.0990474173424
602.4593141528626,117.49109906814333
603.2625367302787,115.00256335203744
604.0657593076949,117.81301334787925
604.868981885111,117.22725015817204
605.6722044625271,115.24604759604803
606.4754270399433,111.46039923738363
607.2786496173594,115.41613712686221
608.0818721947755,116.29384688118064
608.8850947721917,114.39285880788462
609.6883173496078,112.74898945630731
610.491539927024,118.3838826784614
611.2947625044401,116.40400806929401
612.0979850818562,115.96094943707153
612.9012076592724,116.05646260612473
613.7044302366885,112.89430208057833
614.5076528141046,116.25124718068436
615.3108753915207,116.35045639416111
616.1140979689368,113.67129872179407
616.9173205463529,116.55235319343427
617.7205431237691,116.65497858720093
618.5237657011852,116.75868051570112
619.3269882786012,116.89371495604668
620.1302108560174,116.96918959284281
620.9334334334335,115.13247405280863
621.7366560108496,117.1836316567404
622.5398785882658,118.65923484107
623.3431011656819,120.46295242220488
624.146323743098,119.29351776421588
624.9495463205142,116.50127782892022
625.7527688979303,117.73531109276155
626.5559914753464,114.92802184948623
627.3592140527626,114.33101337917913
628.1624366301787,117.8158646574042
628.9656592075949,119.69839371729188
629.768881785011,118.30612989340668
630.5721043624271,118.4222483211271
631.3753269398431,121.21381496061723
632.1785495172593,118.6561910760405
632.9817720946754,118.77395321120373
633.7849946720916,119.83284185395429
634.5882172495077,120.13390165296468
635.3914398269238,119.13002949534126
636.19466240434,119.2495478962202
636.9978849817561,117.8115642254013
637.8011075591722,121.3209544299254
638.6043301365884,119.61014667314814
639.4075527140045,119.730923803505
640.2107752914205,115.85973443797656
641.0139978688367,119.4246119388645
641.8172204462528,118.08206316226581
642.6204430236689,120.21609078810698
643.4236656010851,118.66222046927163
644.2268881785012,120.45947401410469
645.0301107559173,122.24673595042931
645.8333333333335,120.70305870507508
646.6365559107496,120.82484885988787
647.4397784881658,120.94659609289923
648.2430010655819,122.55155735505457
649.0462236429979,121.71916155131228
649.849446220414,121.1082529572945
650.6526687978302,121.09478735800018
651.4558913752463,118.18001951056254
652.2591139526625,124.64466256091951
653.0623365300786,121.7970174920971
653.8655591074947,121.91882764994538
654.6687816849109,122.04094111546341
655.472004262327,122.16343443205523
656.2752268397431,122.28638414312486
657.0784494171593,122.40986679207633
657.8816719945753,121.25419099726315
658.6848945719914,120.67072644422184
659.4881171494076,124.3776693618419
660.2913397268237,122.91065763478156
661.0945623042398,123.03795312420291
661.897784881656,122.63628023009497
662.7010074590721,123.29559724136787
663.5042300364883,123.79730647566507
664.3074526139044,125.84663763361102
665.1106751913205,118.92072739838488
665.9138977687367,125.84380610568569
666.7171203461528,123.08558795709774
667.5203429235688,122.72627434205435
668.323565500985,124.2374466612535
669.1267880784011,124.37810858691742
669.9300106558172,126.00835613350917
670.7332332332334,123.38171625850653
671.5364558106495,124.8109463316043
672.3396783880656,128.2933554750937
673.1429009654818,123.92151697232576
673.9461235428979,125.26166943931848
674.749346120314,125.41624220289256
675.5525686977302,126.10530381905211
676.3557912751462,124.24972247495808
677.1590138525623,125.97008953502802
677.9622364299785,126.05822471365694
678.7654590073946,123.02615346669602
679.5686815848107,126.39400244853795
680.3719041622269,125.9618727013933
681.175126739643,126.94553778292374
681.9783493170592,125.92819524862571
682.7815718944753,127.09270233213088
683.5847944718914,127.27253354586509
684.3880170493076,124.76240977672504
685.1912396267236,127.63778485268205
685.9944622041397,127.86769512072728
686.7976847815559,126.31083970053251
687.600907358972,125.8925424522135
688.4041299363881,130.59466386928796
689.2073525138043,126.88138543899254
690.0105750912204,130.62538632318098
690.8137976686365,127.99362783272815
691.6170202460527,129.16076612345498
692.4202428234688,129.35670007306732
693.223465400885,133.25092967090293
694.026687978301,129.75133482338333
694.8299105557171,128.9743343104506
695.6331331331332,130.14908860176925
696.4363557105494,130.97597566977203
697.2395782879655,130.11787197554145
698.0428008653817,130.75007091684287
698.8460234427978,129.52879957265853
699.6492460202139,131.76483013924437
700.4524685976301,131.01229551703398
701.2556911750462,131.55591207327035
702.0589137524623,133.86304058512883
702.8621363298785,131.50712588937333
703.6653589072945,135.77308851578863
704.4685814847106,134.70342760015697
705.2718040621268,133.94971633755847
706.0750266395429,132.76326687617566
706.878249216959,132.74549003591855
707.6814717943752,133.16260678309845
708.4846943717913,131.38748072361355
709.2879169492074,133.55925062956118
710.0911395266236,133.75634774010055
710.8943621040397,133.91813312885367
711.6975846814559,134.14766475575618
712.5008072588719,133.35533553787735
713.304029836288,137.67297887894227
714.1072524137041,135.3247134623943
714.9104749911203,136.44181868375264
715.7136975685364,134.83242413929216
716.5169201459526,135.29244100677795
717.3201427233687,139.27246657080352
718.1233653007848,130.99502444921313
718.926587878201,140.68956963044144
719.7298104556171,136.02447156354793
720.5330330330332,136.20280110468008
721.3362556104493,136.37908837457246
722.1394781878654,138.8541969135674
722.9427007652815,136.725194036607
723.7459233426977,138.05653736197888
724.5491459201138,135.19087326081416
725.3523684975299,137.22689759516595
726.1555910749461,137.9476854378992
726.9588136523622,135.78020460520216
727.7620362297783,139.0285188781609
728.5652588071945,135.6462234838403
729.3684813846106,136.14256921313805
730.1717039620266,138.15900086333818
730.9749265394428,137.75482271504043
731.7781491168589,141.04211423551828
732.581371694275,138.78952640168134
733.3845942716912,138.72017398889193
734.1878168491073,138.85215474188874
734.9910394265235,138.98063945151338
735.7942620039396,141.7524698989402
736.5974845813557,139.22677867661474
737.4007071587719,138.00042925724128
738.203929736188,139.4579075361337
739.0071523136041,139.52589922848767
739.8103748910202,139.67334190200788
740.6135974684363,139.7749598598087
741.4168200458524,142.66722238230656
742.2200426232686,139.96556974509878
743.0232652006847,141.28984383154776
743.8264877781008,140.13877481658824
744.629710355517,140.21865463432204
745.4329329329331,140.29407731340282
746.2361555103492,141.7912409165484
747.0393780877654,140.4319219403204
747.8426006651815,140.4945293989945
748.6458232425975,140.55305062837039
749.4490458200137,140.6075783838667
750.2522683974298,140.658205420902
751.055490974846,140.70502449489499
751.8587135522621,140.74812836126435
752.6619361296782,140.78760977542868
753.4651587070944,140.82356149280662
754.2683812845105,141.61292446041202
755.0716038619266,140.88524685887796
755.8748264393428,140.91116601840864
756.6780490167589,140.65699891184389
757.4812715941749,137.7381418959999
758.2844941715911,141.82459339670714
759.0877167490072,140.49950189860172
759.8909393264233,140.99523679775814
760.6941619038395,141.34613651049355
761.4973844812556,141.13623817064482
762.3006070586717,140.19931277582683
763.1038296360879,142.358371961858
763.907052213504,144.24264764146233
764.7102747909202,141.00821040797007
765.5134973683363,141.00234732378985
766.3167199457523,140.9160406946831
767.1199425231684,141.7488558602931
767.9231651005846,141.3290663550122
768.7263876780007,141.751010362714
769.5296102554169,140.94420285994116
770.332832832833,139.20567211196288
771.1360554102491,138.16720910794442
771.9392779876653,138.51022109689464
772.7425005650814,140.86865776244363
773.5457231424975,138.7038529120726
774.3489457199137,139.84908662809536
775.1521682973298,141.59562377065907
775.9553908747458,140.77373968382247
776.758613452162,139.3388306022928
777.5618360295781,138.0220056816343
778.3650586069942,143.9645723612441
779.1682811844104,140.6653849708709
779.9715037618265,138.6485806765008
780.7747263392426,140.7743333949494
781.5779489166588,141.1309357843992
782.3811714940749,140.2449617248157
783.184394071491,140.52008996597235
783.9876166489072,141.9569636541256
784.7908392263232,140.46128773993755
785.5940618037394,138.82023182258303
786.3972843811555,138.6722524427363
787.2005069585716,138.44539479076434
788.0037295359878,140.34659157073054
788.8069521134039,140.3190644939673
789.61017469082,140.2921817142567
790.4133972682362,140.7881588827287
791.2166198456523,140.24072006766818
792.0198424230684,138.19515402338192
792.8230650004846,142.9688431011999
793.6262875779006,140.17067871114665
794.4295101553167,139.35308334478125
795.2327327327329,140.12980967642298
796.035955310149,140.11127381492042
796.8391778875651,141.26152787718587
797.6424004649813,138.7691302748368
798.4456230423974,139.03693479096214
799.2488456198136,142.9336689176815
800.0520681972297,137.28119131454642
800.8552907746458,136.7203635875782
801.658513352062,140.0153063297261
802.461735929478,140.00619303197544
803.2649585068941,137.2985547136776
804.0681810843103,139.99122212891007
804.8714036617264,139.98532621063381
805.6746262391425,139.9804644392209
806.4778488165587,139.97661765819046
807.2810713939748,138.31863009473489
808.0842939713909,139.97189244135419
808.8875165488071,138.1960625077294
809.6907391262232,139.97099730827895
810.4939617036393,139.52998295511765
811.2971842810555,139.97377900711865
812.1004068584715,139.9765007773047
812.9036294358876,141.53013814843152
813.7068520133038,139.98451037680547
814.5100745907199,142.87340090970835
815.313297168136,140.6504840691055
816.1165197455522,141.3699990292351
816.9197423229683,141.32982310983223
817.7229649003845,139.14752368083495
818.5261874778006,140.02768838172202
819.3294100552167,136.38123888267404
820.1326326326329,140.0479532793454
820.9358552100489,144.782649718614
821.739077787465,137.45590664730324
822.5423003648812,142.29963869235044
823.3455229422973,140.0963719074926
824.1487455197134,140.11000832524587
824.9519680971296,136.19245365032398
825.7551906745457,138.9649224053996
826.5584132519618,140.494284852655
827.361635829378,140.1701063447021
828.1648584067941,137.65557707231704
828.9680809842102,140.20321857276545
829.7713035616263,140.22047344369832
830.5745261390424,137.61714070509433
831.3777487164585,140.39013003050397
832.1809712938747,140.2748032063324
832.9841938712908,140.29370432221972
833.787416448707,138.80760833833475
834.5906390261231,138.25084317778723
835.3938616035392,145.10310812493702
836.1970841809554,140.37275392132875
837.0003067583715,135.87643049734217
837.8035293357876,140.7529815638459
838.6067519132037,138.3120211445018
839.4099744906198,140.45639622625683
840.2131970680359,140.4778807391674
841.0164196454521,141.4121556930976
841.8196422228682,140.5214043936374
842.6228648002843,140.54340522223535
843.4260873777005,140.5655398431009
844.2293099551166,140.58778909975337
845.0325325325327,140.37947170889376
845.8357551099489,140.6325548944957
846.638977687365,140.1641214837713
847.4422002647811,140.13809671255916
848.2454228421972,140.70008444299177
849.0486454196133,140.72261922826937
849.8518679970294,140.74513455396854
850.6550905744456,140.76761126360853
851.4583131518617,137.79646864217347
852.2615357292779,140.81237220878774
853.064758306694,140.83461813136552
853.8679808841101,137.90152525032022
854.6712034615263,139.3968449481924
855.4744260389424,139.96373064168057
856.2776486163585,140.92225783704646
857.0808711937746,140.81027140810002
857.8840937711907,142.10591510393553
858.6873163486068,140.98604005098431
859.490538926023,139.7263550752519
860.2937615034391,141.02734676767295
861.0969840808552,141.04757822879407
861.9002066582714,141.57614538340874
862.7034292356875,142.12199997912492
863.5066518131036,140.73910796476775
864.3098743905198,141.9690136735646
865.1130969679359,142.3116780026288
865.9163195453519,141.16185357610743
866.7195421227681,140.8188847335553
867.5227647001842,141.1967757289448
868.3259872776003,141.60509116910734
869.1292098550165,141.22985764723853
869.9324324324326,141.24566062722963
870.7356550098488,142.44886396957875
871.5388775872649,143.90601308287154
872.342100164681,143.02882363679933
873.1453227420972,141.79955651278402
873.9485453195133,141.31652947639705
874.7517678969293,141.3289399407076
875.5549904743455,142.2594556209711
876.3582130517616,142.6864467759324
877.1614356291777,138.9313247286939
877.9646582065939,141.3720655635148
878.76788078401,141.38112212820408
879.5711033614261,139.40193293328784
880.3743259388423,141.3970313530022
881.1775485162584,138.17748656143235
881.9807710936745,140.69678646397134
882.7839936710907,141.41509808153702
883.5872162485068,141.2074520552469
884.3904388259228,141.4230543358432
885.193661403339,142.3155938546812
885.9968839807551,141.42756121122193
886.8001065581713,138.67408496712906
887.6033291355874,141.42846545582717
888.4065517130035,142.20124493888235
889.2097742904197,139.31794629658057
890.0129968678358,142.43410459446758
890.8162194452519,140.63399621273078
891.6194420226681,146.3610639031247
892.4226646000842,138.94743943066072
893.2258871775002,141.4010470210767
894.0291097549164,141.39299108959187
894.8323323323325,141.01458064898387
895.6355549097486,141.21051609188248
896.4387774871648,139.51324061932124
897.2420000645809,142.91230050344132
898.045222641997,141.33594496503818
898.8484452194132,141.32104835133623
899.6516677968293,139.66511109653987
900.4548903742455,141.287614483295
901.2581129516616,141.2690389159942
902.0613355290776,143.66581398603876
902.8645581064937,141.2280747324285
903.6677806839099,141.20564780320203
904.471003261326,141.68985184089684
905.2742258387422,141.15680848745816
906.0774484161583,144.7564873300024
906.8806709935744,141.1025275187879
907.6838935709906,139.8088186263633
908.4871161484067,142.68921243373566
909.2903387258228,141.26529466518002
910.093561303239,142.90715035713788
910.896783880655,140.94201215031973
911.7000064580711,140.9055021767584
912.5032290354873,140.86747853811943
913.3064516129034,145.14734538602792
