110.88709677419354,151.48327945055794
111.69031935160966,152.70452634651204
112.4935419290258,150.75798812761352
113.29676450644192,151.5176610025917
114.09998708385804,153.0268716019632
114.90320966127416,152.30281685176394
115.7064322386903,152.79257310743097
116.50965481610642,153.06579538255755
117.31287739352254,153.43907182631304
118.11609997093868,154.17440314430885
118.9193225483548,150.26591668071347
119.72254512577092,153.09247264607632
120.52576770318706,149.87888038099874
121.32899028060318,155.22498459268786
122.1322128580193,155.56636353918412
122.93543543543542,155.90257137798807
123.73865801285156,158.75348047285638
124.54188059026768,153.50617197456995
125.3451031676838,160.41412038499354
126.14832574509992,157.83607591517125
126.95154832251606,157.50749537513275
127.75477089993218,157.8135474188885
128.5579934773483,158.63359429156463
129.36121605476444,156.47979214203775
130.16443863218058,158.70258448261393
130.96766120959668,158.9893620450094
131.77088378701282,159.12991246675455
132.57410636442893,159.55604964593738
133.37732894184506,159.8215709230603
134.1805515192612,160.08973750969963
134.9837740966773,160.35335502515065
135.78699667409344,165.20745859426722
136.59021925150958,161.68295699414378
137.3934418289257,162.54469546241677
138.19666440634182,163.7056883415229
138.99988698375796,162.5716339468857
139.80310956117407,161.84185189251554
140.6063321385902,162.07478704445532
141.4095547160063,162.30350487800874
142.21277729342245,162.5280468622762
143.01599987083858,162.74845446635794
143.81922244825472,165.2562396233479
144.62244502567083,161.237821476707
145.42566760308696,167.1434135751539
146.22889018050307,163.58957046283246
147.0321127579192,164.7052635010177
147.83533533533534,162.88210857625907
148.63855791275145,164.1790284541508
149.4417804901676,164.3678539043559
150.2450030675837,164.55291819627757
151.04822564499983,164.73426279901614
151.85144822241597,164.9119291816718
152.6546707998321,163.28256305164925
153.4578933772482,164.90873353109578
154.26111595466435,165.42327370014428
155.06433853208046,165.58664189347107
155.8675611094966,164.10533002170104
156.67078368691273,169.5348089177985
157.47400626432886,166.0560871023631
158.27722884174497,166.20582061196518
159.0804514191611,162.53192243924886
159.88367399657722,166.49541410572812
160.68689657399335,166.63535702808937
161.4901191514095,165.94445550587744
162.2933417288256,166.90574256927314
163.09656430624173,168.1477432277612
163.89978688365784,167.1637374997399
164.70300946107398,167.28819215870516
165.5062320384901,171.23120821290283
166.30945461590625,167.5282232096006
167.11267719332236,168.12134934267087
167.9158997707385,169.70300123237755
168.7191223481546,164.92486762057058
169.52234492557074,168.74738670695075
170.32556750298687,168.07844617048048
171.12879008040298,168.6982497261167
171.93201265781912,166.62646281259615
172.73523523523525,163.83339335187077
173.53845781265136,168.47008241440403
174.3416803900675,170.23740832045672
175.14490296748363,167.6894383113757
175.94812554489974,168.73723506010242
176.75134812231587,168.8214452939187
177.55457069973198,168.90330431886045
178.35779327714812,168.98285360402795
179.16101585456425,170.59254027699072
179.9642384319804,169.13518883144127
180.7674610093965,169.2080577118876
181.5706835868126,169.27878272896072
182.37390616422874,169.3474053517609
183.17712874164488,169.41396704938845
183.98035131906101,169.47850929094355
184.78357389647715,168.70704672731014
185.58679647389326,169.60170128223757
186.39001905130937,169.660433970177
187.1932416287255,170.53170296437165
187.99646420614164,169.77238007614204
188.79968678355777,169.82567643236814
189.60290936097388,168.23246584296862
190.40613193839002,172.41519744106222
191.20935451580613,171.8456246039504
192.01257709322226,170.02198482456933
192.8157996706384,170.06705000994512
193.61902224805453,169.25419248232288
194.42224482547064,169.54992720246472
195.22546740288675,170.99214092398117
196.0286899803029,170.23250717375817
196.83191255771902,168.46477018497023
197.63513513513516,170.30693417645426
198.4383577125513,171.79392105680526
199.2415802899674,169.2017080645531
200.0448028673835,170.4091307612413
200.84802544479965,173.89987973771173
201.65124802221578,171.52076206374804
202.45447059963192,168.96228950526805
203.25769317704803,170.52950592722155
204.06091575446416,170.5570392245513
204.86413833188027,170.58363126241537
205.6673609092964,170.60932350991416
206.47058348671254,170.6341574361478
207.27380606412868,170.6581745102166
208.07702864154479,170.68141620122088
208.8802512189609,170.37447840497939
209.68347379637703,170.72573931043678
210.48669637379317,170.74690366684888
211.2899189512093,170.7674585165975
212.0931415286254,170.9289245090054
212.89636410604155,170.80690557250517
213.69958668345765,169.81881403818315
214.5028092608738,168.07459657527454
215.30603183828993,170.86254158389676
216.10925441570606,170.88031024476973
216.91247699312217,170.897759682681
217.71569957053828,170.91493136673085
218.5189221479544,170.93186676601948
219.32214472537055,170.94860734964726
220.12536730278669,170.96536546554657
220.92858988020282,170.9816699463211
221.73181245761893,171.18024343063607
222.53503503503504,171.0144509095544
223.33825761245117,171.03083945138152
224.1414801898673,171.04728199214935
224.94470276728345,172.74121635583714
225.74792534469955,171.08049494690795
226.5511479221157,171.09734829909925
227.3543704995318,172.4263699078173
228.15759307694793,171.13175609860735
228.96081565436407,175.08424673307707
229.7640382317802,171.16737515228434
230.5672608091963,173.43830707489087
231.37048338661242,171.20453721293234
232.17370596402856,171.2238005436211
232.9769285414447,171.2435740333534
233.78015111886083,174.4431882199096
234.58337369627696,175.99678879506013
235.38659627369307,171.30628967821755
236.18981885110918,170.70032084766265
236.99304142852532,171.3508419176123
237.79626400594145,170.1223566578509
238.5994865833576,168.6901193615068
239.4027091607737,171.42119160601462
240.20593173818983,171.44545894297522
241.00915431560594,171.47008434188123
241.81237689302208,171.49503740765184
242.6155994704382,171.52028774520642
243.41882204785432,170.3014104084284
244.22204462527046,171.57155865534452
245.0252672026866,171.5975184377666
245.8284897801027,173.23985542568255
246.63171235751884,171.64993468191315
247.43493493493497,171.6763303534762
248.23815751235108,171.70281053125817
249.04138008976722,171.5414959530126
249.84460266718335,171.75590282515574
250.64782524459946,170.79650058918966
251.4510478220156,171.017084894561
252.2542703994317,170.31994163004987
253.05749297684784,170.29597517491902
253.86071555426398,171.5541425697002
254.66393813168008,173.0205933193803
255.46716070909622,171.93991972282618
256.27038328651236,171.96557323335728
257.0736058639285,171.9909769042193
257.8768284413446,172.01610034033152
258.68005101876076,172.04091314661326
259.48327359617684,172.99507064635299
260.286496173593,172.0894852893623
261.0897187510091,172.11318383566817
261.8929413284252,171.81639081322484
262.69616390584133,171.48421486832584
263.49938648325747,172.18156463334267
264.3026090606736,172.25933653811302
265.10583163808974,168.53268504253052
265.9090542155059,172.24523487245713
266.712276792922,172.26526965099418
267.51549937033815,172.28465945381268
268.3187219477542,172.30337388583214
269.12194452517036,172.32138255197168
269.9251671025865,174.5287689108228
270.7283896800026,173.25828442811655
271.5316122574187,173.30118245052734
272.33483483483485,172.38575165611644
273.138057412251,170.88663221095197
273.9412799896671,171.24703177418343
274.74450256708326,172.42512858353084
275.5477251444994,171.45768993784938
276.35094772191553,174.74587913762252
277.1541702993316,172.45596517221426
277.95739287674775,172.46420433834737
278.7606154541639,172.47137299763196
279.56383803157996,170.84356059926853
280.3670606089961,172.48237721533258
281.17028318641223,172.4861519835872
281.97350576382837,171.465181597082
282.7767283412445,172.04065957317678
283.57995091866064,172.49020218499948
284.3831734960768,172.48902623408398
285.1863960734929,172.48653661567414
285.98961865090905,169.44905341395776
286.79284122832513,172.4774947960487
287.59606380574127,172.47088180467162
288.39928638315735,172.6973301815951
289.2025089605735,172.453319683385
290.0057315379896,172.34247550569395
290.80895411540575,172.4297734101838
291.6121766928219,173.54129287957525
292.415399270238,172.39999982442217
293.21862184765416,172.38270180162937
294.0218444250703,172.36375576545433
294.82506700248643,172.34313132081633
295.6282895799025,168.81202045087414
296.43151215731865,172.29672562582843
297.2347347347348,172.66491724115951
298.03795731215087,172.2432415560199
298.841179889567,172.88306511698926
299.64440246698314,176.03594652076077
300.4476250443993,174.26420493162684
301.2508476218154,170.67122578140996
302.05407019923155,172.0769677499206
302.8572927766477,172.037887491213
303.6605153540638,171.99679447815447
304.4637379314799,171.95365831566428
305.26696050889603,171.90844860866173
306.07018308631217,171.8611349620661
306.87340566372825,171.8116869807966
307.6766282411444,171.7600742697726
308.4798508185605,170.85984687499666
309.28307339597666,171.65023307813811
310.0862959733928,171.24238176063727
310.88951855080893,171.53136822651675
311.69274112822507,166.70738181586185
312.4959637056412,171.40323655426283
313.2991862830573,172.86158937830868
314.1024088604734,171.26559490073052
314.90563143788955,169.99206812682328
315.70885401530563,175.8837850260176
316.51207659272177,172.73404910416696
317.3152991701379,170.96080900724775
318.11852174755404,170.878288857069
318.9217443249702,171.18776153275005
319.7249669023863,171.53478243421367
320.52818947980245,170.61506526090213
321.3314120572186,170.5220016967005
322.1346346346347,171.33447932971973
322.9378572120508,170.32770864959394
323.74107978946694,170.22641837652753
324.544302366883,173.7132115709491
325.34752494429915,170.01539835596495
326.1507475217153,169.90560781830726
326.9539700991314,170.8554346767333
327.75719267654756,170.8745674499627
328.5604152539637,168.51181096881356
329.36363783137983,169.99494581659573
330.16686040879597,169.31263405302664
330.9700829862121,169.1850237704553
331.7733055636282,166.88762642754247
332.5765281410443,169.15433284044656
333.37975071846046,172.15515500820644
334.18297329587654,166.2056348603062
334.9861958732927,168.50366836209184
335.7894184507088,168.35944000707943
336.59264102812494,168.2127952794985
337.3958636055411,168.06383534443947
338.1990861829572,169.71752296814674
339.00230876037335,167.75937451224962
339.8055313377895,167.60407594529988
340.60875391520557,167.4468668312343
341.4119764926217,167.28784833514354
342.21519907003784,167.127121622118
343.0184216474539,163.17643841054254
343.82164422487006,166.8009482056252
344.6248668022862,166.65632570392984
345.4280893797023,166.4691559024803
346.23131195711846,165.21312169816045
347.0345345345346,166.13255403340779
347.83775711195074,166.12367095345746
348.6409796893669,165.12128302595232
349.44420226678295,165.62040368276956
350.2474248441991,161.7110002605834
351.0506474216152,168.64371672311373
351.8538699990313,165.1019842378692
352.65709257644744,164.03952971203572
353.4603151538636,162.90025018463845
354.2635377312797,166.8932244982894
355.06676030869585,164.40572742448714
355.869982886112,164.23143928242723
356.6732054635281,166.98131980393714
357.47642804094426,163.88330242748395
358.2796506183604,163.18707982753241
359.0828731957765,160.85048184325404
359.8860957731926,162.38394748108595
360.6893183506087,163.1916190568394
361.4925409280248,164.428707270186
362.29576350544096,162.84956359928137
363.0989860828571,162.67956585305106
363.90220866027323,157.70597751003731
364.70543123768937,162.3414269296602
365.5086538151055,162.17320425284578
366.31187639252164,161.51888389661042
367.1150989699377,161.83824871984453
367.91832154735386,161.67143436400391
368.72154412477,162.65384088520545
369.5247667021861,162.87313318431404
370.32798927960226,161.17315594119952
371.13121185701834,161.0076488490809
371.9344344344345,160.84236669832552
372.7376570118506,160.67726873910655
373.54087958926675,155.8242620283878
374.3441021666829,160.34746239597018
375.147324744099,157.1994837894207
375.9505473215151,160.0179038210567
376.75376989893124,160.25014652990416
377.5569924763474,159.68826701575094
378.3602150537635,159.52331740213373
379.16343763117965,159.35822598143778
379.9666602085957,156.43479507753952
380.76988278601186,159.0274547195022
381.573105363428,160.78090832751892
382.37632794084413,158.69562723132896
383.17955051826027,158.529215527836
383.9827730956764,158.362417518303
384.7859956730925,158.19519245290303
385.5892182505086,158.0274995818092
386.39244082792476,159.14936010344937
387.1956634053409,158.67255544470126
387.99888598275703,157.52120663609574
388.80210856017317,157.35123504395767
389.60533113758925,157.18059189699127
390.4085537150054,157.0092364453697
391.2117762924215,153.6097271408404
392.01499886983765,156.66422562885342
392.8182214472538,155.10802197238675
393.62144402466987,156.31587659579378
394.424666602086,155.3555965480017
395.22788917950214,155.9638633475755
396.0311117569183,155.78638076821477
396.8343343343344,153.7798926427184
397.63755691175055,155.42825994985537
398.44077948916663,155.2475402112031
399.24400206658277,155.06565991979977
400.0472246439989,156.0826611192298
400.85044722141504,154.6982546794327
401.6536697988312,154.51264823081516
402.45689237624725,154.3257182301391
403.2601149536634,154.13742392757757
404.0633375310795,149.5885551615395
404.86656010849566,151.37417494224593
405.6697826859118,153.56394771031177
406.47300526332793,153.3697887019397
407.276227840744,153.17406164254783
408.07945041816015,152.9767257823092
408.8826729955763,152.5859981797032
409.6858955729924,152.5770646599841
410.48911815040856,152.47853212452054
411.2923407278247,149.54591098102472
412.0955633052408,151.96448822447354
412.8987858826569,151.75664381278975
413.70200846007305,151.54690691328278
414.5052310374892,149.70870097166858
415.3084536149053,151.12178576685608
416.1116761923214,150.90647523517507
416.91489876973753,152.6625588284859
417.71812134715367,151.4894907099445
418.5213439245698,150.24999635576788
419.32456650198594,150.02778000937374
420.1277890794021,146.35300658887743
420.93101165681816,149.57848851145104
421.7342342342343,152.49752694581963
422.53745681165043,149.12297002307494
423.34067938906657,152.37353888882103
424.1439019664827,148.66152624391657
424.94712454389884,148.4286766514412
425.7503471213149,148.19445887364694
426.55356969873105,147.9589106229926
427.3567922761472,147.72206961193703
428.1600148535633,147.48397355293923
428.96323743097946,147.24466015845795
429.76646000839554,147.00416714095215
430.5696825858117,148.12070786522568
431.3729051632278,146.51979308670244
432.17612774064395,146.27598747487633
432.9793503180601,145.05185201645799
433.7825728954762,148.42748530432192
434.5857954728923,145.5385488500992
435.38901805030844,144.16423167466925
436.1922406277246,146.5718537005123
436.9954632051407,144.29728669081334
437.79868578255684,144.54265444049773
438.6019083599729,144.29167459200798
439.40513093738906,144.0399676700002
440.2083535148052,143.78757138693337
441.01157609222133,143.53452345526628
441.81479866963747,143.28086158745782
442.6180212470536,140.75539460562666
443.4212438244697,142.77184689325236
444.2244664018858,143.65466216571272
445.02768897930196,139.1901092754637
445.8309115567181,142.00466314235595
446.63413413413423,142.13793812408528
447.43735671155036,144.0830738155928
448.24057928896644,141.23399043896683
449.0438018663826,140.97650020653572
449.8470244437987,140.71877316255205
450.65024702121485,144.0530013381188
451.453469598631,139.815270409431
452.25669217604707,137.55212128110819
453.0599147534632,140.67880417636906
453.86313733087934,136.8480909180652
454.6663599082955,140.02920234855787
455.4695824857116,138.17589336487447
456.27280506312775,138.65241924111717
457.0760276405438,138.39392913382702
457.87925021795996,138.1354669324051
458.6824727953761,137.87705382250846
459.48569537279224,135.49729608675514
460.2889179502084,137.36045961991863
461.0921405276245,135.63842613600264
461.8953631050406,136.84431601131328
462.6985856824567,136.94382296618522
463.50180825987286,136.32879248194772
464.305030837289,136.07131621112222
465.10825341470513,135.81405851707763
465.9114759921212,135.5570405854707
466.71469856953735,135.35717197309347
467.5179211469535,134.99122652903276
468.3211437243696,134.79168087644229
469.12436630178576,134.5317901965597
469.9275888792019,134.2762888619958
470.73081145661797,136.70092266457183
471.5340340340341,133.76640800766324
472.33725661145024,133.51207085920845
473.1404791888664,133.25816414410397
473.9437017662825,133.00470904800667
474.7469243436986,131.38610733489932
475.55014692111473,131.7160271566838
476.35336949853087,132.24726533032754
477.156592075947,133.9582526332907
477.95981465336314,131.7449493506215
478.7630372307793,131.49464886736334
479.56625980819535,131.24494830271104
480.3694823856115,130.99586884232147
481.1727049630276,126.73207380381488
481.97592754044376,130.49965797695853
482.7791501178599,129.12964505998093
483.58237269527604,130.00618575653004
484.3855952726921,129.8594348603216
485.18881785010825,129.51562166629162
485.9920404275244,129.271483134136
486.7952630049405,131.88634283123378
487.59848558235666,129.37023058426732
488.40170815977274,128.54389581740702
489.2049307371889,129.28804225593828
490.008153314605,128.06307302927206
490.81137589202115,127.82399581908065
491.6145984694373,127.58583631234933
492.4178210468534,127.34861569473495
493.2210436242695,125.98436891839226
494.02426620168563,125.34264227417113
494.82748877910177,125.91787464454825
495.6307113565179,127.17426426224127
496.43393393393404,126.17733744141063
497.2371565113502,125.94619505729392
498.04037908876626,125.71613986189277
498.8436016661824,125.48719304086416
499.64682424359853,125.25937577986501
500.45004682101467,126.66928528304891
501.2532693984308,124.80721468058293
502.0564919758469,124.58291321394707
502.859714553263,124.35982909101045
503.66293713067915,124.71449884020748
504.4661597080953,126.73994014599855
505.2693822855114,125.430451764938
506.07260486292756,123.48038233433157
506.87582744034364,120.88895217315108
507.6790500177598,125.77917194802501
508.4822725951759,122.83536579736247
509.28549517259205,122.6233322544221
510.0887177500082,122.41284626216827
510.89194032742427,122.20394476019808
511.6951629048404,121.99666468810865
512.4983854822565,121.79104298549703
513.3016080596726,121.5871165919604
514.1048306370888,121.38492244709578
514.9080532145049,123.5155522939344
515.711275791921,120.98587866177127
516.5144983693372,120.78910290050551
517.3177209467533,120.59420714630028
518.1209435241694,120.4012283387527
518.9241661015856,120.2102034174598
519.7273886790017,118.028699557608
520.5306112564178,119.83416299202662
521.333833833834,120.47120180867938
522.1370564112501,117.74008258209939
522.9402789886663,119.285679990715
523.7435015660824,119.10715411848975
524.5467241434984,114.02495822846295
525.3499467209145,118.7567767039398
526.1531692983307,120.4901074395055
526.9563918757468,118.41554465990465
527.759614453163,118.24845050082291
528.5628370305791,118.08375350316118
529.3660596079951,119.83423327439492
530.1692821854112,117.65132027387338
530.9725047628274,114.86233064990368
531.7757273402435,117.44967591865678
532.5789499176597,117.29751882205183
533.3821724950758,117.14798052444964
534.1853950724919,116.52079174286936
534.9886176499081,116.85690808464159
535.7918402273242,116.71544782163005
536.5950628047403,114.01964553167522
537.3982853821565,115.89696134962169
538.2015079595726,119.24170361320581
539.0047305369887,115.38660693837139
539.8079531144049,117.7772574805248
540.611175691821,115.92607683467311
541.4143982692372,113.78743678270541
542.2176208466533,113.0001620738645
543.0208434240693,115.57123328877967
543.8240660014854,115.45910088154925
544.6272885789016,115.08042045728178
545.4305111563177,115.2442808667721
546.2337337337339,113.56667351063689
547.0369563111499,115.04229482696215
547.840178888566,114.10663599837511
548.6434014659822,114.85324160239888
549.4466240433983,113.936218790186
550.2498466208144,114.67698083897454
551.0530691982306,115.52554876226364
551.8562917756467,114.5133571027539
552.6595143530628,114.4362355467402
553.462736930479,114.36221495980173
554.2659595078951,114.29127591269655
555.0691820853112,114.22339897618275
555.8724046627274,114.1585647210185
556.6756272401435,114.09675371796175
557.4788498175596,114.03794653777071
558.2820723949758,112.7173485389195
559.0852949723919,112.55979666007597
559.8885175498081,113.8793536419726
560.6917401272241,113.83236746082522
561.4949627046402,113.78828795633397
562.2981852820564,113.74709569925699
563.1014078594725,113.70877126035232
563.9046304368886,109.90582489065841
564.7078530143048,110.16790048468474
565.5110755917208,113.61081056025327
566.3142981691369,115.3329032231627
567.117520746553,112.96112903204227
567.9207433239692,110.40892297855288
568.7239659013853,113.51916704052496
569.5271884788015,113.50308569429039
570.3304110562176,109.82775542551336
571.1336336336337,113.47898243756485
571.9368562110499,113.47092166859007
572.740078788466,113.46549556688477
573.5433013658821,116.59762832309391
574.3465239432983,112.57801565769515
575.1497465207144,113.46483097296661
575.9529690981306,116.59296897481121
576.7561916755467,113.47720504393354
577.5594142529628,113.48717893176502
578.362636830379,113.4996514821726
579.165859407795,109.77356302924285
579.9690819852111,116.766190572838
580.7723045626273,113.55186681643305
581.5755271400434,113.57413972472604
582.3787497174595,113.59881414938567
583.1819722948755,113.62587066116997
583.9851948722917,111.71843230527332
584.7884174497078,109.84983547389601
585.591640027124,113.72113842685192
586.3948626045401,113.7575289947159
587.1980851819562,113.7962040215802
588.0013077593724,113.83713713175763
588.8045303367885,113.88029732921851
589.6077529142046,113.92565351794795
590.4109754916208,111.55808322210666
591.2141980690369,113.68580214481601
592.017420646453,114.07458707159894
592.8206432238692,118.88743614561714
593.6238658012853,116.02248190429039
594.4270883787015,114.24216509013202
595.2303109561176,114.88672272495594
596.0335335335337,114.36382719166816
596.8367561109498,114.42754798114585
597.6399786883659,113.21279782728023
598.443201265782,113.44094101154977
599.2464238431982,113.12047590161585
600.0496464206143,114.7009704901076
600.8528689980304,114.77380547503644
601.6560915754465,114.84837001101093
602.4593141528626,112.28034681422864
603.2625367302787,115.00256335203744
604.0657593076949,115.9997237836053
604.868981885111,112.7588249030495
605.6722044625271,114.41239238914133
606.4754270399433,115.33033642198428
607.2786496173594,114.067325827407
608.0818721947755,114.06153748911153
608.8850947721917,115.59214978938348
609.6883173496078,115.41377872208263
610.491539927024,115.77383681549291
611.2947625044401,115.86673047485597
612.0979850818562,115.96094943707153
612.9012076592724,118.3835342907303
613.7044302366885,115.26348741978107
614.5076528141046,116.25124718068436
615.3108753915207,114.47376841972324
616.1140979689368,119.3568501559645
616.9173205463529,116.55235319343427
617.7205431237691,116.65497858720093
618.5237657011852,116.75868051570112
619.3269882786012,116.86342788292002
620.1302108560174,116.96918959284281
620.9334334334335,115.94137182468535
621.7366560108496,117.1836316567404
622.5398785882658,117.29224981868555
623.3431011656819,117.4017579392751
624.146323743098,117.51212492249418
624.9495463205142,116.80826367795184
625.7527688979303,117.73531109276155
626.5559914753464,117.84806808778009
627.3592140527626,117.96155956136876
628.1624366301787,122.93721034484801
628.9656592075949,117.85326361474345
629.768881785011,119.14846876082159
630.5721043624271,118.93187211270264
631.3753269398431,119.02209789708913
632.1785495172593,118.28884527658018
632.9817720946754,119.38535044896683
633.7849946720916,118.44501473368727
634.5882172495077,119.01090351686895
635.3914398269238,115.75872645780737
636.19466240434,119.2495478962202
636.9978849817561,119.36942762349089
637.8011075591722,117.97457750844458
638.6043301365884,119.61014667314814
639.4075527140045,120.90922353496688
640.2107752914205,117.65118051296724
641.0139978688367,120.09563925410781
641.8172204462528,120.09455246450997
642.6204430236689,120.21609078810698
643.4236656010851,121.56879809367972
644.2268881785012,120.45947401410469
645.0301107559173,120.58125672447571
645.8333333333335,118.69574589621732
646.6365559107496,120.82484885988787
647.4397784881658,120.94659609289923
648.2430010655819,122.3247214238469
649.0462236429979,121.18983740945816
649.849446220414,121.31127906932048
650.6526687978302,121.43264143053021
651.4558913752463,123.77919836602193
652.2591139526625,121.67543409851447
653.0623365300786,121.7970174920971
653.8655591074947,121.91882764994538
654.6687816849109,122.04094111546341
655.472004262327,122.16343443205523
656.2752268397431,121.07771412652274
657.0784494171593,126.23493312086171
657.8816719945753,122.53395892231369
658.6848945719914,122.54918392191092
659.4881171494076,122.78427780026227
660.2913397268237,122.91065763478156
661.0945623042398,121.82686766103501
661.897784881656,124.12593665557691
662.7010074590721,122.00452135292994
663.5042300364883,119.21049801129801
664.3074526139044,123.55782249898951
665.1106751913205,123.69084441398164
665.9138977687367,123.82524124430009
666.7171203461528,123.96108953334884
667.5203429235688,121.94646699474195
668.323565500985,125.13622230516916
669.1267880784011,124.37810858691742
669.9300106558172,124.52052814492782
670.7332332332334,124.66478187868879
671.5364558106495,124.8109463316043
672.3396783880656,124.95909804707838
673.1429009654818,125.10931356851506
673.9461235428979,125.26166943931848
674.749346120314,125.41624220289256
675.5525686977302,125.57310840264141
676.3557912751462,125.73234458196904
677.1590138525623,125.8940272842795
677.9622364299785,126.05822471365694
678.7654590073946,122.5440095515197
679.5686815848107,129.19910168495556
680.3719041622269,129.4475808127464
681.175126739643,126.73905636405007
681.9783493170592,122.61061923299084
682.7815718944753,130.86131197959185
683.5847944718914,127.27253354586509
684.3880170493076,127.4542562247181
685.1912396267236,127.63778485268205
685.9944622041397,127.82303391374926
686.7976847815559,128.0099178919119
687.600907358972,127.62240606602947
688.4041299363881,129.28548322209454
689.2073525138043,125.5705435060626
690.0105750912204,128.7720926553607
690.8137976686365,128.96586847888352
691.6170202460527,129.16076612345498
692.4202428234688,127.84245311200206
693.223465400885,127.07450165579904
694.026687978301,131.34460672755299
694.8299105557171,133.7165757439663
695.6331331331332,132.87887061204825
696.4363557105494,127.05464038102166
697.2395782879655,130.54927728016273
698.0428008653817,129.5526756895898
698.8460234427978,134.93391467799523
699.6492460202139,131.15262920513078
700.4524685976301,133.72174308937528
701.2556911750462,131.55591207327035
702.0589137524623,132.26872573133528
702.8621363298785,132.8385673530026
703.6653589072945,132.16069843256523
704.4685814847106,128.4706379251545
705.2718040621268,132.56279969006127
706.0750266395429,132.76326687617566
706.878249216959,132.9632310791907
707.6814717943752,133.16260678309845
708.4846943717913,132.67899504790253
709.2879169492074,133.55925062956118
710.0911395266236,135.28369510469366
710.8943621040397,135.8829327694458
711.6975846814559,134.14766475575618
712.5008072588719,134.3417136288569
713.304029836288,134.53457539079582
714.1072524137041,133.95214600512446
714.9104749911203,136.13232780435067
715.7136975685364,135.10518284956405
716.5169201459526,132.14934875489115
717.3201427233687,135.47808447279107
718.1233653007848,135.6620277315956
718.926587878201,135.84418526718383
719.7298104556171,136.02447156354793
720.5330330330332,136.20280110468008
721.3362556104493,136.37908837457246
722.1394781878654,136.5532478572174
722.9427007652815,136.725194036607
723.7459233426977,136.89484139673348
724.5491459201138,136.34519070018828
725.3523684975299,138.72051821485329
726.1555910749461,137.38913540145637
726.9588136523622,137.5487323244525
727.7620362297783,139.71477674803575
728.5652588071945,137.8596614565307
729.3684813846106,138.0108226335972
730.1717039620266,138.71810152453506
730.9749265394428,138.30411062974602
731.7781491168589,138.44606641681276
732.581371694275,138.9027462053875
733.3845942716912,138.72017398889193
734.1878168491073,137.3445346323378
734.9910394265235,138.98063945151338
735.7942620039396,142.07283073791518
736.5974845813557,134.3859719043121
737.4007071587719,139.3442621600759
738.203929736188,139.4579075361337
739.0071523136041,139.56762928878027
739.8103748910202,140.2919315533155
740.6135974684363,139.7749598598087
741.4168200458524,139.87239764617487
742.2200426232686,143.53148647865117
743.0232652006847,140.72984267203213
743.8264877781008,140.13877481658824
744.629710355517,139.75772151899875
745.4329329329331,137.0204541096354
746.2361555103492,140.36513549692935
747.0393780877654,140.4319219403204
747.8426006651815,140.4945293989945
748.6458232425975,139.7964066254481
749.4490458200137,140.6075783838667
750.2522683974298,135.91367405474455
751.055490974846,140.70502449489499
751.8587135522621,142.50690617628885
752.6619361296782,145.76741113156604
753.4651587070944,140.82356149280662
754.2683812845105,140.85607626881682
755.0716038619266,140.1186928185261
755.8748264393428,142.8282321017888
756.6780490167589,140.93392650282755
757.4812715941749,145.2658204577665
758.2844941715911,140.97034246800456
759.0877167490072,140.4977282808773
759.8909393264233,140.1627344504835
760.6941619038395,141.0035952378978
761.4973844812556,142.70360426919348
762.3006070586717,139.430335862437
763.1038296360879,141.0134287243917
763.907052213504,140.43744964646163
764.7102747909202,141.00821040797007
765.5134973683363,141.00234732378985
766.3167199457523,140.9944386295216
767.1199425231684,142.2598810061813
767.9231651005846,140.9728554323956
768.7263876780007,142.2318533265476
769.5296102554169,140.94420285994116
770.332832832833,142.9759774724584
771.1360554102491,140.90922295550746
771.9392779876653,140.88959214234498
772.7425005650814,140.86865776244363
773.5457231424975,140.84651257122206
774.3489457199137,140.82324932409895
775.1521682973298,140.79896077649283
775.9553908747458,140.48646690374002
776.758613452162,140.74767880150642
777.5618360295781,140.72087088496338
778.3650586069942,140.69340868961197
779.1682811844104,140.6653849708709
779.9715037618265,143.76092254478527
780.7747263392426,140.63035990731535
781.5779489166588,140.5788722284958
782.3811714940749,140.5495299703823
783.184394071491,140.52008996597235
783.9876166489072,140.4906449706845
784.7908392263232,138.47921646104732
785.5940618037394,140.43211102915
786.3972843811555,140.40320759374055
787.2005069585716,140.37467018912784
788.0037295359878,141.6853328321041
788.8069521134039,138.67977300161357
789.61017469082,139.80502378362226
790.4133972682362,139.91584093172966
791.2166198456523,140.24072006766818
792.0198424230684,140.21632671162752
792.8230650004846,139.68973189382785
793.6262875779006,140.34163268603626
794.4295101553167,140.1496095625579
795.2327327327329,140.12980967642298
796.035955310149,140.11127381492042
796.8391778875651,140.0939828215695
797.6424004649813,139.61181249684503
798.4456230423974,141.58580923017536
799.2488456198136,139.14023796618332
800.0520681972297,140.03688440006715
800.8552907746458,141.03898402387895
801.658513352062,140.0153063297261
802.461735929478,140.00619303197544
803.2649585068941,139.99817135053033
804.0681810843103,139.99122212891007
804.8714036617264,139.98532621063381
805.6746262391425,139.9804644392209
806.4778488165587,139.97661765819046
807.2810713939748,139.9737667110618
808.0842939713909,139.97189244135419
808.8875165488071,139.97097569258682
809.6907391262232,138.5393649685203
810.4939617036393,139.97193813194983
811.2971842810555,139.97377900711865
812.1004068584715,138.89353397784964
812.9036294358876,138.42042099883548
813.7068520133038,139.98451037680547
814.5100745907199,139.98975989315866
815.313297168136,142.92234968771646
816.1165197455522,140.00265257666678
816.9197423229683,140.01025743086018
817.7229649003845,140.0186090847056
818.5261874778006,140.02768838172202
819.3294100552167,137.65728184325295
820.1326326326329,144.2434246628502
820.9358552100489,136.5692324384097
821.739077787465,140.6522159896456
822.5423003648812,140.08332903754513
823.3455229422973,140.22974208041254
824.1487455197134,142.87897377255425
824.9519680971296,142.08135163451905
825.7551906745457,137.2673525054448
826.5584132519618,140.45470317495432
827.361635829378,140.55252757249423
828.1648584067941,140.18642315427311
828.9680809842102,140.20321857276545
829.7713035616263,140.22047344369832
830.5745261390424,140.23816861059092
831.3777487164585,140.25628491696253
832.1809712938747,140.2748032063324
832.9841938712908,136.82845700012433
833.787416448707,140.31296910814385
834.5906390261231,140.33257840762383
835.3938616035392,140.35251306417913
836.1970841809554,140.37275392132875
837.0003067583715,140.39328182259217
837.8035293357876,135.90529539064997
838.6067519132037,140.90856110988207
839.4099744906198,140.45639622625683
840.2131970680359,140.4778807391674
841.0164196454521,140.49955651378784
841.8196422228682,140.28255829891307
842.6228648002843,140.54340522223535
843.4260873777005,140.5655398431009
844.2293099551166,138.2345233898116
845.0325325325327,145.3722451428071
845.8357551099489,140.6325548944957
846.638977687365,140.05585043793198
847.4422002647811,137.98656223971304
848.2454228421972,140.70008444299177
849.0486454196133,140.72261922826937
849.8518679970294,140.74513455396854
850.6550905744456,139.87361166218076
851.4583131518617,140.79003020070851
852.2615357292779,140.81237220878774
853.064758306694,141.69579043051186
853.8679808841101,140.85674881196104
854.6712034615263,140.87874509409352
855.4744260389424,140.90058782128224
856.2776486163585,140.03756716443428
857.0808711937746,142.51831399877358
857.8840937711907,140.96500310837826
858.6873163486068,137.3374425741674
859.490538926023,141.00682765624282
860.2937615034391,139.79680111559236
861.0969840808552,141.04757822879407
861.9002066582714,141.27637134978917
862.7034292356875,141.087101574186
863.5066518131036,140.99030772828976
864.3098743905198,144.67289723081984
865.1130969679359,139.49153381551008
865.9163195453519,139.86342300944213
866.7195421227681,139.6723650426514
867.5227647001842,141.1967757289448
868.3259872776003,138.72542978316247
869.1292098550165,138.73674857668584
869.9324324324326,141.24566062722963
870.7356550098488,141.73726601667326
871.5388775872649,137.7105272422082
872.342100164681,141.28988777281072
873.1453227420972,142.0949290191406
873.9485453195133,138.3237069532723
874.7517678969293,141.3289399407076
875.5549904743455,138.70734731398986
876.3582130517616,140.12284568209972
877.1614356291777,141.7544879839144
877.9646582065939,141.5819980369654
878.76788078401,141.38112212820408
879.5711033614261,141.3894504435268
880.3743259388423,142.9619676863945
881.1775485162584,141.40384570014953
881.9807710936745,141.40987432848812
882.7839936710907,136.62455608081882
883.5872162485068,141.41949780281567
884.3904388259228,141.4230543358432
885.193661403339,141.03440474894376
885.9968839807551,141.42756121122193
886.8001065581713,141.4284732406116
887.6033291355874,141.42846545582717
888.4065517130035,139.20032890882098
889.2097742904197,136.93855653696616
890.0129968678358,141.8007761060704
890.8162194452519,143.6724640156097
891.6194420226681,141.41395884246646
892.4226646000842,141.4080298865413
893.2258871775002,141.4010470210767
894.0291097549164,141.39299108959187
894.8323323323325,141.38384293560608
895.6355549097486,142.838085598419
896.4387774871648,143.29891677154674
897.2420000645809,141.7410454366702
898.045222641997,141.33594496503818
898.8484452194132,141.32104835133623
899.6516677968293,142.21548049887897
900.4548903742455,143.04840744185418
901.2581129516616,141.2690389159942
902.0613355290776,140.8132573430363
902.8645581064937,142.9800082463416
903.6677806839099,141.20564780320203
904.471003261326,141.1818987737055
905.2742258387422,141.15680848745816
906.0774484161583,141.1303577879792
906.8806709935744,143.84878415381553
907.6838935709906,138.13222579566008
908.4871161484067,139.7903934761674
909.2903387258228,141.0105677281324
910.093561303239,140.05750797720202
910.896783880655,140.94201215031973
911.7000064580711,140.9055021767584
912.5032290354873,140.86747853811943
913.3064516129034,141.17736596462112
