110.88709677419354,150.29761904761904
111.69031935160966,149.76815728145604
112.4935419290258,151.116662910863
113.29676450644192,151.2280386226119
114.09998708385804,153.67791133839484
114.90320966127416,150.4403350931599
115.7064322386903,154.36380644978416
116.50965481610642,153.3247091091977
117.31287739352254,153.7729037594408
118.11609997093868,156.54912221408628
118.9193225483548,158.56039938449226
119.72254512577092,154.21776820205653
120.52576770318706,156.30289757798954
121.32899028060318,154.49935268391846
122.1322128580193,156.14126178462493
122.93543543543542,155.90257137798807
123.73865801285156,155.518196711181
124.54188059026768,155.89687919002847
125.3451031676838,157.30894181062644
126.14832574509992,157.1965210382863
126.95154832251606,159.31430730193335
127.75477089993218,158.32733297244783
128.5579934773483,156.02572659798025
129.36121605476444,160.59622599107817
130.16443863218058,158.01921614280838
130.96766120959668,161.1932705014634
131.77088378701282,159.2714246598154
132.57410636442893,157.84474699766835
133.37732894184506,160.4614792230785
134.1805515192612,160.08973750969963
134.9837740966773,163.13777481992096
135.78699667409344,157.5455855152017
136.59021925150958,161.62989291145985
137.3934418289257,161.11732783537605
138.19666440634182,161.3631637570762
138.99988698375796,161.60465795308932
139.80310956117407,162.09904674958634
140.6063321385902,161.79673581325096
141.4095547160063,164.07131816296803
142.21277729342245,160.78898198282798
143.01599987083858,161.5650243505475
143.81922244825472,164.87464085415996
144.62244502567083,164.95913431267545
145.42566760308696,166.94118943045123
146.22889018050307,163.58957046283246
147.0321127579192,162.54103715656078
147.83533533533534,167.90386919235328
148.63855791275145,166.38580093620342
149.4417804901676,163.9354501835959
150.2450030675837,163.78258875526376
151.04822564499983,168.2768747768199
151.85144822241597,167.14598712689235
152.6546707998321,165.0293775378528
153.4578933772482,169.72970144755868
154.26111595466435,165.42327370014428
155.06433853208046,164.71578830055088
155.8675611094966,165.2094448001817
156.67078368691273,165.90300712548026
157.47400626432886,170.79839803793445
158.27722884174497,167.36461055041764
159.0804514191611,167.11361744991112
159.88367399657722,166.49541410572812
160.68689657399335,166.66780694604932
161.4901191514095,171.1155839573928
162.2933417288256,167.71873796531935
163.09656430624173,165.2362423217194
163.89978688365784,164.06816089502456
164.70300946107398,170.89150297179378
165.5062320384901,168.65107034259057
166.30945461590625,165.19251923219838
167.11267719332236,167.64388253973135
167.9158997707385,166.51995436639461
168.7191223481546,166.9963350734162
169.52234492557074,169.20872808409467
170.32556750298687,166.27496461398303
171.12879008040298,170.31135435956145
171.93201265781912,166.4988252600848
172.73523523523525,171.2722453033834
173.53845781265136,168.57200940628806
174.3416803900675,168.56159508944535
175.14490296748363,169.35851321921265
175.94812554489974,165.76644152322496
176.75134812231587,163.91189075803288
177.55457069973198,169.33178226516497
178.35779327714812,168.98285360402795
179.16101585456425,165.94564782364225
179.9642384319804,169.13518883144127
180.7674610093965,168.41536145250782
181.5706835868126,169.27878272896072
182.37390616422874,164.88127627415432
183.17712874164488,165.89132873901966
183.98035131906101,167.78544718219933
184.78357389647715,169.5410735455265
185.58679647389326,169.73104005279976
186.39001905130937,170.25499900328353
187.1932416287255,167.62741439183526
187.99646420614164,169.77238007614204
188.79968678355777,169.82567643236814
189.60290936097388,169.06057423647505
190.40613193839002,172.54233211677698
191.20935451580613,170.54903889603565
192.01257709322226,171.03433785737096
192.8157996706384,170.06705000994512
193.61902224805453,170.11059336845165
194.42224482547064,171.13598615830648
195.22546740288675,170.05773675641592
196.0286899803029,170.23250717375817
196.83191255771902,171.44477282746263
197.63513513513516,169.1022106179618
198.4383577125513,173.05447567634457
199.2415802899674,174.40438611678832
200.0448028673835,169.57728132460403
200.84802544479965,170.9938384251029
201.65124802221578,170.4044867103511
202.45447059963192,173.60082447847844
203.25769317704803,170.18083283132577
204.06091575446416,173.92466980093047
204.86413833188027,170.58363126241537
205.6673609092964,172.55303036386226
206.47058348671254,170.6341574361478
207.27380606412868,170.6581745102166
208.07702864154479,171.8752184825786
208.8802512189609,168.95292955763537
209.68347379637703,174.21263661571732
210.48669637379317,168.30641996440534
211.2899189512093,169.8101629789905
212.0931415286254,171.40793318455783
212.89636410604155,173.31359290884572
213.69958668345765,172.7203698888394
214.5028092608738,170.84441223096192
215.30603183828993,172.04998828143894
216.10925441570606,172.58654568106917
216.91247699312217,173.4443223049038
217.71569957053828,169.2669244305501
218.5189221479544,169.09780522567655
219.32214472537055,170.94860734964726
220.12536730278669,170.96519458671435
220.92858988020282,170.9816699463211
221.73181245761893,173.76153246878857
222.53503503503504,170.97700528443266
223.33825761245117,167.44631326076578
224.1414801898673,168.77817479737786
224.94470276728345,169.49498333175632
225.74792534469955,171.08049494690795
226.5511479221157,171.09734829909925
227.3543704995318,171.81068020849804
228.15759307694793,171.67237615202967
228.96081565436407,173.59478104776971
229.7640382317802,173.81953155152405
230.5672608091963,174.8794848733629
231.37048338661242,174.30842685652993
232.17370596402856,170.07960239324242
232.9769285414447,169.20597866946713
233.78015111886083,173.30036384154792
234.58337369627696,173.99352309834254
235.38659627369307,171.30628967821755
236.18981885110918,171.32831077924044
236.99304142852532,171.3508419176123
237.79626400594145,171.12287568763102
238.5994865833576,172.08194723359856
239.4027091607737,171.57118546102262
240.20593173818983,171.44545894297522
241.00915431560594,172.49612359512287
241.81237689302208,172.8390397602083
242.6155994704382,171.9901360491823
243.41882204785432,170.49522144681117
244.22204462527046,171.57155865534452
245.0252672026866,168.0524595532155
245.8284897801027,168.42666025395786
246.63171235751884,171.184928548623
247.43493493493497,171.42934155168322
248.23815751235108,171.76600927500255
249.04138008976722,172.02473163092694
249.84460266718335,171.75590282515574
250.64782524459946,172.13885065079953
251.4510478220156,173.6739671817168
252.2542703994317,174.68010438418898
253.05749297684784,171.86176410402587
253.86071555426398,171.55293576634193
254.66393813168008,171.91404676770676
255.46716070909622,173.5456182783319
256.27038328651236,171.82477646561256
257.0736058639285,173.08006665783202
257.8768284413446,171.0720224201926
258.68005101876076,172.04091314661326
259.48327359617684,173.55260894224423
260.286496173593,172.0894852893623
261.0897187510091,170.98299092648375
261.8929413284252,168.01787239883566
262.69616390584133,174.3735943018343
263.49938648325747,172.18156463334267
264.3026090606736,173.16238673364657
265.10583163808974,173.50316623468848
265.9090542155059,172.24523487245713
266.712276792922,171.5459228836568
267.51549937033815,175.5799272723653
268.3187219477542,172.30337388583214
269.12194452517036,174.263662691223
269.9251671025865,174.0306076479003
270.7283896800026,173.59771451318528
271.5316122574187,169.05166717459213
272.33483483483485,172.38110251228284
273.138057412251,171.38456501113606
273.9412799896671,172.01882371864912
274.74450256708326,170.35936515025853
275.5477251444994,170.5929875189749
276.35094772191553,172.44732687622565
277.1541702993316,173.57441038552875
277.95739287674775,171.17010299966472
278.7606154541639,173.6768260303424
279.56383803157996,170.61654845963838
280.3670606089961,168.8781829952265
281.17028318641223,172.4861519835872
281.97350576382837,172.48873466467035
282.7767283412445,172.49009486350138
283.57995091866064,171.7245267795777
284.3831734960768,172.0890150279408
285.1863960734929,172.48653661567414
285.98961865090905,168.31884359937234
286.79284122832513,169.37318196814817
287.59606380574127,172.47088180467162
288.39928638315735,172.46283356547724
289.2025089605735,172.33576426124688
290.0057315379896,170.59701158917775
290.80895411540575,173.4737813083059
291.6121766928219,172.56984397603017
292.415399270238,172.39999982442217
293.21862184765416,175.8265556078296
294.0218444250703,171.76639845537449
294.82506700248643,170.41732714001623
295.6282895799025,169.5674381661147
296.43151215731865,167.8881401936955
297.2347347347348,172.27088358531716
298.03795731215087,172.2432415560199
298.841179889567,170.2774046472142
299.64440246698314,169.73236713867323
300.4476250443993,172.22390501060738
301.2508476218154,172.93182161396655
302.05407019923155,172.29735573566506
302.8572927766477,171.89865913778476
303.6605153540638,171.2367454642695
304.4637379314799,171.95365831566428
305.26696050889603,172.64394564062604
306.07018308631217,174.71745571424077
306.87340566372825,176.79642754899132
307.6766282411444,171.7600742697726
308.4798508185605,170.5494040643113
309.28307339597666,173.76397875662957
310.0862959733928,171.59194380736614
310.88951855080893,171.04171420355192
311.69274112822507,172.43655487884578
312.4959637056412,170.66688252416353
313.2991862830573,171.51957483109527
314.1024088604734,173.90949187683026
314.90563143788955,173.20700148496678
315.70885401530563,173.08817260139327
316.51207659272177,171.18057087510385
317.3152991701379,172.08821336384204
318.11852174755404,172.3336522001535
318.9217443249702,168.38500513116344
319.7249669023863,170.7054473789769
320.52818947980245,169.39171122834392
321.3314120572186,170.5220016967005
322.1346346346347,165.54875470353596
322.9378572120508,168.22007089883394
323.74107978946694,170.22641837652753
324.544302366883,170.12232507701145
325.34752494429915,168.32532059829452
326.1507475217153,170.6767204528154
326.9539700991314,169.23564163024406
327.75719267654756,171.17604709475785
328.5604152539637,167.94524398823754
329.36363783137983,172.6577179284959
330.16686040879597,173.00960779256465
330.9700829862121,169.37235948041211
331.7733055636282,171.65713805765014
332.5765281410443,169.15590665310646
333.37975071846046,168.78447129404853
334.18297329587654,168.64537917944503
334.9861958732927,171.1930190011417
335.7894184507088,166.55351411343983
336.59264102812494,172.03289562232206
337.3958636055411,166.19342342940772
338.1990861829572,169.38755844108468
339.00230876037335,167.5412233656451
339.8055313377895,168.17187299739456
340.60875391520557,171.23286942310972
341.4119764926217,166.17498473411013
342.21519907003784,168.48804465682986
343.0184216474539,166.96478785724838
343.82164422487006,170.6134230940068
344.6248668022862,166.635703832339
345.4280893797023,170.86260403103782
346.23131195711846,167.55712458587686
347.0345345345346,166.13255403340779
347.83775711195074,165.41717070484236
348.6409796893669,166.38328427555152
349.44420226678295,166.0268633825474
350.2474248441991,167.587734164637
351.0506474216152,169.1158348980143
351.8538699990313,166.35098374317323
352.65709257644744,168.08876358164986
353.4603151538636,163.18486090802597
354.2635377312797,164.58002715615189
355.06676030869585,166.11015146937658
355.869982886112,166.7077001752973
356.6732054635281,164.05726389506265
357.47642804094426,165.53408160298767
358.2796506183604,163.3438263366802
359.0828731957765,163.53642591204652
359.8860957731926,161.6651797687578
360.6893183506087,163.28857328033354
361.4925409280248,163.49265212926588
362.29576350544096,162.84956359928137
363.0989860828571,163.13229085516886
363.90220866027323,161.6532973864117
364.70543123768937,162.3414269296602
365.5086538151055,163.77630686657776
366.31187639252164,160.09500616814267
367.1150989699377,161.2377626351272
367.91832154735386,161.67143436400391
368.72154412477,162.39459222517303
369.5247667021861,163.28160775646782
370.32798927960226,165.11348380593992
371.13121185701834,165.1487459067425
371.9344344344345,159.60059461892666
372.7376570118506,161.60100472802364
373.54087958926675,161.25104253952128
374.3441021666829,158.01906097638818
375.147324744099,157.89279491670422
375.9505473215151,158.12829036847114
376.75376989893124,160.71259002648293
377.5569924763474,160.3779997203166
378.3602150537635,160.634061041158
379.16343763117965,158.4816394218232
379.9666602085957,158.3797162465703
380.76988278601186,160.12856353631696
381.573105363428,158.76135655188952
382.37632794084413,158.69562723132896
383.17955051826027,157.0296056065011
383.9827730956764,158.362417518303
384.7859956730925,158.67088463228694
385.5892182505086,160.39989665019985
386.39244082792476,154.06161543763193
387.1956634053409,160.0032511702642
387.99888598275703,157.52120663609574
388.80210856017317,153.75030812705702
389.60533113758925,159.221971840014
390.4085537150054,158.56178654616838
391.2117762924215,157.5110550136042
392.01499886983765,157.78745363399983
392.8182214472538,156.49048876430493
393.62144402466987,156.31587659579378
394.424666602086,158.07947996467053
395.22788917950214,157.60595027792561
396.0311117569183,158.03868174194426
396.8343343343344,154.4095549198056
397.63755691175055,155.42825994985537
398.44077948916663,156.80375913411052
399.24400206658277,157.4437866442208
400.0472246439989,155.19913116813322
400.85044722141504,153.07968764128168
401.6536697988312,156.0906188101952
402.45689237624725,152.79632786223203
403.2601149536634,155.7231658743217
404.0633375310795,153.94772457330382
404.86656010849566,153.75657941749083
405.6697826859118,157.34475523910876
406.47300526332793,153.3697887019397
407.276227840744,150.31518008823258
408.07945041816015,152.9767257823092
408.8826729955763,152.63011558597992
409.6858955729924,151.36722798760232
410.48911815040856,150.5555539063055
411.2923407278247,151.20812307252004
412.0955633052408,150.69069549387268
412.8987858826569,151.75664381278975
413.70200846007305,147.6917870539718
414.5052310374892,152.99934711601566
415.3084536149053,150.67932046198246
416.1116761923214,149.21064303629993
416.91489876973753,148.65467623520308
417.71812134715367,151.38680915211174
418.5213439245698,151.24048308311365
419.32456650198594,148.3966975955202
420.1277890794021,149.80393149044846
420.93101165681816,149.57848851145104
421.7342342342343,151.40853240614464
422.53745681165043,148.7362364276104
423.34067938906657,151.00584432057136
424.1439019664827,150.58418852078836
424.94712454389884,149.6061583818043
425.7503471213149,150.7647315182203
426.55356969873105,148.106958483203
427.3567922761472,147.72206961193703
428.1600148535633,146.2380198049022
428.96323743097946,144.80283816884062
429.76646000839554,145.79715602764873
430.5696825858117,148.8867560932942
431.3729051632278,149.0377743750575
432.17612774064395,146.27598747487633
432.9793503180601,147.862313519742
433.7825728954762,144.8976797644048
434.5857954728923,146.88185857128065
435.38901805030844,144.60247053210293
436.1922406277246,145.04228206708774
436.9954632051407,145.3259301936169
437.79868578255684,144.54265444049773
438.6019083599729,142.44557038736997
439.40513093738906,144.34028710289385
440.2083535148052,144.75784074302808
441.01157609222133,143.53452345526628
441.81479866963747,143.86119206419963
442.6180212470536,141.75438081581447
443.4212438244697,144.67855724273835
444.2244664018858,143.452600994164
445.02768897930196,139.06612873279644
445.8309115567181,140.58453484827135
446.63413413413423,141.1377022567193
447.43735671155036,141.4912061473865
448.24057928896644,143.89182042255578
449.0438018663826,140.97650020653572
449.8470244437987,140.49610374368334
450.65024702121485,139.70148697736974
451.453469598631,144.90566216557892
452.25669217604707,139.61583255576204
453.0599147534632,138.99218928890366
453.86313733087934,141.68633782165767
454.6663599082955,138.460339812791
455.4695824857116,137.13853227502588
456.27280506312775,141.2244523928008
457.0760276405438,138.39392913382702
457.87925021795996,139.46886462678395
458.6824727953761,137.87705382250846
459.48569537279224,137.61871098979398
460.2889179502084,140.02734141075854
461.0921405276245,137.61930447377227
461.8953631050406,133.8017405950508
462.6985856824567,133.58216698038905
463.50180825987286,136.29833970286347
464.305030837289,135.05015923326275
465.10825341470513,137.4962914068611
465.9114759921212,132.8281813657186
466.71469856953735,132.1172527254662
467.5179211469535,130.24924165151188
468.3211437243696,132.3110808471851
469.12436630178576,132.4865272577784
469.9275888792019,134.70513671913292
470.73081145661797,134.00342294176838
471.5340340340341,135.23142336313495
472.33725661145024,133.87547487750322
473.1404791888664,132.5999456023568
473.9437017662825,131.187987651694
474.7469243436986,133.75714524073783
475.55014692111473,132.4992384554615
476.35336949853087,132.42901690285706
477.156592075947,131.99582856682855
477.95981465336314,133.67467363247349
478.7630372307793,131.49464886736334
479.56625980819535,132.20517954975853
480.3694823856115,132.7489325779545
481.1727049630276,128.94356082875802
481.97592754044376,130.59670507910158
482.7791501178599,130.25256894329902
483.58237269527604,128.79558559086328
484.3855952726921,128.28998401408933
485.18881785010825,131.9483938083968
485.9920404275244,131.89169187421342
486.7952630049405,130.26545162636805
487.59848558235666,128.9888324711588
488.40170815977274,124.86391139637333
489.2049307371889,128.3030467572665
490.008153314605,130.86086381951085
490.81137589202115,126.3561503286097
491.6145984694373,129.7612983477648
492.4178210468534,131.38950236880984
493.2210436242695,126.2701808885969
494.02426620168563,126.87707586948491
494.82748877910177,127.19042882065652
495.6307113565179,126.40954582858605
496.43393393393404,127.11370295768162
497.2371565113502,125.5745745750807
498.04037908876626,124.39600504251565
498.8436016661824,127.03617309553454
499.64682424359853,126.0649984738744
500.45004682101467,125.03270926455227
501.2532693984308,124.80721468058293
502.0564919758469,125.0442658233349
502.859714553263,123.44374639718428
503.66293713067915,120.04733144449678
504.4661597080953,122.7367932868615
505.2693822855114,122.71287048210354
506.07260486292756,121.70071469470138
506.87582744034364,121.91729188387848
507.6790500177598,123.04890995139223
508.4822725951759,121.2116080916146
509.28549517259205,125.2128356891963
510.0887177500082,122.41284626216827
510.89194032742427,120.43429694786418
511.6951629048404,120.08210436906023
512.4983854822565,122.58406547473251
513.3016080596726,121.5871165919604
514.1048306370888,119.63052021011225
514.9080532145049,121.67049380052015
515.711275791921,124.08255710921301
516.5144983693372,122.52506775205704
517.3177209467533,117.02304496470794
518.1209435241694,117.88487140036226
518.9241661015856,117.83366949828002
519.7273886790017,117.79564409937687
520.5306112564178,118.21563872875141
521.333833833834,119.601833774035
522.1370564112501,116.60695944845418
522.9402789886663,117.93529907275602
523.7435015660824,119.10715411848975
524.5467241434984,120.5198524629186
525.3499467209145,121.26163654942768
526.1531692983307,118.58499904080931
526.9563918757468,121.2197831298782
527.759614453163,121.41698504910919
528.5628370305791,116.77899244610583
529.3660596079951,117.44526401163598
530.1692821854112,119.23408027213738
530.9725047628274,115.54817726021616
531.7757273402435,117.44967591865678
532.5789499176597,117.1491343560877
533.3821724950758,116.61073832881925
534.1853950724919,114.62209310984083
534.9886176499081,117.96027446239944
535.7918402273242,115.74033831225759
536.5950628047403,119.38672740345126
537.3982853821565,118.36189736806368
538.2015079595726,115.5832023000306
539.0047305369887,118.58110310499086
539.8079531144049,115.21666994963664
540.611175691821,115.92607683467311
541.4143982692372,114.40202548691818
542.2176208466533,118.14335584408983
543.0208434240693,117.69436552527463
543.8240660014854,116.18573470949576
544.6272885789016,115.35010442768099
545.4305111563177,115.8129683814905
546.2337337337339,111.07365248317026
547.0369563111499,116.97263626859817
547.840178888566,117.64801371169962
548.6434014659822,116.21475113487479
549.4466240433983,114.74633956974161
550.2498466208144,112.92600956168714
551.0530691982306,115.3206766774894
551.8562917756467,114.5133571027539
552.6595143530628,110.20881642182496
553.462736930479,112.3197939894002
554.2659595078951,113.38807482739566
555.0691820853112,114.22339897618275
555.8724046627274,114.1585647210185
556.6756272401435,116.12280866918158
557.4788498175596,114.03794653777071
558.2820723949758,114.75288909820634
559.0852949723919,113.92926592901806
559.8885175498081,114.39505520719567
560.6917401272241,112.75143804386596
561.4949627046402,113.08832360319788
562.2981852820564,116.30722901639083
563.1014078594725,111.97329286424494
563.9046304368886,111.64314582938016
564.7078530143048,113.64064812009237
565.5110755917208,111.2044329578941
566.3142981691369,113.0212720231266
567.117520746553,111.86610730279612
567.9207433239692,110.7000983304291
568.7239659013853,110.50902730606265
569.5271884788015,115.2012630459533
570.3304110562176,115.75856209006473
571.1336336336337,116.47882619435593
571.9368562110499,113.47092166859007
572.740078788466,113.47849543160659
573.5433013658821,114.83116752037105
574.3465239432983,111.56205262292099
575.1497465207144,113.54428748281993
575.9529690981306,113.46974924792009
576.7561916755467,110.55582004449799
577.5594142529628,116.00111892283418
578.362636830379,117.50849656942434
579.165859407795,110.40532024150508
579.9690819852111,113.5320148537485
580.7723045626273,116.60169181361165
581.5755271400434,112.62962221573726
582.3787497174595,113.59881414938567
583.1819722948755,111.83545301010764
583.9851948722917,113.65528983083702
584.7884174497078,113.68705222914497
585.591640027124,114.97360612438752
586.3948626045401,115.70206654129544
587.1980851819562,113.94023043810131
588.0013077593724,113.67082108194506
588.8045303367885,110.44480078902002
589.6077529142046,109.82956678543849
590.4109754916208,113.19742089198772
591.2141980690369,114.41556005063444
592.017420646453,113.96873437165968
592.8206432238692,113.22445789098425
593.6238658012853,117.52857717911091
594.4270883787015,113.00978191035637
595.2303109561176,115.75254178277468
596.0335335335337,116.28477145367997
596.8367561109498,112.0192456982329
597.6399786883659,115.17770362219112
598.443201265782,115.66926766238586
599.2464238431982,114.62989615223927
600.0496464206143,113.8497043502224
600.8528689980304,115.3563167713651
601.6560915754465,118.67367299442263
602.4593141528626,116.15350821647208
603.2625367302787,115.16548370032824
604.0657593076949,114.15791732197201
604.868981885111,116.83176303933459
605.6722044625271,111.93602187200652
606.4754270399433,112.74942946512299
607.2786496173594,115.11896633604215
608.0818721947755,116.9710637542818
608.8850947721917,117.37961644034093
609.6883173496078,115.68229955499713
610.491539927024,114.53703968623287
611.2947625044401,116.31759392789267
612.0979850818562,115.96094943707153
612.9012076592724,117.05332595607575
613.7044302366885,116.0075929571184
614.5076528141046,113.28727818667934
615.3108753915207,118.21174059782132
616.1140979689368,115.34264077418968
616.9173205463529,117.04391442682328
617.7205431237691,115.30904674516984
618.5237657011852,116.74415043203861
619.3269882786012,116.8568511244171
620.1302108560174,114.5872004895272
620.9334334334335,119.30710590791355
621.7366560108496,117.1836316567404
622.5398785882658,116.50959097991525
623.3431011656819,117.4017579392751
624.146323743098,117.22572647012537
624.9495463205142,119.0341631806424
625.7527688979303,119.18821387838092
626.5559914753464,114.84233854535572
627.3592140527626,119.13387545210759
628.1624366301787,118.07575441751261
628.9656592075949,116.80717242956246
629.768881785011,117.710878239319
630.5721043624271,118.4222483211271
631.3753269398431,114.91383388462741
632.1785495172593,119.44194195988086
632.9817720946754,118.93846560406692
633.7849946720916,118.89220105681818
634.5882172495077,120.18006002747947
635.3914398269238,119.13002949534126
636.19466240434,118.89275727253772
636.9978849817561,120.13286665929543
637.8011075591722,119.48963758113851
638.6043301365884,123.50343545658365
639.4075527140045,119.73107822223348
640.2107752914205,117.79392626172404
641.0139978688367,121.74164205894365
641.8172204462528,117.21899054580436
642.6204430236689,116.45977907576334
643.4236656010851,120.3377416699768
644.2268881785012,119.74767605755983
645.0301107559173,117.9404560745583
645.8333333333335,120.70305870507508
646.6365559107496,120.82484885988787
647.4397784881658,122.73550146574057
648.2430010655819,121.80993039703327
649.0462236429979,117.83584783293554
649.849446220414,118.094814661458
650.6526687978302,122.23980039921142
651.4558913752463,121.5540009257935
652.2591139526625,121.44478543553024
653.0623365300786,122.4469385630901
653.8655591074947,121.75631194285513
654.6687816849109,120.89058706235456
655.472004262327,121.61658320007689
656.2752268397431,122.15125490197178
657.0784494171593,125.61876160207015
657.8816719945753,126.25300893792021
658.6848945719914,122.658737077241
659.4881171494076,122.859312241324
660.2913397268237,122.91065763478156
661.0945623042398,123.03795312420291
661.897784881656,123.16624081193032
662.7010074590721,118.50403297847981
663.5042300364883,123.4260989559196
664.3074526139044,121.9995230720707
665.1106751913205,123.69084441398164
665.9138977687367,121.65141801575338
666.7171203461528,124.70868393171557
667.5203429235688,121.72958164175226
668.323565500985,124.72898048586555
669.1267880784011,123.19638283180844
669.9300106558172,123.01837910869048
670.7332332332334,126.26607506120051
671.5364558106495,124.8109463316043
672.3396783880656,127.13015653501623
673.1429009654818,130.03286478366476
673.9461235428979,125.26166943931848
674.749346120314,125.41624220289256
675.5525686977302,125.65846962239145
676.3557912751462,125.9643012393255
677.1590138525623,126.66489116478988
677.9622364299785,121.11377696639985
678.7654590073946,126.2249113005147
679.5686815848107,127.9067904013894
680.3719041622269,124.79855616958623
681.175126739643,126.73905636405007
681.9783493170592,129.25878646974132
682.7815718944753,129.03602519668576
683.5847944718914,129.01021427464704
684.3880170493076,127.35684435370185
685.1912396267236,129.80364341701866
685.9944622041397,125.26729124761701
686.7976847815559,130.88868798627533
687.600907358972,128.3211589428178
688.4041299363881,129.67929641611363
689.2073525138043,127.37138062367421
690.0105750912204,128.7720926553607
690.8137976686365,130.72109016464205
691.6170202460527,129.2562397622339
692.4202428234688,127.61222753773905
693.223465400885,132.41847554259144
694.026687978301,128.24046296871455
694.8299105557171,129.80170841578908
695.6331331331332,125.98599493555987
696.4363557105494,132.74008807052132
697.2395782879655,132.1339584372419
698.0428008653817,130.75007091684287
698.8460234427978,133.17240178374237
699.6492460202139,131.97827722766695
700.4524685976301,131.18241581442518
701.2556911750462,130.55142859387936
702.0589137524623,131.41289393412188
702.8621363298785,132.17820293720249
703.6653589072945,134.13304454415277
704.4685814847106,128.75578461550066
705.2718040621268,134.09354957151191
706.0750266395429,132.76326687617566
706.878249216959,129.34325164883904
707.6814717943752,133.66529079333782
708.4846943717913,134.44214091930507
709.2879169492074,133.27141494714868
710.0911395266236,134.3404599748131
710.8943621040397,133.60074077337507
711.6975846814559,134.08174983345594
712.5008072588719,134.0877840904412
713.304029836288,134.53457539079582
714.1072524137041,132.06894945173988
714.9104749911203,138.86003242284934
715.7136975685364,136.7618171271274
716.5169201459526,134.20885789839755
717.3201427233687,138.33596614627592
718.1233653007848,131.31501389101157
718.926587878201,133.78915736137887
719.7298104556171,137.00688472722976
720.5330330330332,132.7390377193493
721.3362556104493,134.13487468628327
722.1394781878654,136.6151801755191
722.9427007652815,138.46418401171073
723.7459233426977,137.29952881131757
724.5491459201138,135.5616537138648
725.3523684975299,137.7951370884782
726.1555910749461,134.55469007325414
726.9588136523622,137.71512871225167
727.7620362297783,139.16347058917728
728.5652588071945,137.8596614565307
729.3684813846106,138.0108226335972
730.1717039620266,137.63221961843465
730.9749265394428,136.82542305038754
731.7781491168589,138.44606641681276
732.581371694275,138.58478270853067
733.3845942716912,138.72017398889193
734.1878168491073,139.95643792869487
734.9910394265235,143.96756587299458
735.7942620039396,137.33466238139863
736.5974845813557,138.68940105757974
737.4007071587719,142.00578699811084
738.203929736188,139.4579075361337
739.0071523136041,137.79428986209587
739.8103748910202,142.45222949344185
740.6135974684363,139.7749598598087
741.4168200458524,137.07426405172737
742.2200426232686,139.96556974509878
743.0232652006847,139.94230216276762
743.8264877781008,140.13877481658824
744.629710355517,140.21865463432204
745.4329329329331,136.25621061913256
746.2361555103492,140.36513549692935
747.0393780877654,140.4299349628418
747.8426006651815,140.34475975323934
748.6458232425975,141.7253576818842
749.4490458200137,140.2578732134797
750.2522683974298,138.02866753953444
751.055490974846,141.58614906518716
751.8587135522621,139.46897657990544
752.6619361296782,140.9933580231024
753.4651587070944,138.86209379913188
754.2683812845105,141.43416044318923
755.0716038619266,139.78580926420585
755.8748264393428,144.62007811692962
756.6780490167589,143.13040649880173
757.4812715941749,142.37460714611453
758.2844941715911,140.33702600651668
759.0877167490072,144.12070759450958
759.8909393264233,138.46085162238603
760.6941619038395,140.82975676270937
761.4973844812556,141.60248418719743
762.3006070586717,138.2357138002681
763.1038296360879,139.39394661653523
763.907052213504,142.67292581516205
764.7102747909202,141.00821040797007
765.5134973683363,141.00234732378985
766.3167199457523,139.98802971363452
767.1199425231684,140.98457708058396
767.9231651005846,139.4516506642756
768.7263876780007,140.9593664403751
769.5296102554169,140.80502225620148
770.332832832833,142.2497033211738
771.1360554102491,137.45339837223233
771.9392779876653,141.62256027061292
772.7425005650814,140.86865776244363
773.5457231424975,140.24092965466738
774.3489457199137,140.82324932409895
775.1521682973298,140.79896077649283
775.9553908747458,144.62756590269743
776.758613452162,139.26183507849464
777.5618360295781,142.2613034466055
778.3650586069942,140.69340868961197
779.1682811844104,139.41910034212458
779.9715037618265,139.6741875709369
780.7747263392426,141.69847811177937
781.5779489166588,140.9813085448953
782.3811714940749,139.00835718705213
783.184394071491,137.4452002236062
783.9876166489072,139.18241502349807
784.7908392263232,140.46128773993755
785.5940618037394,138.37319531839788
786.3972843811555,137.449634921606
787.2005069585716,141.60327917487888
788.0037295359878,140.34659157073054
788.8069521134039,138.52399639730226
789.61017469082,139.56556266881316
790.4133972682362,142.79328425537858
791.2166198456523,140.42552895148816
792.0198424230684,142.28125655331024
792.8230650004846,141.19431863022552
793.6262875779006,137.02961628379865
794.4295101553167,140.1496095625579
795.2327327327329,137.3926769003242
796.035955310149,139.29281949713726
796.8391778875651,137.88551651658264
797.6424004649813,142.09841377567972
798.4456230423974,139.0254553743666
799.2488456198136,143.65227692384278
800.0520681972297,140.5942239487649
800.8552907746458,140.02553040026308
801.658513352062,141.27318407377194
802.461735929478,140.00619303197544
803.2649585068941,141.54179876504355
804.0681810843103,137.37857629398414
804.8714036617264,139.7276817935813
805.6746262391425,140.34555862016202
806.4778488165587,139.97661765819046
807.2810713939748,139.9737667110618
808.0842939713909,138.35360892068292
808.8875165488071,138.6431961270881
809.6907391262232,138.97604262250104
810.4939617036393,141.18850075380792
811.2971842810555,141.0355579157228
812.1004068584715,138.05355948883428
812.9036294358876,141.51570153658506
813.7068520133038,137.94538841168284
814.5100745907199,140.80561596965617
815.313297168136,143.22574637970487
816.1165197455522,140.00265257666678
816.9197423229683,144.47763812646915
817.7229649003845,139.26515400190345
818.5261874778006,141.1315061154064
819.3294100552167,137.80101057555962
820.1326326326329,141.3473032608696
820.9358552100489,140.0591005669908
821.739077787465,140.0708988718843
822.5423003648812,140.08332903754513
823.3455229422973,142.73094947323028
824.1487455197134,141.38697595735795
824.9519680971296,140.1242191343242
825.7551906745457,140.13898517824688
826.5584132519618,137.27545030467599
827.361635829378,140.1701063447021
828.1648584067941,141.01082629900588
828.9680809842102,144.58745468971478
829.7713035616263,140.22047344369832
830.5745261390424,138.72696214894995
831.3777487164585,139.59738125281456
832.1809712938747,136.83699857153195
832.9841938712908,140.29370432221972
833.787416448707,137.5042603447713
834.5906390261231,140.24609327022648
835.3938616035392,137.86912646377525
836.1970841809554,140.37275392132875
837.0003067583715,139.3452688174786
837.8035293357876,140.41407761148847
838.6067519132037,143.90421721743175
839.4099744906198,140.45639622625683
840.2131970680359,140.63308263651254
841.0164196454521,138.56080258798957
841.8196422228682,140.5214043936374
842.6228648002843,139.4637514277612
843.4260873777005,138.83387301892947
844.2293099551166,140.58778909975337
845.0325325325327,142.40196489922587
845.8357551099489,140.6325548944957
846.638977687365,140.14609899939848
847.4422002647811,141.19093998058733
848.2454228421972,140.70008444299177
849.0486454196133,144.00950366962553
849.8518679970294,139.69554719936363
850.6550905744456,143.62095037179716
851.4583131518617,138.56236278753218
852.2615357292779,137.9037540134303
853.064758306694,139.24831176965878
853.8679808841101,140.85674881196104
854.6712034615263,141.06819311312105
855.4744260389424,144.35335105805598
856.2776486163585,139.89727953543775
857.0808711937746,139.11049541040705
857.8840937711907,138.81492193112075
858.6873163486068,139.3740857346728
859.490538926023,142.6787556848294
860.2937615034391,141.349317523971
861.0969840808552,141.53803312673259
861.9002066582714,137.52550688071165
862.7034292356875,141.087101574186
863.5066518131036,144.9261418361848
864.3098743905198,142.16052100305723
865.1130969679359,141.14375030293675
865.9163195453519,140.8469249502789
866.7195421227681,141.17953510360365
867.5227647001842,141.54564720082197
868.3259872776003,138.6404655705563
869.1292098550165,141.22985764723853
869.9324324324326,141.98764231611534
870.7356550098488,140.80239585619685
871.5388775872649,139.22050232558817
872.342100164681,141.28988777281072
873.1453227420972,141.3035057016045
873.9485453195133,140.99352787745892
874.7517678969293,140.1309248805538
875.5549904743455,141.34071793805546
876.3582130517616,145.8343591188823
877.1614356291777,141.36229990593984
877.9646582065939,137.35802686553242
878.76788078401,141.38112212820408
879.5711033614261,141.3894504435268
880.3743259388423,141.3970313530022
881.1775485162584,141.07689225938572
881.9807710936745,141.40987432848812
882.7839936710907,140.76844461156196
883.5872162485068,142.6750957841319
884.3904388259228,139.90351458784005
885.193661403339,139.6958371906351
885.9968839807551,141.03631469857632
886.8001065581713,144.11467928852204
887.6033291355874,142.85915295563655
888.4065517130035,143.68383011167793
889.2097742904197,142.69234218536198
890.0129968678358,140.64880406894372
890.8162194452519,145.99969631273498
891.6194420226681,144.37709920448876
892.4226646000842,139.2720347548619
893.2258871775002,141.74912561095306
894.0291097549164,141.5034695371901
894.8323323323325,139.64778184703883
895.6355549097486,141.3735834026386
896.4387774871648,142.69274501092676
897.2420000645809,141.82124122617623
898.045222641997,141.6363738007346
898.8484452194132,141.32104835133623
899.6516677968293,142.82586169765096
900.4548903742455,144.64824517184016
901.2581129516616,139.78998063119255
902.0613355290776,145.12666869961373
902.8645581064937,141.23210324516776
903.6677806839099,140.4046608567015
904.471003261326,140.55877990821327
905.2742258387422,141.15680848745816
906.0774484161583,141.6636305610179
906.8806709935744,145.20460400101274
907.6838935709906,138.03599455798118
908.4871161484067,140.52409526536698
909.2903387258228,140.7351537616115
910.093561303239,141.39958383572096
910.896783880655,140.94201215031973
911.7000064580711,139.19348590100054
912.5032290354873,140.86747853811943
913.3064516129034,140.70269762826763
