110.88709677419354,145.68447710937048
111.69031935160966,151.2071854539228
112.4935419290258,152.44061317575546
113.29676450644192,153.5728626473585
114.09998708385804,154.8190167748874
114.90320966127416,148.6056648474262
115.7064322386903,152.02942151398145
116.50965481610642,150.8201916252762
117.31287739352254,157.40388750772138
118.11609997093868,149.93598137480248
118.9193225483548,157.87361850171015
119.72254512577092,155.735755655312
120.52576770318706,155.08727169549655
121.32899028060318,156.7875340583885
122.1322128580193,159.81644133798142
122.93543543543542,155.15945926177034
123.73865801285156,154.75725993594318
124.54188059026768,153.84557157660282
125.3451031676838,157.75591374932256
126.14832574509992,160.60884016931934
126.95154832251606,155.6610256812674
127.75477089993218,156.9430600705304
128.5579934773483,160.59994394166705
129.36121605476444,161.37597669582598
130.16443863218058,158.0468540848129
130.96766120959668,156.75260607484458
131.77088378701282,159.2714246598154
132.57410636442893,160.4776623887418
133.37732894184506,159.87082063392543
134.1805515192612,158.07016189627558
134.9837740966773,159.04338033501665
135.78699667409344,159.84740573522714
136.59021925150958,158.9119759529081
137.3934418289257,159.9111653841302
138.19666440634182,160.1092480705501
138.99988698375796,160.78326225687675
139.80310956117407,162.9382327189189
140.6063321385902,162.1130461777336
141.4095547160063,162.40955047821916
142.21277729342245,163.80321517612512
143.01599987083858,161.78758900664272
143.81922244825472,163.60814571166364
144.62244502567083,166.33590410509794
145.42566760308696,161.0005667079805
146.22889018050307,160.71136241826645
147.0321127579192,164.6410856912556
147.83533533533534,165.70333273036442
148.63855791275145,164.1790284541508
149.4417804901676,167.96032420356636
150.2450030675837,163.628636019852
151.04822564499983,164.401619747537
151.85144822241597,161.5864275555828
152.6546707998321,166.44644678398697
153.4578933772482,168.34060962079693
154.26111595466435,166.2110795735314
155.06433853208046,163.47926007190105
155.8675611094966,164.06582965669108
156.67078368691273,166.97300888748907
157.47400626432886,161.5285271008564
158.27722884174497,164.8438964347714
159.0804514191611,165.82035991174004
159.88367399657722,170.1039170577616
160.68689657399335,168.8464160392965
161.4901191514095,166.95566305310564
162.2933417288256,163.20717544734933
163.09656430624173,164.39087881219822
163.89978688365784,168.4560459121303
164.70300946107398,169.64355303310057
165.5062320384901,167.409673572292
166.30945461590625,165.97974287566097
167.11267719332236,169.60109097860416
167.9158997707385,168.70885738400696
168.7191223481546,167.86669615486014
169.52234492557074,165.74989468086935
170.32556750298687,169.83825658492594
171.12879008040298,165.4000644367086
171.93201265781912,163.32369703667405
172.73523523523525,169.7704692866697
173.53845781265136,170.8510367678329
174.3416803900675,171.89783936803863
175.14490296748363,167.94654294831267
175.94812554489974,170.40151451940446
176.75134812231587,166.59802762347005
177.55457069973198,170.04675776152195
178.35779327714812,166.37714592574252
179.16101585456425,169.06013461852146
179.9642384319804,171.83275714921913
180.7674610093965,170.16846284848603
181.5706835868126,167.5408328951872
182.37390616422874,169.2981459091048
183.17712874164488,169.46748820676066
183.98035131906101,170.5552597088154
184.78357389647715,169.5016192933855
185.58679647389326,168.5188422424787
186.39001905130937,172.97865094706972
187.1932416287255,172.41242442503486
187.99646420614164,168.46050769558474
188.79968678355777,169.99042938139303
189.60290936097388,164.8945236249413
190.40613193839002,165.50962196405402
191.20935451580613,171.01787903971143
192.01257709322226,174.7718793334573
192.8157996706384,167.83424567540968
193.61902224805453,167.99670582964728
194.42224482547064,173.36325915211066
195.22546740288675,170.69950354730645
196.0286899803029,172.40588935845057
196.83191255771902,168.5234697046422
197.63513513513516,170.47317889933333
198.4383577125513,173.97802739407607
199.2415802899674,167.94580488330578
200.0448028673835,175.4072552362354
200.84802544479965,169.50914649275327
201.65124802221578,173.2708138744991
202.45447059963192,168.4027996966225
203.25769317704803,172.7439967126381
204.06091575446416,173.32273206555507
204.86413833188027,170.5686198942402
205.6673609092964,173.66991042471574
206.47058348671254,172.44793380097343
207.27380606412868,167.39652300423936
208.07702864154479,171.3045618710998
208.8802512189609,171.24143926886663
209.68347379637703,173.60503666162379
210.48669637379317,170.74690366684888
211.2899189512093,168.9080468489141
212.0931415286254,170.4852292696937
212.89636410604155,172.3828696607732
213.69958668345765,171.11859374414075
214.5028092608738,170.83165614005244
215.30603183828993,167.88360766463134
216.10925441570606,170.88031024476973
216.91247699312217,173.15307477437847
217.71569957053828,170.91493136673085
218.5189221479544,171.84929773865997
219.32214472537055,174.3429639682732
220.12536730278669,169.40331533947557
220.92858988020282,171.7993959180123
221.73181245761893,174.98342375583331
222.53503503503504,169.50015625711444
223.33825761245117,171.57655226025884
224.1414801898673,171.14370976032922
224.94470276728345,168.24825574201373
225.74792534469955,167.62125880087666
226.5511479221157,172.03043733050603
227.3543704995318,172.7371961065468
228.15759307694793,173.97895177779594
228.96081565436407,171.25206322012318
229.7640382317802,171.71405992449826
230.5672608091963,172.7329800907343
231.37048338661242,175.4819461076822
232.17370596402856,171.2238005436211
232.9769285414447,171.10261800439204
233.78015111886083,168.58349469885562
234.58337369627696,172.59219768694044
235.38659627369307,172.81874914255124
236.18981885110918,169.96485233867645
236.99304142852532,171.3508419176123
237.79626400594145,170.58628482103933
238.5994865833576,173.5928031855043
239.4027091607737,169.49317089786973
240.20593173818983,168.39881535889378
241.00915431560594,170.85017002195588
241.81237689302208,171.80750976971672
242.6155994704382,171.3909010839716
243.41882204785432,172.98276664569926
244.22204462527046,170.32615079579068
245.0252672026866,171.91124570360043
245.8284897801027,172.08614803006824
246.63171235751884,173.4507007815386
247.43493493493497,172.10878676145552
248.23815751235108,169.73769275057552
249.04138008976722,169.70961035166977
249.84460266718335,169.81533384292288
250.64782524459946,173.44536533298387
251.4510478220156,169.2998028503685
252.2542703994317,173.70842420442656
253.05749297684784,173.7706168652946
253.86071555426398,169.45043678383297
254.66393813168008,173.33217554078934
255.46716070909622,170.41106937086386
256.27038328651236,173.63443516870265
257.0736058639285,173.20058504403224
257.8768284413446,173.78686785813227
258.68005101876076,167.7492474260702
259.48327359617684,167.41126999739785
260.286496173593,173.88766127146445
261.0897187510091,173.01589490213016
261.8929413284252,172.65167854280713
262.69616390584133,172.1592539027391
263.49938648325747,173.04536433121683
264.3026090606736,175.45063935604497
265.10583163808974,169.65113720422144
265.9090542155059,173.45294501775194
266.712276792922,170.97799640322003
267.51549937033815,168.84298898830758
268.3187219477542,167.348910414533
269.12194452517036,174.01263029952236
269.9251671025865,167.58076067445978
270.7283896800026,171.58613226787264
271.5316122574187,173.02245805108356
272.33483483483485,173.73821346561022
273.138057412251,172.9544595224865
273.9412799896671,171.47156439573922
274.74450256708326,168.89414804803582
275.5477251444994,170.25266577025312
276.35094772191553,172.07226609559223
277.1541702993316,174.9034747905938
277.95739287674775,176.0169808816082
278.7606154541639,171.7718960698801
279.56383803157996,170.12841632806828
280.3670606089961,173.71517708955525
281.17028318641223,171.66366284042726
281.97350576382837,171.0331042197554
282.7767283412445,172.5900067909472
283.57995091866064,168.6439629492329
284.3831734960768,170.87881783555608
285.1863960734929,174.6205917782422
285.98961865090905,167.513332758626
286.79284122832513,169.27986908248363
287.59606380574127,172.6783290666207
288.39928638315735,174.93300352319542
289.2025089605735,172.92951572151102
290.0057315379896,171.71251997649657
290.80895411540575,169.48252461247685
291.6121766928219,176.23594375290682
292.415399270238,173.3792136003604
293.21862184765416,171.6481916255905
294.0218444250703,175.21283824394044
294.82506700248643,172.09058721922224
295.6282895799025,171.20444385512863
296.43151215731865,172.29672562582843
297.2347347347348,172.27088358531716
298.03795731215087,168.0760841729905
298.841179889567,169.20513750667223
299.64440246698314,170.09397311605247
300.4476250443993,173.55830039514507
301.2508476218154,172.45520969293992
302.05407019923155,169.26204118011597
302.8572927766477,168.82416279629166
303.6605153540638,173.56015916199655
304.4637379314799,172.08878325375025
305.26696050889603,173.31962281733752
306.07018308631217,171.23843964668646
306.87340566372825,167.60178286849114
307.6766282411444,172.63095368902574
308.4798508185605,175.75294153955008
309.28307339597666,170.6684757138307
310.0862959733928,172.82824778769353
310.88951855080893,168.34238346046465
311.69274112822507,171.46847594050922
312.4959637056412,169.79939280386296
313.2991862830573,171.62932188704514
314.1024088604734,171.26559490073052
314.90563143788955,170.76120901149594
315.70885401530563,171.97146895997986
316.51207659272177,169.21390414240673
317.3152991701379,167.61084805959484
318.11852174755404,173.46894795177855
318.9217443249702,172.30786654225932
319.7249669023863,170.70008995859385
320.52818947980245,171.47717616885
321.3314120572186,173.26289463741807
322.1346346346347,169.63248278948808
322.9378572120508,172.86555802477721
323.74107978946694,171.12417029073276
324.544302366883,170.1266809501395
325.34752494429915,170.7898091654399
326.1507475217153,168.25422416579073
326.9539700991314,172.25466126355687
327.75719267654756,169.67731371283566
328.5604152539637,164.95849200798472
329.36363783137983,169.00052800561772
330.16686040879597,167.98896025626624
330.9700829862121,171.12952979416863
331.7733055636282,170.64436019661497
332.5765281410443,168.22025884289852
333.37975071846046,171.42983979285688
334.18297329587654,167.58278681757093
334.9861958732927,168.86811297432354
335.7894184507088,169.92786765967554
336.59264102812494,170.07633607496194
337.3958636055411,167.41671115220947
338.1990861829572,165.79307270092153
339.00230876037335,165.36350945489679
339.8055313377895,167.1465738606588
340.60875391520557,163.5705638802732
341.4119764926217,165.60171822751457
342.21519907003784,171.7377666410209
343.0184216474539,164.92322342620503
343.82164422487006,163.84771386077787
344.6248668022862,163.3301304899876
345.4280893797023,167.99593484611466
346.23131195711846,166.14951444010057
347.0345345345346,167.96213571123417
347.83775711195074,163.72840315031056
348.6409796893669,163.24115263940436
349.44420226678295,165.2167775948642
350.2474248441991,164.06030666429044
351.0506474216152,166.75217717313637
351.8538699990313,164.78766227124183
352.65709257644744,165.30315430473368
353.4603151538636,162.205655218849
354.2635377312797,163.66146147886477
355.06676030869585,166.14908145039635
355.869982886112,166.16093417392133
356.6732054635281,163.56929979124595
357.47642804094426,166.39903258522224
358.2796506183604,164.79053048771382
359.0828731957765,163.6307756856657
359.8860957731926,164.05669669791922
360.6893183506087,164.65686362152036
361.4925409280248,162.92185022415734
362.29576350544096,162.84956359928137
363.0989860828571,162.11671945809658
363.90220866027323,163.284123022343
364.70543123768937,160.48373949729745
365.5086538151055,166.70541265070693
366.31187639252164,159.5136765004918
367.1150989699377,163.8575295759878
367.91832154735386,158.76496381253665
368.72154412477,160.45254551695132
369.5247667021861,161.67582672370838
370.32798927960226,159.45483473368063
371.13121185701834,158.8336853460671
371.9344344344345,162.7695795518084
372.7376570118506,160.67726873910655
373.54087958926675,159.67311724724027
374.3441021666829,161.2979186028238
375.147324744099,162.40503372403032
375.9505473215151,159.38272206488264
376.75376989893124,156.9368394672272
377.5569924763474,160.10977642151707
378.3602150537635,157.51690324470277
379.16343763117965,159.6158421095799
379.9666602085957,157.56106063580054
380.76988278601186,159.003261986112
381.573105363428,160.6182096362314
382.37632794084413,156.31510689258403
383.17955051826027,153.6049928048305
383.9827730956764,162.02657751233986
384.7859956730925,158.19519245290303
385.5892182505086,158.83890741538008
386.39244082792476,159.53460259705835
387.1956634053409,156.91942361183575
387.99888598275703,156.14226594549575
388.80210856017317,155.6344230057256
389.60533113758925,153.71676932485565
390.4085537150054,157.6916048839176
391.2117762924215,158.61777557406026
392.01499886983765,157.67912736000582
392.8182214472538,153.95650687455517
393.62144402466987,156.23635493682482
394.424666602086,154.35342255813177
395.22788917950214,157.21834911976646
396.0311117569183,155.78638076821477
396.8343343343344,155.94969516718572
397.63755691175055,155.42825994985537
398.44077948916663,155.2475402112031
399.24400206658277,159.9568920294089
400.0472246439989,153.573419740134
400.85044722141504,155.08248163698804
401.6536697988312,153.14470029143567
402.45689237624725,151.41044907388024
403.2601149536634,155.67957723721824
404.0633375310795,157.7124007904266
404.86656010849566,154.26495011846552
405.6697826859118,151.53820746059623
406.47300526332793,154.12009183052334
407.276227840744,153.74665957415516
408.07945041816015,154.56656208504543
408.8826729955763,149.9683033568262
409.6858955729924,150.6045391104018
410.48911815040856,150.17021119677986
411.2923407278247,148.82173538792296
412.0955633052408,152.7467065939364
412.8987858826569,153.38828491225456
413.70200846007305,151.54690691328278
414.5052310374892,150.65860347924018
415.3084536149053,149.04673884111708
416.1116761923214,148.42633695653768
416.91489876973753,147.67913897834066
417.71812134715367,152.047117688137
418.5213439245698,147.46895569281224
419.32456650198594,147.6331123297976
420.1277890794021,149.32438869730862
420.93101165681816,149.57848851145104
421.7342342342343,150.24634218785306
422.53745681165043,154.02228515926905
423.34067938906657,144.71232527942132
424.1439019664827,150.0830959737345
424.94712454389884,147.959252206388
425.7503471213149,145.70054738199764
426.55356969873105,150.09933439423548
427.3567922761472,148.71534554939495
428.1600148535633,149.98769353501663
428.96323743097946,149.16428235647615
429.76646000839554,148.22063803843804
430.5696825858117,144.84475501704824
431.3729051632278,146.09683712797937
432.17612774064395,147.02000322415134
432.9793503180601,145.68752457704363
433.7825728954762,148.51383061477893
434.5857954728923,142.86595199001272
435.38901805030844,142.58398133458024
436.1922406277246,144.9582442008358
436.9954632051407,144.79286950301056
437.79868578255684,142.57823081157304
438.6019083599729,144.75739756896826
439.40513093738906,142.23438881496904
440.2083535148052,140.69107911216955
441.01157609222133,144.85833284769075
441.81479866963747,146.38295970985615
442.6180212470536,144.4882115737452
443.4212438244697,144.27051181770315
444.2244664018858,143.36088490294554
445.02768897930196,142.57092155696412
445.8309115567181,141.16225489226466
446.63413413413423,140.36931444214036
447.43735671155036,141.76152476899796
448.24057928896644,142.49130454818646
449.0438018663826,140.45075295849415
449.8470244437987,139.5791410487797
450.65024702121485,142.18161577259616
451.453469598631,141.61559452754548
452.25669217604707,139.3413115391508
453.0599147534632,142.5462276315872
453.86313733087934,137.92729829377987
454.6663599082955,134.41871626055237
455.4695824857116,140.34300017958773
456.27280506312775,140.03309933651428
457.0760276405438,134.23401671659528
457.87925021795996,140.45531378930167
458.6824727953761,137.67779447730172
459.48569537279224,137.24532490748481
460.2889179502084,134.04517430804327
461.0921405276245,134.29008938973683
461.8953631050406,136.84431601131328
462.6985856824567,134.24233739560196
463.50180825987286,138.58243709096047
464.305030837289,134.14083266423296
465.10825341470513,135.21137525675317
465.9114759921212,135.60233006085053
466.71469856953735,136.89017455838018
467.5179211469535,134.41177018577898
468.3211437243696,133.38203329647624
469.12436630178576,135.38989769317433
469.9275888792019,133.51949683448498
470.73081145661797,134.56258252582276
471.5340340340341,134.85076605841786
472.33725661145024,130.51792336769338
473.1404791888664,134.60660054586018
473.9437017662825,129.07780413961973
474.7469243436986,130.4755644942789
475.55014692111473,130.81980760036154
476.35336949853087,134.89056883070552
477.156592075947,134.66875947731864
477.95981465336314,129.47147694167626
478.7630372307793,129.46701888921436
479.56625980819535,132.1509794797045
480.3694823856115,131.44258437426723
481.1727049630276,130.06532951158405
481.97592754044376,128.06724191947004
482.7791501178599,126.79921210379764
483.58237269527604,128.6941333076964
484.3855952726921,131.64335693573145
485.18881785010825,131.32624917409785
485.9920404275244,128.5597038352432
486.7952630049405,131.23617548994184
487.59848558235666,130.09032298861732
488.40170815977274,128.54389581740702
489.2049307371889,127.99117256194744
490.008153314605,126.9811781282062
490.81137589202115,127.67986776681151
491.6145984694373,129.85010134236313
492.4178210468534,131.86355064316976
493.2210436242695,130.68706414745827
494.02426620168563,127.09286828758331
494.82748877910177,127.74692444935373
495.6307113565179,123.74032819365267
496.43393393393404,128.6646470697042
497.2371565113502,127.12839273472846
498.04037908876626,123.76137283622346
498.8436016661824,126.58746548094648
499.64682424359853,121.83357070417095
500.45004682101467,123.93570864686397
501.2532693984308,125.18907625195241
502.0564919758469,124.25625411956251
502.859714553263,122.49534992908166
503.66293713067915,124.82045710532608
504.4661597080953,126.22437388573982
505.2693822855114,127.14031357211994
506.07260486292756,121.75382156917753
506.87582744034364,120.46609048086275
507.6790500177598,123.04890995139223
508.4822725951759,126.37696038125092
509.28549517259205,121.24176711666843
510.0887177500082,125.60049302752488
510.89194032742427,122.28828517873107
511.6951629048404,118.70278474740888
512.4983854822565,121.27409013162243
513.3016080596726,122.50362656571107
514.1048306370888,118.07445015405028
514.9080532145049,120.51100429422193
515.711275791921,122.28760974115269
516.5144983693372,119.11048726844392
517.3177209467533,120.66069118174364
518.1209435241694,119.9710990153249
518.9241661015856,121.85458204914838
519.7273886790017,117.77920559845738
520.5306112564178,121.63494610257705
521.333833833834,119.64922136708056
522.1370564112501,117.35365766072246
522.9402789886663,118.30563624791682
523.7435015660824,118.78978942080985
524.5467241434984,117.79837123964111
525.3499467209145,118.70647980105139
526.1531692983307,118.41601809759732
526.9563918757468,119.63445683198582
527.759614453163,116.00711147057035
528.5628370305791,117.90177933811422
529.3660596079951,117.72121115871226
530.1692821854112,119.8809797705108
530.9725047628274,119.31115322385426
531.7757273402435,119.6551035678508
532.5789499176597,115.76256447942339
533.3821724950758,116.81534001859072
534.1853950724919,119.42516017382826
534.9886176499081,116.00518821079983
535.7918402273242,113.29594993321054
536.5950628047403,119.33290490576866
537.3982853821565,116.87430796191543
538.2015079595726,113.4857730639104
539.0047305369887,115.39040756518692
539.8079531144049,119.47508998951386
540.611175691821,119.77118976456758
541.4143982692372,119.33729944085269
542.2176208466533,119.29641145514577
543.0208434240693,113.62659304590441
543.8240660014854,115.45910088154925
544.6272885789016,118.36102174015477
545.4305111563177,115.2442808667721
546.2337337337339,117.5512031504125
547.0369563111499,113.07220091417618
547.840178888566,114.81181599692293
548.6434014659822,113.27659114791192
549.4466240433983,114.76352187766528
550.2498466208144,115.13087440026109
551.0530691982306,114.59359905708473
551.8562917756467,114.5133571027539
552.6595143530628,115.83117461192371
553.462736930479,114.53425769774869
554.2659595078951,117.69279958336296
555.0691820853112,110.84565824526126
555.8724046627274,110.32778137729673
556.6756272401435,113.99322508394877
557.4788498175596,112.28141894329332
558.2820723949758,115.2525166513681
559.0852949723919,112.59398729807329
559.8885175498081,114.15952867074172
560.6917401272241,112.90508015270524
561.4949627046402,111.09668437208745
562.2981852820564,113.00191933355806
563.1014078594725,112.33259849408583
563.9046304368886,116.01156370345974
564.7078530143048,114.90241164091181
565.5110755917208,116.09108513240137
566.3142981691369,115.87398353745081
567.117520746553,113.88362113616432
567.9207433239692,110.51492874454327
568.7239659013853,111.52126327938447
569.5271884788015,115.823719309063
570.3304110562176,113.24960953294618
571.1336336336337,112.90972888000415
571.9368562110499,113.47092166859007
572.740078788466,112.59035797781327
573.5433013658821,110.47032170665047
574.3465239432983,117.99902411137087
575.1497465207144,113.6957468076176
575.9529690981306,113.59226690703147
576.7561916755467,116.33081664082044
577.5594142529628,116.2993557154814
578.362636830379,114.74059141317558
579.165859407795,113.5146032659144
579.9690819852111,114.48251994232209
580.7723045626273,117.36325034584668
581.5755271400434,113.606095621102
582.3787497174595,116.24730983086567
583.1819722948755,111.12378950747885
583.9851948722917,112.29177627561359
584.7884174497078,115.18599854159152
585.591640027124,112.7531136315733
586.3948626045401,111.32205182742258
587.1980851819562,114.67196025866693
588.0013077593724,115.38447051642156
588.8045303367885,115.98023293655615
589.6077529142046,110.60876214929655
590.4109754916208,113.24326532838478
591.2141980690369,113.34922128665474
592.017420646453,116.03956585996795
592.8206432238692,112.84226543443322
593.6238658012853,109.64799258255198
594.4270883787015,117.44263627880878
595.2303109561176,117.72053578473522
596.0335335335337,114.73025162617849
596.8367561109498,113.36463136487333
597.6399786883659,115.48908774716904
598.443201265782,115.8114407821418
599.2464238431982,114.8432715449563
600.0496464206143,111.48402739203347
600.8528689980304,111.23607252057847
601.6560915754465,118.78041504683175
602.4593141528626,112.73437526455022
603.2625367302787,114.59697198282304
604.0657593076949,115.08212996505972
604.868981885111,118.85014230556462
605.6722044625271,115.24604759604803
606.4754270399433,115.33033642198428
607.2786496173594,110.93686377982064
608.0818721947755,116.4340036752994
608.8850947721917,116.14302447458391
609.6883173496078,115.21224301292486
610.491539927024,116.62365854388804
611.2947625044401,115.50096758399333
612.0979850818562,118.0665133805532
612.9012076592724,113.67179251371135
613.7044302366885,115.47959663968678
614.5076528141046,120.5362311946979
615.3108753915207,113.67630350761972
616.1140979689368,116.4506953302635
616.9173205463529,114.30227086788271
617.7205431237691,117.04835716047683
618.5237657011852,118.77000471370013
619.3269882786012,119.51655005633587
620.1302108560174,113.54180639537368
620.9334334334335,118.5227365370022
621.7366560108496,116.9213244218691
622.5398785882658,116.45583019351005
623.3431011656819,116.4788360259533
624.146323743098,116.58261846586757
624.9495463205142,118.32774159149308
625.7527688979303,115.16525165505037
626.5559914753464,114.75155015235178
627.3592140527626,118.73694825951196
628.1624366301787,119.93852787566152
628.9656592075949,118.1133826379481
629.768881785011,118.35424190430759
630.5721043624271,114.3581403375687
631.3753269398431,119.16241124769148
632.1785495172593,122.30676397407227
632.9817720946754,118.19978320431058
633.7849946720916,120.57144360779292
634.5882172495077,121.9500938907606
635.3914398269238,120.9052688513373
636.19466240434,120.3191101320343
636.9978849817561,120.14775981252711
637.8011075591722,118.10666650777041
638.6043301365884,116.21987489947685
639.4075527140045,120.50746601151619
640.2107752914205,122.0291372473305
641.0139978688367,118.79782130798465
641.8172204462528,118.53594310025534
642.6204430236689,118.72247455419662
643.4236656010851,120.63698412255938
644.2268881785012,125.09222322246468
645.0301107559173,122.31400311409512
645.8333333333335,118.8464640171701
646.6365559107496,121.43661295774015
647.4397784881658,121.70166310478169
648.2430010655819,116.99053650123797
649.0462236429979,120.46500541535204
649.849446220414,121.31127906932048
650.6526687978302,120.44471660792449
651.4558913752463,120.56243501417622
652.2591139526625,120.31119503878661
653.0623365300786,124.22415627045784
653.8655591074947,121.10531912472912
654.6687816849109,121.22734813606314
655.472004262327,123.03101011006399
656.2752268397431,126.67499024104097
657.0784494171593,124.7920015013399
657.8816719945753,122.34091249461787
658.6848945719914,122.658737077241
659.4881171494076,123.03631934521943
660.2913397268237,122.9372448908083
661.0945623042398,125.69172690985808
661.897784881656,122.37764336272168
662.7010074590721,122.41021561811148
663.5042300364883,126.7349035884574
664.3074526139044,128.55113326281437
665.1106751913205,125.26317554656053
665.9138977687367,122.08197640057378
666.7171203461528,122.92673078169399
667.5203429235688,119.81122664598136
668.323565500985,125.0796888435567
669.1267880784011,124.307962717488
669.9300106558172,127.19919228376732
670.7332332332334,124.66478187868879
671.5364558106495,122.72343481969969
672.3396783880656,121.88058415153262
673.1429009654818,126.65085719115474
673.9461235428979,129.3888566566253
674.749346120314,123.24368096257193
675.5525686977302,125.75944137326525
676.3557912751462,126.17734212033331
677.1590138525623,129.882502626926
677.9622364299785,128.19601351277342
678.7654590073946,130.3331397382315
679.5686815848107,126.76133888012784
680.3719041622269,126.4927385189433
681.175126739643,126.02920920430141
681.9783493170592,126.8878051564478
682.7815718944753,126.87118952987178
683.5847944718914,127.36153045510464
684.3880170493076,127.64116813255319
685.1912396267236,130.1589054410887
685.9944622041397,125.98388436148365
686.7976847815559,126.49611941588185
687.600907358972,129.35260472637844
688.4041299363881,132.23560733412447
689.2073525138043,128.57952416889438
690.0105750912204,126.85853349127859
690.8137976686365,125.18486784874878
691.6170202460527,129.16076612345498
692.4202428234688,129.35670007306732
693.223465400885,127.56273842210904
694.026687978301,128.90998437341065
694.8299105557171,131.59131465588524
695.6331331331332,132.57022615219455
696.4363557105494,130.34892133646895
697.2395782879655,130.3001148565085
698.0428008653817,128.3861263575141
698.8460234427978,132.0132596513086
699.6492460202139,132.37832579605097
700.4524685976301,133.30924701140535
701.2556911750462,133.04785607325044
702.0589137524623,131.10182860334538
702.8621363298785,133.21024131374233
703.6653589072945,131.53539988330317
704.4685814847106,134.62264916478864
705.2718040621268,135.15730070614632
706.0750266395429,130.69506021846712
706.878249216959,133.34134549847292
707.6814717943752,131.2324334927643
708.4846943717913,131.74228071443977
709.2879169492074,133.2756785180697
710.0911395266236,135.50367572512758
710.8943621040397,134.81469134891054
711.6975846814559,134.43483567853286
712.5008072588719,135.38640620547366
713.304029836288,134.8046032688245
714.1072524137041,136.05745133585208
714.9104749911203,132.81899912188163
715.7136975685364,137.66838311995588
716.5169201459526,130.8866897263396
717.3201427233687,133.59171164087078
718.1233653007848,133.14760061067145
718.926587878201,134.0914282209012
719.7298104556171,135.88282453187185
720.5330330330332,137.75708390589438
721.3362556104493,140.1332031565589
722.1394781878654,136.48617052391828
722.9427007652815,136.99291495212708
723.7459233426977,137.33485315566952
724.5491459201138,136.81980274049846
725.3523684975299,137.22689759516595
726.1555910749461,134.9913484454888
726.9588136523622,134.98201648842434
727.7620362297783,134.65341966650126
728.5652588071945,136.92060323841824
729.3684813846106,141.2551723919782
730.1717039620266,137.16520907406735
730.9749265394428,137.79945286028672
731.7781491168589,134.6002621173973
732.581371694275,140.15896111259863
733.3845942716912,139.01125110183162
734.1878168491073,140.57852680164598
734.9910394265235,136.78958685168053
735.7942620039396,139.90441472605184
736.5974845813557,140.75028913274443
737.4007071587719,139.3442621600759
738.203929736188,139.4579075361337
739.0071523136041,140.31346226362243
739.8103748910202,143.53128234142963
740.6135974684363,136.8910231724206
741.4168200458524,137.94367847637713
742.2200426232686,137.79961114688314
743.0232652006847,139.96980063961706
743.8264877781008,142.83885514162367
744.629710355517,141.47795536391695
745.4329329329331,140.45426182566388
746.2361555103492,138.3701506266396
747.0393780877654,138.45679814712955
747.8426006651815,142.44895786598218
748.6458232425975,139.87815241741157
749.4490458200137,142.22545063602905
750.2522683974298,139.4255436423862
751.055490974846,141.46445282193727
751.8587135522621,141.7150479584383
752.6619361296782,140.78760977542868
753.4651587070944,137.11213052514339
754.2683812845105,141.46068364312424
755.0716038619266,143.62384124457645
755.8748264393428,143.93056149108062
756.6780490167589,140.8373594681124
757.4812715941749,139.97570383954124
758.2844941715911,139.56941342331982
759.0877167490072,141.1469142251719
759.8909393264233,145.3620197142803
760.6941619038395,137.86507971183178
761.4973844812556,141.00935153543747
762.3006070586717,142.8368695113405
763.1038296360879,142.33734067273852
763.907052213504,140.93765217842946
764.7102747909202,144.64244404583545
765.5134973683363,142.97406538880932
766.3167199457523,141.02048319104046
767.1199425231684,139.07881868463429
767.9231651005846,141.53151185358774
768.7263876780007,139.317003739172
769.5296102554169,140.7637872945005
770.332832832833,140.50513684023534
771.1360554102491,140.71719997976626
771.9392779876653,140.46138745121212
772.7425005650814,143.19397309645856
773.5457231424975,139.00018791775287
774.3489457199137,141.6873839125601
775.1521682973298,140.00915795218518
775.9553908747458,144.02576116533902
776.758613452162,140.82157600732916
777.5618360295781,142.59281826455668
778.3650586069942,138.80731301240112
779.1682811844104,140.6653849708709
779.9715037618265,137.5522783552234
780.7747263392426,137.75156548775297
781.5779489166588,139.18252474925094
782.3811714940749,141.30863705200073
783.184394071491,141.16911765495664
783.9876166489072,143.82344092319977
784.7908392263232,139.61201961486495
785.5940618037394,142.73127897242605
786.3972843811555,141.44824788661694
787.2005069585716,140.54622840820528
788.0037295359878,139.73662256330957
788.8069521134039,140.3190644939673
789.61017469082,138.92740028301483
790.4133972682362,142.11563068990685
791.2166198456523,140.16048180859258
792.0198424230684,138.0241327831062
792.8230650004846,141.4226869768837
793.6262875779006,140.51460206167482
794.4295101553167,137.33966568266425
795.2327327327329,140.12980967642298
796.035955310149,144.0698459580651
796.8391778875651,137.01577330448916
797.6424004649813,138.01190415639482
798.4456230423974,140.18102869959765
799.2488456198136,139.26676279633278
800.0520681972297,143.24425541491746
800.8552907746458,141.80185438797884
801.658513352062,143.64443865796454
802.461735929478,135.57647383194634
803.2649585068941,139.8764506587161
804.0681810843103,141.03516616871977
804.8714036617264,141.90961068854037
805.6746262391425,135.1522090696799
806.4778488165587,139.79686492144825
807.2810713939748,139.29770901104044
808.0842939713909,139.97189244135419
808.8875165488071,142.81312626809347
809.6907391262232,139.97099730827895
810.4939617036393,136.84474243198025
811.2971842810555,140.62651191499893
812.1004068584715,141.37252967430013
812.9036294358876,139.8591098549527
813.7068520133038,140.53727709101074
814.5100745907199,140.43920986846132
815.313297168136,138.8320525473499
816.1165197455522,141.74185104460057
816.9197423229683,135.3541858560877
817.7229649003845,137.56133072655538
818.5261874778006,141.08248337566735
819.3294100552167,138.52445958432108
820.1326326326329,139.8284529319613
820.9358552100489,138.71857741204917
821.739077787465,138.3966836494318
822.5423003648812,141.85448169645846
823.3455229422973,145.08700087173284
824.1487455197134,141.93228531542965
824.9519680971296,135.50526381094406
825.7551906745457,139.43883780737332
826.5584132519618,141.64076677955404
827.361635829378,140.48688221536503
828.1648584067941,138.53734367300964
828.9680809842102,141.67555450275978
829.7713035616263,139.37873361596382
830.5745261390424,138.41978886209898
831.3777487164585,141.4059892615653
832.1809712938747,138.74621652735053
832.9841938712908,137.09933182436868
833.787416448707,141.74056572040664
834.5906390261231,137.39034147431286
835.3938616035392,143.46778364121428
836.1970841809554,140.7142768784974
837.0003067583715,137.94613385554618
837.8035293357876,140.41407761148847
838.6067519132037,138.66212596126675
839.4099744906198,139.99979874769062
840.2131970680359,138.51040947864018
841.0164196454521,142.45820990330435
841.8196422228682,138.51660876930552
842.6228648002843,142.53447239249348
843.4260873777005,140.5655398431009
844.2293099551166,141.45173811797517
845.0325325325327,143.597494110596
845.8357551099489,138.35267641776312
846.638977687365,139.52350748329044
847.4422002647811,143.12718776044264
848.2454228421972,142.19439050590466
849.0486454196133,139.2504487585803
849.8518679970294,140.49108832792166
850.6550905744456,144.02069329383224
851.4583131518617,145.4462688550612
852.2615357292779,140.67716523149832
853.064758306694,142.40224572989956
853.8679808841101,137.1541667313403
854.6712034615263,140.75427043064454
855.4744260389424,140.37929789795135
856.2776486163585,136.98034869712495
857.0808711937746,138.16932980498277
857.8840937711907,141.02018350984522
858.6873163486068,142.7624997995694
859.490538926023,144.55777503269144
860.2937615034391,141.02734676767295
861.0969840808552,142.70693100811062
861.9002066582714,141.06750288312531
862.7034292356875,139.5893098817408
863.5066518131036,145.8007433552388
864.3098743905198,139.6964775184637
865.1130969679359,140.2239641245775
865.9163195453519,145.95355956127403
866.7195421227681,137.4782330738122
867.5227647001842,139.57873117737657
868.3259872776003,142.54175477266836
869.1292098550165,141.30551529688697
869.9324324324326,142.37199483267995
870.7356550098488,141.21247950315848
871.5388775872649,141.01106066905834
872.342100164681,139.99676891587805
873.1453227420972,142.8342461004525
873.9485453195133,141.20842578101892
874.7517678969293,139.55800123336087
875.5549904743455,141.5786368268957
876.3582130517616,138.50660988220145
877.1614356291777,141.4517231358917
877.9646582065939,141.3720655635148
878.76788078401,143.46885036861795
879.5711033614261,139.604047201042
880.3743259388423,145.91225356226593
881.1775485162584,141.40384570014953
881.9807710936745,136.58030306996366
882.7839936710907,142.51104966953915
883.5872162485068,141.41949780281567
884.3904388259228,138.0563268289606
885.193661403339,139.54735797435845
885.9968839807551,140.10345103607202
886.8001065581713,138.75569785334633
887.6033291355874,142.00584646478706
888.4065517130035,141.22172208587878
889.2097742904197,143.3996461123407
890.0129968678358,143.62884252667112
890.8162194452519,141.02978189017202
891.6194420226681,139.75473345633506
892.4226646000842,143.50892566501017
893.2258871775002,141.93042226288117
894.0291097549164,141.80807147562618
894.8323323323325,141.76133899353854
895.6355549097486,138.07381894174222
896.4387774871648,139.29404746609617
897.2420000645809,140.57841333374392
898.045222641997,138.5739710547915
898.8484452194132,139.19832502096665
899.6516677968293,140.33431230313124
900.4548903742455,139.75580006122183
901.2581129516616,143.46602428259925
902.0613355290776,140.96199144529456
902.8645581064937,139.180119437452
903.6677806839099,145.67961704722268
904.471003261326,136.7868400635491
905.2742258387422,138.89034304573926
906.0774484161583,137.70080321254503
906.8806709935744,142.71872264537694
907.6838935709906,141.07329852340354
908.4871161484067,144.2353960657885
909.2903387258228,136.66702259454732
910.093561303239,141.66082440233924
910.896783880655,139.53672204263597
911.7000064580711,140.9274124439887
912.5032290354873,143.2541301869073
913.3064516129034,142.08530595974247
