110.88709677419354,150.29761904761904
111.69031935160966,147.20662056311008
112.4935419290258,151.116662910863
113.29676450644192,150.72779944649196
114.09998708385804,152.85588537550794
114.90320966127416,153.45129182372708
115.7064322386903,152.2223830578449
116.50965481610642,151.97605916970207
117.31287739352254,150.91028432872096
118.11609997093868,153.80692834777466
118.9193225483548,153.6585427339885
119.72254512577092,154.52654750021742
120.52576770318706,152.89184213775033
121.32899028060318,159.3522674822533
122.1322128580193,155.56636353918412
122.93543543543542,156.34698209572167
123.73865801285156,156.23364957820002
124.54188059026768,156.13338618441745
125.3451031676838,156.78314779448235
126.14832574509992,157.58819811651355
126.95154832251606,158.52277198955056
127.75477089993218,157.8135474188885
128.5579934773483,158.14535746114174
129.36121605476444,158.4110505035288
130.16443863218058,158.70258448261393
130.96766120959668,160.11215922445126
131.77088378701282,159.2714246598154
132.57410636442893,159.54881379613226
133.37732894184506,160.39666472040938
134.1805515192612,160.08973750969963
134.9837740966773,159.60213099349738
135.78699667409344,158.10416656272292
136.59021925150958,164.71871425564322
137.3934418289257,162.74412387349957
138.19666440634182,163.692251877569
138.99988698375796,161.29894589548263
139.80310956117407,166.03981183195248
140.6063321385902,158.64255797906642
141.4095547160063,162.8589732430566
142.21277729342245,162.5280468622762
143.01599987083858,162.60114296328925
143.81922244825472,162.96476915935418
144.62244502567083,163.17703241036511
145.42566760308696,163.38528568849117
146.22889018050307,163.76839885754043
147.0321127579192,164.90330831565703
147.83533533533534,162.1174193689465
148.63855791275145,162.95688703749266
149.4417804901676,164.3678539043559
150.2450030675837,167.5566105192657
151.04822564499983,165.50940436068296
151.85144822241597,165.67130429594695
152.6546707998321,165.08595881334492
153.4578933772482,164.59897361571078
154.26111595466435,165.27884923137583
155.06433853208046,165.42555451143917
155.8675611094966,166.97857743906457
156.67078368691273,164.37071610606014
157.47400626432886,164.99415989580191
158.27722884174497,166.20582061196518
159.0804514191611,166.576137765891
159.88367399657722,163.95766741787563
160.68689657399335,166.63535702808937
161.4901191514095,166.772119359571
162.2933417288256,167.84495823741386
163.09656430624173,167.03626812629597
163.89978688365784,167.1637374997399
164.70300946107398,167.28819215870516
165.5062320384901,166.43558142360237
166.30945461590625,166.2537037176537
167.11267719332236,167.64388253973135
167.9158997707385,167.60889724126588
168.7191223481546,165.49949868039113
169.52234492557074,167.92113589147763
170.32556750298687,168.07844617048048
171.12879008040298,170.41521242182355
171.93201265781912,168.71160979005302
172.73523523523525,168.3760526540871
173.53845781265136,166.88735974055828
174.3416803900675,168.56159508944535
175.14490296748363,168.3238538769361
175.94812554489974,168.73723506010242
176.75134812231587,165.09622646109943
177.55457069973198,168.7031742718079
178.35779327714812,169.40246049059522
179.16101585456425,167.25807278051442
179.9642384319804,171.2292606717495
180.7674610093965,169.2080577118876
181.5706835868126,167.41205914627193
182.37390616422874,171.19836158092642
183.17712874164488,171.36637682286525
183.98035131906101,170.67886141075866
184.78357389647715,169.5410735455265
185.58679647389326,169.60170128223757
186.39001905130937,168.67276415032683
187.1932416287255,169.71731307844504
187.99646420614164,169.77238007614204
188.79968678355777,167.60739417700924
189.60290936097388,171.78983474108227
190.40613193839002,166.017347173327
191.20935451580613,169.97535634322398
192.01257709322226,169.88589793294537
192.8157996706384,170.06705000994512
193.61902224805453,170.11059336845165
194.42224482547064,169.64703008676761
195.22546740288675,172.18928596396802
196.0286899803029,170.23250717375817
196.83191255771902,170.35641915691485
197.63513513513516,170.30693417645426
198.4383577125513,168.38771872004727
199.2415802899674,170.58923053773216
200.0448028673835,168.2360210500683
200.84802544479965,169.9607324974643
201.65124802221578,170.4714496777642
202.45447059963192,170.46897259733848
203.25769317704803,173.22951783245202
204.06091575446416,170.5570392245513
204.86413833188027,170.58363126241537
205.6673609092964,169.9725174418351
206.47058348671254,170.6341574361478
207.27380606412868,171.8331023244541
208.07702864154479,170.68141620122088
208.8802512189609,168.55884857700326
209.68347379637703,170.89239634971912
210.48669637379317,170.74690366684888
211.2899189512093,172.72566088213546
212.0931415286254,167.01810563848028
212.89636410604155,171.1548113115748
213.69958668345765,170.8258807168648
214.5028092608738,170.84441223096192
215.30603183828993,170.86254158389676
216.10925441570606,170.88031024476973
216.91247699312217,170.897759682681
217.71569957053828,171.79144547159433
218.5189221479544,170.93186676601948
219.32214472537055,170.97301783096466
220.12536730278669,169.53626287276794
220.92858988020282,171.10282681091286
221.73181245761893,170.076346662721
222.53503503503504,168.381316710421
223.33825761245117,172.32720919908996
224.1414801898673,171.04728199214935
224.94470276728345,171.06382000095803
225.74792534469955,171.23114486721505
226.5511479221157,170.8277063655323
227.3543704995318,171.1144215266323
228.15759307694793,169.35399652111678
228.96081565436407,170.99755125098977
229.7640382317802,171.96218439672586
230.5672608091963,171.1857425721868
231.37048338661242,171.20453721293234
232.17370596402856,171.2238005436211
232.9769285414447,169.49329041881379
233.78015111886083,166.87224025080408
234.58337369627696,171.28480900962438
235.38659627369307,171.30628967821755
236.18981885110918,172.87704768356136
236.99304142852532,171.3508419176123
237.79626400594145,173.70286712175087
238.5994865833576,173.11648399764076
239.4027091607737,169.61058323931044
240.20593173818983,171.44545894297522
241.00915431560594,169.26326053358116
241.81237689302208,169.24143333402128
242.6155994704382,171.22690581324383
243.41882204785432,171.54580495946425
244.22204462527046,167.69203233235788
245.0252672026866,171.5975184377666
245.8284897801027,171.62365391164974
246.63171235751884,174.01735455995095
247.43493493493497,171.6763303534762
248.23815751235108,169.93693483376063
249.04138008976722,170.74202374433196
249.84460266718335,169.16355393741367
250.64782524459946,172.12620173468704
251.4510478220156,172.800946401823
252.2542703994317,170.63661944023676
253.05749297684784,171.86176410402587
253.86071555426398,169.27236383159237
254.66393813168008,171.91404676770676
255.46716070909622,171.70493579405
256.27038328651236,170.01067060625866
257.0736058639285,171.35188711801257
257.8768284413446,170.39291390557017
258.68005101876076,172.04091314661326
259.48327359617684,172.06538492798376
260.286496173593,172.0894852893623
261.0897187510091,172.11175944127163
261.8929413284252,172.1364501718207
262.69616390584133,170.0726825854389
263.49938648325747,172.18156463334267
264.3026090606736,172.94310305450176
265.10583163808974,172.2245855132824
265.9090542155059,175.62844282474978
266.712276792922,170.9819519626009
267.51549937033815,169.3133807779574
268.3187219477542,172.30337388583214
269.12194452517036,172.32138255197168
269.9251671025865,172.3386550571506
270.7283896800026,172.3551610062881
271.5316122574187,172.52466962713942
272.33483483483485,172.38575165611644
273.138057412251,172.3997755666457
273.9412799896671,174.6758590606615
274.74450256708326,171.4776162670074
275.5477251444994,168.80784298521888
276.35094772191553,172.44668589431333
277.1541702993316,172.45596517221426
277.95739287674775,172.9451314649252
278.7606154541639,172.47137299763196
279.56383803157996,172.47744075498724
280.3670606089961,172.48237721533258
281.17028318641223,171.58728622454524
281.97350576382837,171.41481495099657
282.7767283412445,168.5662739654161
283.57995091866064,171.90799357798204
284.3831734960768,172.48902623408398
285.1863960734929,175.97665624152586
285.98961865090905,172.27126008363422
286.79284122832513,172.4774947960487
287.59606380574127,171.38921639862218
288.39928638315735,172.46283356547724
289.2025089605735,171.03783811642472
290.0057315379896,172.44230976331409
290.80895411540575,176.22447017170754
291.6121766928219,172.41568022891335
292.415399270238,172.39999982442217
293.21862184765416,172.38270180162937
294.0218444250703,172.36375576545433
294.82506700248643,176.17750571192346
295.6282895799025,172.32079807263463
296.43151215731865,172.29672562582843
297.2347347347348,173.5951048718126
298.03795731215087,172.2432415560199
298.841179889567,172.53943442301957
299.64440246698314,175.19762815404002
300.4476250443993,174.91060190654082
301.2508476218154,173.39885545467425
302.05407019923155,170.96107496208307
302.8572927766477,172.037887491213
303.6605153540638,171.99679447815447
304.4637379314799,170.13005337094484
305.26696050889603,171.07638072747872
306.07018308631217,171.8611349620661
306.87340566372825,173.69921578352375
307.6766282411444,171.7600742697726
308.4798508185605,171.70626643391336
309.28307339597666,172.08378308866776
310.0862959733928,170.92450268053122
310.88951855080893,171.36366884196204
311.69274112822507,171.46847594050922
312.4959637056412,170.66031386973822
313.2991862830573,171.28256341110557
314.1024088604734,171.26559490073052
314.90563143788955,168.65651025221686
315.70885401530563,171.9801830287627
316.51207659272177,172.0761236209018
317.3152991701379,170.96080900724775
318.11852174755404,171.5148112944345
318.9217443249702,173.66072520041476
319.7249669023863,170.44918123407726
320.52818947980245,169.8393509552658
321.3314120572186,170.5220016967005
322.1346346346347,170.68343540834024
322.9378572120508,170.32770864959394
323.74107978946694,170.22641837652753
324.544302366883,170.12232507701145
325.34752494429915,170.01539835596495
326.1507475217153,168.18349977796103
326.9539700991314,169.79292306895775
327.75719267654756,169.67731371283566
328.5604152539637,169.55874935486025
329.36363783137983,171.8107365282066
330.16686040879597,169.31263405302664
330.9700829862121,171.96406188044963
331.7733055636282,169.05439475464428
332.5765281410443,172.73514502041778
333.37975071846046,168.78447129404853
334.18297329587654,170.16237667276766
334.9861958732927,168.12409499304607
335.7894184507088,168.35944000707943
336.59264102812494,166.33933984983622
337.3958636055411,167.92675411615207
338.1990861829572,167.89193576537278
339.00230876037335,167.75937451224962
339.8055313377895,167.60407594529988
340.60875391520557,167.4468668312343
341.4119764926217,171.14701133299621
342.21519907003784,171.57714987609234
343.0184216474539,167.04360222784968
343.82164422487006,165.8301224179294
344.6248668022862,167.68724301027885
345.4280893797023,166.6679006268738
346.23131195711846,166.75593905067228
347.0345345345346,166.19303841696203
347.83775711195074,165.96270242437507
348.6409796893669,165.79195191913212
349.44420226678295,164.6424938507
350.2474248441991,165.4481588803778
351.0506474216152,166.16462606782054
351.8538699990313,162.55603456476058
352.65709257644744,164.92825672793344
353.4603151538636,165.61972121911265
354.2635377312797,164.58002715615189
355.06676030869585,163.16986195918133
355.869982886112,164.23143928242723
356.6732054635281,164.05726389506265
357.47642804094426,162.78329523301844
358.2796506183604,164.03545089918913
359.0828731957765,167.0086471636254
359.8860957731926,159.81787189488864
360.6893183506087,162.2818911510593
361.4925409280248,166.2285752026849
362.29576350544096,159.8865721411911
363.0989860828571,162.67956585305106
363.90220866027323,162.51020054645304
364.70543123768937,162.05609984573087
365.5086538151055,163.6631846315843
366.31187639252164,162.00549176618284
367.1150989699377,161.83824871984453
367.91832154735386,161.48939400598573
368.72154412477,161.50500794883413
369.5247667021861,162.7067998879008
370.32798927960226,161.72096669428282
371.13121185701834,161.0076488490809
371.9344344344345,165.4878219632209
372.7376570118506,160.67726873910655
373.54087958926675,163.3329630762752
374.3441021666829,157.59379162507452
375.147324744099,160.63761408013949
375.9505473215151,156.44194436315587
376.75376989893124,156.8264228358792
377.5569924763474,159.68826701575094
378.3602150537635,159.52331740213373
379.16343763117965,158.14991295418125
379.9666602085957,159.1929520038362
380.76988278601186,161.22703942570593
381.573105363428,157.80507664429362
382.37632794084413,158.22527366677957
383.17955051826027,154.4682501195916
383.9827730956764,160.5216331379713
384.7859956730925,159.7421996913601
385.5892182505086,158.6148176808567
386.39244082792476,158.59115370852825
387.1956634053409,157.1023595018024
387.99888598275703,159.0356547493717
388.80210856017317,157.50405600680529
389.60533113758925,161.12213681514143
390.4085537150054,158.31841182864292
391.2117762924215,158.80314891396856
392.01499886983765,156.66422562885342
392.8182214472538,156.49048876430493
393.62144402466987,154.4535960196163
394.424666602086,156.65042207891076
395.22788917950214,155.9638633475755
396.0311117569183,157.4152601574561
396.8343343343344,155.60785988558368
397.63755691175055,151.94077121450113
398.44077948916663,155.2475402112031
399.24400206658277,153.27851385458743
400.0472246439989,154.88257832581857
400.85044722141504,154.6982546794327
401.6536697988312,152.51619946627753
402.45689237624725,153.7016088709403
403.2601149536634,152.6828930611412
404.0633375310795,150.86888991317986
404.86656010849566,153.75657941749083
405.6697826859118,153.56394771031177
406.47300526332793,153.3697887019397
407.276227840744,151.76045613141176
408.07945041816015,152.9767257823092
408.8826729955763,152.7777403713969
409.6858955729924,152.5770646599841
410.48911815040856,153.6267850098531
411.2923407278247,156.34853282067866
412.0955633052408,155.14239440005804
412.8987858826569,151.75664381278975
413.70200846007305,150.67639982992185
414.5052310374892,151.33527556371158
415.3084536149053,147.12575701624056
416.1116761923214,150.8850890040258
416.91489876973753,150.45977699695732
417.71812134715367,150.47054281717215
418.5213439245698,150.14540549209184
419.32456650198594,147.52974199522413
420.1277890794021,149.80393149044846
420.93101165681816,149.3540016133901
421.7342342342343,149.35148878484017
422.53745681165043,151.46161599459805
423.34067938906657,148.89296993861413
424.1439019664827,147.0717514575926
424.94712454389884,145.59888637523335
425.7503471213149,149.45806566521836
426.55356969873105,147.9589106229926
427.3567922761472,149.19044120747625
428.1600148535633,146.66266133610068
428.96323743097946,149.21552677173372
429.76646000839554,145.7343857704239
430.5696825858117,147.29917190484645
431.3729051632278,146.51979308670244
432.17612774064395,146.27598747487633
432.9793503180601,146.0311530898611
433.7825728954762,145.78532764411577
434.5857954728923,145.5385488500992
435.38901805030844,147.8109820271023
436.1922406277246,146.66388407203002
436.9954632051407,143.53276287595418
437.79868578255684,142.5336568633929
438.6019083599729,144.29167459200798
439.40513093738906,144.0399676700002
440.2083535148052,143.78757138693337
441.01157609222133,143.75116253820855
441.81479866963747,143.28086158745782
442.6180212470536,146.20457270847353
443.4212438244697,140.0631104503833
444.2244664018858,142.11634681082955
445.02768897930196,141.64593527682865
445.8309115567181,142.00466314235595
446.63413413413423,141.74810961933582
447.43735671155036,141.4912061473865
448.24057928896644,142.14424966804393
449.0438018663826,141.40400346122513
449.8470244437987,136.9778296269538
450.65024702121485,140.4608470194747
451.453469598631,139.5023427963655
452.25669217604707,140.70661784080124
453.0599147534632,136.95955938950604
453.86313733087934,139.42784514162813
454.6663599082955,139.8046348823909
455.4695824857116,138.91091606861875
456.27280506312775,138.65241924111717
457.0760276405438,138.39392913382702
457.87925021795996,138.77303689850987
458.6824727953761,137.87705382250846
459.48569537279224,137.61871098979398
460.2889179502084,135.52941133389
461.0921405276245,137.10232089853943
461.8953631050406,134.69174540082267
462.6985856824567,136.17868588339377
463.50180825987286,138.56163702356008
464.305030837289,136.0888592032106
465.10825341470513,134.98100040263606
465.9114759921212,137.28622829839932
466.71469856953735,135.30028360195857
467.5179211469535,133.35232936906115
468.3211437243696,137.9674705417868
469.12436630178576,131.35263472978434
469.9275888792019,134.2762888619958
470.73081145661797,134.02115440381132
471.5340340340341,132.23877329849307
472.33725661145024,132.90257691895587
473.1404791888664,133.5725812902239
473.9437017662825,133.00470904800667
474.7469243436986,132.8586666000237
475.55014692111473,132.4992384554615
476.35336949853087,132.24726533032754
477.156592075947,131.99582856682855
477.95981465336314,130.07809979106787
478.7630372307793,132.41143154565805
479.56625980819535,131.34160388313634
480.3694823856115,128.02319266419437
481.1727049630276,131.96117476770192
481.97592754044376,130.49965797695853
482.7791501178599,130.25256894329902
483.58237269527604,131.15706650278554
484.3855952726921,133.6843358140925
485.18881785010825,129.51562166629162
485.9920404275244,129.271483134136
486.7952630049405,125.80952924312655
487.59848558235666,129.785414444149
488.40170815977274,128.54389581740702
489.2049307371889,128.3030467572665
490.008153314605,128.06307302927206
490.81137589202115,127.82399581908065
491.6145984694373,127.58583631234933
492.4178210468534,127.34861569473495
493.2210436242695,125.38956287250893
494.02426620168563,125.30997950797254
494.82748877910177,124.90188355246902
495.6307113565179,122.87050398673881
496.43393393393404,129.66705070836787
497.2371565113502,125.94619505729392
498.04037908876626,123.0650052110953
498.8436016661824,120.49732888581246
499.64682424359853,125.25937577986501
500.45004682101467,125.03270926455227
501.2532693984308,124.80721468058293
502.0564919758469,126.50914785266498
502.859714553263,127.07471741462328
503.66293713067915,122.34711002494092
504.4661597080953,124.79065294631366
505.2693822855114,122.16754440416172
506.07260486292756,123.48038233433157
506.87582744034364,122.89289375032695
507.6790500177598,123.04890995139223
508.4822725951759,121.49834047303264
509.28549517259205,118.84760056932453
510.0887177500082,122.41284626216827
510.89194032742427,125.83514109673298
511.6951629048404,121.99666468810865
512.4983854822565,121.79104298549703
513.3016080596726,121.02098440236527
514.1048306370888,119.1275487304357
514.9080532145049,120.10235435818588
515.711275791921,119.71783729379801
516.5144983693372,122.43083909589456
517.3177209467533,120.59420714630028
518.1209435241694,121.92213795900427
518.9241661015856,121.21844757740158
519.7273886790017,118.08399780692743
520.5306112564178,119.83416299202662
521.333833833834,119.64922136708056
522.1370564112501,119.0243315125146
522.9402789886663,118.09128734744002
523.7435015660824,119.10715411848975
524.5467241434984,118.93084070969898
525.3499467209145,121.54701882148312
526.1531692983307,118.58499904080931
526.9563918757468,118.41554465990465
527.759614453163,118.24845050082291
528.5628370305791,120.14014729205769
529.3660596079951,118.6301440709689
530.1692821854112,117.76169875048629
530.9725047628274,117.6044148746673
531.7757273402435,117.44967591865678
532.5789499176597,117.45004868409252
533.3821724950758,117.14798052444964
534.1853950724919,119.23365642568692
534.9886176499081,117.90208897440613
535.7918402273242,118.20645892109513
536.5950628047403,116.57675411600961
537.3982853821565,116.44086390737745
538.2015079595726,116.3078141353306
539.0047305369887,116.1776417394662
539.8079531144049,114.81830321190819
540.611175691821,111.94883453663199
541.4143982692372,114.72714676053745
542.2176208466533,114.35383246085827
543.0208434240693,115.57123328877967
543.8240660014854,115.45910088154925
544.6272885789016,115.71344788451682
545.4305111563177,115.2442808667721
546.2337337337339,115.14166713841962
547.0369563111499,118.33284129721056
547.840178888566,114.94615944241718
548.6434014659822,110.711976046548
549.4466240433983,113.9179296915785
550.2498466208144,114.67698083897454
551.0530691982306,114.59359905708473
551.8562917756467,114.5133571027539
552.6595143530628,113.46620871304415
553.462736930479,114.36221495980173
554.2659595078951,114.51082346811918
555.0691820853112,113.73085986533877
555.8724046627274,115.86910673852198
556.6756272401435,114.09675371796175
557.4788498175596,111.28471050440143
558.2820723949758,113.98212375120345
559.0852949723919,112.63008120566764
559.8885175498081,113.8793536419726
560.6917401272241,113.83236746082522
561.4949627046402,113.78828795633397
562.2981852820564,114.5464471078366
563.1014078594725,116.6815445702033
563.9046304368886,113.6732952103781
564.7078530143048,117.21163914839698
565.5110755917208,115.25944198144614
566.3142981691369,114.1689135557708
567.117520746553,113.2622579729504
567.9207433239692,113.53796077099663
568.7239659013853,113.51916704052496
569.5271884788015,112.35931086246119
570.3304110562176,111.7857094907829
571.1336336336337,113.47898243756485
571.9368562110499,109.8779625034561
572.740078788466,113.46549556688477
573.5433013658821,113.462684703207
574.3465239432983,116.0196953354075
575.1497465207144,112.47921018940545
575.9529690981306,113.06264427637704
576.7561916755467,110.3952762978935
577.5594142529628,116.16452001845984
578.362636830379,113.2902576014275
579.165859407795,112.50718086413643
579.9690819852111,112.48134175606303
580.7723045626273,113.55186681643305
581.5755271400434,113.57413972472604
582.3787497174595,114.3414758565693
583.1819722948755,113.62587066116997
583.9851948722917,112.05375850307774
584.7884174497078,116.13264307990471
585.591640027124,113.10298082790472
586.3948626045401,110.01513136603518
587.1980851819562,115.78786292093903
588.0013077593724,113.83713713175763
588.8045303367885,116.11281100517178
589.6077529142046,113.92565351794795
590.4109754916208,113.31795825373334
591.2141980690369,115.59871187161875
592.017420646453,114.07458707159894
592.8206432238692,114.128416265254
593.6238658012853,116.195409437114
594.4270883787015,112.64506448705845
595.2303109561176,113.51043555697868
596.0335335335337,114.36382719166816
596.8367561109498,114.1572523015275
597.6399786883659,112.71516465572812
598.443201265782,114.0583576344575
599.2464238431982,113.42854676529058
600.0496464206143,114.7009704901076
600.8528689980304,114.77380547503644
601.6560915754465,115.05014416272134
602.4593141528626,114.51691797388285
603.2625367302787,111.15890963158574
604.0657593076949,115.08212996505972
604.868981885111,115.16330174506821
605.6722044625271,113.24063501362399
606.4754270399433,115.33033642198428
607.2786496173594,115.41613712686221
608.0818721947755,117.98194887992676
608.8850947721917,115.59214978938348
609.6883173496078,115.68229955499713
610.491539927024,115.77383681549291
611.2947625044401,115.86673047485597
612.0979850818562,115.96094943707153
612.9012076592724,117.87859766080818
613.7044302366885,116.15323888600062
614.5076528141046,116.25124718068436
615.3108753915207,113.78702771572408
616.1140979689368,116.45083543041603
616.9173205463529,119.89375890963272
617.7205431237691,116.65497858720093
618.5237657011852,116.75868051570112
619.3269882786012,117.53421025092605
620.1302108560174,116.96918959284281
620.9334334334335,120.58232306643947
621.7366560108496,117.1836316567404
622.5398785882658,117.14625477435756
623.3431011656819,120.47248962876557
624.146323743098,117.51212492249418
624.9495463205142,117.62331967232795
625.7527688979303,122.02985858223784
626.5559914753464,115.882673721343
627.3592140527626,117.96155956136876
628.1624366301787,119.91804146792302
628.9656592075949,118.19062156019689
629.768881785011,118.3988032251341
630.5721043624271,118.4222483211271
631.3753269398431,116.33464938223305
632.1785495172593,119.86007173699568
632.9817720946754,118.77395321120373
633.7849946720916,118.89220105681818
634.5882172495077,120.82893745865965
635.3914398269238,119.5774483310814
636.19466240434,119.2495478962202
636.9978849817561,120.82098226293022
637.8011075591722,120.65428197859694
638.6043301365884,119.61014667314814
639.4075527140045,119.02827034215463
640.2107752914205,119.7491134547178
641.0139978688367,119.62686108010915
641.8172204462528,121.08920667541037
642.6204430236689,123.35196507659553
643.4236656010851,120.3377416699768
644.2268881785012,120.45947401410469
645.0301107559173,120.58125672447571
645.8333333333335,124.40103177692377
646.6365559107496,122.23284062318409
647.4397784881658,120.94659609289923
648.2430010655819,121.0682693080943
649.0462236429979,122.55517101746716
649.849446220414,121.31127906932048
650.6526687978302,121.43264143053021
651.4558913752463,121.5540009257935
652.2591139526625,123.57407636230947
653.0623365300786,117.15693341925672
653.8655591074947,123.42025932155636
654.6687816849109,122.04094111546341
655.472004262327,119.93465935249722
656.2752268397431,122.28638414312486
657.0784494171593,121.93415031229787
657.8816719945753,122.51694222086257
658.6848945719914,126.52827751173912
659.4881171494076,119.61859626255682
660.2913397268237,122.91065763478156
661.0945623042398,123.03795312420291
661.897784881656,123.16624081193032
662.7010074590721,122.31308343253201
663.5042300364883,123.83925652717826
664.3074526139044,123.55782249898951
665.1106751913205,123.69084441398164
665.9138977687367,123.82524124430009
666.7171203461528,122.42488471407297
667.5203429235688,124.09846582453196
668.323565500985,121.64274289114083
669.1267880784011,125.36176881550408
669.9300106558172,124.23958540869005
670.7332332332334,122.62381874278145
671.5364558106495,125.69176213465235
672.3396783880656,125.4536796997748
673.1429009654818,123.5941668709388
673.9461235428979,128.13485644676024
674.749346120314,124.34449304835981
675.5525686977302,125.57310840264141
676.3557912751462,123.75021591485698
677.1590138525623,123.16609515634715
677.9622364299785,126.05822471365694
678.7654590073946,126.2249113005147
679.5686815848107,122.0328403323731
680.3719041622269,126.33369747480323
681.175126739643,126.73905636405007
681.9783493170592,125.50832626447436
682.7815718944753,128.13001600923457
683.5847944718914,126.14129011652125
684.3880170493076,127.4542562247181
685.1912396267236,122.73686382509386
685.9944622041397,130.2119056351801
686.7976847815559,129.4835728047388
687.600907358972,128.19835127116215
688.4041299363881,129.57437982973852
689.2073525138043,128.57952416889438
690.0105750912204,128.7720926553607
690.8137976686365,128.96586847888352
691.6170202460527,130.97332974908264
692.4202428234688,129.35670007306732
693.223465400885,129.55358481171265
694.026687978301,125.93857457947762
694.8299105557171,129.94986459207144
695.6331331331332,130.14908860176925
696.4363557105494,130.41761314368262
697.2395782879655,130.8021104078427
698.0428008653817,130.75007091684287
698.8460234427978,129.35768779317036
699.6492460202139,131.81385877381587
700.4524685976301,133.2428355356514
701.2556911750462,130.1586686715488
702.0589137524623,131.7576114347651
702.8621363298785,130.27925042986502
703.6653589072945,130.12078406809357
704.4685814847106,132.36191503685515
705.2718040621268,133.9829331247748
706.0750266395429,135.36575974557985
706.878249216959,132.9632310791907
707.6814717943752,133.16260678309845
708.4846943717913,129.46321569066262
709.2879169492074,133.55925062956118
710.0911395266236,134.71760322578865
710.8943621040397,133.9525142875014
711.6975846814559,136.34757084910387
712.5008072588719,134.3417136288569
713.304029836288,134.33801008596
714.1072524137041,135.80050074047705
714.9104749911203,130.94585754911245
715.7136975685364,135.8477919266795
716.5169201459526,133.99041077962025
717.3201427233687,135.47808447279107
718.1233653007848,135.6620277315956
718.926587878201,135.84418526718383
719.7298104556171,136.02447156354793
720.5330330330332,138.16396041377374
721.3362556104493,136.37908837457246
722.1394781878654,137.77717263905245
722.9427007652815,135.01282726047117
723.7459233426977,135.95439567478206
724.5491459201138,134.28319670172527
725.3523684975299,137.43579568352274
726.1555910749461,135.09066690428617
726.9588136523622,136.25690681043787
727.7620362297783,137.70560284814655
728.5652588071945,137.8596614565307
729.3684813846106,133.9243654576388
730.1717039620266,135.42768934824278
730.9749265394428,142.1649111043499
731.7781491168589,138.44606641681276
732.581371694275,138.58478270853067
733.3845942716912,138.72017398889193
734.1878168491073,138.85215474188874
734.9910394265235,136.49107969780533
735.7942620039396,138.1354332077117
736.5974845813557,140.80184552778567
737.4007071587719,139.3442621600759
738.203929736188,138.4939467090369
739.0071523136041,139.87101367088718
739.8103748910202,139.67334190200788
740.6135974684363,140.20935594697488
741.4168200458524,141.32064442261247
742.2200426232686,139.96556974509878
743.0232652006847,140.0543906405725
743.8264877781008,140.13877481658824
744.629710355517,141.02459093016824
745.4329329329331,137.6259273393443
746.2361555103492,140.36513549692935
747.0393780877654,141.42443743208034
747.8426006651815,140.4945293989945
748.6458232425975,140.55305062837039
749.4490458200137,136.9529796909808
750.2522683974298,140.658205420902
751.055490974846,140.70502449489499
751.8587135522621,139.09659727715675
752.6619361296782,140.78760977542868
753.4651587070944,140.82356149280662
754.2683812845105,140.85607626881682
755.0716038619266,140.88524685887796
755.8748264393428,140.91116601840864
756.6780490167589,141.03208157851773
757.4812715941749,139.08920020392188
758.2844941715911,140.97034246800456
759.0877167490072,141.66201522289998
759.8909393264233,140.99523679775814
760.6941619038395,141.0035952378978
761.4973844812556,142.14241767080682
762.3006070586717,138.9544591691555
763.1038296360879,141.0134287243917
763.907052213504,142.87085459550804
764.7102747909202,141.00821040797007
765.5134973683363,141.00234732378985
766.3167199457523,140.9944386295216
767.1199425231684,140.53527468140945
767.9231651005846,140.9728554323956
768.7263876780007,139.61210086320995
769.5296102554169,140.94420285994116
770.332832832833,143.3626475702948
771.1360554102491,142.48911320989936
771.9392779876653,140.88959214234498
772.7425005650814,140.86865776244363
773.5457231424975,140.84651257122206
774.3489457199137,140.82324932409895
775.1521682973298,140.79896077649283
775.9553908747458,140.77373968382247
776.758613452162,140.74767880150642
777.5618360295781,140.72087088496338
778.3650586069942,141.23907103663322
779.1682811844104,138.89497660170656
779.9715037618265,140.6368924841587
780.7747263392426,142.37781966974413
781.5779489166588,139.7564996444878
782.3811714940749,138.87266306568247
783.184394071491,137.2998503099687
783.9876166489072,140.4906449706845
784.7908392263232,141.7673574786514
785.5940618037394,142.34524424588878
786.3972843811555,136.61820755721772
787.2005069585716,142.78006327362496
788.0037295359878,140.34659157073054
788.8069521134039,139.89686836990967
789.61017469082,139.50270052292757
790.4133972682362,140.61862262708632
791.2166198456523,143.5501506339111
792.0198424230684,140.21632671162752
792.8230650004846,136.53865800276412
793.6262875779006,141.40551704970872
794.4295101553167,140.0848403287292
795.2327327327329,140.12980967642298
796.035955310149,140.95349185673751
796.8391778875651,141.15475193024574
797.6424004649813,138.9689295979154
798.4456230423974,140.0630588133996
799.2488456198136,137.82658124786226
800.0520681972297,140.03688440006715
800.8552907746458,143.93839265343814
801.658513352062,139.1157877755248
802.461735929478,140.00619303197544
803.2649585068941,139.99817135053033
804.0681810843103,139.83237751163563
804.8714036617264,139.0279173749605
805.6746262391425,139.9804644392209
806.4778488165587,136.01391246820404
807.2810713939748,139.9737667110618
808.0842939713909,139.88160474457052
808.8875165488071,140.99716710048196
809.6907391262232,141.0867501313864
810.4939617036393,144.06358096358025
811.2971842810555,138.16504566930158
812.1004068584715,135.36610346722
812.9036294358876,140.49533626634963
813.7068520133038,143.37461872215604
814.5100745907199,141.9666752048893
815.313297168136,139.13205508908732
816.1165197455522,139.4655164079874
816.9197423229683,140.01025743086018
817.7229649003845,137.47911557537128
818.5261874778006,140.6080402705906
819.3294100552167,140.03747616542893
820.1326326326329,140.0479532793454
820.9358552100489,140.0591005669908
821.739077787465,138.19922579493664
822.5423003648812,140.58630487065173
823.3455229422973,137.72929600657582
824.1487455197134,140.11000832524587
824.9519680971296,142.14657006275053
825.7551906745457,142.93382137930337
826.5584132519618,139.14207504364572
827.361635829378,140.1701063447021
828.1648584067941,140.18642315427311
828.9680809842102,140.20321857276545
829.7713035616263,140.22047344369832
830.5745261390424,140.23816861059092
831.3777487164585,144.65109814544513
832.1809712938747,142.64149465996283
832.9841938712908,135.67068602240218
833.787416448707,140.31296910814385
834.5906390261231,139.33192376174966
835.3938616035392,140.2149554382905
836.1970841809554,143.38223106852794
837.0003067583715,140.39328182259217
837.8035293357876,141.62943434482105
838.6067519132037,144.9133862052464
839.4099744906198,136.03623287353386
840.2131970680359,140.4778807391674
841.0164196454521,140.49955651378784
841.8196422228682,138.04215801038157
842.6228648002843,141.50919179174306
843.4260873777005,140.5655398431009
844.2293099551166,140.6431763952054
845.0325325325327,140.2201730115911
845.8357551099489,140.6325548944957
846.638977687365,140.65503311962414
847.4422002647811,140.6775493546164
848.2454228421972,140.70008444299177
849.0486454196133,138.3827161043948
849.8518679970294,141.82116158505346
850.6550905744456,140.76761126360853
851.4583131518617,142.3185601087618
852.2615357292779,140.81237220878774
853.064758306694,142.77060246331234
853.8679808841101,141.06784876039478
854.6712034615263,140.5856873536292
855.4744260389424,139.1167067818815
856.2776486163585,140.92225783704646
857.0808711937746,139.6579489385375
857.8840937711907,142.15997567150214
858.6873163486068,140.98604005098431
859.490538926023,141.00682765624282
860.2937615034391,141.02734676767295
861.0969840808552,141.04757822879407
861.9002066582714,141.0514295352476
862.7034292356875,141.087101574186
863.5066518131036,141.10635514549526
864.3098743905198,140.68595444596681
865.1130969679359,141.14375030293675
865.9163195453519,141.5803539803111
866.7195421227681,142.92376772225364
867.5227647001842,140.50959185247493
868.3259872776003,141.21355629565
869.1292098550165,139.63938711665818
869.9324324324326,141.1382414634561
870.7356550098488,139.21400983834315
871.5388775872649,137.30106745608663
872.342100164681,143.11455108152416
873.1453227420972,138.43225613307567
873.9485453195133,145.5846070686256
874.7517678969293,141.3289399407076
875.5549904743455,141.34071793805546
876.3582130517616,138.02027979656327
877.1614356291777,141.36229990593984
877.9646582065939,141.3720655635148
878.76788078401,142.66577709354928
879.5711033614261,141.3894504435268
880.3743259388423,141.3970313530022
881.1775485162584,141.40384570014953
881.9807710936745,141.04022444237035
882.7839936710907,138.456467824774
883.5872162485068,139.547262496048
884.3904388259228,145.18402679026156
885.193661403339,141.42574852413887
885.9968839807551,141.42756121122193
886.8001065581713,144.8360358414567
887.6033291355874,142.4059212619869
888.4065517130035,140.02201625781936
889.2097742904197,139.82563155317246
890.0129968678358,142.9557487084679
890.8162194452519,142.87681610219838
891.6194420226681,142.2884165904129
892.4226646000842,144.1161350604064
893.2258871775002,141.4010470210767
894.0291097549164,141.39299108959187
894.8323323323325,141.38384293560608
895.6355549097486,141.0691190633051
896.4387774871648,141.36219333420863
897.2420000645809,143.9522983942662
898.045222641997,141.33594496503818
898.8484452194132,142.30285684655584
899.6516677968293,145.1325810687666
900.4548903742455,137.32007942963875
901.2581129516616,141.2690389159942
902.0613355290776,140.30645570242962
902.8645581064937,141.2280747324285
903.6677806839099,142.62266988433518
904.471003261326,138.95924882753295
905.2742258387422,143.3902748277933
906.0774484161583,141.1303577879792
906.8806709935744,142.49721799926743
907.6838935709906,141.88849963621024
908.4871161484067,142.1641340883064
909.2903387258228,141.0105677281324
910.093561303239,136.8000887704288
910.896783880655,143.24430906572374
911.7000064580711,140.9055021767584
912.5032290354873,140.86747853811943
913.3064516129034,140.82792207792204
