110.88709677419354,151.8965782811572
111.69031935160966,150.70999608223883
112.4935419290258,151.116662910863
113.29676450644192,151.5176610025917
114.09998708385804,151.61963510270093
114.90320966127416,152.30281685176394
115.7064322386903,149.27433962025643
116.50965481610642,152.575317061976
117.31287739352254,153.43907182631304
118.11609997093868,153.80692834777466
118.9193225483548,151.5618948260474
119.72254512577092,157.16118677839415
120.52576770318706,158.7924039585358
121.32899028060318,153.61319557174508
122.1322128580193,153.7274949578968
122.93543543543542,155.90257137798807
123.73865801285156,154.62717358547027
124.54188059026768,155.36297404598457
125.3451031676838,159.4619465282912
126.14832574509992,155.79075068356448
126.95154832251606,157.50749537513275
127.75477089993218,158.88470082070586
128.5579934773483,156.03587835997794
129.36121605476444,161.06109420176068
130.16443863218058,158.70258448261393
130.96766120959668,161.84015546098186
131.77088378701282,159.2714246598154
132.57410636442893,156.37292331954487
133.37732894184506,159.8215709230603
134.1805515192612,162.99122704864658
134.9837740966773,160.35335502515065
135.78699667409344,163.7487876603713
136.59021925150958,161.8161996921362
137.3934418289257,161.9330371693615
138.19666440634182,162.1556344237514
138.99988698375796,162.67211858640948
139.80310956117407,160.11867718314502
140.6063321385902,162.07478704445532
141.4095547160063,162.30350487800874
142.21277729342245,162.33787570341178
143.01599987083858,162.74845446635794
143.81922244825472,162.96476915935418
144.62244502567083,165.82193183975534
145.42566760308696,163.38528568849117
146.22889018050307,163.54332337731128
147.0321127579192,163.78992820248936
147.83533533533534,163.98640037656202
148.63855791275145,164.1790284541508
149.4417804901676,164.3678539043559
150.2450030675837,164.55291819627757
151.04822564499983,168.0002855752492
151.85144822241597,164.9119291816718
152.6546707998321,166.0072185645954
153.4578933772482,163.29875892860647
154.26111595466435,161.01666787082186
155.06433853208046,165.58664189347107
155.8675611094966,165.06300838745437
156.67078368691273,165.90300712548026
157.47400626432886,166.0560871023631
158.27722884174497,164.43780793298043
159.0804514191611,166.78438892979446
159.88367399657722,164.4976767460529
160.68689657399335,165.6548094484538
161.4901191514095,167.3682032197133
162.2933417288256,166.90574256927314
163.09656430624173,167.51525868361415
163.89978688365784,165.5063001382025
164.70300946107398,167.28819215870516
165.5062320384901,167.94979732306015
166.30945461590625,167.94434650487256
167.11267719332236,169.32628523669914
167.9158997707385,166.86954331900952
168.7191223481546,168.49196407838318
169.52234492557074,167.97393337805877
170.32556750298687,168.07844617048048
171.12879008040298,168.53003560303438
171.93201265781912,169.36891588095395
172.73523523523525,168.3760526540871
173.53845781265136,168.47008241440403
174.3416803900675,167.11466297220537
175.14490296748363,169.21250823111808
175.94812554489974,170.73347701910836
176.75134812231587,171.66656003631195
177.55457069973198,168.9772101335678
178.35779327714812,168.98285360402795
179.16101585456425,169.06013461852146
179.9642384319804,171.06922640139769
180.7674610093965,167.7420938278121
181.5706835868126,165.37166598308167
182.37390616422874,169.3474053517609
183.17712874164488,167.43180116065707
183.98035131906101,167.38284430225542
184.78357389647715,170.53897356904204
185.58679647389326,170.6849462170535
186.39001905130937,168.48417147207076
187.1932416287255,171.74361780148587
187.99646420614164,172.03195126343186
188.79968678355777,171.50987301363878
189.60290936097388,169.87724361622364
190.40613193839002,169.2459464427607
191.20935451580613,169.97535634322398
192.01257709322226,170.02198482456933
192.8157996706384,170.06705000994512
193.61902224805453,169.2362979779586
194.42224482547064,170.15265636918915
195.22546740288675,169.67918641994734
196.0286899803029,170.23250717375817
196.83191255771902,173.60893582636726
197.63513513513516,171.85182344037307
198.4383577125513,170.34221742485062
199.2415802899674,168.70365124500162
200.0448028673835,170.4091307612413
200.84802544479965,170.44084378743605
201.65124802221578,170.30565711253405
202.45447059963192,171.96162584274398
203.25769317704803,170.52950592722155
204.06091575446416,170.5570392245513
204.86413833188027,170.58363126241537
205.6673609092964,172.45376723433378
206.47058348671254,172.4597027150138
207.27380606412868,170.3532142040673
208.07702864154479,170.68141620122088
208.8802512189609,170.53651143387881
209.68347379637703,170.87378960206377
210.48669637379317,168.5618017671732
211.2899189512093,170.7674585165975
212.0931415286254,170.4232560395743
212.89636410604155,172.2741614114261
213.69958668345765,170.8258807168648
214.5028092608738,170.84441223096192
215.30603183828993,172.11217834157117
216.10925441570606,169.1647693232415
216.91247699312217,173.80340891004982
217.71569957053828,169.8293295654431
218.5189221479544,170.1838558064503
219.32214472537055,170.94860734964726
220.12536730278669,171.05053010624027
220.92858988020282,170.1304735979228
221.73181245761893,170.97921201164075
222.53503503503504,171.0144509095544
223.33825761245117,171.03083945138152
224.1414801898673,171.04728199214935
224.94470276728345,169.0780763391579
225.74792534469955,170.71766281506603
226.5511479221157,168.8155798525631
227.3543704995318,171.1144215266323
228.15759307694793,173.10347017600913
228.96081565436407,171.56447721985938
229.7640382317802,171.16737515228434
230.5672608091963,171.1857425721868
231.37048338661242,169.6605539612709
232.17370596402856,171.2238005436211
232.9769285414447,171.36586422521623
233.78015111886083,173.5289228481692
234.58337369627696,172.3560139215897
235.38659627369307,171.30628967821755
236.18981885110918,174.8955809063644
236.99304142852532,171.3508419176123
237.79626400594145,171.49223480999504
238.5994865833576,169.0720441002696
239.4027091607737,171.42119160601462
240.20593173818983,171.44545894297522
241.00915431560594,171.47008434188123
241.81237689302208,170.0492808096786
242.6155994704382,171.61410329038839
243.41882204785432,170.13972072447802
244.22204462527046,171.57155865534452
245.0252672026866,172.84878351443848
245.8284897801027,171.62365391164974
246.63171235751884,173.75394333192364
247.43493493493497,170.7078741520525
248.23815751235108,171.4630841233868
249.04138008976722,168.6313951785149
249.84460266718335,172.73325755520267
250.64782524459946,170.0914664750311
251.4510478220156,171.8089684029603
252.2542703994317,174.42373014709418
253.05749297684784,176.0029642481676
253.86071555426398,170.22868319917256
254.66393813168008,172.65700871695594
255.46716070909622,172.95522047317652
256.27038328651236,171.96557323335728
257.0736058639285,171.9909769042193
257.8768284413446,173.75350159279495
258.68005101876076,174.28698453857734
259.48327359617684,174.4088054562034
260.286496173593,172.0894852893623
261.0897187510091,170.91971078714695
261.8929413284252,172.1364501718207
262.69616390584133,172.1592539027391
263.49938648325747,172.0853889195153
264.3026090606736,173.39599262539843
265.10583163808974,172.2245855132824
265.9090542155059,172.24523487245713
266.712276792922,172.26526965099418
267.51549937033815,172.28465945381268
268.3187219477542,175.1305450921124
269.12194452517036,171.39107373516723
269.9251671025865,170.3838819686215
270.7283896800026,169.58584011716258
271.5316122574187,172.3708700043037
272.33483483483485,172.38575165611644
273.138057412251,172.3997755666457
273.9412799896671,171.62174942341235
274.74450256708326,168.80256425103946
275.5477251444994,171.60020409240562
276.35094772191553,173.11852435614884
277.1541702993316,172.45596517221426
277.95739287674775,173.93189386173677
278.7606154541639,172.47137299763196
279.56383803157996,172.47744075498724
280.3670606089961,174.13910161662233
281.17028318641223,172.4861519835872
281.97350576382837,172.91531836503611
282.7767283412445,173.96903092641347
283.57995091866064,171.286562615912
284.3831734960768,175.22563592558333
285.1863960734929,172.66757102443503
285.98961865090905,172.4827029346893
286.79284122832513,172.87129325401412
287.59606380574127,173.79339611088574
288.39928638315735,172.47109498820762
289.2025089605735,176.0374073943787
290.0057315379896,175.20499585664217
290.80895411540575,172.4297734101838
291.6121766928219,172.41568022891335
292.415399270238,169.61257486674185
293.21862184765416,170.22284432950372
294.0218444250703,175.73245823364883
294.82506700248643,175.6076395721181
295.6282895799025,175.20114463553207
296.43151215731865,168.96342637481254
297.2347347347348,172.27088358531716
298.03795731215087,169.69044346493013
298.841179889567,174.04951218493656
299.64440246698314,172.1824359507451
300.4476250443993,172.14921158460595
301.2508476218154,172.11406564935803
302.05407019923155,174.20696572837045
302.8572927766477,169.15039691104252
303.6605153540638,171.99679447815447
304.4637379314799,171.2182255369296
305.26696050889603,171.90844860866173
306.07018308631217,175.0521867044172
306.87340566372825,172.74103298466702
307.6766282411444,171.1144293907516
308.4798508185605,171.70626643391336
309.28307339597666,173.32143775907983
310.0862959733928,173.79750302197522
310.88951855080893,174.1265617795505
311.69274112822507,170.81294811357176
312.4959637056412,171.40323655426283
313.2991862830573,168.25162198683648
314.1024088604734,173.38450068470564
314.90563143788955,171.1931318432832
315.70885401530563,172.48457376289863
316.51207659272177,171.18546860172435
317.3152991701379,172.9414261612325
318.11852174755404,169.69856205901212
318.9217443249702,173.278488342616
319.7249669023863,170.53480318233008
320.52818947980245,171.4768829873142
321.3314120572186,170.5220016967005
322.1346346346347,171.84515244266888
322.9378572120508,172.01973250499458
323.74107978946694,172.12439448160646
324.544302366883,171.66920964214225
325.34752494429915,170.01539835596495
326.1507475217153,167.32741837024693
326.9539700991314,169.79292306895775
327.75719267654756,169.40798224122236
328.5604152539637,169.55874935486025
329.36363783137983,171.23956890341012
330.16686040879597,164.74201197663973
330.9700829862121,169.94582230179157
331.7733055636282,171.7747247848062
332.5765281410443,171.44073879194428
333.37975071846046,166.7090585351674
334.18297329587654,171.63231111792163
334.9861958732927,165.5673000689264
335.7894184507088,169.16294499013716
336.59264102812494,166.25852510537368
337.3958636055411,168.06383534443947
338.1990861829572,167.19583878144405
339.00230876037335,164.1194670724732
339.8055313377895,167.60407594529988
340.60875391520557,166.3267237555452
341.4119764926217,170.23515557219048
342.21519907003784,167.127121622118
343.0184216474539,168.9637946788318
343.82164422487006,170.42852371358063
344.6248668022862,168.5443452829322
345.4280893797023,164.59813285119995
346.23131195711846,165.79689040191886
347.0345345345346,166.54147661441687
347.83775711195074,165.96270242437507
348.6409796893669,162.37734847462056
349.44420226678295,167.33627136754419
350.2474248441991,165.4481588803778
351.0506474216152,167.9518059970391
351.8538699990313,166.75278962598833
352.65709257644744,164.92825672793344
353.4603151538636,163.64337781958028
354.2635377312797,167.07981931369156
355.06676030869585,164.40572742448714
355.869982886112,164.23143928242723
356.6732054635281,162.11385538729215
357.47642804094426,161.67359055443043
358.2796506183604,163.7096560447817
359.0828731957765,162.15589006398602
359.8860957731926,162.81408876213771
360.6893183506087,163.1916190568394
361.4925409280248,163.99163659716132
362.29576350544096,161.47763054028252
363.0989860828571,159.69886066652202
363.90220866027323,158.91414848228501
364.70543123768937,162.3414269296602
365.5086538151055,162.17320425284578
366.31187639252164,158.21295051129346
367.1150989699377,164.60625122346394
367.91832154735386,160.71997331828908
368.72154412477,161.50500794883413
369.5247667021861,157.0232685635524
370.32798927960226,162.85883603947082
371.13121185701834,162.73423255737532
371.9344344344345,160.84236669832552
372.7376570118506,159.43048988032348
373.54087958926675,159.74442452296933
374.3441021666829,163.6282861128828
375.147324744099,163.7776327210641
375.9505473215151,157.13933572753822
376.75376989893124,159.85311557211634
377.5569924763474,159.68826701575094
378.3602150537635,161.17065039300803
379.16343763117965,159.35822598143778
379.9666602085957,162.40188332530852
380.76988278601186,159.0274547195022
381.573105363428,158.86169337860872
382.37632794084413,159.14336191425443
383.17955051826027,158.529215527836
383.9827730956764,154.930360745883
384.7859956730925,158.19519245290303
385.5892182505086,157.56356054314787
386.39244082792476,161.09481328504268
387.1956634053409,157.69054742323246
387.99888598275703,157.52120663609574
388.80210856017317,157.35123504395767
389.60533113758925,157.18059189699127
390.4085537150054,157.0092364453697
391.2117762924215,158.7037777496315
392.01499886983765,156.66422562885342
392.8182214472538,156.49048876430493
393.62144402466987,155.92942314087168
394.424666602086,156.03738589687893
395.22788917950214,156.4181251443245
396.0311117569183,155.78638076821477
396.8343343343344,155.60785988558368
397.63755691175055,154.70768692700034
398.44077948916663,155.2475402112031
399.24400206658277,154.84650625509144
400.0472246439989,153.67583474856994
400.85044722141504,150.8287513653839
401.6536697988312,150.97074697513446
402.45689237624725,156.3187773904499
403.2601149536634,153.23026430221967
404.0633375310795,156.0226276073359
404.86656010849566,154.33441218102948
405.6697826859118,152.01553520231218
406.47300526332793,152.84597224064888
407.276227840744,153.17406164254783
408.07945041816015,152.9767257823092
408.8826729955763,152.7777403713969
409.6858955729924,150.92771358688717
410.48911815040856,152.78978790834043
411.2923407278247,152.1704793363493
412.0955633052408,151.96448822447354
412.8987858826569,151.75322770102719
413.70200846007305,151.54690691328278
414.5052310374892,149.84239470013998
415.3084536149053,152.65353679449825
416.1116761923214,150.90647523517507
416.91489876973753,151.12099719539273
417.71812134715367,149.90844557554658
418.5213439245698,149.74947658482128
419.32456650198594,150.8829758740635
420.1277890794021,154.00356998419164
420.93101165681816,149.57848851145104
421.7342342342343,149.35148878484017
422.53745681165043,149.12297002307494
423.34067938906657,148.89296993861413
424.1439019664827,148.66152624391657
424.94712454389884,147.96538641251357
425.7503471213149,146.80636892326976
426.55356969873105,147.9589106229926
427.3567922761472,145.7754857069848
428.1600148535633,147.99278651610047
428.96323743097946,151.15541257919497
429.76646000839554,147.00416714095215
430.5696825858117,144.81577938799433
431.3729051632278,146.51979308670244
432.17612774064395,145.94240289329582
432.9793503180601,145.52718804681842
433.7825728954762,146.7517401452614
434.5857954728923,144.42357414962058
435.38901805030844,144.92557574336405
436.1922406277246,144.93948427238266
436.9954632051407,143.48066719779686
437.79868578255684,144.54265444049773
438.6019083599729,144.29167459200798
439.40513093738906,144.0399676700002
440.2083535148052,143.78757138693337
441.01157609222133,143.5313675453316
441.81479866963747,143.28086158745782
442.6180212470536,143.0266234959669
443.4212438244697,142.77184689325236
444.2244664018858,142.5165694917731
445.02768897930196,142.84209849603266
445.8309115567181,142.00466314235595
446.63413413413423,139.79467159324852
447.43735671155036,141.4912061473865
448.24057928896644,139.7333491899242
449.0438018663826,140.97650020653572
449.8470244437987,140.71877316255205
450.65024702121485,141.98292188120723
451.453469598631,139.62338250072142
452.25669217604707,144.61451056024094
453.0599147534632,139.68623501582206
453.86313733087934,142.0302653004912
454.6663599082955,140.14751263833108
455.4695824857116,138.21309641223553
456.27280506312775,139.7382517696656
457.0760276405438,136.5943064514847
457.87925021795996,142.65087776081063
458.6824727953761,142.66606188366666
459.48569537279224,137.61871098979398
460.2889179502084,137.36045961991863
461.0921405276245,134.42216484238642
461.8953631050406,138.05546855022305
462.6985856824567,136.58646614389698
463.50180825987286,137.48618892257687
464.305030837289,138.14850989415265
465.10825341470513,135.42445427633706
465.9114759921212,138.4035478935195
466.71469856953735,136.44044766405048
467.5179211469535,136.76761426523296
468.3211437243696,134.7876372218461
469.12436630178576,134.5317901965597
469.9275888792019,129.63105464468546
470.73081145661797,136.15464157163152
471.5340340340341,132.16977853505477
472.33725661145024,135.4447133537211
473.1404791888664,134.36555826701533
473.9437017662825,131.89595110204206
474.7469243436986,132.75172675657353
475.55014692111473,132.3881743562968
476.35336949853087,132.24726533032754
477.156592075947,131.99582856682855
477.95981465336314,129.15134418341972
478.7630372307793,131.59736906710378
479.56625980819535,129.3400853124482
480.3694823856115,132.6604367200428
481.1727049630276,130.74743167185167
481.97592754044376,131.2827443489926
482.7791501178599,130.25256894329902
483.58237269527604,130.00618575653004
484.3855952726921,130.21693427834234
485.18881785010825,128.44373099591013
485.9920404275244,129.38570965789867
486.7952630049405,128.69124516672383
487.59848558235666,129.559257530671
488.40170815977274,129.1106319884846
489.2049307371889,129.90158076292892
490.008153314605,124.54922566007966
490.81137589202115,127.82399581908065
491.6145984694373,125.78427074562357
492.4178210468534,127.34861569473495
493.2210436242695,127.11235515189452
494.02426620168563,126.87707586948491
494.82748877910177,126.64279903316304
495.6307113565179,126.40954582858605
496.43393393393404,125.38384635773374
497.2371565113502,125.94619505729392
498.04037908876626,123.56678073065545
498.8436016661824,123.0251512182763
499.64682424359853,124.0093451164684
500.45004682101467,126.72172113052902
501.2532693984308,124.80721468058293
502.0564919758469,126.15308489517308
502.859714553263,127.01858476445874
503.66293713067915,123.5637690116777
504.4661597080953,123.91745388646329
505.2693822855114,123.69823668404693
506.07260486292756,122.73742385811978
506.87582744034364,127.24543681614217
507.6790500177598,123.38151536724018
508.4822725951759,122.83536579736247
509.28549517259205,122.6233322544221
510.0887177500082,122.41284626216827
510.89194032742427,121.3748471623855
511.6951629048404,119.03778631134841
512.4983854822565,121.79104298549703
513.3016080596726,121.5871165919604
514.1048306370888,120.32193594378175
514.9080532145049,121.8968492777648
515.711275791921,123.00934198333951
516.5144983693372,124.2864412198411
517.3177209467533,120.59420714630028
518.1209435241694,117.38683435985845
518.9241661015856,119.23647224417539
519.7273886790017,121.39200332553109
520.5306112564178,118.05311854894968
521.333833833834,119.64922136708056
522.1370564112501,119.22537357906988
522.9402789886663,119.285679990715
523.7435015660824,119.10715411848975
524.5467241434984,118.72822178788697
525.3499467209145,118.71832305495313
526.1531692983307,120.25627392596809
526.9563918757468,122.13662262071495
527.759614453163,118.24845050082291
528.5628370305791,118.7888349844372
529.3660596079951,117.9214906065166
530.1692821854112,117.76169875048629
530.9725047628274,119.02522702335487
531.7757273402435,119.26078574320748
532.5789499176597,116.82074565642482
533.3821724950758,117.14798052444964
534.1853950724919,115.64653233667993
534.9886176499081,112.82584424990895
535.7918402273242,116.71544782163005
536.5950628047403,116.57675411600961
537.3982853821565,117.3872749407178
538.2015079595726,116.3078141353306
539.0047305369887,116.1776417394662
539.8079531144049,112.10980028837335
540.611175691821,115.92607683467311
541.4143982692372,119.34206340132891
542.2176208466533,115.29475296872617
543.0208434240693,115.9730612604932
543.8240660014854,116.70069735990495
544.6272885789016,115.35010442768099
545.4305111563177,117.13148816615477
546.2337337337339,113.6022315768977
547.0369563111499,115.04229482696215
547.840178888566,114.94615944241718
548.6434014659822,113.84650720565513
549.4466240433983,110.88404332268485
550.2498466208144,114.67698083897454
551.0530691982306,114.59359905708473
551.8562917756467,114.5133571027539
552.6595143530628,114.4362355467402
553.462736930479,115.41676571086585
554.2659595078951,114.29127591269655
555.0691820853112,114.22339897618275
555.8724046627274,114.1585647210185
556.6756272401435,114.09675371796175
557.4788498175596,114.03794653777071
558.2820723949758,116.90143099384447
559.0852949723919,113.92926592901806
559.8885175498081,117.63775602738943
560.6917401272241,113.83236746082522
561.4949627046402,113.78828795633397
562.2981852820564,113.74709569925699
563.1014078594725,113.70877126035232
563.9046304368886,110.61437838856486
564.7078530143048,114.53135016553892
565.5110755917208,113.61081056025327
566.3142981691369,113.58376310161891
567.117520746553,110.12071989571147
567.9207433239692,113.53796077099663
568.7239659013853,116.29014978459871
569.5271884788015,114.13348020566826
570.3304110562176,111.99326974577026
571.1336336336337,113.47898243756485
571.9368562110499,113.47092166859007
572.740078788466,115.61070279919385
573.5433013658821,113.462684703207
574.3465239432983,113.46246964831494
575.1497465207144,113.20635330159868
575.9529690981306,111.66235261956476
576.7561916755467,113.47720504393354
577.5594142529628,114.87190795347725
578.362636830379,113.4996514821726
579.165859407795,113.5146032659144
579.9690819852111,112.02446225553128
580.7723045626273,115.27738232046372
581.5755271400434,112.89908067201353
582.3787497174595,113.52682268521313
583.1819722948755,111.91935120624514
583.9851948722917,113.65528983083702
584.7884174497078,115.19683683057822
585.591640027124,117.78176418391052
586.3948626045401,116.68741750507701
587.1980851819562,113.7962040215802
588.0013077593724,115.0186098397204
588.8045303367885,112.66286761972628
589.6077529142046,113.8224127765801
590.4109754916208,115.9325670570315
591.2141980690369,114.02282948515303
592.017420646453,114.07458707159894
592.8206432238692,114.26827678080973
593.6238658012853,114.18428597010332
594.4270883787015,116.2095089625841
595.2303109561176,112.88809702149985
596.0335335335337,112.01334743831681
596.8367561109498,115.69561803719958
597.6399786883659,115.81407630919499
598.443201265782,114.56061355744627
599.2464238431982,112.1347236703558
600.0496464206143,114.7009704901076
600.8528689980304,114.77380547503644
601.6560915754465,114.5577748047854
602.4593141528626,110.51421132665415
603.2625367302787,115.00256335203744
604.0657593076949,112.46346791364893
604.868981885111,117.69606194340692
605.6722044625271,119.4102882240043
606.4754270399433,115.57311698263253
607.2786496173594,115.41613712686221
608.0818721947755,116.29750073400625
608.8850947721917,118.17954371010202
609.6883173496078,112.49240700727805
610.491539927024,115.77383681549291
611.2947625044401,116.95816809501947
612.0979850818562,115.96094943707153
612.9012076592724,116.05646260612473
613.7044302366885,116.15323888600062
614.5076528141046,116.6898654401067
615.3108753915207,120.25300887817062
616.1140979689368,119.32373268750081
616.9173205463529,116.55235319343427
617.7205431237691,117.04405140064068
618.5237657011852,116.75868051570112
619.3269882786012,115.45870904396894
620.1302108560174,116.96918959284281
620.9334334334335,117.34744807376926
621.7366560108496,119.01238687449268
622.5398785882658,117.29224981868555
623.3431011656819,117.4017579392751
624.146323743098,118.12703876571427
624.9495463205142,113.89347393800583
625.7527688979303,117.73531109276155
626.5559914753464,116.57826257957937
627.3592140527626,117.61413539676667
628.1624366301787,114.94634350200664
628.9656592075949,120.99795875828084
629.768881785011,118.30612989340668
630.5721043624271,118.4222483211271
631.3753269398431,118.53894574734332
632.1785495172593,118.12119893381885
632.9817720946754,119.69560271384763
633.7849946720916,119.28463232224476
634.5882172495077,119.01090351686895
635.3914398269238,121.83237641872547
636.19466240434,117.45233463358514
636.9978849817561,119.36942762349089
637.8011075591722,118.84268059210525
638.6043301365884,119.61014667314814
639.4075527140045,122.42508720553684
640.2107752914205,119.85193787619413
641.0139978688367,124.14517766996482
641.8172204462528,117.18109421958275
642.6204430236689,118.9796522274445
643.4236656010851,120.3377416699768
644.2268881785012,119.13444225014466
645.0301107559173,119.87272185710843
645.8333333333335,124.55344317815853
646.6365559107496,122.37871301575333
647.4397784881658,119.22336617571463
648.2430010655819,121.0682693080943
649.0462236429979,118.45704850143403
649.849446220414,124.20299363538487
650.6526687978302,123.33202633118724
651.4558913752463,122.65292852451013
652.2591139526625,121.67543409851447
653.0623365300786,124.00430199041647
653.8655591074947,124.15708391583526
654.6687816849109,122.04094111546341
655.472004262327,120.22854298990059
656.2752268397431,122.28638414312486
657.0784494171593,124.70655594917608
657.8816719945753,122.9248892746212
658.6848945719914,124.17066378527247
659.4881171494076,123.08346908564533
660.2913397268237,122.91065763478156
661.0945623042398,124.3630818458429
661.897784881656,120.75867003517435
662.7010074590721,124.8572561525081
663.5042300364883,126.93116887991864
664.3074526139044,123.55782249898951
665.1106751913205,123.69084441398164
665.9138977687367,122.76483637265792
666.7171203461528,123.96108953334884
667.5203429235688,125.66324751609699
668.323565500985,123.0320159043429
669.1267880784011,124.37810858691742
669.9300106558172,121.44181646103979
670.7332332332334,124.66478187868879
671.5364558106495,124.8109463316043
672.3396783880656,124.95909804707838
673.1429009654818,125.10931356851506
673.9461235428979,124.13652011496944
674.749346120314,125.62281421607817
675.5525686977302,125.57310840264141
676.3557912751462,125.73234458196904
677.1590138525623,125.8940272842795
677.9622364299785,126.05822471365694
678.7654590073946,128.73088242045836
679.5686815848107,124.60502408485974
680.3719041622269,126.94216021799936
681.175126739643,126.73905636405007
681.9783493170592,126.9148480995233
682.7815718944753,127.09270233213088
683.5847944718914,126.72955050837322
684.3880170493076,127.4542562247181
685.1912396267236,126.83124776337844
685.9944622041397,126.573323639808
686.7976847815559,128.0099178919119
687.600907358972,128.19835127116215
688.4041299363881,128.38824853549224
689.2073525138043,131.35090968308555
690.0105750912204,128.7720926553607
690.8137976686365,130.92665017132526
691.6170202460527,129.57053437984362
692.4202428234688,130.6178609018817
693.223465400885,128.1404459034788
694.026687978301,128.87258317187045
694.8299105557171,126.35880656897221
695.6331331331332,130.93502594691495
696.4363557105494,130.34892133646895
697.2395782879655,127.48980403656748
698.0428008653817,130.75007091684287
698.8460234427978,130.95121673050144
699.6492460202139,131.15262920513078
700.4524685976301,131.354222824723
701.2556911750462,131.55591207327035
702.0589137524623,135.2381135906359
702.8621363298785,132.53599903517477
703.6653589072945,133.2973713886104
704.4685814847106,131.63178289474726
705.2718040621268,131.81102948410884
706.0750266395429,130.76365630879314
706.878249216959,132.9632310791907
707.6814717943752,133.0797095050475
708.4846943717913,133.36130847189125
709.2879169492074,134.6715186203405
710.0911395266236,133.75634774010055
710.8943621040397,133.9525142875014
711.6975846814559,134.91633035645202
712.5008072588719,134.3417136288569
713.304029836288,134.53457539079582
714.1072524137041,134.72616452556517
714.9104749911203,134.1050339523824
715.7136975685364,136.27057653311698
716.5169201459526,136.74744713685212
717.3201427233687,135.47808447279107
718.1233653007848,134.63151864685406
718.926587878201,140.33905047411633
719.7298104556171,136.02447156354793
720.5330330330332,136.20280110468008
721.3362556104493,136.37908837457246
722.1394781878654,136.5532478572174
722.9427007652815,137.1074662315414
723.7459233426977,137.52905764889476
724.5491459201138,137.43020702408137
725.3523684975299,133.78209141782017
726.1555910749461,137.38913540145637
726.9588136523622,137.25387566954618
727.7620362297783,134.38979918601868
728.5652588071945,137.8596614565307
729.3684813846106,135.97133321774794
730.1717039620266,137.24751378582644
730.9749265394428,137.0264564107194
731.7781491168589,140.44584200932374
732.581371694275,135.18516062484292
733.3845942716912,137.47640200152765
734.1878168491073,141.05515607009923
734.9910394265235,138.98063945151338
735.7942620039396,138.44996580576313
736.5974845813557,139.22677867661474
737.4007071587719,141.04344830010172
738.203929736188,141.26718025753195
739.0071523136041,139.56762928878027
739.8103748910202,139.67334190200788
740.6135974684363,139.7749598598087
741.4168200458524,139.87239764617487
742.2200426232686,138.03840620641245
743.0232652006847,137.87295885558026
743.8264877781008,142.7851458368611
744.629710355517,143.6044674170544
745.4329329329331,140.29407731340282
746.2361555103492,136.92642540132937
747.0393780877654,135.80491299651797
747.8426006651815,142.89620276333267
748.6458232425975,140.51975158108954
749.4490458200137,143.14732615553302
750.2522683974298,140.658205420902
751.055490974846,137.778140101561
751.8587135522621,138.05511873011173
752.6619361296782,143.96586255768563
753.4651587070944,140.82356149280662
754.2683812845105,137.9317621648791
755.0716038619266,143.59093903127808
755.8748264393428,140.91116601840864
756.6780490167589,141.7600001839586
757.4812715941749,141.5441804497754
758.2844941715911,140.64083610227655
759.0877167490072,141.7204104150108
759.8909393264233,140.99523679775814
760.6941619038395,139.11084746131024
761.4973844812556,142.84447153048515
762.3006070586717,141.0125984457959
763.1038296360879,141.4597313010847
763.907052213504,141.01193512664355
764.7102747909202,142.3240391966687
765.5134973683363,141.00234732378985
766.3167199457523,140.9944386295216
767.1199425231684,140.98457708058396
767.9231651005846,141.29242776594793
768.7263876780007,140.9593664403751
769.5296102554169,141.73139132189408
770.332832832833,143.02097232338753
771.1360554102491,140.90922295550746
771.9392779876653,140.40776981573177
772.7425005650814,142.26668731011043
773.5457231424975,143.48118596050708
774.3489457199137,142.27453272318544
775.1521682973298,136.04125281307293
775.9553908747458,140.77373968382247
776.758613452162,142.20713041188085
777.5618360295781,140.78004369252596
778.3650586069942,143.5893149527586
779.1682811844104,141.92596846148396
779.9715037618265,142.21028545044973
780.7747263392426,138.6510474746792
781.5779489166588,139.23547792798067
782.3811714940749,137.8087809045433
783.184394071491,139.86364634938434
783.9876166489072,138.35614093228745
784.7908392263232,141.5418814113049
785.5940618037394,141.57485582197697
786.3972843811555,140.40320759374055
787.2005069585716,140.37467018912784
788.0037295359878,143.08401030446348
788.8069521134039,140.3190644939673
789.61017469082,139.91734138372186
790.4133972682362,141.03323392038553
791.2166198456523,139.88058177984615
792.0198424230684,140.21632671162752
792.8230650004846,138.5905155793456
793.6262875779006,140.17067871114665
794.4295101553167,141.31209663503068
795.2327327327329,137.13260057445652
796.035955310149,141.09992346455405
796.8391778875651,140.9024270533652
797.6424004649813,140.0779175398895
798.4456230423974,142.3083484596934
799.2488456198136,138.7860627676934
800.0520681972297,141.92610236292856
800.8552907746458,143.46850667079775
801.658513352062,140.0153063297261
802.461735929478,142.33860549530016
803.2649585068941,142.29191982403503
804.0681810843103,139.99122212891007
804.8714036617264,142.0502376216018
805.6746262391425,138.1752556016307
806.4778488165587,139.04786861595062
807.2810713939748,138.76970770934648
808.0842939713909,141.69712681715342
808.8875165488071,142.746985815636
809.6907391262232,140.67949532158815
810.4939617036393,141.47376524894085
811.2971842810555,141.2428815202996
812.1004068584715,139.9765007773047
812.9036294358876,140.46735751720183
813.7068520133038,139.55322818350993
814.5100745907199,139.98975989315866
815.313297168136,139.995813678606
816.1165197455522,140.0285487414432
816.9197423229683,140.71729420350573
817.7229649003845,135.13941523775108
818.5261874778006,138.75767921700267
819.3294100552167,140.03747616542893
820.1326326326329,140.0479532793454
820.9358552100489,140.0591005669908
821.739077787465,142.538213592698
822.5423003648812,140.08332903754513
823.3455229422973,140.13546587699776
824.1487455197134,138.45828486606013
824.9519680971296,140.1242191343242
825.7551906745457,139.6301635670972
826.5584132519618,140.15428730053307
827.361635829378,141.33237520015786
828.1648584067941,140.18642315427311
828.9680809842102,140.20321857276545
829.7713035616263,140.48403895606464
830.5745261390424,141.10888420245885
831.3777487164585,139.93366696979467
832.1809712938747,140.2748032063324
832.9841938712908,137.38019908405673
833.787416448707,142.35825975153222
834.5906390261231,140.33257840762383
835.3938616035392,140.20722089501174
836.1970841809554,138.207515332986
837.0003067583715,140.39328182259217
837.8035293357876,141.45197710483959
838.6067519132037,143.69177160116107
839.4099744906198,140.45639622625683
840.2131970680359,140.4778807391674
841.0164196454521,140.49955651378784
841.8196422228682,140.5214043936374
842.6228648002843,140.40665337454107
843.4260873777005,141.66329583362918
844.2293099551166,140.58778909975337
845.0325325325327,140.61013383571188
845.8357551099489,137.30709633047277
846.638977687365,142.1199897248618
847.4422002647811,143.5019461601221
848.2454228421972,142.0518569638869
849.0486454196133,140.72261922826937
849.8518679970294,141.51003541195203
850.6550905744456,140.76761126360853
851.4583131518617,140.79003020070851
852.2615357292779,140.81237220878774
853.064758306694,140.83461813136552
853.8679808841101,144.49035777422432
854.6712034615263,140.71508688601034
855.4744260389424,136.9268167868018
856.2776486163585,138.96259698890304
857.0808711937746,140.94373598490535
857.8840937711907,140.96500310837826
858.6873163486068,139.29361257515725
859.490538926023,138.04362103133067
860.2937615034391,141.02734676767295
861.0969840808552,138.77631059277087
861.9002066582714,141.06750288312531
862.7034292356875,141.087101574186
863.5066518131036,141.10635514549526
864.3098743905198,141.12524444057246
865.1130969679359,145.08962328051433
865.9163195453519,142.04958768194206
866.7195421227681,139.74082581494957
867.5227647001842,140.59288387624474
868.3259872776003,141.21355629565
869.1292098550165,137.45545935335488
869.9324324324326,144.85496133254085
870.7356550098488,141.26094607914254
871.5388775872649,141.2756948464965
872.342100164681,141.28988777281072
873.1453227420972,140.7511087029743
873.9485453195133,141.31652947639705
874.7517678969293,141.98253396782073
875.5549904743455,141.34071793805546
876.3582130517616,142.89440228000842
877.1614356291777,141.36229990593984
877.9646582065939,141.3720655635148
878.76788078401,139.442155056071
879.5711033614261,140.7480233973344
880.3743259388423,141.1772393045712
881.1775485162584,141.40384570014953
881.9807710936745,141.40987432848812
882.7839936710907,141.41509808153702
883.5872162485068,140.68382180941398
884.3904388259228,141.4230543358432
885.193661403339,140.90559006516662
885.9968839807551,141.42756121122193
886.8001065581713,139.32613225607767
887.6033291355874,142.82798405730014
888.4065517130035,141.42751870038785
889.2097742904197,141.42561381781286
890.0129968678358,141.4227316516215
890.8162194452519,141.41885304533292
891.6194420226681,141.41395884246646
892.4226646000842,141.4080298865413
893.2258871775002,141.4010470210767
894.0291097549164,141.39299108959187
894.8323323323325,141.38384293560608
895.6355549097486,142.0179754906006
896.4387774871648,141.14441405280834
897.2420000645809,139.34660895511158
898.045222641997,141.95719284663235
898.8484452194132,141.48598742442817
899.6516677968293,139.70881060443665
900.4548903742455,140.4560445739738
901.2581129516616,141.2690389159942
902.0613355290776,141.56671657617397
902.8645581064937,142.02019252768787
903.6677806839099,143.87818589724168
904.471003261326,144.62607045346743
905.2742258387422,141.15680848745816
906.0774484161583,142.43539325536796
906.8806709935744,143.2455141518583
907.6838935709906,141.07329852340354
908.4871161484067,139.4897390245525
909.2903387258228,141.0105677281324
910.093561303239,140.9770276152841
910.896783880655,139.59994258448805
911.7000064580711,142.19293364360016
912.5032290354873,141.00333267446004
913.3064516129034,140.91298089850133
