110.88709677419354,150.29761904761904
111.69031935160966,150.70999608223883
112.4935419290258,151.116662910863
113.29676450644192,147.99071567119904
114.09998708385804,151.9130318265253
114.90320966127416,152.30281685176394
115.7064322386903,152.68705754740796
116.50965481610642,153.06579538255755
117.31287739352254,152.09274176366824
118.11609997093868,152.7609014264837
118.9193225483548,154.1694064160427
119.72254512577092,154.52654750021742
120.52576770318706,154.57305555435588
121.32899028060318,152.8396215798053
122.1322128580193,154.01295374071435
122.93543543543542,155.90257137798807
123.73865801285156,156.88632606767476
124.54188059026768,159.34462400289294
125.3451031676838,154.62655406133524
126.14832574509992,157.1965210382863
126.95154832251606,157.50749537513275
127.75477089993218,157.8135474188885
128.5579934773483,158.1147186386537
129.36121605476444,158.4110505035288
130.16443863218058,158.70258448261393
130.96766120959668,158.9893620450094
131.77088378701282,160.5112283187679
132.57410636442893,159.54881379613226
133.37732894184506,159.8215709230603
134.1805515192612,162.32370405041758
134.9837740966773,160.35335502515065
135.78699667409344,160.38359657124408
136.59021925150958,160.38108293096752
137.3934418289257,161.11732783537605
138.19666440634182,160.73972652940273
138.99988698375796,161.60465795308932
139.80310956117407,165.27972215891037
140.6063321385902,162.07478704445532
141.4095547160063,162.30350487800874
142.21277729342245,160.2426880713785
143.01599987083858,162.74845446635794
143.81922244825472,162.98857513196032
144.62244502567083,163.17703241036511
145.42566760308696,165.77476737598442
146.22889018050307,165.90297936030595
147.0321127579192,162.5042665634288
147.83533533533534,163.98640037656202
148.63855791275145,164.1790284541508
149.4417804901676,164.3678539043559
150.2450030675837,164.55291819627757
151.04822564499983,164.73426279901614
151.85144822241597,164.9119291816718
152.6546707998321,167.84580228491052
153.4578933772482,162.14142145997772
154.26111595466435,165.42327370014428
155.06433853208046,164.17725148790387
155.8675611094966,165.7465392122163
156.67078368691273,164.48693993837156
157.47400626432886,166.0560871023631
158.27722884174497,167.75895563031997
159.0804514191611,166.3522491233868
159.88367399657722,165.6559057982027
160.68689657399335,162.28779360070962
161.4901191514095,166.772119359571
162.2933417288256,166.90574256927314
163.09656430624173,166.51896962917675
163.89978688365784,167.1637374997399
164.70300946107398,167.3412616625642
165.5062320384901,164.90044337344477
166.30945461590625,168.8738052607787
167.11267719332236,166.02985067264294
167.9158997707385,167.41473385455458
168.7191223481546,167.86669615486014
169.52234492557074,168.33418393931302
170.32556750298687,164.2103003963107
171.12879008040298,166.09176322366963
171.93201265781912,168.27946433939442
172.73523523523525,167.24227793715104
173.53845781265136,168.47008241440403
174.3416803900675,168.56159508944535
175.14490296748363,168.65063214831144
175.94812554489974,169.04369293796222
176.75134812231587,165.48873481247128
177.55457069973198,168.90330431886045
178.35779327714812,170.69400574956168
179.16101585456425,173.32915148750928
179.9642384319804,170.2532537843371
180.7674610093965,169.01255424194252
181.5706835868126,173.3732123473387
182.37390616422874,171.1454162777314
183.17712874164488,172.21152354850054
183.98035131906101,169.1399027491718
184.78357389647715,171.22380329420835
185.58679647389326,169.60170128223757
186.39001905130937,170.13965774606586
187.1932416287255,169.71731307844504
187.99646420614164,169.77238007614204
188.79968678355777,169.82567643236814
189.60290936097388,169.87724361622364
190.40613193839002,169.92712309680886
191.20935451580613,172.07064933440887
192.01257709322226,170.02198482456933
192.8157996706384,170.06705000994512
193.61902224805453,170.11059336845165
194.42224482547064,170.15265636918915
195.22546740288675,170.11888560718594
196.0286899803029,174.16745064979506
196.83191255771902,170.27037791579022
197.63513513513516,168.1070648552022
198.4383577125513,169.60328311191097
199.2415802899674,170.37626913007952
200.0448028673835,171.77723027997314
200.84802544479965,170.44084378743605
201.65124802221578,170.4714496777642
202.45447059963192,169.09473873305492
203.25769317704803,170.52950592722155
204.06091575446416,173.43463699188933
204.86413833188027,169.27949917959663
205.6673609092964,170.60932350991416
206.47058348671254,170.6341574361478
207.27380606412868,167.89683979523917
208.07702864154479,168.30562566318588
208.8802512189609,167.11858193702818
209.68347379637703,173.034383631987
210.48669637379317,173.03324253111973
211.2899189512093,170.95628777238525
212.0931415286254,170.78744532878284
212.89636410604155,171.97539478293447
213.69958668345765,173.12336300324088
214.5028092608738,167.59761809760232
215.30603183828993,169.38021399494593
216.10925441570606,170.88031024476973
216.91247699312217,170.897759682681
217.71569957053828,171.20436696193045
218.5189221479544,169.0698682070456
219.32214472537055,170.68780706861617
220.12536730278669,169.90746768186335
220.92858988020282,170.9816699463211
221.73181245761893,174.415059079326
222.53503503503504,171.0144509095544
223.33825761245117,171.48950497207164
224.1414801898673,171.04728199214935
224.94470276728345,169.61892930694387
225.74792534469955,169.7557293178747
226.5511479221157,171.10641944131996
227.3543704995318,170.5603290414045
228.15759307694793,171.8271279509702
228.96081565436407,170.2746492220538
229.7640382317802,168.97731459171945
230.5672608091963,171.1857425721868
231.37048338661242,171.20453721293234
232.17370596402856,171.15838486194681
232.9769285414447,171.2435740333534
233.78015111886083,170.22170213827337
234.58337369627696,172.92458052321211
235.38659627369307,171.43624940947404
236.18981885110918,171.48023667823117
236.99304142852532,169.50612409512007
237.79626400594145,171.37385269825242
238.5994865833576,169.55628207626785
239.4027091607737,171.26652455318657
240.20593173818983,171.44545894297522
241.00915431560594,173.0953205153713
241.81237689302208,171.49503740765184
242.6155994704382,174.4811008696167
243.41882204785432,171.54580495946425
244.22204462527046,171.57155865534452
245.0252672026866,168.55200684593137
245.8284897801027,171.62365391164974
246.63171235751884,166.67880460262043
247.43493493493497,171.6763303534762
248.23815751235108,171.70281053125817
249.04138008976722,171.72934482017826
249.84460266718335,171.9054810093607
250.64782524459946,171.78245415111002
251.4510478220156,171.8089684029603
252.2542703994317,174.1703247263355
253.05749297684784,174.14518455599713
253.86071555426398,170.38788446869097
254.66393813168008,168.11917815065604
255.46716070909622,171.93991972282618
256.27038328651236,171.96557323335728
257.0736058639285,171.02266088406526
257.8768284413446,168.24000715517633
258.68005101876076,172.04091314661326
259.48327359617684,172.06538492798376
260.286496173593,172.0894852893623
261.0897187510091,170.24712517798946
261.8929413284252,169.6915843929745
262.69616390584133,172.1592539027391
263.49938648325747,172.78608716242928
264.3026090606736,174.33797884058254
265.10583163808974,172.2245855132824
265.9090542155059,174.08762192350932
266.712276792922,172.26526965099418
267.51549937033815,172.28465945381268
268.3187219477542,174.00843623074843
269.12194452517036,170.9972901212001
269.9251671025865,172.3386550571506
270.7283896800026,175.61070636247817
271.5316122574187,174.68876408236125
272.33483483483485,172.38575165611644
273.138057412251,172.18671967867493
273.9412799896671,173.45219522870195
274.74450256708326,169.82743825815618
275.5477251444994,170.95991346239376
276.35094772191553,169.5570233302097
277.1541702993316,172.45596517221426
277.95739287674775,172.46420433834737
278.7606154541639,173.4904996452441
279.56383803157996,172.47744075498724
280.3670606089961,172.48237721533258
281.17028318641223,172.4861519835872
281.97350576382837,170.81483271588053
282.7767283412445,172.49009486350138
283.57995091866064,171.24137080150038
284.3831734960768,172.48902623408398
285.1863960734929,173.61461485490486
285.98961865090905,172.4827029346893
286.79284122832513,172.4774947960487
287.59606380574127,168.5113983569024
288.39928638315735,172.46283356547724
289.2025089605735,168.79879067047617
290.0057315379896,172.44230976331409
290.80895411540575,174.30326709615858
291.6121766928219,172.41568022891335
292.415399270238,170.5844354969198
293.21862184765416,172.2953026989828
294.0218444250703,175.66845345101504
294.82506700248643,172.34313132081633
295.6282895799025,172.32079807263463
296.43151215731865,172.29672562582843
297.2347347347348,172.27088358531716
298.03795731215087,172.2432415560199
298.841179889567,167.31635066309997
299.64440246698314,172.35069450552808
300.4476250443993,170.24310045022875
301.2508476218154,168.2435819236881
302.05407019923155,170.19921132740959
302.8572927766477,171.37550443033135
303.6605153540638,171.81048192672668
304.4637379314799,174.0163282772905
305.26696050889603,173.53735991910435
306.07018308631217,172.4349046207076
306.87340566372825,170.141855803488
307.6766282411444,171.7600742697726
308.4798508185605,171.18388473136932
309.28307339597666,171.65023307813811
310.0862959733928,171.59194380736614
310.88951855080893,171.53136822651675
311.69274112822507,171.46847594050922
312.4959637056412,169.57844862392108
313.2991862830573,171.11027793446723
314.1024088604734,171.9254986766838
314.90563143788955,171.1931318432832
315.70885401530563,169.4557393031407
316.51207659272177,173.07764016432031
317.3152991701379,170.96080900724775
318.11852174755404,172.98217711450917
318.9217443249702,174.9644040884397
319.7249669023863,170.7054473789769
320.52818947980245,170.61506526090213
321.3314120572186,166.940272710011
322.1346346346347,170.4218971879784
322.9378572120508,169.11117464376431
323.74107978946694,167.60344505988567
324.544302366883,170.12232507701145
325.34752494429915,167.33450219466408
326.1507475217153,167.83946338860702
326.9539700991314,169.79292306895775
327.75719267654756,169.67731371283566
328.5604152539637,169.55874935486025
329.36363783137983,171.43360612414472
330.16686040879597,169.2353428407119
330.9700829862121,169.1850237704553
331.7733055636282,169.05439475464428
332.5765281410443,168.92084354081183
333.37975071846046,168.78447129404853
334.18297329587654,168.64537917944503
334.9861958732927,171.91753609840234
335.7894184507088,166.9162542081438
336.59264102812494,166.61407838354313
337.3958636055411,169.0006697527779
338.1990861829572,165.73224483848176
339.00230876037335,166.31250091203492
339.8055313377895,167.60407594529988
340.60875391520557,166.32686401039905
341.4119764926217,169.75206133322914
342.21519907003784,167.127121622118
343.0184216474539,166.96478785724838
343.82164422487006,166.8009482056252
344.6248668022862,168.40709125521477
345.4280893797023,166.6979015749313
346.23131195711846,166.3014055811397
347.0345345345346,168.42709506744225
347.83775711195074,164.312827452776
348.6409796893669,166.0876346907073
349.44420226678295,169.43815004739457
350.2474248441991,165.4481588803778
351.0506474216152,165.27531867704744
351.8538699990313,165.46448161921347
352.65709257644744,164.92825672793344
353.4603151538636,164.75423731233084
354.2635377312797,164.58002715615189
355.06676030869585,164.40572742448714
355.869982886112,164.23143928242723
356.6732054635281,164.05726389506265
357.47642804094426,165.3521574574794
358.2796506183604,165.1189571017341
359.0828731957765,163.53642591204652
359.8860957731926,163.36371319436887
360.6893183506087,163.1916190568394
361.4925409280248,161.99250509735904
362.29576350544096,165.8284424565001
363.0989860828571,164.20085884114735
363.90220866027323,162.51020054645304
364.70543123768937,159.4614414178892
365.5086538151055,162.17320425284578
366.31187639252164,162.00549176618284
367.1150989699377,161.83824871984453
367.91832154735386,157.41427684971865
368.72154412477,161.50500794883413
369.5247667021861,161.33892872450832
370.32798927960226,159.48658800256692
371.13121185701834,160.3716687401335
371.9344344344345,160.84236669832552
372.7376570118506,163.6527011299349
373.54087958926675,161.78682964017304
374.3441021666829,160.34746239597018
375.147324744099,160.18267251239902
375.9505473215151,161.07270098565488
376.75376989893124,159.56242548662712
377.5569924763474,159.68826701575094
378.3602150537635,159.17598848680518
379.16343763117965,159.35822598143778
379.9666602085957,159.1929520038362
380.76988278601186,159.0274547195022
381.573105363428,158.86169337860872
382.37632794084413,158.69562723132896
383.17955051826027,158.529215527836
383.9827730956764,161.3436690875798
384.7859956730925,157.64365461082068
385.5892182505086,158.0274995818092
386.39244082792476,159.05667291801794
387.1956634053409,158.67359772004733
387.99888598275703,157.52120663609574
388.80210856017317,157.35123504395767
389.60533113758925,157.18059189699127
390.4085537150054,156.27038407930758
391.2117762924215,156.83712793926605
392.01499886983765,156.66422562885342
392.8182214472538,159.53111131217628
393.62144402466987,156.31587659579378
394.424666602086,156.14034837349288
395.22788917950214,155.9638633475755
396.0311117569183,155.78638076821477
396.8343343343344,156.58319563257598
397.63755691175055,159.16139822261377
398.44077948916663,155.2475402112031
399.24400206658277,157.78697511395563
400.0472246439989,152.88639358478164
400.85044722141504,155.91068529895878
401.6536697988312,154.51264823081516
402.45689237624725,150.68976534635289
403.2601149536634,154.38252907050236
404.0633375310795,153.94772457330382
404.86656010849566,153.75657941749083
405.6697826859118,153.6226888238851
406.47300526332793,153.3697887019397
407.276227840744,153.24207551688264
408.07945041816015,153.06985588778574
408.8826729955763,153.437144641137
409.6858955729924,154.55648052078706
410.48911815040856,153.4804206347678
411.2923407278247,154.62719303918908
412.0955633052408,152.66328131217202
412.8987858826569,152.80584449630146
413.70200846007305,153.33441173231842
414.5052310374892,151.90265081872076
415.3084536149053,151.12178576685608
416.1116761923214,150.90647523517507
416.91489876973753,150.6893816811275
417.71812134715367,152.77525395411976
418.5213439245698,150.24999635576788
419.32456650198594,150.02778000937374
420.1277890794021,149.80393149044846
420.93101165681816,149.57848851145104
421.7342342342343,150.97831108592803
422.53745681165043,149.12297002307494
423.34067938906657,148.89296993861413
424.1439019664827,149.25875512158413
424.94712454389884,148.4286766514412
425.7503471213149,148.19445887364694
426.55356969873105,147.9589106229926
427.3567922761472,147.72206961193703
428.1600148535633,147.22194820410886
428.96323743097946,147.95339881596425
429.76646000839554,147.00416714095215
430.5696825858117,143.08025918925372
431.3729051632278,141.8709771659793
432.17612774064395,142.27614219982394
432.9793503180601,146.0311530898611
433.7825728954762,147.0727551152011
434.5857954728923,146.10437247329259
435.38901805030844,144.069920472855
436.1922406277246,142.47783899621123
436.9954632051407,144.79286950301056
437.79868578255684,144.54265444049773
438.6019083599729,142.50867104997158
439.40513093738906,147.57601729590525
440.2083535148052,143.78757138693337
441.01157609222133,143.53452345526628
441.81479866963747,143.06599932500265
442.6180212470536,145.74368243658688
443.4212438244697,142.77184689325236
444.2244664018858,142.5165694917731
445.02768897930196,142.31226670773657
445.8309115567181,142.00466314235595
446.63413413413423,142.53053515952305
447.43735671155036,145.0348029891752
448.24057928896644,139.32897514383052
449.0438018663826,141.00577880018454
449.8470244437987,140.49724168113195
450.65024702121485,144.13505912806414
451.453469598631,140.20275948976254
452.25669217604707,139.9445468675996
453.0599147534632,139.68623501582206
453.86313733087934,135.75696530036228
454.6663599082955,139.16939843067473
455.4695824857116,138.91091606861875
456.27280506312775,138.2099112720783
457.0760276405438,138.39392913382702
457.87925021795996,138.1354669324051
458.6824727953761,137.4959870652764
459.48569537279224,137.67329248105105
460.2889179502084,133.49127755708258
461.0921405276245,134.64090161787826
461.8953631050406,136.33611035310014
462.6985856824567,136.58646614389698
463.50180825987286,138.02402520986072
464.305030837289,133.85679149168323
465.10825341470513,139.99801002680573
465.9114759921212,137.76197657307304
466.71469856953735,138.23004040679987
467.5179211469535,137.6161192567825
468.3211437243696,133.927396934765
469.12436630178576,134.5317901965597
469.9275888792019,134.2762888619958
470.73081145661797,134.02115440381132
471.5340340340341,133.76640800766324
472.33725661145024,133.51207085920845
473.1404791888664,133.11936602429518
473.9437017662825,133.8122267510697
474.7469243436986,132.75172675657353
475.55014692111473,130.69025676954485
476.35336949853087,132.24726533032754
477.156592075947,135.21659402572584
477.95981465336314,131.7449493506215
478.7630372307793,134.9918982466747
479.56625980819535,127.39923736457348
480.3694823856115,130.99586884232147
481.1727049630276,132.2623660958615
481.97592754044376,130.49965797695853
482.7791501178599,130.25256894329902
483.58237269527604,130.00618575653004
484.3855952726921,128.3665089570856
485.18881785010825,129.51562166629162
485.9920404275244,129.271483134136
486.7952630049405,129.0281351914987
487.59848558235666,128.78559902403674
488.40170815977274,128.54389581740702
489.2049307371889,128.98187022131145
490.008153314605,128.06307302927206
490.81137589202115,127.82399581908065
491.6145984694373,125.29338505837549
492.4178210468534,128.6976584333408
493.2210436242695,126.37071440421734
494.02426620168563,123.007611960672
494.82748877910177,126.64279903316304
495.6307113565179,126.40954582858605
496.43393393393404,125.94084223455066
497.2371565113502,129.3714943182403
498.04037908876626,124.87221597447605
498.8436016661824,125.48719304086416
499.64682424359853,126.21199734372341
500.45004682101467,126.82150708078794
501.2532693984308,124.80721468058293
502.0564919758469,124.58291321394707
502.859714553263,125.61701032683355
503.66293713067915,123.93231458056546
504.4661597080953,123.91745388646329
505.2693822855114,126.22536872685383
506.07260486292756,123.48038233433157
506.87582744034364,126.3215158086518
507.6790500177598,121.13326779430784
508.4822725951759,124.04199328947622
509.28549517259205,126.3111627559206
510.0887177500082,122.41284626216827
510.89194032742427,122.20394476019808
511.6951629048404,122.3125204291889
512.4983854822565,121.79104298549703
513.3016080596726,121.5871165919604
514.1048306370888,121.38492244709578
514.9080532145049,121.18449749050036
515.711275791921,121.73113759137729
516.5144983693372,120.78910290050551
517.3177209467533,120.59420714630028
518.1209435241694,120.4012283387527
518.9241661015856,117.63046502849636
519.7273886790017,120.02116932201874
520.5306112564178,119.83416299202662
521.333833833834,119.64922136708056
522.1370564112501,117.95354032419317
522.9402789886663,119.71031772276159
523.7435015660824,119.10715411848975
524.5467241434984,118.93084070969898
525.3499467209145,121.43950129717062
526.1531692983307,119.63817656668418
526.9563918757468,118.41554465990465
527.759614453163,118.24845050082291
528.5628370305791,116.57697659550907
529.3660596079951,116.99681904139169
530.1692821854112,116.52277529830637
530.9725047628274,119.22077556722735
531.7757273402435,117.06565532066918
532.5789499176597,114.86882241175144
533.3821724950758,114.88979457624573
534.1853950724919,115.1419664965973
534.9886176499081,115.4861908508193
535.7918402273242,117.31402297831173
536.5950628047403,116.57675411600961
537.3982853821565,118.7051185640807
538.2015079595726,116.3078141353306
539.0047305369887,116.1776417394662
539.8079531144049,116.05038365938131
540.611175691821,113.09025331713714
541.4143982692372,115.06116861902424
542.2176208466533,114.84897105812172
543.0208434240693,114.05312499000344
543.8240660014854,115.45910088154925
544.6272885789016,115.35010442768099
545.4305111563177,115.2442808667721
546.2337337337339,116.38378449900854
547.0369563111499,115.04229482696215
547.840178888566,117.3505749246673
548.6434014659822,114.85324160239888
549.4466240433983,114.76352187766528
550.2498466208144,118.43170558331829
551.0530691982306,115.68187710347419
551.8562917756467,114.5133571027539
552.6595143530628,114.4362355467402
553.462736930479,114.36221495980173
554.2659595078951,113.35956046962858
555.0691820853112,114.22339897618275
555.8724046627274,114.1585647210185
556.6756272401435,114.09675371796175
557.4788498175596,114.03794653777071
558.2820723949758,113.98212375120345
559.0852949723919,115.13235363593496
559.8885175498081,113.8793536419726
560.6917401272241,111.12893595576314
561.4949627046402,113.78828795633397
562.2981852820564,113.74709569925699
563.1014078594725,115.60278453509943
563.9046304368886,113.91185171817469
564.7078530143048,115.45460128018992
565.5110755917208,111.02396264610717
566.3142981691369,113.58376310161891
567.117520746553,112.73377696369667
567.9207433239692,111.11029873049917
568.7239659013853,112.09448394714003
569.5271884788015,113.50308569429039
570.3304110562176,117.01665657686881
571.1336336336337,113.47898243756485
571.9368562110499,113.47092166859007
572.740078788466,113.46549556688477
573.5433013658821,115.62824683291748
574.3465239432983,113.46246964831494
575.1497465207144,113.46483097296661
575.9529690981306,113.46974924792009
576.7561916755467,115.3142543297615
577.5594142529628,113.37119320213476
578.362636830379,111.1000057062753
579.165859407795,115.93871376743431
579.9690819852111,113.5320148537485
580.7723045626273,118.18811275340784
581.5755271400434,117.27168604252158
582.3787497174595,113.84830365830862
583.1819722948755,114.8625710237437
583.9851948722917,113.65528983083702
584.7884174497078,113.68705222914497
585.591640027124,114.83476624676159
586.3948626045401,113.7575289947159
587.1980851819562,109.80469161931464
588.0013077593724,113.83713713175763
588.8045303367885,112.33573703597999
589.6077529142046,113.92565351794795
590.4109754916208,113.97317460193108
591.2141980690369,114.02282948515303
592.017420646453,113.17853376702719
592.8206432238692,114.128416265254
593.6238658012853,114.43198110682509
594.4270883787015,113.97757401267111
595.2303109561176,114.30202252932523
596.0335335335337,116.44156107271438
596.8367561109498,114.8284600838385
597.6399786883659,114.49315380174353
598.443201265782,114.56061355744627
599.2464238431982,114.62989615223927
600.0496464206143,114.7009704901076
600.8528689980304,114.77380547503644
601.6560915754465,114.84837001101093
602.4593141528626,114.92463300201625
603.2625367302787,115.00256335203744
604.0657593076949,112.5555906034307
604.868981885111,115.16330174506821
605.6722044625271,115.24604759604803
606.4754270399433,115.33033642198428
607.2786496173594,115.41613712686221
608.0818721947755,113.14939779136988
608.8850947721917,116.67937728598349
609.6883173496078,118.76138003481073
610.491539927024,116.23216721242417
611.2947625044401,117.85545167587296
612.0979850818562,115.96094943707153
612.9012076592724,118.64479837808472
613.7044302366885,118.64930383338134
614.5076528141046,117.20507179323182
615.3108753915207,113.83673256450192
616.1140979689368,120.27804001049212
616.9173205463529,118.08871345081224
617.7205431237691,119.16319387699969
618.5237657011852,116.75868051570112
619.3269882786012,116.64111111183959
620.1302108560174,115.62797778967597
620.9334334334335,118.05895570296681
621.7366560108496,117.1836316567404
622.5398785882658,114.22584969717924
623.3431011656819,117.03966626149013
624.146323743098,113.2863539860424
624.9495463205142,118.45069689415477
625.7527688979303,115.26675814873863
626.5559914753464,117.3792351684761
627.3592140527626,117.96155956136876
628.1624366301787,118.07575441751261
628.9656592075949,118.19062156019689
629.768881785011,117.10935857853015
630.5721043624271,118.4222483211271
631.3753269398431,118.2745036789096
632.1785495172593,117.8142917317807
632.9817720946754,119.03076481497853
633.7849946720916,121.11619294918907
634.5882172495077,120.05168848393774
635.3914398269238,119.13002949534126
636.19466240434,120.6206490360952
636.9978849817561,119.36942762349089
637.8011075591722,119.48963758113851
638.6043301365884,121.73443581317771
639.4075527140045,120.18809111021308
640.2107752914205,120.2741787604592
641.0139978688367,119.97315779520073
641.8172204462528,120.09455246450997
642.6204430236689,121.46035982559602
643.4236656010851,120.3377416699768
644.2268881785012,119.75649250813596
645.0301107559173,120.58125672447571
645.8333333333335,120.1246891245261
646.6365559107496,120.82484885988787
647.4397784881658,124.17395401039498
648.2430010655819,125.74795532915687
649.0462236429979,123.39094756057396
649.849446220414,121.31127906932048
650.6526687978302,121.43264143053021
651.4558913752463,121.5540009257935
652.2591139526625,121.67543409851447
653.0623365300786,121.95336674978908
653.8655591074947,121.91882764994538
654.6687816849109,123.65165665086857
655.472004262327,120.62035993400849
656.2752268397431,122.28638414312486
657.0784494171593,121.49607306045942
657.8816719945753,122.53395892231369
658.6848945719914,122.658737077241
659.4881171494076,122.78427780026227
660.2913397268237,120.06512457249636
661.0945623042398,122.48390386083736
661.897784881656,123.26536262493094
662.7010074590721,121.74485810321372
663.5042300364883,127.92577820221574
664.3074526139044,123.55782249898951
665.1106751913205,123.69084441398164
665.9138977687367,123.82524124430009
666.7171203461528,125.25867963259908
667.5203429235688,123.74626949100987
668.323565500985,126.91720851760971
669.1267880784011,125.55271406694166
669.9300106558172,128.5047578200341
670.7332332332334,126.64564655576666
671.5364558106495,124.8109463316043
672.3396783880656,124.95909804707838
673.1429009654818,125.10931356851506
673.9461235428979,125.85154989994261
674.749346120314,125.41624220289256
675.5525686977302,125.57310840264141
676.3557912751462,125.83245410607006
677.1590138525623,124.00197032638712
677.9622364299785,124.2367136920234
678.7654590073946,126.2249113005147
679.5686815848107,123.78888855588468
680.3719041622269,125.07617526554323
681.175126739643,126.73905636405007
681.9783493170592,124.96514856350579
682.7815718944753,127.52701640230103
683.5847944718914,127.27253354586509
684.3880170493076,127.76539323475102
685.1912396267236,127.63778485268205
685.9944622041397,127.82303391374926
686.7976847815559,128.0099178919119
687.600907358972,124.08451541195514
688.4041299363881,128.38824853549224
689.2073525138043,128.57952416889438
690.0105750912204,128.7720926553607
690.8137976686365,130.8606812021319
691.6170202460527,132.48217697167587
692.4202428234688,129.35670007306732
693.223465400885,129.55358481171265
694.026687978301,129.75133482338333
694.8299105557171,129.94986459207144
695.6331331331332,130.14908860176925
696.4363557105494,128.77961365801124
697.2395782879655,130.1091578173313
698.0428008653817,128.3782301460899
698.8460234427978,130.95121673050144
699.6492460202139,131.15262920513078
700.4524685976301,131.354222824723
701.2556911750462,131.55591207327035
702.0589137524623,132.39042212482025
702.8621363298785,131.95923539319932
703.6653589072945,130.25978929656372
704.4685814847106,132.36191503685515
705.2718040621268,130.60478825539073
706.0750266395429,132.76326687617566
706.878249216959,132.9632310791907
707.6814717943752,130.6266446041113
708.4846943717913,134.35325582625694
709.2879169492074,134.95428638568296
710.0911395266236,133.75634774010055
710.8943621040397,135.45012085470563
711.6975846814559,135.36956957963866
712.5008072588719,134.3417136288569
713.304029836288,134.53457539079582
714.1072524137041,134.72616452556517
714.9104749911203,134.1255336013557
715.7136975685364,135.10518284956405
716.5169201459526,138.59091853652149
717.3201427233687,135.47808447279107
718.1233653007848,135.6620277315956
718.926587878201,138.7773952872307
719.7298104556171,136.02447156354793
720.5330330330332,138.34991403889296
721.3362556104493,137.8474419310335
722.1394781878654,132.65765244498297
722.9427007652815,136.725194036607
723.7459233426977,136.89484139673348
724.5491459201138,141.82634969547553
725.3523684975299,135.37483328222672
726.1555910749461,137.38913540145637
726.9588136523622,137.50984792978235
727.7620362297783,137.70560284814655
728.5652588071945,140.73790875085967
729.3684813846106,136.8969759013375
730.1717039620266,138.15900086333818
730.9749265394428,135.73126393898661
731.7781491168589,138.49554218754713
732.581371694275,138.58478270853067
733.3845942716912,134.64340668303873
734.1878168491073,136.45799683789477
734.9910394265235,140.18105898230155
735.7942620039396,140.84252126802906
736.5974845813557,134.90693769375665
737.4007071587719,139.46675833798747
738.203929736188,139.4579075361337
739.0071523136041,138.9215343377005
739.8103748910202,139.67334190200788
740.6135974684363,138.58376402239145
741.4168200458524,140.98135511976827
742.2200426232686,135.66847375590015
743.0232652006847,138.62554945817186
743.8264877781008,138.21305109169825
744.629710355517,140.21865463432204
745.4329329329331,140.29407731340282
746.2361555103492,135.64982638809113
747.0393780877654,142.69898425138965
747.8426006651815,140.7197888263606
748.6458232425975,140.4672031792684
749.4490458200137,138.43213011593247
750.2522683974298,140.4776016489266
751.055490974846,141.3950259592649
751.8587135522621,139.4973692893074
752.6619361296782,142.65425127100443
753.4651587070944,140.82356149280662
754.2683812845105,142.57629979021772
755.0716038619266,140.88524685887796
755.8748264393428,140.91116601840864
756.6780490167589,142.69232390699665
757.4812715941749,140.9536210675533
758.2844941715911,139.26038650175036
759.0877167490072,138.2351257742701
759.8909393264233,140.99523679775814
760.6941619038395,141.0035952378978
761.4973844812556,141.00935153543747
762.3006070586717,141.0125984457959
763.1038296360879,142.74314976471103
763.907052213504,141.01193512664355
764.7102747909202,141.00821040797007
765.5134973683363,141.00234732378985
766.3167199457523,140.9944386295216
767.1199425231684,139.3722971083312
767.9231651005846,140.9728554323956
768.7263876780007,139.5997821281672
769.5296102554169,140.94420285994116
770.332832832833,140.9274574465124
771.1360554102491,143.62410768964168
771.9392779876653,141.18670482615485
772.7425005650814,142.2417732978336
773.5457231424975,141.60639609006122
774.3489457199137,142.40189976107686
775.1521682973298,140.79896077649283
775.9553908747458,142.67512646197997
776.758613452162,140.74767880150642
777.5618360295781,139.44454977717743
778.3650586069942,139.01266042975251
779.1682811844104,140.6653849708709
779.9715037618265,140.6368924841587
780.7747263392426,137.42270071162105
781.5779489166588,137.98640310210862
782.3811714940749,141.9532838889398
783.184394071491,140.52008996597235
783.9876166489072,141.24371333236869
784.7908392263232,140.46128773993755
785.5940618037394,140.43211102915
786.3972843811555,140.40320759374055
787.2005069585716,142.17079819283796
788.0037295359878,140.34659157073054
788.8069521134039,140.3190644939673
789.61017469082,139.6478578057053
790.4133972682362,140.26603598701746
791.2166198456523,141.1949914616078
792.0198424230684,141.83446086709813
792.8230650004846,140.19294867431415
793.6262875779006,141.6041877143716
794.4295101553167,140.20573015974477
795.2327327327329,140.12980967642298
796.035955310149,141.42936691560956
796.8391778875651,140.0939828215695
797.6424004649813,140.0779175398895
798.4456230423974,138.82165361519026
799.2488456198136,140.0493874856191
800.0520681972297,138.34939319168086
800.8552907746458,143.61906231111706
801.658513352062,140.0153063297261
802.461735929478,140.00619303197544
803.2649585068941,139.99817135053033
804.0681810843103,138.70016311224126
804.8714036617264,143.36089508964346
805.6746262391425,139.9804644392209
806.4778488165587,139.57257783625005
807.2810713939748,138.81492093801046
808.0842939713909,139.93273206266915
808.8875165488071,139.97097569258682
809.6907391262232,139.97099730827895
810.4939617036393,137.50706127778014
811.2971842810555,139.26125192509778
812.1004068584715,139.9765007773047
812.9036294358876,139.98008428602725
813.7068520133038,144.18544663730006
814.5100745907199,143.71258440092106
815.313297168136,141.45715585853208
816.1165197455522,140.00265257666678
816.9197423229683,140.01025743086018
817.7229649003845,140.0186090847056
818.5261874778006,140.02768838172202
819.3294100552167,142.27718993838252
820.1326326326329,140.0479532793454
820.9358552100489,142.3175591605998
821.739077787465,139.22908501526223
822.5423003648812,140.08332903754513
823.3455229422973,140.0963719074926
824.1487455197134,139.25997536756032
824.9519680971296,140.4626217835675
825.7551906745457,141.31173683911535
826.5584132519618,141.95269657230494
827.361635829378,141.56193558875913
828.1648584067941,140.18642315427311
828.9680809842102,138.71107236763672
829.7713035616263,138.08877426075307
830.5745261390424,137.64920144425994
831.3777487164585,140.25628491696253
832.1809712938747,141.63645302754392
832.9841938712908,142.65979065786007
833.787416448707,140.68795666998096
834.5906390261231,140.33257840762383
835.3938616035392,140.35251306417913
836.1970841809554,139.84684724210103
837.0003067583715,140.39328182259217
837.8035293357876,141.33272161187853
838.6067519132037,140.43512213153696
839.4099744906198,140.45639622625683
840.2131970680359,140.4778807391674
841.0164196454521,140.49955651378784
841.8196422228682,140.5214043936374
842.6228648002843,138.02510550750443
843.4260873777005,140.5655398431009
844.2293099551166,140.58778909975337
845.0325325325327,138.2046975818446
845.8357551099489,140.33750827053606
846.638977687365,140.65503311962414
847.4422002647811,140.6775493546164
848.2454228421972,138.8880281276335
849.0486454196133,140.72261922826937
849.8518679970294,140.88458624380414
850.6550905744456,140.76761126360853
851.4583131518617,138.42029976045464
852.2615357292779,142.624381879566
853.064758306694,138.4559135293899
853.8679808841101,141.58498657010813
854.6712034615263,140.87874509409352
855.4744260389424,141.89008725542462
856.2776486163585,140.92225783704646
857.0808711937746,140.94373598490535
857.8840937711907,140.96500310837826
858.6873163486068,140.98604005098431
859.490538926023,140.49778271843425
860.2937615034391,142.67417298254927
861.0969840808552,141.04757822879407
861.9002066582714,141.06750288312531
862.7034292356875,138.01118771122466
863.5066518131036,141.10635514549526
864.3098743905198,141.12751641823152
865.1130969679359,142.1516819988449
865.9163195453519,142.0616867098543
866.7195421227681,143.10245146200495
867.5227647001842,141.55129355382053
868.3259872776003,141.21355629565
869.1292098550165,141.22985764723853
869.9324324324326,141.24566062722963
870.7356550098488,142.73866234991308
871.5388775872649,141.2756948464965
872.342100164681,138.5915006504177
873.1453227420972,141.3035057016045
873.9485453195133,141.31652947639705
874.7517678969293,141.3289399407076
875.5549904743455,141.58419791149538
876.3582130517616,146.11391237394136
877.1614356291777,142.3563441193059
877.9646582065939,138.62460838279782
878.76788078401,138.82890464136955
879.5711033614261,143.66262318147082
880.3743259388423,141.90846869457013
881.1775485162584,141.40384570014953
881.9807710936745,138.57368733716714
882.7839936710907,141.41509808153702
883.5872162485068,136.85530504111327
884.3904388259228,143.11294498086775
885.193661403339,141.42574852413887
885.9968839807551,141.42756121122193
886.8001065581713,140.48361476913928
887.6033291355874,144.0028803001556
888.4065517130035,141.42751870038785
889.2097742904197,143.38485749182698
890.0129968678358,141.22136374678556
890.8162194452519,142.52654795660854
891.6194420226681,141.41395884246646
892.4226646000842,141.4080298865413
893.2258871775002,141.4010470210767
894.0291097549164,143.64639047550284
894.8323323323325,142.52037626110487
895.6355549097486,137.92130754212195
896.4387774871648,141.36219333420863
897.2420000645809,141.3496535738354
898.045222641997,143.9834578184434
898.8484452194132,141.32104835133623
899.6516677968293,141.30494457624874
900.4548903742455,142.0686783284021
901.2581129516616,141.2690389159942
902.0613355290776,141.24919871786562
902.8645581064937,141.2280747324285
903.6677806839099,141.20564780320203
904.471003261326,142.64578523188922
905.2742258387422,141.15680848745816
906.0774484161583,141.1303577879792
906.8806709935744,144.02575340369205
907.6838935709906,143.24760365680285
908.4871161484067,141.65192849692446
909.2903387258228,139.95585449348758
910.093561303239,140.9770276152841
910.896783880655,140.94201215031973
911.7000064580711,145.3262949287107
912.5032290354873,141.5779458846408
913.3064516129034,140.82792207792204
