110.88709677419354,151.80579932243484
111.69031935160966,150.91027950540357
112.4935419290258,149.00426436752818
113.29676450644192,148.96974104077162
114.09998708385804,152.17045831650952
114.90320966127416,154.2653192769249
115.7064322386903,150.41423558987734
116.50965481610642,150.97454101703448
117.31287739352254,150.7027114423335
118.11609997093868,155.25925924632082
118.9193225483548,149.45861766660272
119.72254512577092,154.52853572846502
120.52576770318706,152.99637600066106
121.32899028060318,157.4865121402523
122.1322128580193,156.28928392456132
122.93543543543542,154.81782116936188
123.73865801285156,156.25004147941706
124.54188059026768,157.1600316823687
125.3451031676838,156.88058293924885
126.14832574509992,157.70446189308146
126.95154832251606,154.7647875132134
127.75477089993218,155.75948010129852
128.5579934773483,159.35938187848376
129.36121605476444,158.5390226104
130.16443863218058,154.04903193342184
130.96766120959668,158.96053074937964
131.77088378701282,158.42618801556867
132.57410636442893,163.24459905105687
133.37732894184506,160.10317028967998
134.1805515192612,161.36993670529523
134.9837740966773,160.1111540219531
135.78699667409344,163.52194821149493
136.59021925150958,160.6362766082641
137.3934418289257,161.11732783537605
138.19666440634182,161.66874781770875
138.99988698375796,160.69255905762503
139.80310956117407,161.12776842218392
140.6063321385902,162.70834919809977
141.4095547160063,160.27185762986014
142.21277729342245,160.88773000188826
143.01599987083858,162.74845446635794
143.81922244825472,165.3841381296774
144.62244502567083,165.63075705302077
145.42566760308696,159.72201813256862
146.22889018050307,164.26519957662526
147.0321127579192,164.34136824740446
147.83533533533534,164.22237108693565
148.63855791275145,162.94862096968734
149.4417804901676,168.44937849839314
150.2450030675837,165.5886936632548
151.04822564499983,162.77129945789866
151.85144822241597,165.16199338809542
152.6546707998321,164.98279974029916
153.4578933772482,166.80394992518438
154.26111595466435,165.00390512805458
155.06433853208046,164.06997574547017
155.8675611094966,167.3062417515742
156.67078368691273,166.10467044132693
157.47400626432886,166.0560871023631
158.27722884174497,162.58532762860955
159.0804514191611,166.3522491233868
159.88367399657722,164.61318544770853
160.68689657399335,168.00290508605448
161.4901191514095,164.70536294840898
162.2933417288256,169.6556240477564
163.09656430624173,167.19211246231313
163.89978688365784,168.3048050650597
164.70300946107398,164.88731059799798
165.5062320384901,167.409673572292
166.30945461590625,163.86596685506242
167.11267719332236,170.5779456552222
167.9158997707385,170.43838251572313
168.7191223481546,167.86669615486014
169.52234492557074,169.07289679665914
170.32556750298687,169.61703931039983
171.12879008040298,165.9716377990143
171.93201265781912,170.768546739313
172.73523523523525,168.57489368948347
173.53845781265136,167.77899708583467
174.3416803900675,170.15407115647116
175.14490296748363,172.3205555614918
175.94812554489974,172.6509043511361
176.75134812231587,166.4289483817642
177.55457069973198,166.09869013473613
178.35779327714812,168.12071155734927
179.16101585456425,170.5196021266109
179.9642384319804,167.62032705137545
180.7674610093965,170.1664155681108
181.5706835868126,168.4514322258759
182.37390616422874,169.3474053517609
183.17712874164488,168.27802435348687
183.98035131906101,172.31614019850485
184.78357389647715,169.5410735455265
185.58679647389326,169.60170128223757
186.39001905130937,165.82805520657854
187.1932416287255,170.2640760481684
187.99646420614164,167.0556220305798
188.79968678355777,167.87260543352082
189.60290936097388,168.26389443114664
190.40613193839002,168.69056215923308
191.20935451580613,167.7305739208854
192.01257709322226,170.24763628848328
192.8157996706384,170.0946286718363
193.61902224805453,173.15265857045063
194.42224482547064,172.0153016358881
195.22546740288675,170.64398937109567
196.0286899803029,166.52856093219353
196.83191255771902,169.37780450126448
197.63513513513516,172.25046214537622
198.4383577125513,169.58069318995078
199.2415802899674,172.6021945148942
200.0448028673835,171.16320951164792
200.84802544479965,173.0320086859188
201.65124802221578,171.060942938275
202.45447059963192,168.26570802339555
203.25769317704803,169.88970426175734
204.06091575446416,169.89741604101056
204.86413833188027,169.77915874145424
205.6673609092964,165.83737113625432
206.47058348671254,168.4963409141538
207.27380606412868,172.23854482930275
208.07702864154479,167.21205359702455
208.8802512189609,172.1280007421206
209.68347379637703,172.20477284931007
210.48669637379317,172.28210453170487
211.2899189512093,171.5797688293143
212.0931415286254,171.05320958387074
212.89636410604155,172.6781794277386
213.69958668345765,170.8258807168648
214.5028092608738,166.89641828145542
215.30603183828993,169.10617799011956
216.10925441570606,173.1008786541105
216.91247699312217,173.5190448528547
217.71569957053828,172.0484017693326
218.5189221479544,169.99414620035662
219.32214472537055,171.0872694366595
220.12536730278669,169.17553695124712
220.92858988020282,169.4080522110986
221.73181245761893,171.49039545647477
222.53503503503504,172.57141980720323
223.33825761245117,166.50974529574907
224.1414801898673,169.24087282138646
224.94470276728345,173.5894978769478
225.74792534469955,169.36058660578985
226.5511479221157,172.49099340113395
227.3543704995318,174.4048330425075
228.15759307694793,169.88352577242935
228.96081565436407,173.33881759848913
229.7640382317802,171.8688793119693
230.5672608091963,173.8818240389708
231.37048338661242,174.70575387186938
232.17370596402856,171.2238005436211
232.9769285414447,174.19245035351693
233.78015111886083,172.66222691638066
234.58337369627696,167.66425966490462
235.38659627369307,171.30628967821755
236.18981885110918,169.61044093429084
236.99304142852532,172.90532745630279
237.79626400594145,168.51144185583485
238.5994865833576,169.4825664655785
239.4027091607737,169.88757675454798
240.20593173818983,173.09449683672358
241.00915431560594,173.3086856810569
241.81237689302208,169.64664842203325
242.6155994704382,168.39556523412486
243.41882204785432,170.35195747915526
244.22204462527046,170.07911781661812
245.0252672026866,171.87763634131525
245.8284897801027,171.60126859431585
246.63171235751884,171.64993468191315
247.43493493493497,171.56961356871741
248.23815751235108,171.5414537689984
249.04138008976722,173.61626507855294
249.84460266718335,172.89732396858352
250.64782524459946,176.64683311878372
251.4510478220156,173.40295372030374
252.2542703994317,171.7847598622911
253.05749297684784,171.86176410402587
253.86071555426398,173.65304724556967
254.66393813168008,173.58912228706944
255.46716070909622,170.39697803511902
256.27038328651236,173.1289029053861
257.0736058639285,170.8895035506184
257.8768284413446,173.53685527446038
258.68005101876076,169.87889970946702
259.48327359617684,174.6609555262875
260.286496173593,171.89008151755496
261.0897187510091,169.69668785336034
261.8929413284252,172.1364501718207
262.69616390584133,170.99027297767037
263.49938648325747,173.1989053158299
264.3026090606736,170.41308524212977
265.10583163808974,173.58026849389807
265.9090542155059,172.24523487245713
266.712276792922,174.25648257604465
267.51549937033815,173.41197861451914
268.3187219477542,169.08793013673153
269.12194452517036,168.8824307780301
269.9251671025865,172.96980781419646
270.7283896800026,174.34699557669092
271.5316122574187,171.9509249246406
272.33483483483485,174.4594615046305
273.138057412251,174.20107931799024
273.9412799896671,175.3613427401047
274.74450256708326,170.0277439918811
275.5477251444994,175.72982838346073
276.35094772191553,171.53466358447034
277.1541702993316,174.33601836396016
277.95739287674775,172.29965542030988
278.7606154541639,175.31807686283614
279.56383803157996,170.64862874400217
280.3670606089961,176.56004843003382
281.17028318641223,175.45261899872213
281.97350576382837,174.87629439315094
282.7767283412445,172.4478855401571
283.57995091866064,169.57621819831132
284.3831734960768,173.94784930295978
285.1863960734929,175.42377455391747
285.98961865090905,171.09473789156485
286.79284122832513,170.5621212572106
287.59606380574127,170.17707867170535
288.39928638315735,171.2415000354181
289.2025089605735,172.453319683385
290.0057315379896,175.09573621250476
290.80895411540575,174.24965203838474
291.6121766928219,171.19155316077817
292.415399270238,171.84330282881473
293.21862184765416,169.4496282826003
294.0218444250703,171.5600626374703
294.82506700248643,170.00097507125028
295.6282895799025,173.1746553451219
296.43151215731865,171.06699507720384
297.2347347347348,173.14612805325783
298.03795731215087,170.01941781658914
298.841179889567,170.65797710878655
299.64440246698314,177.15192894781592
300.4476250443993,172.71115784784854
301.2508476218154,175.8938761670654
302.05407019923155,169.66388447288486
302.8572927766477,173.8107420208176
303.6605153540638,171.66188456596902
304.4637379314799,171.77776610861744
305.26696050889603,171.59843696006746
306.07018308631217,171.6593122612106
306.87340566372825,168.53292121271102
307.6766282411444,170.2213876708986
308.4798508185605,171.38808772087003
309.28307339597666,169.7707866183907
310.0862959733928,170.51285011689734
310.88951855080893,170.8468718790386
311.69274112822507,169.2827329397156
312.4959637056412,172.1938410612738
313.2991862830573,174.3729949135968
314.1024088604734,171.26559490073052
314.90563143788955,170.4565925155613
315.70885401530563,173.28930283191053
316.51207659272177,174.79736902224778
317.3152991701379,171.74575439425516
318.11852174755404,173.5150747318774
318.9217443249702,170.79317844600564
319.7249669023863,170.31224320108154
320.52818947980245,173.53146042811426
321.3314120572186,168.4244855763017
322.1346346346347,170.42622629129136
322.9378572120508,165.54999357118183
323.74107978946694,169.44908465885945
324.544302366883,170.8982773020064
325.34752494429915,172.965156856719
326.1507475217153,170.84393229126192
326.9539700991314,170.26092022775404
327.75719267654756,168.2064064650613
328.5604152539637,165.03345882175668
329.36363783137983,165.49586171580256
330.16686040879597,166.7548342585175
330.9700829862121,169.63880596674176
331.7733055636282,168.71604524193617
332.5765281410443,167.81080690344444
333.37975071846046,172.142642161042
334.18297329587654,171.19117317854622
334.9861958732927,169.1859801317287
335.7894184507088,168.96581000391393
336.59264102812494,169.06310730795224
337.3958636055411,171.324910565927
338.1990861829572,165.32978424320606
339.00230876037335,170.7578880609403
339.8055313377895,169.15864183058997
340.60875391520557,166.88198362649894
341.4119764926217,168.5857164969475
342.21519907003784,167.1563477236263
343.0184216474539,167.74332990576335
343.82164422487006,163.63205055076125
344.6248668022862,166.29190197146679
345.4280893797023,167.4391452493728
346.23131195711846,166.15672136706564
347.0345345345346,162.21462562761667
347.83775711195074,166.01561578603147
348.6409796893669,168.7820253424044
349.44420226678295,166.7187992105919
350.2474248441991,167.79772660776194
351.0506474216152,163.538517364296
351.8538699990313,165.1019842378692
352.65709257644744,164.3412788838522
353.4603151538636,167.81668456168333
354.2635377312797,164.98743921701143
355.06676030869585,164.40572742448714
355.869982886112,167.3620519543349
356.6732054635281,164.05726389506265
357.47642804094426,163.85671415542714
358.2796506183604,165.6537347684996
359.0828731957765,162.93875282362907
359.8860957731926,164.70323280216337
360.6893183506087,163.1268116970643
361.4925409280248,165.1424545847143
362.29576350544096,158.13348047147943
363.0989860828571,166.24083486272005
363.90220866027323,163.64771923655292
364.70543123768937,161.50441807291188
365.5086538151055,157.5544575804658
366.31187639252164,162.00549176618284
367.1150989699377,162.4391165129396
367.91832154735386,162.5988357689829
368.72154412477,159.9840593859001
369.5247667021861,160.63629041134448
370.32798927960226,165.1902788060889
371.13121185701834,158.27407579480345
371.9344344344345,160.39321836341523
372.7376570118506,159.66925402350796
373.54087958926675,158.2013409803947
374.3441021666829,159.97412379766294
375.147324744099,158.25383621230165
375.9505473215151,158.10791352423178
376.75376989893124,162.25450721626456
377.5569924763474,160.68123348598115
378.3602150537635,161.03899783434744
379.16343763117965,159.3180511938485
379.9666602085957,163.14949004546048
380.76988278601186,157.6273551632935
381.573105363428,158.86169337860872
382.37632794084413,156.89631334097555
383.17955051826027,158.8134177886648
383.9827730956764,158.3602306198951
384.7859956730925,161.51062060470053
385.5892182505086,156.70444131892577
386.39244082792476,162.58618598128945
387.1956634053409,157.68270392527683
387.99888598275703,160.24374076556435
388.80210856017317,157.91453758900244
389.60533113758925,157.19082408210372
390.4085537150054,157.7536178596272
391.2117762924215,153.63241294045298
392.01499886983765,156.24137262106842
392.8182214472538,155.5319993685852
393.62144402466987,155.45825502412603
394.424666602086,154.89267124989135
395.22788917950214,157.23039263077692
396.0311117569183,153.87500600271568
396.8343343343344,153.70958416356606
397.63755691175055,155.26945638173194
398.44077948916663,155.2475402112031
399.24400206658277,156.13635134643727
400.0472246439989,155.36063664383104
400.85044722141504,154.69139929789387
401.6536697988312,154.57027836079823
402.45689237624725,155.83297919557882
403.2601149536634,154.26319092637826
404.0633375310795,153.94772457330382
404.86656010849566,151.1019023517785
405.6697826859118,154.96814264025383
406.47300526332793,153.77742061764852
407.276227840744,153.17406164254783
408.07945041816015,155.1293394084912
408.8826729955763,150.6010670894708
409.6858955729924,148.47880410443125
410.48911815040856,150.63101775023597
411.2923407278247,151.61929660058348
412.0955633052408,151.96448822447354
412.8987858826569,155.3730437424377
413.70200846007305,149.58090496147432
414.5052310374892,155.64553853266233
415.3084536149053,149.5567009714473
416.1116761923214,150.32225685524065
416.91489876973753,148.794350224344
417.71812134715367,152.098625786255
418.5213439245698,150.15515639786668
419.32456650198594,152.4580689684455
420.1277890794021,149.92534843324742
420.93101165681816,145.85398040969582
421.7342342342343,147.65305686966943
422.53745681165043,147.50552965551526
423.34067938906657,149.8175083870819
424.1439019664827,151.7207089296896
424.94712454389884,148.6940765626098
425.7503471213149,151.95641538513686
426.55356969873105,144.0406064000988
427.3567922761472,148.2160364829349
428.1600148535633,146.53748036592563
428.96323743097946,149.82620467449476
429.76646000839554,145.38344717805995
430.5696825858117,148.10144736756658
431.3729051632278,148.15431590260465
432.17612774064395,143.4963436686125
432.9793503180601,145.67910518803
433.7825728954762,146.09217585772095
434.5857954728923,146.5591604528084
435.38901805030844,142.32708054156348
436.1922406277246,142.35746657920316
436.9954632051407,149.3277369788688
437.79868578255684,142.28357898366255
438.6019083599729,146.7694582742795
439.40513093738906,147.63113831685175
440.2083535148052,145.16878260320456
441.01157609222133,143.28453749268158
441.81479866963747,143.45561575393856
442.6180212470536,141.79646132948017
443.4212438244697,138.83907546451712
444.2244664018858,138.7071104820277
445.02768897930196,139.81768993173768
445.8309115567181,142.18109070119323
446.63413413413423,141.97910610471286
447.43735671155036,146.13250852143472
448.24057928896644,143.73290597862382
449.0438018663826,137.53472484345866
449.8470244437987,142.73590386186476
450.65024702121485,140.32683677530665
451.453469598631,138.82324051327677
452.25669217604707,139.94691011648607
453.0599147534632,138.54394132820568
453.86313733087934,140.24123101082105
454.6663599082955,141.82901627148598
455.4695824857116,138.22791100261148
456.27280506312775,141.67067221834486
457.0760276405438,135.73852445998915
457.87925021795996,139.23388163317742
458.6824727953761,136.94848115807096
459.48569537279224,137.49815257751717
460.2889179502084,141.91779993631167
461.0921405276245,135.69630852933724
461.8953631050406,136.870470114455
462.6985856824567,136.58646614389698
463.50180825987286,137.09358264355436
464.305030837289,136.35025749991576
465.10825341470513,134.81737404497758
465.9114759921212,134.0405839977484
466.71469856953735,134.06734869333636
467.5179211469535,137.65305590816706
468.3211437243696,136.00608694737275
469.12436630178576,131.96435903585467
469.9275888792019,135.65790259665135
470.73081145661797,133.78024575406695
471.5340340340341,132.34234751746027
472.33725661145024,131.23853496665174
473.1404791888664,129.68874367963556
473.9437017662825,132.80420578370862
474.7469243436986,132.98200894153268
475.55014692111473,131.82313144209735
476.35336949853087,133.85931195662653
477.156592075947,134.48694943183395
477.95981465336314,132.40048031513297
478.7630372307793,132.15704273274483
479.56625980819535,132.4790615358494
480.3694823856115,130.26716222254177
481.1727049630276,130.60219180083243
481.97592754044376,126.17226584848078
482.7791501178599,130.25256894329902
483.58237269527604,134.52757937803307
484.3855952726921,128.97816506827132
485.18881785010825,128.35430853148733
485.9920404275244,131.18585061581308
486.7952630049405,132.48624321424606
487.59848558235666,130.740979729518
488.40170815977274,132.11612185086568
489.2049307371889,128.3030467572665
490.008153314605,128.06307302927206
490.81137589202115,124.41578790216431
491.6145984694373,126.27782409195136
492.4178210468534,128.25491865179438
493.2210436242695,130.49123541938357
494.02426620168563,123.13469896255671
494.82748877910177,126.50114034729776
495.6307113565179,127.35051398307904
496.43393393393404,126.6132888019977
497.2371565113502,125.94619505729392
498.04037908876626,125.89063715687094
498.8436016661824,126.33261601302098
499.64682424359853,126.62343768465226
500.45004682101467,124.04350787246753
501.2532693984308,126.95287303021803
502.0564919758469,125.58045633238892
502.859714553263,125.46169844449649
503.66293713067915,122.23907780669752
504.4661597080953,119.15304157653672
505.2693822855114,121.01995851658413
506.07260486292756,122.05608061501948
506.87582744034364,123.97467997394423
507.6790500177598,119.317020953037
508.4822725951759,119.71373294119682
509.28549517259205,126.62048896881265
510.0887177500082,119.69348654227544
510.89194032742427,119.69889842347335
511.6951629048404,118.13706107475011
512.4983854822565,120.58563930855934
513.3016080596726,122.84096673284084
514.1048306370888,120.77305462920283
514.9080532145049,123.21853415829098
515.711275791921,121.21170539067154
516.5144983693372,119.90685107025554
517.3177209467533,123.83817122523305
518.1209435241694,120.64296596194598
518.9241661015856,120.2102034174598
519.7273886790017,121.60287473386937
520.5306112564178,118.86443828287526
521.333833833834,118.17288462158237
522.1370564112501,122.87636025943803
522.9402789886663,120.3767661702561
523.7435015660824,119.42178174707213
524.5467241434984,117.9296560721161
525.3499467209145,121.46360702201468
526.1531692983307,118.58499904080931
526.9563918757468,117.36162869981153
527.759614453163,113.86944588889503
528.5628370305791,115.21177864133278
529.3660596079951,116.24139894259203
530.1692821854112,116.16588597088975
530.9725047628274,118.34430001389836
531.7757273402435,113.49512766754361
532.5789499176597,118.36406182336152
533.3821724950758,118.33441029524964
534.1853950724919,120.37253094186939
534.9886176499081,116.56310598253157
535.7918402273242,118.40721121630865
536.5950628047403,117.37084677899132
537.3982853821565,114.16833957534577
538.2015079595726,114.59654386204515
539.0047305369887,115.69080192631853
539.8079531144049,117.60113192977911
540.611175691821,115.46934481201683
541.4143982692372,115.51979078293961
542.2176208466533,115.68646470977517
543.0208434240693,115.62892862664285
543.8240660014854,112.09042251745232
544.6272885789016,114.57733525469718
545.4305111563177,113.97678988069168
546.2337337337339,117.70268571223535
547.0369563111499,116.58298045415742
547.840178888566,114.64449543146786
548.6434014659822,116.3402655917704
549.4466240433983,115.77951167795146
550.2498466208144,110.09666138268257
551.0530691982306,109.94298654084503
551.8562917756467,117.87454982527447
552.6595143530628,113.19910368600414
553.462736930479,114.6098883500883
554.2659595078951,113.26258212747143
555.0691820853112,113.82996442666303
555.8724046627274,113.61247001788475
556.6756272401435,109.97321126880638
557.4788498175596,116.85764017799822
558.2820723949758,111.2424800998254
559.0852949723919,111.85243393798943
559.8885175498081,116.54423552484802
560.6917401272241,113.4542768731192
561.4949627046402,113.81679550128882
562.2981852820564,115.20165760739025
563.1014078594725,113.0384047688255
563.9046304368886,110.83934689517628
564.7078530143048,113.21973171120253
565.5110755917208,116.51118705399442
566.3142981691369,115.42198981488879
567.117520746553,112.99205285976964
567.9207433239692,114.98584390310073
568.7239659013853,117.9981217119154
569.5271884788015,116.80478771115587
570.3304110562176,110.58876667186169
571.1336336336337,113.32623962193003
571.9368562110499,115.26289126634234
572.740078788466,110.10571082712059
573.5433013658821,112.68161761882143
574.3465239432983,113.51602300740998
575.1497465207144,113.23015858173412
575.9529690981306,110.56912126441978
576.7561916755467,113.74560428425713
577.5594142529628,111.14119081307376
578.362636830379,115.59387798330292
579.165859407795,113.5146032659144
579.9690819852111,109.15801390957631
580.7723045626273,111.23981892449932
581.5755271400434,117.01031124420442
582.3787497174595,114.8331511457263
583.1819722948755,116.58293842500377
583.9851948722917,113.65528983083702
584.7884174497078,116.45836808512608
585.591640027124,111.05009085650079
586.3948626045401,111.822082887191
587.1980851819562,113.76624388010495
588.0013077593724,117.51110319266925
588.8045303367885,114.44576235070728
589.6077529142046,112.0712439928613
590.4109754916208,113.28725737078766
591.2141980690369,117.69572884849299
592.017420646453,114.94824430451983
592.8206432238692,114.02335974071634
593.6238658012853,111.6244543006757
594.4270883787015,110.68560680686929
595.2303109561176,112.75832731267735
596.0335335335337,116.76380290268497
596.8367561109498,115.26720803346356
597.6399786883659,112.83852639163237
598.443201265782,114.50007158006952
599.2464238431982,112.73399905310391
600.0496464206143,117.39480318386295
600.8528689980304,112.80744926248735
601.6560915754465,115.17980071777774
602.4593141528626,116.1234311504733
603.2625367302787,117.90752102815325
604.0657593076949,118.05996174477664
604.868981885111,118.4113581222911
605.6722044625271,119.33390356133607
606.4754270399433,118.20745521182828
607.2786496173594,117.2998336482375
608.0818721947755,111.02439710882533
608.8850947721917,112.84262471128581
609.6883173496078,115.68229955499713
610.491539927024,115.65201913638893
611.2947625044401,115.86673047485597
612.0979850818562,117.08207867305477
612.9012076592724,111.07328706923312
613.7044302366885,117.75426942113015
614.5076528141046,115.0485170626802
615.3108753915207,117.02710099119363
616.1140979689368,115.90349580092048
616.9173205463529,119.77489708568862
617.7205431237691,116.12313487882201
618.5237657011852,116.75868051570112
619.3269882786012,120.77727921576722
620.1302108560174,116.46421640765948
620.9334334334335,118.8384489037359
621.7366560108496,116.88307585325222
622.5398785882658,115.6685752908061
623.3431011656819,119.19569944149916
624.146323743098,118.34100224886463
624.9495463205142,116.0210195294938
625.7527688979303,116.04737715483759
626.5559914753464,114.73840530531866
627.3592140527626,115.46785354198612
628.1624366301787,118.11310815553541
628.9656592075949,116.13143682645286
629.768881785011,118.85369824080628
630.5721043624271,119.31627230415894
631.3753269398431,116.41139066973216
632.1785495172593,116.03824456745095
632.9817720946754,121.3238194684115
633.7849946720916,115.23054048198941
634.5882172495077,116.87671358940308
635.3914398269238,122.13687540250291
636.19466240434,118.00249536649281
636.9978849817561,119.36942762349089
637.8011075591722,117.90475788273746
638.6043301365884,118.49408391140808
639.4075527140045,120.5721498990757
640.2107752914205,120.33330056415679
641.0139978688367,119.8761274443896
641.8172204462528,121.5472700393823
642.6204430236689,117.54654373866762
643.4236656010851,116.63370320787998
644.2268881785012,118.2981594293275
645.0301107559173,118.13533261665775
645.8333333333335,120.70305870507508
646.6365559107496,121.62584255847521
647.4397784881658,117.89123259850882
648.2430010655819,118.34354031240072
649.0462236429979,122.97068370343852
649.849446220414,120.74905977560665
650.6526687978302,122.45862979395463
651.4558913752463,119.63158688353661
652.2591139526625,124.53358274061854
653.0623365300786,122.11722462168873
653.8655591074947,125.16167786533507
654.6687816849109,122.35480313223512
655.472004262327,123.57306011860899
656.2752268397431,126.29280325025196
657.0784494171593,121.64919444751874
657.8816719945753,120.8479926669931
658.6848945719914,125.9299888117238
659.4881171494076,122.88374692664331
660.2913397268237,122.59226219709382
661.0945623042398,118.25149804821375
661.897784881656,122.15057547192717
662.7010074590721,124.18364855562972
663.5042300364883,123.68379526588319
664.3074526139044,123.70059761834369
665.1106751913205,121.2483095445353
665.9138977687367,119.55285119849388
666.7171203461528,123.170490230958
667.5203429235688,126.24825177449303
668.323565500985,124.2374466612535
669.1267880784011,124.26707243760504
669.9300106558172,128.59718915877696
670.7332332332334,125.83371995531314
671.5364558106495,125.24802146096124
672.3396783880656,126.24671346556681
673.1429009654818,128.71868035959034
673.9461235428979,127.51292250264218
674.749346120314,124.92819271975756
675.5525686977302,125.57310840264141
676.3557912751462,122.34624270182984
677.1590138525623,124.71547487326865
677.9622364299785,125.9147406247172
678.7654590073946,126.57713164276976
679.5686815848107,130.27633236900928
680.3719041622269,128.10705584247614
681.175126739643,128.8388702567732
681.9783493170592,126.9148480995233
682.7815718944753,127.25981575880313
683.5847944718914,125.57178975268798
684.3880170493076,125.0385633920174
685.1912396267236,125.63105571831673
685.9944622041397,127.05935021407467
686.7976847815559,129.62774788910147
687.600907358972,128.19835127116215
688.4041299363881,127.60063869097196
689.2073525138043,128.07869373903966
690.0105750912204,128.9155346927426
690.8137976686365,125.58922214929574
691.6170202460527,132.28928661581102
692.4202428234688,127.52302970358453
693.223465400885,129.55358481171265
694.026687978301,131.819018353473
694.8299105557171,129.99866276367635
695.6331331331332,130.14908860176925
696.4363557105494,130.34892133646895
697.2395782879655,127.29686812692968
698.0428008653817,130.5451507403156
698.8460234427978,127.01577950260791
699.6492460202139,133.78446605054208
700.4524685976301,130.41581202549636
701.2556911750462,131.48602832846734
702.0589137524623,127.94250218563367
702.8621363298785,133.0599818509569
703.6653589072945,133.3163819056742
704.4685814847106,134.25297691116364
705.2718040621268,133.62039816705064
706.0750266395429,132.420951722837
706.878249216959,135.5001787708013
707.6814717943752,130.84863868176677
708.4846943717913,134.96057928186087
709.2879169492074,135.53746112057559
710.0911395266236,131.7349718600633
710.8943621040397,134.06855214510045
711.6975846814559,135.45861407240974
712.5008072588719,132.99282160762658
713.304029836288,133.33335309032535
714.1072524137041,136.0357115187387
714.9104749911203,132.97093691756726
715.7136975685364,136.55751468830064
716.5169201459526,132.67049881294633
717.3201427233687,134.80133617399056
718.1233653007848,138.67693870430423
718.926587878201,139.33527164786778
719.7298104556171,137.339437142802
720.5330330330332,135.75852659186214
721.3362556104493,133.93833955507685
722.1394781878654,139.05375286654393
722.9427007652815,134.803276966175
723.7459233426977,137.31003974239192
724.5491459201138,137.10595036311824
725.3523684975299,141.53526826593702
726.1555910749461,135.44786097352062
726.9588136523622,135.11135250445312
727.7620362297783,138.34514723210114
728.5652588071945,139.25735408315094
729.3684813846106,135.31327960158822
730.1717039620266,140.1504110351174
730.9749265394428,138.89481706577638
731.7781491168589,134.81172692859306
732.581371694275,141.69972460305854
733.3845942716912,137.30572618192144
734.1878168491073,139.3862740497876
734.9910394265235,139.94103851414434
735.7942620039396,137.4263835804951
736.5974845813557,140.61705636542635
737.4007071587719,134.96129917097886
738.203929736188,141.25713127564373
739.0071523136041,139.62339350878753
739.8103748910202,139.67334190200788
740.6135974684363,138.6124241319299
741.4168200458524,139.2101159297859
742.2200426232686,142.27727902244686
743.0232652006847,143.05426880968247
743.8264877781008,142.9499463174893
744.629710355517,140.3321297995581
745.4329329329331,138.22983555158928
746.2361555103492,143.85069097103934
747.0393780877654,142.91635197084435
747.8426006651815,140.2890412588749
748.6458232425975,138.7305448904954
749.4490458200137,141.51828378426268
750.2522683974298,142.70254019701582
751.055490974846,136.77693095568
751.8587135522621,140.74812836126435
752.6619361296782,140.78760977542868
753.4651587070944,142.63355615529838
754.2683812845105,142.1884483024101
755.0716038619266,138.9767383717739
755.8748264393428,141.3397205021298
756.6780490167589,141.79934954940148
757.4812715941749,144.95163186993736
758.2844941715911,141.49156519883343
759.0877167490072,138.06001534444368
759.8909393264233,141.6016137441166
760.6941619038395,139.09303543217712
761.4973844812556,139.9359319521376
762.3006070586717,138.12019583908426
763.1038296360879,142.89853340008082
763.907052213504,137.39051031799337
764.7102747909202,141.00821040797007
765.5134973683363,142.36144891330042
766.3167199457523,139.3920267212697
767.1199425231684,140.9955057668099
767.9231651005846,142.22497930388602
768.7263876780007,141.7244276330372
769.5296102554169,142.3461508909554
770.332832832833,140.96333109453496
771.1360554102491,140.11956780457902
771.9392779876653,139.6082490713476
772.7425005650814,137.6581834280128
773.5457231424975,137.8332577867579
774.3489457199137,141.42667147809874
775.1521682973298,142.06241477986399
775.9553908747458,140.77373968382247
776.758613452162,142.31541791035283
777.5618360295781,137.96605105886422
778.3650586069942,144.26019138932153
779.1682811844104,140.6653849708709
779.9715037618265,145.60046849283796
780.7747263392426,138.76100707612403
781.5779489166588,138.32065751319018
782.3811714940749,140.78809190313598
783.184394071491,138.56991386048387
783.9876166489072,139.07980694686168
784.7908392263232,140.46128773993755
785.5940618037394,136.2326789875835
786.3972843811555,140.69930499918505
787.2005069585716,140.71415674604233
788.0037295359878,135.6279476562224
788.8069521134039,135.8103381065498
789.61017469082,139.80067164271804
790.4133972682362,145.12816077234723
791.2166198456523,140.03774023066376
792.0198424230684,144.81428118327756
792.8230650004846,140.17901294581975
793.6262875779006,138.42716982690524
794.4295101553167,138.67425906342564
795.2327327327329,142.11058311156302
796.035955310149,139.85147932596914
796.8391778875651,137.76246362145585
797.6424004649813,140.84301929689573
798.4456230423974,140.18253730100383
799.2488456198136,139.37138254641266
800.0520681972297,138.9076175568328
800.8552907746458,140.05745450474694
801.658513352062,142.0086438480243
802.461735929478,136.36023771475297
803.2649585068941,139.32579905115642
804.0681810843103,138.22639550529112
804.8714036617264,141.49133101328545
805.6746262391425,142.86661669727843
806.4778488165587,140.7792121858206
807.2810713939748,143.32695336313247
808.0842939713909,139.96979343281384
808.8875165488071,140.0219685537997
809.6907391262232,141.60444481347605
810.4939617036393,140.03668998259684
811.2971842810555,142.45552682980323
812.1004068584715,139.97405617360207
812.9036294358876,142.48266249595906
813.7068520133038,140.63623083142593
814.5100745907199,142.5745575713945
815.313297168136,138.65648253462513
816.1165197455522,136.335600079927
816.9197423229683,136.92916764553513
817.7229649003845,138.8352169271276
818.5261874778006,139.21440586908022
819.3294100552167,138.56501298350767
820.1326326326329,139.46538114228278
820.9358552100489,138.68848728252587
821.739077787465,138.28157415684743
822.5423003648812,142.08170574614695
823.3455229422973,143.78235137450346
824.1487455197134,139.12691039177523
824.9519680971296,140.48366494301237
825.7551906745457,143.09457636916952
826.5584132519618,140.68981521535946
827.361635829378,137.61337574341331
828.1648584067941,138.2970571725069
828.9680809842102,141.6073074546666
829.7713035616263,139.60511194947637
830.5745261390424,140.72989985879272
831.3777487164585,138.42727129740314
832.1809712938747,139.96735079483443
832.9841938712908,138.0642002065135
833.787416448707,141.7776440887863
834.5906390261231,143.05600795041966
835.3938616035392,139.11596471942426
836.1970841809554,137.4054439259549
837.0003067583715,141.83645114842915
837.8035293357876,140.04598335816544
838.6067519132037,141.37945571765277
839.4099744906198,139.0413146873583
840.2131970680359,139.75814475133862
841.0164196454521,142.50759205869238
841.8196422228682,140.5926637614022
842.6228648002843,140.32280464482622
843.4260873777005,139.2241207573037
844.2293099551166,140.58778909975337
845.0325325325327,136.88720439148588
845.8357551099489,141.03429975291837
846.638977687365,139.54744305781927
847.4422002647811,137.3447840752829
848.2454228421972,141.36044329207365
849.0486454196133,138.61897703872114
849.8518679970294,137.8381211594596
850.6550905744456,137.2533684621628
851.4583131518617,142.09771341038046
852.2615357292779,143.7438593004671
853.064758306694,142.57170882325389
853.8679808841101,143.43262169555902
854.6712034615263,140.9686088730184
855.4744260389424,139.53306131097804
856.2776486163585,139.2724297546418
857.0808711937746,137.79167177583963
857.8840937711907,138.62689016464432
858.6873163486068,140.98604005098431
859.490538926023,142.89875213255857
860.2937615034391,145.92717557887377
861.0969840808552,143.21021747309902
861.9002066582714,142.18272564172727
862.7034292356875,144.83544740269983
863.5066518131036,143.89548970638677
864.3098743905198,141.73644386614433
865.1130969679359,136.90486540717345
865.9163195453519,145.5605769367059
866.7195421227681,142.4527735906091
867.5227647001842,142.37279548713303
868.3259872776003,141.82372968248745
869.1292098550165,142.8962790066773
869.9324324324326,142.94812005068923
870.7356550098488,140.94410908152207
871.5388775872649,144.90333921509327
872.342100164681,142.32755573711427
873.1453227420972,142.17678948661754
873.9485453195133,141.8775073939012
874.7517678969293,140.4671416873022
875.5549904743455,142.1837415632847
876.3582130517616,141.60936013169857
877.1614356291777,141.65231546226627
877.9646582065939,140.69231434181714
878.76788078401,142.85506149380933
879.5711033614261,141.4018773108872
880.3743259388423,139.44918175332813
881.1775485162584,141.8755965613406
881.9807710936745,138.11787375121327
882.7839936710907,137.89576294895636
883.5872162485068,141.77868535084832
884.3904388259228,143.04361214323646
885.193661403339,141.42574852413887
885.9968839807551,137.90480385648132
886.8001065581713,143.62364566256784
887.6033291355874,141.42846545582717
888.4065517130035,139.84563541191906
889.2097742904197,145.9943339690341
890.0129968678358,139.87103445128528
890.8162194452519,141.9987733406254
891.6194420226681,141.51463380768882
892.4226646000842,142.9834716429287
893.2258871775002,139.68861895048346
894.0291097549164,141.5620732708395
894.8323323323325,141.69679291676948
895.6355549097486,144.51869004924362
896.4387774871648,138.42883243156575
897.2420000645809,138.09811487228592
898.045222641997,140.23022071996255
898.8484452194132,141.32104835133623
899.6516677968293,142.97952314679412
900.4548903742455,136.55584502645118
901.2581129516616,141.3551642739083
902.0613355290776,143.39904008102954
902.8645581064937,142.58337747255456
903.6677806839099,140.0465667568153
904.471003261326,140.60333218737827
905.2742258387422,140.803164182625
906.0774484161583,141.6207139929559
906.8806709935744,142.1131330195188
907.6838935709906,142.53541825533358
908.4871161484067,143.11135904689255
909.2903387258228,142.26037634239253
910.093561303239,142.67152882642256
910.896783880655,140.94201215031973
911.7000064580711,138.85428528883736
912.5032290354873,144.7299289193255
913.3064516129034,141.7309451315575
