110.88709677419354,151.91972135047314
111.69031935160966,150.70999608223883
112.4935419290258,151.116662910863
113.29676450644192,150.33167542072184
114.09998708385804,150.8496297071599
114.90320966127416,155.86819824697386
115.7064322386903,152.68705754740796
116.50965481610642,153.06579538255755
117.31287739352254,153.43907182631304
118.11609997093868,153.80692834777466
118.9193225483548,154.1694064160427
119.72254512577092,155.39572688352573
120.52576770318706,152.33656889748707
121.32899028060318,154.4347922481306
122.1322128580193,155.56636353918412
122.93543543543542,155.90257137798807
123.73865801285156,156.23364957820002
124.54188059026768,158.5370731307013
125.3451031676838,156.88058293924885
126.14832574509992,157.1965210382863
126.95154832251606,158.92276727575288
127.75477089993218,157.8135474188885
128.5579934773483,158.1147186386537
129.36121605476444,158.4110505035288
130.16443863218058,160.20095593594962
130.96766120959668,158.9893620450094
131.77088378701282,159.13429131346606
132.57410636442893,159.54881379613226
133.37732894184506,159.8215709230603
134.1805515192612,160.08973750969963
134.9837740966773,160.35335502515065
135.78699667409344,160.61246493851354
136.59021925150958,160.86710871888857
137.3934418289257,161.06136000054437
138.19666440634182,162.41726733746614
138.99988698375796,161.60465795308932
139.80310956117407,161.84185189251554
140.6063321385902,162.07478704445532
141.4095547160063,160.946397498577
142.21277729342245,163.53264888270053
143.01599987083858,164.16612211532404
143.81922244825472,162.96476915935418
144.62244502567083,163.17703241036511
145.42566760308696,162.4214434190762
146.22889018050307,163.58957046283246
147.0321127579192,163.78992820248936
147.83533533533534,163.98640037656202
148.63855791275145,164.1790284541508
149.4417804901676,164.3678539043559
150.2450030675837,167.55718930632614
151.04822564499983,163.96247351687202
151.85144822241597,164.52856507873352
152.6546707998321,163.282931009295
153.4578933772482,161.4771470870747
154.26111595466435,165.42327370014428
155.06433853208046,163.76077986377095
155.8675611094966,165.7465392122163
156.67078368691273,165.90300712548026
157.47400626432886,166.0560871023631
158.27722884174497,166.20582061196518
159.0804514191611,166.3522491233868
159.88367399657722,166.04545762470343
160.68689657399335,166.63535702808937
161.4901191514095,166.772119359571
162.2933417288256,164.47014224415162
163.09656430624173,167.03626812629597
163.89978688365784,166.32641878935695
164.70300946107398,167.28819215870516
165.5062320384901,167.409673572292
166.30945461590625,169.2692620817185
167.11267719332236,163.3700040485041
167.9158997707385,167.75669303178447
168.7191223481546,167.86669615486014
169.52234492557074,166.51446315329034
170.32556750298687,168.07844617048048
171.12879008040298,168.1802760012256
171.93201265781912,168.27946433939442
172.73523523523525,168.3760526540871
173.53845781265136,168.47008241440403
174.3416803900675,170.46738556019855
175.14490296748363,166.8322707698029
175.94812554489974,168.73723506010242
176.75134812231587,167.90542640029955
177.55457069973198,168.90330431886045
178.35779327714812,168.98285360402795
179.16101585456425,169.7023252651325
179.9642384319804,168.5727470352366
180.7674610093965,170.54828990996376
181.5706835868126,171.6564171684468
182.37390616422874,170.82407063624794
183.17712874164488,172.12268524414173
183.98035131906101,169.47850929094355
184.78357389647715,169.5410735455265
185.58679647389326,169.60170128223757
186.39001905130937,169.660433970177
187.1932416287255,169.36163557586315
187.99646420614164,169.5402196315563
188.79968678355777,169.82567643236814
189.60290936097388,169.87724361622364
190.40613193839002,169.92712309680886
191.20935451580613,169.97535634322398
192.01257709322226,170.02198482456933
192.8157996706384,169.86857117433223
193.61902224805453,170.11059336845165
194.42224482547064,170.15265636918915
195.22546740288675,170.2935956728878
196.0286899803029,170.3214912247095
196.83191255771902,170.29355225086633
197.63513513513516,170.88245081461807
198.4383577125513,173.13740183020502
199.2415802899674,170.37626913007952
200.0448028673835,170.4091307612413
200.84802544479965,170.44084378743605
201.65124802221578,169.14153096171685
202.45447059963192,173.28199990787493
203.25769317704803,170.52950592722155
204.06091575446416,170.0975067393494
204.86413833188027,170.58363126241537
205.6673609092964,170.60932350991416
206.47058348671254,170.6341574361478
207.27380606412868,170.8254390411543
208.07702864154479,170.68141620122088
208.8802512189609,172.52345745452962
209.68347379637703,170.72573931043678
210.48669637379317,170.74690366684888
211.2899189512093,169.3604282664093
212.0931415286254,170.78744532878284
212.89636410604155,170.80690557250517
213.69958668345765,170.8258807168648
214.5028092608738,170.76507863075406
215.30603183828993,170.86254158389676
216.10925441570606,170.88031024476973
216.91247699312217,171.09339593731121
217.71569957053828,173.0170729961315
218.5189221479544,170.9414123354121
219.32214472537055,171.41970231561078
220.12536730278669,173.85596856308055
220.92858988020282,170.9816699463211
221.73181245761893,170.99807489756768
222.53503503503504,175.98556049979945
223.33825761245117,168.52805958315668
224.1414801898673,170.59620029609113
224.94470276728345,169.50581427621646
225.74792534469955,171.08049494690795
226.5511479221157,171.09734829909925
227.3543704995318,174.83585643933327
228.15759307694793,171.13175609860735
228.96081565436407,173.99600778423095
229.7640382317802,169.2171403633954
230.5672608091963,170.6727413996251
231.37048338661242,171.20453721293234
232.17370596402856,171.2238005436211
232.9769285414447,173.0281719460783
233.78015111886083,171.26389915122957
234.58337369627696,171.28480900962438
235.38659627369307,171.30628967821755
236.18981885110918,171.32831077924044
236.99304142852532,171.05172575981996
237.79626400594145,171.37385269825242
238.5994865833576,170.65933016987256
239.4027091607737,171.42119160601462
240.20593173818983,172.32939353109404
241.00915431560594,171.47008434188123
241.81237689302208,171.49503740765184
242.6155994704382,169.42925308483774
243.41882204785432,173.0457814206806
244.22204462527046,171.57155865534452
245.0252672026866,173.59883608552087
245.8284897801027,171.62365391164974
246.63171235751884,171.64993468191315
247.43493493493497,174.79727816152317
248.23815751235108,171.70281053125817
249.04138008976722,171.72934482017826
249.84460266718335,174.655419923247
250.64782524459946,171.78245415111002
251.4510478220156,176.2849614900825
252.2542703994317,171.8354151856258
253.05749297684784,171.86176410402587
253.86071555426398,173.09107916103642
254.66393813168008,171.91404676770676
255.46716070909622,171.93991972282618
256.27038328651236,171.96557323335728
257.0736058639285,171.9909769042193
257.8768284413446,172.01610034033152
258.68005101876076,174.00521214396224
259.48327359617684,172.49066379864598
260.286496173593,172.0894852893623
261.0897187510091,172.11318383566817
261.8929413284252,172.1364501718207
262.69616390584133,167.79159067744783
263.49938648325747,172.18156463334267
264.3026090606736,172.20335196855066
265.10583163808974,173.49625363944597
265.9090542155059,172.24523487245713
266.712276792922,172.26526965099418
267.51549937033815,172.28465945381268
268.3187219477542,172.30337388583214
269.12194452517036,172.32138255197168
269.9251671025865,174.77664823956124
270.7283896800026,172.3551610062881
271.5316122574187,172.3708700043037
272.33483483483485,172.38575165611644
273.138057412251,172.3997755666457
273.9412799896671,168.5098545452864
274.74450256708326,175.30543890110815
275.5477251444994,172.43639689972525
276.35094772191553,172.44668589431333
277.1541702993316,175.20385466383522
277.95739287674775,170.83620886390415
278.7606154541639,172.47137299763196
279.56383803157996,174.18739543988153
280.3670606089961,171.07150860388876
281.17028318641223,172.77675051911152
281.97350576382837,173.56985695516843
282.7767283412445,172.49009486350138
283.57995091866064,172.49020218499948
284.3831734960768,169.61034909784513
285.1863960734929,168.64845505684505
285.98961865090905,172.4827029346893
286.79284122832513,172.4774947960487
287.59606380574127,172.47088180467162
288.39928638315735,172.46283356547724
289.2025089605735,172.453319683385
290.0057315379896,173.0731085073271
290.80895411540575,172.4297734101838
291.6121766928219,174.53960533496473
292.415399270238,171.1852171114242
293.21862184765416,170.41233991845877
294.0218444250703,173.53311627919535
294.82506700248643,172.34313132081633
295.6282895799025,172.32079807263463
296.43151215731865,172.29672562582843
297.2347347347348,172.27088358531716
298.03795731215087,172.2432415560199
298.841179889567,170.61156859758148
299.64440246698314,173.56134092511056
300.4476250443993,172.14921158460595
301.2508476218154,172.11406564935803
302.05407019923155,172.0769677499206
302.8572927766477,169.99656898623385
303.6605153540638,174.62143090518066
304.4637379314799,171.95365831566428
305.26696050889603,170.11654480925577
306.07018308631217,171.47415794129253
306.87340566372825,171.8116869807966
307.6766282411444,171.7600742697726
308.4798508185605,171.70626643391336
309.28307339597666,171.65023307813811
310.0862959733928,171.59194380736614
310.88951855080893,170.2229468654755
311.69274112822507,171.46847594050922
312.4959637056412,171.40323655426283
313.2991862830573,171.3356196726968
314.1024088604734,171.26559490073052
314.90563143788955,171.1931318432832
315.70885401530563,169.26700436661514
316.51207659272177,171.0407692916225
317.3152991701379,173.38954072761422
318.11852174755404,172.90726896301624
318.9217443249702,170.90759436592128
319.7249669023863,170.7054473789769
320.52818947980245,170.61506526090213
321.3314120572186,170.5220016967005
322.1346346346347,170.42622629129136
322.9378572120508,170.32770864959394
323.74107978946694,170.22641837652753
324.544302366883,170.12232507701145
325.34752494429915,170.01539835596495
326.1507475217153,169.90560781830726
326.9539700991314,169.79292306895775
327.75719267654756,169.67731371283566
328.5604152539637,169.55874935486025
329.36363783137983,169.4371995999508
330.16686040879597,169.31263405302664
330.9700829862121,169.1850237704553
331.7733055636282,165.72800052310907
332.5765281410443,166.66465786070833
333.37975071846046,168.78447129404853
334.18297329587654,168.64537917944503
334.9861958732927,168.50366836209184
335.7894184507088,168.35944000707943
336.59264102812494,166.5385432466335
337.3958636055411,168.06383534443947
338.1990861829572,169.49605069615632
339.00230876037335,167.75937451224962
339.8055313377895,166.89286156005926
340.60875391520557,164.4682524363909
341.4119764926217,164.41340754406843
342.21519907003784,167.127121622118
343.0184216474539,166.96478785724838
343.82164422487006,166.8009482056252
344.6248668022862,166.635703832339
345.4280893797023,168.12817618039156
346.23131195711846,166.01880252238112
347.0345345345346,166.19024443217927
347.83775711195074,166.47193911469392
348.6409796893669,165.79195191913212
349.44420226678295,165.62040368276956
350.2474248441991,167.7066396685854
351.0506474216152,165.27531867704744
351.8538699990313,165.1019842378692
352.65709257644744,163.05058080603075
353.4603151538636,161.44347563820963
354.2635377312797,161.9133921731206
355.06676030869585,164.40572742448714
355.869982886112,166.65229048375875
356.6732054635281,164.05726389506265
357.47642804094426,163.88330242748395
358.2796506183604,164.58111195248281
359.0828731957765,163.54968169499338
359.8860957731926,163.36371319436887
360.6893183506087,165.80781306812958
361.4925409280248,163.0202345349707
362.29576350544096,162.84956359928137
363.0989860828571,162.67956585305106
363.90220866027323,162.51020054645304
364.70543123768937,160.58641903432934
365.5086538151055,164.449360936924
366.31187639252164,162.00549176618284
367.1150989699377,161.5408198268342
367.91832154735386,161.67143436400391
368.72154412477,158.46095345174726
369.5247667021861,156.40447442509182
370.32798927960226,160.6456989973819
371.13121185701834,157.39603631834186
371.9344344344345,160.84236669832552
372.7376570118506,160.67726873910655
373.54087958926675,160.5123142215971
374.3441021666829,160.34746239597018
375.147324744099,157.4476691747729
375.9505473215151,159.2488504128178
376.75376989893124,159.85311557211634
377.5569924763474,159.81242413159484
378.3602150537635,159.52331740213373
379.16343763117965,159.4627091210886
379.9666602085957,154.6999232528917
380.76988278601186,162.91791838969527
381.573105363428,158.86169337860872
382.37632794084413,158.6322715914709
383.17955051826027,158.529215527836
383.9827730956764,158.362417518303
384.7859956730925,158.19519245290303
385.5892182505086,154.49705630001182
386.39244082792476,157.85929815519464
387.1956634053409,157.69054742323246
387.99888598275703,157.04714964558664
388.80210856017317,155.85372295590318
389.60533113758925,157.18059189699127
390.4085537150054,157.0092364453697
391.2117762924215,156.83712793926605
392.01499886983765,158.43647461893266
392.8182214472538,156.49048876430493
393.62144402466987,156.31587659579378
394.424666602086,156.66262886377615
395.22788917950214,155.9638633475755
396.0311117569183,155.78638076821477
396.8343343343344,155.63591258930404
397.63755691175055,158.0508379916627
398.44077948916663,155.2475402112031
399.24400206658277,159.50986834520037
400.0472246439989,151.57427868365477
400.85044722141504,154.6982546794327
401.6536697988312,154.51264823081516
402.45689237624725,154.3257182301391
403.2601149536634,154.13742392757757
404.0633375310795,153.94772457330382
404.86656010849566,153.75657941749083
405.6697826859118,153.56394771031177
406.47300526332793,153.3697887019397
407.276227840744,153.17406164254783
408.07945041816015,155.37110948992478
408.8826729955763,153.50623778413544
409.6858955729924,152.5770646599841
410.48911815040856,151.13901816689022
411.2923407278247,151.3419507821436
412.0955633052408,152.09816648681206
412.8987858826569,152.57057829366076
413.70200846007305,148.43331245256405
414.5052310374892,151.33527556371158
415.3084536149053,151.12178576685608
416.1116761923214,148.63662025629785
416.91489876973753,149.96862627146547
417.71812134715367,150.90426950025534
418.5213439245698,150.24999635576788
419.32456650198594,150.02778000937374
420.1277890794021,144.94795151166923
420.93101165681816,150.18276363333408
421.7342342342343,149.35148878484017
422.53745681165043,147.08052438161087
423.34067938906657,148.89296993861413
424.1439019664827,145.61406268519647
424.94712454389884,151.73585102927788
425.7503471213149,148.9076141045495
426.55356969873105,147.9589106229926
427.3567922761472,147.72206961193703
428.1600148535633,147.48397355293923
428.96323743097946,145.68774797289907
429.76646000839554,145.3207321344587
430.5696825858117,149.0287890771537
431.3729051632278,146.51979308670244
432.17612774064395,146.27598747487633
432.9793503180601,143.77639699235434
433.7825728954762,145.78532764411577
434.5857954728923,145.5385488500992
435.38901805030844,146.67200333532162
436.1922406277246,145.04228206708774
436.9954632051407,144.79286950301056
437.79868578255684,144.54265444049773
438.6019083599729,144.29167459200798
439.40513093738906,144.0399676700002
440.2083535148052,143.78757138693337
441.01157609222133,142.2981761850735
441.81479866963747,143.6603072584988
442.6180212470536,139.44424185618382
443.4212438244697,142.48779143178007
444.2244664018858,142.5165694917731
445.02768897930196,142.26082900398802
445.8309115567181,143.2096727954788
446.63413413413423,141.74810961933582
447.43735671155036,141.4912061473865
448.24057928896644,141.23399043896683
449.0438018663826,138.41918328369704
449.8470244437987,138.77390104870054
450.65024702121485,140.4608470194747
451.453469598631,140.20275948976254
452.25669217604707,139.9445468675996
453.0599147534632,139.68623501582206
453.86313733087934,139.94575582248228
454.6663599082955,139.16939843067473
455.4695824857116,140.1774121093249
456.27280506312775,138.65241924111717
457.0760276405438,137.8443084554232
457.87925021795996,138.1354669324051
458.6824727953761,137.87705382250846
459.48569537279224,137.61871098979398
460.2889179502084,137.36045961991863
461.0921405276245,133.84583909861928
461.8953631050406,136.84431601131328
462.6985856824567,136.58646614389698
463.50180825987286,136.32879248194772
464.305030837289,136.07131621112222
465.10825341470513,137.23403615764028
465.9114759921212,135.5570405854707
466.71469856953735,138.65701212503788
467.5179211469535,138.3357368718949
468.3211437243696,135.10721205374006
469.12436630178576,134.5317901965597
469.9275888792019,134.18629306765592
470.73081145661797,133.6416240892226
471.5340340340341,135.67826030763004
472.33725661145024,133.51207085920845
473.1404791888664,134.73512603683727
473.9437017662825,133.00470904800667
474.7469243436986,132.75172675657353
475.55014692111473,132.4992384554615
476.35336949853087,132.24726533032754
477.156592075947,130.26679394356296
477.95981465336314,131.7449493506215
478.7630372307793,131.49464886736334
479.56625980819535,131.24494830271104
480.3694823856115,130.99586884232147
481.1727049630276,130.13233040913096
481.97592754044376,128.46272144454394
482.7791501178599,130.25256894329902
483.58237269527604,130.00618575653004
484.3855952726921,132.3183867649648
485.18881785010825,130.46144305798998
485.9920404275244,128.1394650319655
486.7952630049405,129.0281351914987
487.59848558235666,127.27050643623458
488.40170815977274,128.54389581740702
489.2049307371889,128.3030467572665
490.008153314605,130.8785988333395
490.81137589202115,126.85800497877747
491.6145984694373,125.91152188721486
492.4178210468534,127.34861569473495
493.2210436242695,127.60383682876534
494.02426620168563,125.9750479970481
494.82748877910177,126.64279903316304
495.6307113565179,126.40954582858605
496.43393393393404,126.17733744141063
497.2371565113502,125.94619505729392
498.04037908876626,125.71613986189277
498.8436016661824,121.78262587079138
499.64682424359853,125.25937577986501
500.45004682101467,125.03270926455227
501.2532693984308,119.9222462423218
502.0564919758469,124.01317272837638
502.859714553263,124.52111034285755
503.66293713067915,122.208170564217
504.4661597080953,123.91745388646329
505.2693822855114,123.69823668404693
506.07260486292756,123.48038233433157
506.87582744034364,123.26392777691434
507.6790500177598,123.04890995139223
508.4822725951759,118.93291149953869
509.28549517259205,122.6233322544221
510.0887177500082,122.41284626216827
510.89194032742427,124.67913112316064
511.6951629048404,121.99666468810865
512.4983854822565,122.24847411606339
513.3016080596726,117.59749982527694
514.1048306370888,121.38492244709578
514.9080532145049,122.08606249398835
515.711275791921,122.90340634223824
516.5144983693372,120.78910290050551
517.3177209467533,120.59420714630028
518.1209435241694,120.4012283387527
518.9241661015856,121.13210808594911
519.7273886790017,117.11605596531197
520.5306112564178,118.47911586348168
521.333833833834,119.64922136708056
522.1370564112501,121.12423184369523
522.9402789886663,118.94358915508893
523.7435015660824,119.10715411848975
524.5467241434984,116.18675906748314
525.3499467209145,118.7567767039398
526.1531692983307,118.58499904080931
526.9563918757468,114.77602174481618
527.759614453163,114.49257884507253
528.5628370305791,118.52018331609871
529.3660596079951,117.9214906065166
530.1692821854112,117.76169875048629
530.9725047628274,117.6044148746673
531.7757273402435,118.55109567091358
532.5789499176597,115.95990471647099
533.3821724950758,117.14798052444964
534.1853950724919,117.00109796544713
534.9886176499081,116.15724456383279
535.7918402273242,116.22026657266346
536.5950628047403,116.57675411600961
537.3982853821565,116.44086390737745
538.2015079595726,116.3078141353306
539.0047305369887,116.1776417394662
539.8079531144049,116.05038365938131
540.611175691821,114.86755690857547
541.4143982692372,114.21069700441414
542.2176208466533,115.68646470977517
543.0208434240693,114.03373342187182
543.8240660014854,115.45910088154925
544.6272885789016,115.35010442768099
545.4305111563177,118.2283498187712
546.2337337337339,118.2433966214999
547.0369563111499,115.04229482696215
547.840178888566,114.94615944241718
548.6434014659822,114.85324160239888
549.4466240433983,114.76352187766528
550.2498466208144,117.15830626164463
551.0530691982306,114.59359905708473
551.8562917756467,114.5133571027539
552.6595143530628,115.98881074500336
553.462736930479,114.60966921002561
554.2659595078951,112.8942627277868
555.0691820853112,114.22339897618275
555.8724046627274,113.43951633358056
556.6756272401435,114.09675371796175
557.4788498175596,114.63638943904537
558.2820723949758,115.9295973181943
559.0852949723919,115.30528053692294
559.8885175498081,113.8793536419726
560.6917401272241,113.83236746082522
561.4949627046402,113.78828795633397
562.2981852820564,114.54180137870493
563.1014078594725,113.70877126035232
563.9046304368886,113.6732952103781
564.7078530143048,113.64064812009237
565.5110755917208,113.61081056025327
566.3142981691369,114.89365674379124
567.117520746553,113.55948631494732
567.9207433239692,113.53796077099663
568.7239659013853,113.51916704052496
569.5271884788015,113.50308569429039
570.3304110562176,112.61330686558112
571.1336336336337,113.47898243756485
571.9368562110499,113.59668404054376
572.740078788466,114.44655759887225
573.5433013658821,113.462684703207
574.3465239432983,114.42258152705483
575.1497465207144,113.24687266291268
575.9529690981306,113.46974924792009
576.7561916755467,113.47720504393354
577.5594142529628,113.48717893176502
578.362636830379,113.4996514821726
579.165859407795,113.5146032659144
579.9690819852111,113.5320148537485
580.7723045626273,113.55186681643305
581.5755271400434,113.49041877207151
582.3787497174595,113.59881414938567
583.1819722948755,117.31755155351377
583.9851948722917,113.65528983083702
584.7884174497078,113.68705222914497
585.591640027124,115.98724308758906
586.3948626045401,113.7575289947159
587.1980851819562,113.7962040215802
588.0013077593724,113.83713713175763
588.8045303367885,112.69726997254627
589.6077529142046,113.92565351794795
590.4109754916208,112.25945653516726
591.2141980690369,109.29181295097833
592.017420646453,114.07458707159894
592.8206432238692,112.4365266322505
593.6238658012853,114.18428597010332
594.4270883787015,114.24216509013202
595.2303109561176,115.49084189626292
596.0335335335337,114.36382719166816
596.8367561109498,116.43893725467555
597.6399786883659,114.49315380174353
598.443201265782,114.64718654663346
599.2464238431982,114.62989615223927
600.0496464206143,114.7009704901076
600.8528689980304,114.77380547503644
601.6560915754465,114.84837001101093
602.4593141528626,112.76272755131362
603.2625367302787,113.59717409364822
604.0657593076949,115.08212996505972
604.868981885111,114.39443109311209
605.6722044625271,115.24604759604803
606.4754270399433,115.33033642198428
607.2786496173594,118.65908971644426
608.0818721947755,113.35097205404632
608.8850947721917,115.59214978938348
609.6883173496078,115.68229955499713
610.491539927024,115.77383681549291
611.2947625044401,115.86673047485597
612.0979850818562,115.96094943707153
612.9012076592724,116.05646260612473
613.7044302366885,113.8477575028691
614.5076528141046,116.25124718068436
615.3108753915207,116.35045639416111
616.1140979689368,116.45083543041603
616.9173205463529,115.78149743781889
617.7205431237691,115.01858868035222
618.5237657011852,116.24737438612624
619.3269882786012,113.34051271245912
620.1302108560174,119.59987513593315
620.9334334334335,114.37827773723153
621.7366560108496,119.05446487810934
622.5398785882658,117.29224981868555
623.3431011656819,115.15989917260627
624.146323743098,117.51212492249418
624.9495463205142,117.62331967232795
625.7527688979303,117.73531109276155
626.5559914753464,117.84806808778009
627.3592140527626,117.96155956136876
628.1624366301787,118.07575441751261
628.9656592075949,118.19062156019689
629.768881785011,120.11885315119208
630.5721043624271,118.4222483211271
631.3753269398431,118.53894574734332
632.1785495172593,118.6561910760405
632.9817720946754,115.85051454389566
633.7849946720916,118.89220105681818
634.5882172495077,119.01090351686895
635.3914398269238,119.13002949534126
636.19466240434,118.75502561591975
636.9978849817561,119.36942762349089
637.8011075591722,118.46817834211592
638.6043301365884,119.61014667314814
639.4075527140045,119.3320960745996
640.2107752914205,119.85193787619413
641.0139978688367,119.62396808202243
641.8172204462528,120.09455246450997
642.6204430236689,118.46685875376245
643.4236656010851,119.71311394685323
644.2268881785012,120.45947401410469
645.0301107559173,120.58125672447571
645.8333333333335,120.70305870507508
646.6365559107496,121.53978756026005
647.4397784881658,120.94659609289923
648.2430010655819,121.0682693080943
649.0462236429979,121.71406628322171
649.849446220414,120.82821669110307
650.6526687978302,120.66589311928783
651.4558913752463,121.5540009257935
652.2591139526625,121.67543409851447
653.0623365300786,121.7970174920971
653.8655591074947,121.91882764994538
654.6687816849109,122.04094111546341
655.472004262327,119.70224342319338
656.2752268397431,122.28638414312486
657.0784494171593,122.40986679207633
657.8816719945753,122.53395892231369
658.6848945719914,122.658737077241
659.4881171494076,122.78427780026227
660.2913397268237,118.83097205802162
661.0945623042398,123.03795312420291
661.897784881656,123.16624081193032
662.7010074590721,123.29559724136787
663.5042300364883,120.48398880163441
664.3074526139044,123.55782249898951
665.1106751913205,123.69084441398164
665.9138977687367,120.39387276279982
666.7171203461528,124.42891782843569
667.5203429235688,124.09846582453196
668.323565500985,124.2374466612535
669.1267880784011,124.07133487183772
669.9300106558172,124.52052814492782
670.7332332332334,124.66478187868879
671.5364558106495,124.87219790784968
672.3396783880656,124.95909804707838
673.1429009654818,125.10931356851506
673.9461235428979,123.39440027482839
674.749346120314,124.09966597817329
675.5525686977302,125.57310840264141
676.3557912751462,125.73234458196904
677.1590138525623,125.8940272842795
677.9622364299785,123.8037667583137
678.7654590073946,126.2249113005147
679.5686815848107,126.39400244853795
680.3719041622269,126.56541264171902
681.175126739643,126.73905636405007
681.9783493170592,126.9148480995233
682.7815718944753,122.26287389399906
683.5847944718914,130.05381675509062
684.3880170493076,127.4542562247181
685.1912396267236,127.63778485268205
685.9944622041397,130.93523134704046
686.7976847815559,128.0099178919119
687.600907358972,128.19835127116215
688.4041299363881,128.38824853549224
689.2073525138043,128.57952416889438
690.0105750912204,128.7720926553607
690.8137976686365,128.96586847888352
691.6170202460527,129.16076612345498
692.4202428234688,126.51096116192657
693.223465400885,129.55358481171265
694.026687978301,131.13355544738423
694.8299105557171,129.94986459207144
695.6331331331332,130.14908860176925
696.4363557105494,130.34892133646895
697.2395782879655,130.54927728016273
698.0428008653817,130.5961652438695
698.8460234427978,130.95121673050144
699.6492460202139,131.15262920513078
700.4524685976301,131.354222824723
701.2556911750462,131.55591207327035
702.0589137524623,131.7576114347651
702.8621363298785,134.42703062547423
703.6653589072945,135.1544822384573
704.4685814847106,132.36191503685515
705.2718040621268,132.56279969006127
706.0750266395429,132.45242046525547
706.878249216959,132.48624926290026
707.6814717943752,133.16260678309845
708.4846943717913,134.79907401770345
709.2879169492074,131.55980041954683
710.0911395266236,133.75634774010055
710.8943621040397,133.96523408793115
711.6975846814559,134.14766475575618
712.5008072588719,134.3417136288569
713.304029836288,134.53457539079582
714.1072524137041,134.72616452556517
714.9104749911203,134.9163955171572
715.7136975685364,135.10518284956405
716.5169201459526,137.87135168428745
717.3201427233687,135.47808447279107
718.1233653007848,134.2364947888983
718.926587878201,135.84418526718383
719.7298104556171,136.86851892131065
720.5330330330332,136.20280110468008
721.3362556104493,136.37908837457246
722.1394781878654,132.742454012505
722.9427007652815,136.725194036607
723.7459233426977,138.19399089649875
724.5491459201138,137.06210442158905
725.3523684975299,137.22689759516595
726.1555910749461,137.38913540145637
726.9588136523622,137.5487323244525
727.7620362297783,137.70560284814655
728.5652588071945,137.8596614565307
729.3684813846106,138.0108226335972
730.1717039620266,138.15900086333818
730.9749265394428,138.30411062974602
731.7781491168589,136.90192493302737
732.581371694275,138.58478270853067
733.3845942716912,139.73700061747002
734.1878168491073,138.71980780344046
734.9910394265235,138.98063945151338
735.7942620039396,139.10554260175797
736.5974845813557,141.8471996513329
737.4007071587719,139.3442621600759
738.203929736188,139.4579075361337
739.0071523136041,136.455719179698
739.8103748910202,139.67334190200788
740.6135974684363,142.58755334321782
741.4168200458524,139.91238129631935
742.2200426232686,139.96556974509878
743.0232652006847,140.0543906405725
743.8264877781008,140.13877481658824
744.629710355517,138.1519037766127
745.4329329329331,140.29407731340282
746.2361555103492,140.36513549692935
747.0393780877654,137.9995605469602
747.8426006651815,140.4945293989945
748.6458232425975,140.55305062837039
749.4490458200137,140.6075783838667
750.2522683974298,140.658205420902
751.055490974846,140.70502449489499
751.8587135522621,140.74812836126435
752.6619361296782,141.12834868912947
753.4651587070944,140.82356149280662
754.2683812845105,140.85607626881682
755.0716038619266,144.4896101781711
755.8748264393428,140.91116601840864
756.6780490167589,143.51370009776542
757.4812715941749,144.77955377565496
758.2844941715911,137.7203501085208
759.0877167490072,143.67330860139202
759.8909393264233,141.5813907982563
760.6941619038395,142.5674174936655
761.4973844812556,141.00935153543747
762.3006070586717,141.0125984457959
763.1038296360879,137.626033134486
763.907052213504,141.01193512664355
764.7102747909202,141.00821040797007
765.5134973683363,141.00234732378985
766.3167199457523,141.42602700911345
767.1199425231684,140.98457708058396
767.9231651005846,140.9728554323956
768.7263876780007,140.9593664403751
769.5296102554169,139.04154007829464
770.332832832833,140.9274574465124
771.1360554102491,140.7047931148679
771.9392779876653,140.88959214234498
772.7425005650814,140.86865776244363
773.5457231424975,140.84651257122206
774.3489457199137,140.82324932409895
775.1521682973298,140.79896077649283
775.9553908747458,140.77373968382247
776.758613452162,140.74767880150642
777.5618360295781,140.72087088496338
778.3650586069942,140.69340868961197
779.1682811844104,140.6653849708709
779.9715037618265,143.83865831333387
780.7747263392426,139.648944206027
781.5779489166588,140.5788722284958
782.3811714940749,140.5495299703823
783.184394071491,140.52008996597235
783.9876166489072,140.84658103814544
784.7908392263232,140.46128773993755
785.5940618037394,138.51911842842068
786.3972843811555,135.73314595415977
787.2005069585716,138.51525099549582
788.0037295359878,137.76061837921625
788.8069521134039,141.2201303262738
789.61017469082,142.72093875800886
790.4133972682362,141.58710066070154
791.2166198456523,140.24072006766818
792.0198424230684,140.21632671162752
792.8230650004846,138.27540182892014
793.6262875779006,140.17067871114665
794.4295101553167,141.9234924659542
795.2327327327329,139.4214083714333
796.035955310149,136.6477458985694
796.8391778875651,140.92680907263517
797.6424004649813,139.48425628768547
798.4456230423974,140.0630588133996
799.2488456198136,144.07788377750416
800.0520681972297,136.54677769151834
800.8552907746458,140.02553040026308
801.658513352062,140.0153063297261
802.461735929478,142.23045082860867
803.2649585068941,139.99817135053033
804.0681810843103,139.99122212891007
804.8714036617264,138.62226166682288
805.6746262391425,139.6253877259714
806.4778488165587,140.85148282969826
807.2810713939748,138.05394985268165
808.0842939713909,139.97189244135419
808.8875165488071,139.97097569258682
809.6907391262232,139.97099730827895
810.4939617036393,139.97193813194983
811.2971842810555,137.99412623740608
812.1004068584715,139.9765007773047
812.9036294358876,143.8461787243424
813.7068520133038,139.98451037680547
814.5100745907199,139.98975989315866
815.313297168136,139.995813678606
816.1165197455522,138.8224614173871
816.9197423229683,140.70474223307033
817.7229649003845,140.0186090847056
818.5261874778006,140.02768838172202
819.3294100552167,140.03747616542893
820.1326326326329,138.82300262856185
820.9358552100489,140.0591005669908
821.739077787465,138.89888276571415
822.5423003648812,140.37406752074816
823.3455229422973,140.0963719074926
824.1487455197134,140.11000832524587
824.9519680971296,140.61990801232227
825.7551906745457,139.94800836237565
826.5584132519618,143.82134748931685
827.361635829378,142.95747015280762
828.1648584067941,140.36170485521072
828.9680809842102,142.73645514021754
829.7713035616263,140.22047344369832
830.5745261390424,140.23816861059092
831.3777487164585,140.25628491696253
832.1809712938747,140.2748032063324
832.9841938712908,140.29370432221972
833.787416448707,139.9582306036069
834.5906390261231,137.47291399282943
835.3938616035392,140.35251306417913
836.1970841809554,140.37275392132875
837.0003067583715,141.09500532664205
837.8035293357876,140.41407761148847
838.6067519132037,141.46015264346744
839.4099744906198,140.45639622625683
840.2131970680359,140.4778807391674
841.0164196454521,140.91347290126052
841.8196422228682,140.5214043936374
842.6228648002843,140.54340522223535
843.4260873777005,140.5655398431009
844.2293099551166,137.26494745030774
845.0325325325327,140.61013383571188
845.8357551099489,140.6325548944957
846.638977687365,139.344491579608
847.4422002647811,140.44453849505874
848.2454228421972,140.70008444299177
849.0486454196133,137.01610355794514
849.8518679970294,140.49578217262084
850.6550905744456,140.76761126360853
851.4583131518617,138.85545053466097
852.2615357292779,136.19879321172135
853.064758306694,140.84244765388738
853.8679808841101,140.85674881196104
854.6712034615263,142.26760451607396
855.4744260389424,140.9768345904389
856.2776486163585,140.92225783704646
857.0808711937746,139.64516822879614
857.8840937711907,140.96500310837826
858.6873163486068,140.98604005098431
859.490538926023,141.84115732671538
860.2937615034391,141.02734676767295
861.0969840808552,143.15044798289944
861.9002066582714,141.06750288312531
862.7034292356875,141.087101574186
863.5066518131036,142.99243710584363
864.3098743905198,138.03139710039534
865.1130969679359,141.14375030293675
865.9163195453519,141.8803376812395
866.7195421227681,141.17953510360365
867.5227647001842,141.1967757289448
868.3259872776003,139.4035371044157
869.1292098550165,144.15938512019292
869.9324324324326,141.24566062722963
870.7356550098488,141.26094607914254
871.5388775872649,141.2756948464965
872.342100164681,139.79539674274608
873.1453227420972,142.8793268769475
873.9485453195133,141.31652947639705
874.7517678969293,143.08217074042582
875.5549904743455,143.37955092351257
876.3582130517616,141.35184431195975
877.1614356291777,138.77949932399056
877.9646582065939,141.3720655635148
878.76788078401,144.0682670872928
879.5711033614261,141.3894504435268
880.3743259388423,138.55822647851159
881.1775485162584,137.92981721244635
881.9807710936745,141.40987432848812
882.7839936710907,141.41509808153702
883.5872162485068,141.41949780281567
884.3904388259228,141.4230543358432
885.193661403339,141.42574852413887
885.9968839807551,141.42756121122193
886.8001065581713,141.64304363517616
887.6033291355874,141.2675004606051
888.4065517130035,141.42751870038785
889.2097742904197,141.42561381781286
890.0129968678358,143.3870285354112
890.8162194452519,141.41885304533292
891.6194420226681,141.41395884246646
892.4226646000842,141.4080298865413
893.2258871775002,141.4010470210767
894.0291097549164,141.39299108959187
894.8323323323325,141.38384293560608
895.6355549097486,142.60739541176991
896.4387774871648,141.36219333420863
897.2420000645809,141.3496535738354
898.045222641997,141.33594496503818
898.8484452194132,141.32104835133623
899.6516677968293,141.30494457624874
900.4548903742455,141.287614483295
901.2581129516616,142.21476294740046
902.0613355290776,141.81949324381316
902.8645581064937,141.2280747324285
903.6677806839099,141.20564780320203
904.471003261326,141.1818987737055
905.2742258387422,141.15680848745816
906.0774484161583,141.1303577879792
906.8806709935744,140.917997727916
907.6838935709906,142.19346635043317
908.4871161484067,141.04265164534527
909.2903387258228,142.59624952065437
910.093561303239,140.9770276152841
910.896783880655,140.94201215031973
911.7000064580711,140.9055021767584
912.5032290354873,140.86747853811943
913.3064516129034,140.82792207792204
