110.88709677419354,149.9244067543356
111.69031935160966,152.64108169379264
112.4935419290258,150.1438937602938
113.29676450644192,150.44318795856347
114.09998708385804,154.40419131251025
114.90320966127416,155.71543854234898
115.7064322386903,151.15508747290568
116.50965481610642,152.87288542981548
117.31287739352254,154.2763305347884
118.11609997093868,154.0820691052448
118.9193225483548,152.64774243471547
119.72254512577092,154.32020560739403
120.52576770318706,152.40146182788993
121.32899028060318,157.16980800490498
122.1322128580193,158.83708986443736
122.93543543543542,155.90257137798807
123.73865801285156,155.2680435355133
124.54188059026768,157.03300723977878
125.3451031676838,156.57225085177188
126.14832574509992,153.92575974619834
126.95154832251606,156.6755039760002
127.75477089993218,159.15739198209008
128.5579934773483,157.40212303828443
129.36121605476444,159.69316745261776
130.16443863218058,158.75262107136749
130.96766120959668,159.31694027640398
131.77088378701282,155.16182693646095
132.57410636442893,159.54881379613226
133.37732894184506,157.75835453072406
134.1805515192612,162.79294800060413
134.9837740966773,157.43023576246495
135.78699667409344,160.32009453780702
136.59021925150958,163.7034007731712
137.3934418289257,159.74143901765368
138.19666440634182,163.0720509055645
138.99988698375796,160.71890507851091
139.80310956117407,160.8832244671706
140.6063321385902,158.4561687322905
141.4095547160063,163.86516924668769
142.21277729342245,165.30447188166875
143.01599987083858,162.57882127940638
143.81922244825472,161.4967684957877
144.62244502567083,162.71386869456774
145.42566760308696,162.3692199326291
146.22889018050307,161.97453969281014
147.0321127579192,161.94326888854945
147.83533533533534,161.7617645290437
148.63855791275145,163.01562778879716
149.4417804901676,163.27202588536062
150.2450030675837,166.44611580966833
151.04822564499983,165.8259413209704
151.85144822241597,161.02268396981353
152.6546707998321,165.01229241744707
153.4578933772482,164.3224957632569
154.26111595466435,164.51935347166196
155.06433853208046,163.8302998660641
155.8675611094966,167.56722016977386
156.67078368691273,165.60945686818712
157.47400626432886,162.74208203320097
158.27722884174497,167.86629810301298
159.0804514191611,169.099188731332
159.88367399657722,163.5229835684698
160.68689657399335,165.3216868799646
161.4901191514095,166.44711813790343
162.2933417288256,167.5193240037763
163.09656430624173,167.98589995358918
163.89978688365784,167.16448991677558
164.70300946107398,165.2553626190137
165.5062320384901,169.7419557673899
166.30945461590625,168.9804195661013
167.11267719332236,170.83933884139105
167.9158997707385,168.06111902794868
168.7191223481546,167.07313494988801
169.52234492557074,166.47557466570177
170.32556750298687,164.50289867150354
171.12879008040298,164.51798169645053
171.93201265781912,169.10548171599618
172.73523523523525,165.36769548419878
173.53845781265136,166.30218647899432
174.3416803900675,166.01816704270868
175.14490296748363,169.49135049105084
175.94812554489974,172.3786310617739
176.75134812231587,172.18789928068068
177.55457069973198,171.37786938095343
178.35779327714812,171.6305854004387
179.16101585456425,168.07664255893786
179.9642384319804,169.98819346308807
180.7674610093965,172.33498633793195
181.5706835868126,169.2575515282398
182.37390616422874,170.5045939207595
183.17712874164488,170.60776404988732
183.98035131906101,171.56439111156325
184.78357389647715,171.20724117245612
185.58679647389326,167.71723737418034
186.39001905130937,168.32955312286987
187.1932416287255,174.43976102296165
187.99646420614164,168.40363015873788
188.79968678355777,168.19339279760015
189.60290936097388,171.34632030615975
190.40613193839002,172.34222769298086
191.20935451580613,171.506570970508
192.01257709322226,167.49105612363894
192.8157996706384,166.6447557316164
193.61902224805453,172.77822617791773
194.42224482547064,173.24226981815121
195.22546740288675,172.6013258889315
196.0286899803029,171.1438923963656
196.83191255771902,172.07100766245404
197.63513513513516,172.69601682398277
198.4383577125513,172.66368066337031
199.2415802899674,169.60002144826746
200.0448028673835,169.97715462389135
200.84802544479965,169.79628861280673
201.65124802221578,171.8354122753131
202.45447059963192,168.81249329680614
203.25769317704803,170.1300515082452
204.06091575446416,167.77391312497565
204.86413833188027,170.30148381261972
205.6673609092964,169.94335662898507
206.47058348671254,170.79527962556855
207.27380606412868,168.8105310161025
208.07702864154479,173.0062032816129
208.8802512189609,168.31372263013836
209.68347379637703,167.51760768768878
210.48669637379317,171.79358980139753
211.2899189512093,166.06435769071848
212.0931415286254,170.33611221054767
212.89636410604155,173.9208238163679
213.69958668345765,170.97315324133237
214.5028092608738,172.54763197771734
215.30603183828993,168.83618539461222
216.10925441570606,169.11370900227257
216.91247699312217,170.897759682681
217.71569957053828,174.0190894588098
218.5189221479544,169.0779210405859
219.32214472537055,168.20834948307416
220.12536730278669,171.970092350756
220.92858988020282,170.52366094439847
221.73181245761893,171.2104518506097
222.53503503503504,169.2932999360137
223.33825761245117,172.29565617015874
224.1414801898673,171.30236481124564
224.94470276728345,170.35139745172293
225.74792534469955,166.77657159711697
226.5511479221157,169.6261178230224
227.3543704995318,172.5346302732595
228.15759307694793,171.17421750449512
228.96081565436407,170.59926264139975
229.7640382317802,173.0353902259669
230.5672608091963,171.77362023987342
231.37048338661242,173.29387828296953
232.17370596402856,172.3413766830922
232.9769285414447,171.17217371109226
233.78015111886083,170.03682613867085
234.58337369627696,171.46877733409488
235.38659627369307,172.92884085213697
236.18981885110918,173.8565520361672
236.99304142852532,176.06140874163032
237.79626400594145,169.178196271213
238.5994865833576,171.0263173877582
239.4027091607737,171.38500777149844
240.20593173818983,175.63256406650532
241.00915431560594,172.06989556352937
241.81237689302208,174.2290409780586
242.6155994704382,174.08072230454144
243.41882204785432,176.31944655345603
244.22204462527046,171.68919443851343
245.0252672026866,172.8969154597313
245.8284897801027,173.5320017915378
246.63171235751884,170.34374490002682
247.43493493493497,169.7234174044721
248.23815751235108,168.21181520973792
249.04138008976722,169.76473799845903
249.84460266718335,171.1669728493821
250.64782524459946,170.28815968549827
251.4510478220156,173.24768965493655
252.2542703994317,173.78504624411906
253.05749297684784,176.41539503629335
253.86071555426398,172.43361176918637
254.66393813168008,175.82695088238455
255.46716070909622,172.55406507898022
256.27038328651236,171.27226010349267
257.0736058639285,174.7155884837699
257.8768284413446,173.67794632268917
258.68005101876076,170.20848009992824
259.48327359617684,171.6600346193204
260.286496173593,170.18285849176564
261.0897187510091,174.11849189212907
261.8929413284252,170.44252615538298
262.69616390584133,173.438173545364
263.49938648325747,169.771845070862
264.3026090606736,173.93255871897878
265.10583163808974,171.9275747418247
265.9090542155059,174.12314532319274
266.712276792922,173.32290473413116
267.51549937033815,171.24672449084952
268.3187219477542,172.30337388583214
269.12194452517036,176.11464884107517
269.9251671025865,173.62716297894937
270.7283896800026,170.3152427538343
271.5316122574187,169.42661292736955
272.33483483483485,175.2210137172771
273.138057412251,169.70562856183517
273.9412799896671,174.83769232665546
274.74450256708326,173.91792392597222
275.5477251444994,172.43712057436312
276.35094772191553,169.19228081882272
277.1541702993316,170.08891919121396
277.95739287674775,171.32392492402536
278.7606154541639,171.6000128180321
279.56383803157996,172.2100523114743
280.3670606089961,170.02628904244247
281.17028318641223,173.93178920635856
281.97350576382837,170.80438803199928
282.7767283412445,168.82834395101222
283.57995091866064,171.836355854021
284.3831734960768,170.22311046187562
285.1863960734929,175.72223854930817
285.98961865090905,170.40237301980252
286.79284122832513,173.2099145061653
287.59606380574127,177.4682272350619
288.39928638315735,173.86294089373533
289.2025089605735,170.1477537069022
290.0057315379896,168.93285702371162
290.80895411540575,168.9307494096586
291.6121766928219,172.4353638107061
292.415399270238,173.80082896369714
293.21862184765416,174.9139987523266
294.0218444250703,172.8616584940676
294.82506700248643,175.2581909377232
295.6282895799025,170.99688824912946
296.43151215731865,170.87206552392252
297.2347347347348,172.83924491640678
298.03795731215087,173.70950888896724
298.841179889567,176.3387466447026
299.64440246698314,170.74063185742924
300.4476250443993,173.32751829520436
301.2508476218154,170.649109217387
302.05407019923155,171.16143646298556
302.8572927766477,169.5881054435299
303.6605153540638,173.72613083617702
304.4637379314799,172.78744447264788
305.26696050889603,172.5891304060411
306.07018308631217,169.40660590997103
306.87340566372825,170.67878005324405
307.6766282411444,172.84567577341045
308.4798508185605,170.31551558890243
309.28307339597666,170.451577366158
310.0862959733928,171.880904406466
310.88951855080893,170.6056589563752
311.69274112822507,170.84733331291355
312.4959637056412,167.56378734085388
313.2991862830573,170.89737607382622
314.1024088604734,174.9371148465719
314.90563143788955,171.1254866558637
315.70885401530563,171.53835292426646
316.51207659272177,173.13961887385585
317.3152991701379,172.24554775711786
318.11852174755404,167.08198995367056
318.9217443249702,173.30478412356814
319.7249669023863,173.38503482390195
320.52818947980245,171.15777908748103
321.3314120572186,170.82481162728277
322.1346346346347,171.53189980658283
322.9378572120508,169.8779621705549
323.74107978946694,170.37591471981943
324.544302366883,166.75256375948243
325.34752494429915,166.98680393312594
326.1507475217153,170.2679242103892
326.9539700991314,171.77332441753876
327.75719267654756,171.79854288820763
328.5604152539637,172.54127634366301
329.36363783137983,169.1926869390929
330.16686040879597,170.64401110928299
330.9700829862121,168.44083572134141
331.7733055636282,168.1732646288247
332.5765281410443,171.61646220795936
333.37975071846046,164.27662020079734
334.18297329587654,171.29718265377682
334.9861958732927,165.40369024104825
335.7894184507088,169.4766791107227
336.59264102812494,169.20918998071386
337.3958636055411,168.95915934590897
338.1990861829572,167.00452238868615
339.00230876037335,165.79425677660697
339.8055313377895,169.3477377027718
340.60875391520557,169.00615599085856
341.4119764926217,169.10707900543844
342.21519907003784,166.03770017883107
343.0184216474539,166.96478785724838
343.82164422487006,166.7156651109497
344.6248668022862,164.87573112294066
345.4280893797023,168.6127496201633
346.23131195711846,165.86325985033884
347.0345345345346,164.55869161679553
347.83775711195074,162.97159672325523
348.6409796893669,165.46512146170915
349.44420226678295,166.2120224444603
350.2474248441991,163.5565888545482
351.0506474216152,166.75607029566123
351.8538699990313,165.01201675017975
352.65709257644744,168.49926617159164
353.4603151538636,165.3517286110417
354.2635377312797,166.14636088183113
355.06676030869585,165.74970806665755
355.869982886112,163.75802313821117
356.6732054635281,165.5679739432874
357.47642804094426,164.3446324782711
358.2796506183604,163.34269154944857
359.0828731957765,163.53642591204652
359.8860957731926,164.27692878995057
360.6893183506087,162.15677244745427
361.4925409280248,165.46953981737957
362.29576350544096,164.46173024104007
363.0989860828571,162.23425857466412
363.90220866027323,160.80293921904084
364.70543123768937,159.072251616639
365.5086538151055,161.03056684869193
366.31187639252164,166.43234248921954
367.1150989699377,163.21382869364177
367.91832154735386,161.58021539397103
368.72154412477,162.52675370944127
369.5247667021861,160.90222843532385
370.32798927960226,157.9048914001279
371.13121185701834,162.68208292254272
371.9344344344345,159.48668112710465
372.7376570118506,158.80185641449958
373.54087958926675,158.11565697627177
374.3441021666829,161.38130599004322
375.147324744099,165.1794641620067
375.9505473215151,161.3728999019214
376.75376989893124,158.0369570450016
377.5569924763474,158.00748756751474
378.3602150537635,159.53687743851114
379.16343763117965,159.08323739711125
379.9666602085957,158.052646544423
380.76988278601186,158.84212477116375
381.573105363428,161.82254054574688
382.37632794084413,155.53662150107692
383.17955051826027,159.1547820412239
383.9827730956764,154.6970323535519
384.7859956730925,156.8520897895944
385.5892182505086,161.8337372404496
386.39244082792476,158.37399024699818
387.1956634053409,156.30429263687526
387.99888598275703,157.53128320362686
388.80210856017317,155.4634376875067
389.60533113758925,155.47899829440044
390.4085537150054,153.3759020288889
391.2117762924215,156.1245346058398
392.01499886983765,160.31231129600596
392.8182214472538,160.09924410720112
393.62144402466987,158.04318556382896
394.424666602086,156.76916117774505
395.22788917950214,155.03305317891176
396.0311117569183,156.17866337529503
396.8343343343344,156.36878168773356
397.63755691175055,154.44158447563433
398.44077948916663,156.98692959614914
399.24400206658277,155.28029657331322
400.0472246439989,151.98675108311357
400.85044722141504,155.59337147137532
401.6536697988312,156.4705460038018
402.45689237624725,154.3257182301391
403.2601149536634,156.92768712234226
404.0633375310795,155.74334071511493
404.86656010849566,155.34434952203304
405.6697826859118,155.754729344142
406.47300526332793,152.8723072003631
407.276227840744,152.9647664431266
408.07945041816015,149.6982427384297
408.8826729955763,151.65998039733938
409.6858955729924,153.86661950732199
410.48911815040856,150.60074902236033
411.2923407278247,149.55688649909072
412.0955633052408,153.11157890244527
412.8987858826569,156.11567789607068
413.70200846007305,149.53464121060063
414.5052310374892,149.1594329171797
415.3084536149053,151.12178576685608
416.1116761923214,148.79048150602517
416.91489876973753,151.54425606420733
417.71812134715367,149.3627151082947
418.5213439245698,153.0048178505547
419.32456650198594,150.2685104730065
420.1277890794021,149.54229037693747
420.93101165681816,146.96633128911066
421.7342342342343,150.49240725682677
422.53745681165043,151.22616410608305
423.34067938906657,147.46829872003877
424.1439019664827,148.9138554411704
424.94712454389884,145.92231137410116
425.7503471213149,148.41555846945337
426.55356969873105,148.5801230429855
427.3567922761472,145.79828339730435
428.1600148535633,149.43858109039147
428.96323743097946,147.77836674063605
429.76646000839554,147.03604697147443
430.5696825858117,150.39830726838727
431.3729051632278,147.38987152809872
432.17612774064395,146.36625294299546
432.9793503180601,149.1436757114969
433.7825728954762,145.77327661141118
434.5857954728923,145.87251725749024
435.38901805030844,148.68983839325912
436.1922406277246,145.34503703407862
436.9954632051407,146.31691078710924
437.79868578255684,143.03257405336132
438.6019083599729,144.56226721560301
439.40513093738906,139.32103495543691
440.2083535148052,145.53947035724062
441.01157609222133,141.77525321696535
441.81479866963747,143.28086158745782
442.6180212470536,143.3727400691182
443.4212438244697,145.2218014874203
444.2244664018858,137.5806429726231
445.02768897930196,143.4179740021448
445.8309115567181,142.02772774086733
446.63413413413423,142.75816107832125
447.43735671155036,141.06908697527763
448.24057928896644,140.68855306732908
449.0438018663826,143.16099272641594
449.8470244437987,142.02301850091686
450.65024702121485,144.54318504916682
451.453469598631,139.4161470064196
452.25669217604707,137.41039592114487
453.0599147534632,139.74004841251855
453.86313733087934,139.76993336626117
454.6663599082955,137.96811241924226
455.4695824857116,138.05371129848388
456.27280506312775,138.95196222967857
457.0760276405438,138.39392913382702
457.87925021795996,135.79468336380572
458.6824727953761,139.04297627030223
459.48569537279224,137.61871098979398
460.2889179502084,136.71918821278467
461.0921405276245,138.91548346016177
461.8953631050406,134.89967952772477
462.6985856824567,135.20028746177348
463.50180825987286,134.35760565579622
464.305030837289,134.8937515128932
465.10825341470513,134.42853998749246
465.9114759921212,131.96440966721022
466.71469856953735,137.26948808801265
467.5179211469535,135.44028420622038
468.3211437243696,131.98452018261503
469.12436630178576,134.22357770723906
469.9275888792019,135.02265387999887
470.73081145661797,137.13809982720844
471.5340340340341,136.17087773633673
472.33725661145024,136.92145054685383
473.1404791888664,134.3719534294691
473.9437017662825,134.57515139653182
474.7469243436986,134.65734760360425
475.55014692111473,132.26938184330137
476.35336949853087,131.12734916266876
477.156592075947,134.19123486331992
477.95981465336314,127.9103963378623
478.7630372307793,129.3541541095921
479.56625980819535,130.38656236191716
480.3694823856115,132.46943371741662
481.1727049630276,126.19957980980578
481.97592754044376,130.0790047709757
482.7791501178599,132.99717763686195
483.58237269527604,132.31159096535927
484.3855952726921,129.75936108368037
485.18881785010825,130.9829398453967
485.9920404275244,126.4339660184012
486.7952630049405,128.66223212703758
487.59848558235666,124.86674677546786
488.40170815977274,130.09419121577824
489.2049307371889,131.29214485073553
490.008153314605,130.81993183432334
490.81137589202115,130.60444110519674
491.6145984694373,127.95130189661421
492.4178210468534,124.59197015958958
493.2210436242695,125.72059335991926
494.02426620168563,124.40443517603072
494.82748877910177,130.35145019851007
495.6307113565179,127.1281039693215
496.43393393393404,126.95444285655512
497.2371565113502,123.72830074973658
498.04037908876626,128.34712028514858
498.8436016661824,127.11864539996951
499.64682424359853,122.77183885630942
500.45004682101467,125.10582989968671
501.2532693984308,129.22897955618777
502.0564919758469,120.22323173311392
502.859714553263,123.67297734188301
503.66293713067915,121.33010983264485
504.4661597080953,126.75448271837497
505.2693822855114,124.76291040578347
506.07260486292756,122.2258939361062
506.87582744034364,122.15483025926542
507.6790500177598,121.91863182131084
508.4822725951759,122.64924072611493
509.28549517259205,122.81687999296106
510.0887177500082,120.72073789410973
510.89194032742427,118.64797214256042
511.6951629048404,121.07950041338509
512.4983854822565,121.07432953779131
513.3016080596726,122.39432195798857
514.1048306370888,118.79938811410297
514.9080532145049,123.7998604117128
515.711275791921,124.64887724178506
516.5144983693372,121.04855412415863
517.3177209467533,123.40330043296429
518.1209435241694,121.60466281013056
518.9241661015856,121.46226566405524
519.7273886790017,119.63248961016606
520.5306112564178,121.73598383637378
521.333833833834,118.30442392658237
522.1370564112501,120.2538432360132
522.9402789886663,120.57982160691839
523.7435015660824,122.03527149528149
524.5467241434984,119.31750340377567
525.3499467209145,119.34445760932704
526.1531692983307,120.3982148512037
526.9563918757468,120.77428710028609
527.759614453163,116.88028278291434
528.5628370305791,118.08375350316118
529.3660596079951,121.65534897011887
530.1692821854112,120.25372930651288
530.9725047628274,117.99010584654195
531.7757273402435,118.96955305339135
532.5789499176597,116.87894211587779
533.3821724950758,116.96501217118711
534.1853950724919,116.6705935412694
534.9886176499081,115.5995641566441
535.7918402273242,117.3626010174304
536.5950628047403,117.7822088640501
537.3982853821565,114.29824498734395
538.2015079595726,113.55357341747403
539.0047305369887,114.89268433507112
539.8079531144049,111.1247352872021
540.611175691821,116.08402962838916
541.4143982692372,119.47622513570772
542.2176208466533,111.63889338511432
543.0208434240693,120.2044881789223
543.8240660014854,113.72654932887882
544.6272885789016,116.52128357997036
545.4305111563177,117.55686062790042
546.2337337337339,111.59791560068835
547.0369563111499,118.87560622347617
547.840178888566,114.42411410532951
548.6434014659822,113.35979143716393
549.4466240433983,113.95677752386862
550.2498466208144,115.85752625194662
551.0530691982306,119.09111545835042
551.8562917756467,114.8457990796438
552.6595143530628,114.94875473166775
553.462736930479,116.07555363617325
554.2659595078951,113.2176708629009
555.0691820853112,118.13596100655099
555.8724046627274,110.65542227566561
556.6756272401435,116.34408405614377
557.4788498175596,111.456486297511
558.2820723949758,117.61530485591501
559.0852949723919,115.62924460394578
559.8885175498081,113.8793536419726
560.6917401272241,115.91383358996501
561.4949627046402,111.9025617412317
562.2981852820564,115.09130290983784
563.1014078594725,110.88850077981341
563.9046304368886,116.37243955893881
564.7078530143048,112.68991825755018
565.5110755917208,112.29903195555646
566.3142981691369,114.34813830411683
567.117520746553,114.56936299611273
567.9207433239692,114.76868380658581
568.7239659013853,115.25695667285675
569.5271884788015,115.45096799838015
570.3304110562176,113.5899775400711
571.1336336336337,111.62405595198427
571.9368562110499,113.66534596463177
572.740078788466,109.60782067898533
573.5433013658821,111.05696141785711
574.3465239432983,113.54962525003783
575.1497465207144,112.65386116369122
575.9529690981306,117.80950541522466
576.7561916755467,109.5184896162395
577.5594142529628,113.85757926681859
578.362636830379,113.70187036572332
579.165859407795,112.8692354334856
579.9690819852111,109.60384726456793
580.7723045626273,114.17222003292886
581.5755271400434,115.2630954400672
582.3787497174595,113.59881414938567
583.1819722948755,118.19805828698999
583.9851948722917,114.50379585086895
584.7884174497078,113.8821616575629
585.591640027124,117.08631549626392
586.3948626045401,111.94882925261135
587.1980851819562,114.23394971975496
588.0013077593724,112.37841015898917
588.8045303367885,114.93031495290457
589.6077529142046,116.68182879262028
590.4109754916208,116.78079304718003
591.2141980690369,116.91895178412986
592.017420646453,113.76470523726952
592.8206432238692,111.78054701214963
593.6238658012853,115.32738651511727
594.4270883787015,111.75128863817737
595.2303109561176,112.63184817868651
596.0335335335337,114.81727050320798
596.8367561109498,113.53624225689325
597.6399786883659,114.36975967402223
598.443201265782,109.8740766850966
599.2464238431982,116.34727991534612
600.0496464206143,113.89099210973208
600.8528689980304,114.77380547503644
601.6560915754465,116.03545589200431
602.4593141528626,114.50748052877293
603.2625367302787,114.94998013674991
604.0657593076949,114.98114514596097
604.868981885111,113.31268565928357
605.6722044625271,114.00947254771918
606.4754270399433,116.1659630534182
607.2786496173594,116.70833452031255
608.0818721947755,117.83015529258668
608.8850947721917,114.87086503130834
609.6883173496078,117.18275719179252
610.491539927024,113.97204150312109
611.2947625044401,119.76874175677193
612.0979850818562,118.70993187242004
612.9012076592724,118.72581713983503
613.7044302366885,117.43743889113223
614.5076528141046,115.08588183352656
615.3108753915207,114.25579584432191
616.1140979689368,116.46327787476268
616.9173205463529,121.19604440102663
617.7205431237691,119.02127533366895
618.5237657011852,115.60533686107125
619.3269882786012,119.57038660410421
620.1302108560174,118.80117804362881
620.9334334334335,116.57452980357917
621.7366560108496,115.67239117550832
622.5398785882658,122.00234913955947
623.3431011656819,117.4017579392751
624.146323743098,115.50902323217346
624.9495463205142,114.0399472017874
625.7527688979303,114.98444738528806
626.5559914753464,117.68079961395301
627.3592140527626,118.85331586124582
628.1624366301787,118.29821426705148
628.9656592075949,118.19062156019689
629.768881785011,114.6940238083717
630.5721043624271,119.26308521316022
631.3753269398431,119.30387077243971
632.1785495172593,114.79510894237274
632.9817720946754,117.88704212439323
633.7849946720916,116.19270369400029
634.5882172495077,114.41739706512156
635.3914398269238,117.2445587886632
636.19466240434,123.28455405801338
636.9978849817561,120.44733604375654
637.8011075591722,119.5440451646053
638.6043301365884,119.32063781282179
639.4075527140045,118.14534547812728
640.2107752914205,118.65410148562765
641.0139978688367,115.49072457218135
641.8172204462528,117.99756515481162
642.6204430236689,120.50585337847222
643.4236656010851,122.41776448296507
644.2268881785012,123.25511773645576
645.0301107559173,119.53043044202396
645.8333333333335,121.7319513659291
646.6365559107496,120.35646462357516
647.4397784881658,121.55382716035332
648.2430010655819,122.10135287590136
649.0462236429979,121.29787192368228
649.849446220414,121.9556260325505
650.6526687978302,122.65909935132217
651.4558913752463,120.11619330301525
652.2591139526625,119.20646872525963
653.0623365300786,121.52579672947228
653.8655591074947,120.87933465974243
654.6687816849109,118.81503300681742
655.472004262327,122.04781560505408
656.2752268397431,121.32370765902998
657.0784494171593,124.64394318127488
657.8816719945753,120.41885711902664
658.6848945719914,121.37623626125125
659.4881171494076,120.99207587325922
660.2913397268237,119.71333180228834
661.0945623042398,123.9743222409923
661.897784881656,125.42443018204412
662.7010074590721,125.09283587838034
663.5042300364883,125.91604580994179
664.3074526139044,124.39168618126345
665.1106751913205,124.87437206871432
665.9138977687367,122.60091565745944
666.7171203461528,128.07707278744974
667.5203429235688,124.61680472054928
668.323565500985,120.5182205231946
669.1267880784011,125.91848813300082
669.9300106558172,124.85468110062281
670.7332332332334,123.25416361641513
671.5364558106495,124.87346690841473
672.3396783880656,122.34513531200932
673.1429009654818,124.40807724445379
673.9461235428979,124.0575010815037
674.749346120314,121.9833857000241
675.5525686977302,126.3076352766029
676.3557912751462,125.06952713272639
677.1590138525623,125.8834505039816
677.9622364299785,124.03011197937235
678.7654590073946,126.68511139995942
679.5686815848107,129.01839383587364
680.3719041622269,126.65450337707713
681.175126739643,126.29759642572684
681.9783493170592,125.410140975399
682.7815718944753,124.85631352816335
683.5847944718914,130.00248477114417
684.3880170493076,128.88822000440302
685.1912396267236,125.4639446791062
685.9944622041397,127.53598131199948
686.7976847815559,126.10963574786379
687.600907358972,126.81373609036167
688.4041299363881,131.427756942404
689.2073525138043,127.364969395131
690.0105750912204,127.85201628494032
690.8137976686365,125.28653696139024
691.6170202460527,127.60690382293672
692.4202428234688,130.1360779335848
693.223465400885,129.86084356106755
694.026687978301,124.9310591282601
694.8299105557171,132.5018871792838
695.6331331331332,127.49276707362763
696.4363557105494,133.2331373222767
697.2395782879655,129.0915692555014
698.0428008653817,128.28549480487567
698.8460234427978,132.62189714832624
699.6492460202139,131.20578615582443
700.4524685976301,134.43109695528094
701.2556911750462,129.28882610140118
702.0589137524623,129.70631586321136
702.8621363298785,130.92854954624113
703.6653589072945,130.14296229980914
704.4685814847106,130.38521114924262
705.2718040621268,134.44718540448392
706.0750266395429,131.5147856561976
706.878249216959,134.95066455120713
707.6814717943752,130.40663449577124
708.4846943717913,129.1136530540043
709.2879169492074,129.95983840076903
710.0911395266236,130.88755658300866
710.8943621040397,133.8842841238128
711.6975846814559,133.24610047723917
712.5008072588719,132.1591890288626
713.304029836288,134.63916632345357
714.1072524137041,134.02599383975735
714.9104749911203,135.11700710121582
715.7136975685364,137.59835389120576
716.5169201459526,138.1502582674233
717.3201427233687,137.54448552185764
718.1233653007848,138.22154097555233
718.926587878201,139.38477793451096
719.7298104556171,137.7069234387201
720.5330330330332,133.24093773616354
721.3362556104493,135.63356410492722
722.1394781878654,135.22628720652105
722.9427007652815,138.21698709289018
723.7459233426977,136.21184373072228
724.5491459201138,134.3126598913174
725.3523684975299,135.5470437852159
726.1555910749461,136.13781292079736
726.9588136523622,139.10159574592348
727.7620362297783,135.8174067555129
728.5652588071945,135.28085052806225
729.3684813846106,136.93914439772408
730.1717039620266,137.91844373107674
730.9749265394428,140.71828662214332
731.7781491168589,138.44606641681276
732.581371694275,136.74662128934085
733.3845942716912,140.2811739205681
734.1878168491073,136.75781431777193
734.9910394265235,140.8801487968801
735.7942620039396,142.17206331306323
736.5974845813557,138.1218758963835
737.4007071587719,141.64475653616677
738.203929736188,136.74120290083061
739.0071523136041,142.20499666036199
739.8103748910202,138.23109350486357
740.6135974684363,135.5829205691465
741.4168200458524,140.27696653183466
742.2200426232686,140.87829735726663
743.0232652006847,140.5700903275399
743.8264877781008,138.6644129496097
744.629710355517,143.91461888259266
745.4329329329331,140.0374853773655
746.2361555103492,136.84308712178833
747.0393780877654,142.67175563518416
747.8426006651815,140.76171625873914
748.6458232425975,140.50581013072212
749.4490458200137,138.0731540674545
750.2522683974298,138.13722988948498
751.055490974846,139.10815490781908
751.8587135522621,138.94205421821184
752.6619361296782,140.18628313844022
753.4651587070944,142.34713918359782
754.2683812845105,141.5005831212819
755.0716038619266,136.516827186818
755.8748264393428,141.43755826439633
756.6780490167589,139.3127750992005
757.4812715941749,139.90324728937532
758.2844941715911,143.84750744938475
759.0877167490072,142.3307150496207
759.8909393264233,143.86762115467084
760.6941619038395,140.56134054087462
761.4973844812556,138.34534403334808
762.3006070586717,138.5558403755303
763.1038296360879,139.8173438194024
763.907052213504,142.35921450842264
764.7102747909202,139.93753775793715
765.5134973683363,141.600844668385
766.3167199457523,144.32689564007654
767.1199425231684,144.82267793268477
767.9231651005846,139.6891359706864
768.7263876780007,140.54724673931895
769.5296102554169,142.67074840061443
770.332832832833,141.20821248058124
771.1360554102491,138.2668351356066
771.9392779876653,137.9861823789271
772.7425005650814,140.76591146356193
773.5457231424975,140.37430783733126
774.3489457199137,142.34718086599443
775.1521682973298,139.1118159139225
775.9553908747458,139.91815544020974
776.758613452162,142.68408806924973
777.5618360295781,142.88802949638404
778.3650586069942,143.6734068562965
779.1682811844104,135.8293458781254
779.9715037618265,142.01551153593962
780.7747263392426,140.63267516669498
781.5779489166588,143.27796072359047
782.3811714940749,140.16772950193084
783.184394071491,142.96194503941152
783.9876166489072,142.816470288472
784.7908392263232,142.16897900550077
785.5940618037394,144.03524842232054
786.3972843811555,143.4202326752535
787.2005069585716,142.54276351143162
788.0037295359878,137.4216698698804
788.8069521134039,138.3395280430716
789.61017469082,145.2052033844042
790.4133972682362,138.09951067289447
791.2166198456523,141.6947104941167
792.0198424230684,140.02466630049014
792.8230650004846,138.8669058223767
793.6262875779006,140.17067871114665
794.4295101553167,141.03158360924115
795.2327327327329,141.86162549568763
796.035955310149,141.6198353805096
796.8391778875651,138.46782941410257
797.6424004649813,139.6878660585827
798.4456230423974,138.6313951855525
799.2488456198136,140.4952325975565
800.0520681972297,138.8787575521012
800.8552907746458,140.2904660991017
801.658513352062,140.00750038887898
802.461735929478,140.2833032545177
803.2649585068941,140.13074062481644
804.0681810843103,139.214148022062
804.8714036617264,142.49293786258673
805.6746262391425,137.5544835148903
806.4778488165587,144.16311631303802
807.2810713939748,141.13191998308375
808.0842939713909,136.78773354530372
808.8875165488071,137.53723903593266
809.6907391262232,141.79847113948256
810.4939617036393,138.60472902075819
811.2971842810555,139.16202682627093
812.1004068584715,140.41635750309752
812.9036294358876,139.50494773617237
813.7068520133038,139.64617780621455
814.5100745907199,137.3122213382293
815.313297168136,139.76564808279574
816.1165197455522,140.93847781554317
816.9197423229683,137.1713839625447
817.7229649003845,135.67227816883536
818.5261874778006,139.91999461964528
819.3294100552167,141.38148935490983
820.1326326326329,143.29390859286738
820.9358552100489,138.51077747536405
821.739077787465,142.69436616084369
822.5423003648812,140.8305320229124
823.3455229422973,140.58939928849014
824.1487455197134,138.79197680286202
824.9519680971296,139.74673902401582
825.7551906745457,140.97521369696938
826.5584132519618,142.12820716577798
827.361635829378,140.56959816554684
828.1648584067941,138.4201050430743
828.9680809842102,140.47311591794534
829.7713035616263,143.08016457862132
830.5745261390424,140.23816861059092
831.3777487164585,138.6885993915729
832.1809712938747,138.81470683521417
832.9841938712908,141.27853139884223
833.787416448707,142.1471288147309
834.5906390261231,141.1942920132655
835.3938616035392,139.21728493892786
836.1970841809554,139.43553227441052
837.0003067583715,137.74006487900252
837.8035293357876,140.380605447424
838.6067519132037,141.13664204150072
839.4099744906198,137.7222303838737
840.2131970680359,138.84592374673795
841.0164196454521,142.41522685039737
841.8196422228682,136.23036606151035
842.6228648002843,137.76616875755835
843.4260873777005,143.31730207091408
844.2293099551166,140.68093994352867
845.0325325325327,138.77308466985326
845.8357551099489,140.5238823242739
846.638977687365,143.7309444394481
847.4422002647811,137.73025671418577
848.2454228421972,139.2076537361823
849.0486454196133,139.5252733301367
849.8518679970294,135.95088665532424
850.6550905744456,141.5832230270586
851.4583131518617,138.23868027628282
852.2615357292779,139.954964444993
853.064758306694,141.89107775172454
853.8679808841101,140.84896817352467
854.6712034615263,138.79732057054315
855.4744260389424,141.06920140537622
856.2776486163585,139.17627849798325
857.0808711937746,139.51143621904663
857.8840937711907,142.14339666555412
858.6873163486068,142.85849701768083
859.490538926023,143.87163626288134
860.2937615034391,138.04705392669854
861.0969840808552,145.92277798706195
861.9002066582714,142.72984949087834
862.7034292356875,142.5057634567352
863.5066518131036,138.49344345120204
864.3098743905198,141.12822392506834
865.1130969679359,142.65576226035628
865.9163195453519,144.2902124170688
866.7195421227681,140.4286538921184
867.5227647001842,145.86833889615184
868.3259872776003,139.68072556623767
869.1292098550165,141.66520232720302
869.9324324324326,142.69931174049745
870.7356550098488,142.4687159556886
871.5388775872649,143.6554266360598
872.342100164681,143.66943150829567
873.1453227420972,143.08090058878466
873.9485453195133,142.0775023913826
874.7517678969293,142.65446498029232
875.5549904743455,141.0538044995261
876.3582130517616,138.56703488941412
877.1614356291777,142.72752419417995
877.9646582065939,141.57562547252203
878.76788078401,141.64932003967408
879.5711033614261,141.08819162230935
880.3743259388423,139.7089099019014
881.1775485162584,139.3410910957844
881.9807710936745,142.24348363014684
882.7839936710907,144.23860092889564
883.5872162485068,141.0039410277866
884.3904388259228,142.31778832242134
885.193661403339,138.90636911439296
885.9968839807551,143.4224346102008
886.8001065581713,140.0109599736506
887.6033291355874,141.3394733073039
888.4065517130035,140.0104990010787
889.2097742904197,145.39307146444918
890.0129968678358,139.73608910944492
890.8162194452519,139.44802984427398
891.6194420226681,141.74032560905098
892.4226646000842,142.60874236903382
893.2258871775002,142.2786663311919
894.0291097549164,141.79958954313972
894.8323323323325,140.97996377647337
895.6355549097486,141.9480949966336
896.4387774871648,141.22181721661113
897.2420000645809,144.25272999734173
898.045222641997,141.4434984606767
898.8484452194132,140.83593246641502
899.6516677968293,138.74269402075544
900.4548903742455,141.01499780217313
901.2581129516616,142.63973119297574
902.0613355290776,141.7261772673442
902.8645581064937,141.93225386462737
903.6677806839099,141.02620553974498
904.471003261326,145.85916532136338
905.2742258387422,141.15680848745816
906.0774484161583,140.26978096429107
906.8806709935744,137.68660265725066
907.6838935709906,138.59024827552145
908.4871161484067,142.56757502721683
909.2903387258228,142.56004821690104
910.093561303239,138.291896109461
910.896783880655,140.2052593473029
911.7000064580711,144.88509988423047
912.5032290354873,142.67339792412037
913.3064516129034,142.54953491512745
