110.88709677419354,152.14468762850876
111.69031935160966,150.6668833871395
112.4935419290258,153.36103804253477
113.29676450644192,153.56240389368193
114.09998708385804,153.3218083495424
114.90320966127416,148.1433392553656
115.7064322386903,154.10142465511393
116.50965481610642,155.9975034762124
117.31287739352254,149.77802313575324
118.11609997093868,154.0590485589114
118.9193225483548,155.79216080638955
119.72254512577092,155.22694525774503
120.52576770318706,155.09134740795008
121.32899028060318,153.02619654615307
122.1322128580193,156.71762890113746
122.93543543543542,153.0091076799151
123.73865801285156,156.76656157612302
124.54188059026768,157.21288584375557
125.3451031676838,153.89894767382307
126.14832574509992,157.7509137398839
126.95154832251606,157.0804112955237
127.75477089993218,159.09849883269158
128.5579934773483,155.06513420350944
129.36121605476444,157.32259544850382
130.16443863218058,160.210312045732
130.96766120959668,161.6162436099658
131.77088378701282,164.03615741124204
132.57410636442893,159.59128553686443
133.37732894184506,158.06936360717924
134.1805515192612,161.03547630489666
134.9837740966773,159.74730292435066
135.78699667409344,161.2212714528492
136.59021925150958,157.9371869072173
137.3934418289257,160.10577133817185
138.19666440634182,162.41327545232724
138.99988698375796,160.3052609114332
139.80310956117407,163.07555308487
140.6063321385902,158.32183425447525
141.4095547160063,159.39067345337762
142.21277729342245,162.71284002901473
143.01599987083858,163.92522959418616
143.81922244825472,166.54235408897995
144.62244502567083,163.55302133478338
145.42566760308696,161.05622846805494
146.22889018050307,163.24864469923543
147.0321127579192,162.0912520076412
147.83533533533534,166.50862154113165
148.63855791275145,161.292424839062
149.4417804901676,162.76100473497334
150.2450030675837,168.61481102152666
151.04822564499983,167.15232968104667
151.85144822241597,166.43248916227904
152.6546707998321,162.83012774462225
153.4578933772482,162.35952861504575
154.26111595466435,164.8343180723715
155.06433853208046,164.32640753772523
155.8675611094966,166.90355044935382
156.67078368691273,166.77106664020516
157.47400626432886,162.09701846767794
158.27722884174497,163.90928080244163
159.0804514191611,164.1236366672784
159.88367399657722,165.61984705060152
160.68689657399335,167.12946757620443
161.4901191514095,164.56710833562536
162.2933417288256,168.70294383829307
163.09656430624173,167.50625485714633
163.89978688365784,167.77910643833633
164.70300946107398,164.60243235374278
165.5062320384901,163.69320116936734
166.30945461590625,168.9633318223337
167.11267719332236,167.336312190637
167.9158997707385,167.05991209925958
168.7191223481546,170.60958938889118
169.52234492557074,170.51597412714617
170.32556750298687,170.78782346223767
171.12879008040298,168.96656513842584
171.93201265781912,167.60996605234126
172.73523523523525,169.27407863553148
173.53845781265136,168.68467084898137
174.3416803900675,167.1106764954486
175.14490296748363,167.2635334245971
175.94812554489974,165.50722711033262
176.75134812231587,170.04758201509154
177.55457069973198,166.11031534736773
178.35779327714812,166.8022748121352
179.16101585456425,170.4364076022018
179.9642384319804,171.18539538568825
180.7674610093965,168.0369990707846
181.5706835868126,169.38092678866758
182.37390616422874,167.9847453818843
183.17712874164488,174.01678969188663
183.98035131906101,168.61408983861384
184.78357389647715,169.3678419249293
185.58679647389326,168.3510993760738
186.39001905130937,170.01577151841957
187.1932416287255,171.99769172556915
187.99646420614164,166.04289245306745
188.79968678355777,165.44895400463588
189.60290936097388,166.48033732706378
190.40613193839002,171.76222614866478
191.20935451580613,171.06631409883133
192.01257709322226,167.18404343329505
192.8157996706384,170.7106289805755
193.61902224805453,169.31650394827648
194.42224482547064,170.22118468027912
195.22546740288675,170.72959592376495
196.0286899803029,171.72712055139166
196.83191255771902,168.43179755704955
197.63513513513516,172.48795009178588
198.4383577125513,173.26712649107895
199.2415802899674,172.6739226386758
200.0448028673835,167.76594097395605
200.84802544479965,170.83437051880597
201.65124802221578,170.9572348828828
202.45447059963192,172.0269004590756
203.25769317704803,173.03170483648077
204.06091575446416,170.8423167947559
204.86413833188027,170.9887463081105
205.6673609092964,171.40176378516415
206.47058348671254,169.90667102895478
207.27380606412868,168.95807695033895
208.07702864154479,169.87189581776155
208.8802512189609,169.52434734093723
209.68347379637703,168.9814999244372
210.48669637379317,169.7377937148689
211.2899189512093,166.67828401737833
212.0931415286254,170.92514439427438
212.89636410604155,174.17999016070684
213.69958668345765,171.6336409774971
214.5028092608738,168.50293371198842
215.30603183828993,170.7375572298317
216.10925441570606,171.10604258251453
216.91247699312217,172.54953169794018
217.71569957053828,168.65174544184745
218.5189221479544,170.3733115749925
219.32214472537055,169.46991922242864
220.12536730278669,173.91818365068005
220.92858988020282,171.81773907623364
221.73181245761893,169.8888098089976
222.53503503503504,172.32398421591859
223.33825761245117,168.9416159440091
224.1414801898673,172.0347862778134
224.94470276728345,172.5611245844685
225.74792534469955,173.21390180214973
226.5511479221157,171.7254415184804
227.3543704995318,173.7158173172949
228.15759307694793,171.56051711213757
228.96081565436407,173.65496874155727
229.7640382317802,169.65630786574988
230.5672608091963,173.0197875360849
231.37048338661242,175.3755534789362
232.17370596402856,170.71997776125784
232.9769285414447,172.75658485607903
233.78015111886083,174.11837828332435
234.58337369627696,173.30634058346362
235.38659627369307,171.15799850545415
236.18981885110918,170.63504811207372
236.99304142852532,174.98050145340676
237.79626400594145,168.67977356461753
238.5994865833576,168.83163415866883
239.4027091607737,176.08394699705877
240.20593173818983,169.50833292600026
241.00915431560594,172.85601584840674
241.81237689302208,173.43474065937707
242.6155994704382,166.77524574111646
243.41882204785432,169.7529193479723
244.22204462527046,171.61429811959155
245.0252672026866,169.83565063725223
245.8284897801027,171.9306177199582
246.63171235751884,172.62468584918554
247.43493493493497,173.38495118396054
248.23815751235108,172.3129844044637
249.04138008976722,173.52904365336073
249.84460266718335,168.9821660327319
250.64782524459946,169.7526922076751
251.4510478220156,171.44136501583768
252.2542703994317,170.72343401149965
253.05749297684784,170.41291188625996
253.86071555426398,169.02280182272568
254.66393813168008,167.8174911217176
255.46716070909622,172.37752692668542
256.27038328651236,174.49449902917755
257.0736058639285,171.4965881545554
257.8768284413446,175.45081653140898
258.68005101876076,172.30231788683182
259.48327359617684,170.6892859441568
260.286496173593,173.78287543722072
261.0897187510091,170.26334917349345
261.8929413284252,168.01591004410378
262.69616390584133,169.778766087308
263.49938648325747,174.69720509427688
264.3026090606736,171.29081520820807
265.10583163808974,172.63850905471887
265.9090542155059,174.68528562860695
266.712276792922,174.1908059442497
267.51549937033815,176.21053490643797
268.3187219477542,172.7029936257211
269.12194452517036,174.582679980084
269.9251671025865,175.0298551687524
270.7283896800026,171.60471957645169
271.5316122574187,175.19668937752866
272.33483483483485,175.8453344459737
273.138057412251,172.06924138246868
273.9412799896671,171.01314908831324
274.74450256708326,171.11710014260697
275.5477251444994,174.35105286460518
276.35094772191553,168.23741238417108
277.1541702993316,169.95559465868186
277.95739287674775,173.6283243711882
278.7606154541639,170.86152505956434
279.56383803157996,171.1216176115504
280.3670606089961,172.7205109707941
281.17028318641223,169.97210817990498
281.97350576382837,175.5195637532601
282.7767283412445,171.03413217579973
283.57995091866064,173.25533863057265
284.3831734960768,173.74178849250862
285.1863960734929,170.87140645551233
285.98961865090905,171.12965494069192
286.79284122832513,174.74647763080867
287.59606380574127,176.4873017512477
288.39928638315735,173.29825696407573
289.2025089605735,170.1054543557607
290.0057315379896,169.119805224648
290.80895411540575,172.89215574504195
291.6121766928219,175.48192836191024
292.415399270238,174.9504658318336
293.21862184765416,170.67162140762363
294.0218444250703,171.23861821876764
294.82506700248643,170.41484497953027
295.6282895799025,172.8961027135804
296.43151215731865,170.498467685393
297.2347347347348,177.0263347328452
298.03795731215087,172.8038173656922
298.841179889567,168.77887627001599
299.64440246698314,173.4306334098005
300.4476250443993,173.0384463066037
301.2508476218154,174.72925892013518
302.05407019923155,174.87789718843035
302.8572927766477,173.8725131608388
303.6605153540638,170.01154355636848
304.4637379314799,171.38855825301687
305.26696050889603,173.89432408559907
306.07018308631217,173.80744365086585
306.87340566372825,171.11892979864697
307.6766282411444,173.41952132591726
308.4798508185605,170.42662918238884
309.28307339597666,173.34725905593623
310.0862959733928,170.18447748385472
310.88951855080893,170.6323033634736
311.69274112822507,172.4277765011355
312.4959637056412,171.05739909090755
313.2991862830573,169.649745181944
314.1024088604734,170.7768326732165
314.90563143788955,170.06379591052044
315.70885401530563,170.00612621810686
316.51207659272177,173.15749663450427
317.3152991701379,174.25722446496903
318.11852174755404,175.7690407188334
318.9217443249702,172.56385223036517
319.7249669023863,167.268431069324
320.52818947980245,172.7977841177842
321.3314120572186,172.50514660900154
322.1346346346347,171.6450400098835
322.9378572120508,168.595895154079
323.74107978946694,168.49080987733106
324.544302366883,170.25462813616474
325.34752494429915,166.5786981036749
326.1507475217153,172.33957175554573
326.9539700991314,169.17409484283172
327.75719267654756,170.26125969899877
328.5604152539637,168.87281779355106
329.36363783137983,171.25909781290392
330.16686040879597,169.0541942300944
330.9700829862121,171.01043592830743
331.7733055636282,167.37984256961005
332.5765281410443,172.84391277395798
333.37975071846046,168.73173112259533
334.18297329587654,170.13872720278437
334.9861958732927,168.0829850380712
335.7894184507088,168.2453272919988
336.59264102812494,165.20723557474918
337.3958636055411,167.86676265851756
338.1990861829572,171.34005808115154
339.00230876037335,167.33587104561968
339.8055313377895,168.88719189851517
340.60875391520557,162.69739136729203
341.4119764926217,166.2913252823093
342.21519907003784,168.2039349798834
343.0184216474539,169.9881711736638
343.82164422487006,167.30034756837722
344.6248668022862,168.0836672881712
345.4280893797023,169.78660694692098
346.23131195711846,167.19290486484607
347.0345345345346,167.49386131259175
347.83775711195074,165.80668334526635
348.6409796893669,163.81001621882228
349.44420226678295,165.9163041443558
350.2474248441991,163.87717254568076
351.0506474216152,161.7869960955999
351.8538699990313,166.2564257301597
352.65709257644744,166.13581207886304
353.4603151538636,164.48526666398143
354.2635377312797,165.32834480802774
355.06676030869585,163.52673357076824
355.869982886112,165.45542248471827
356.6732054635281,163.34542143413412
357.47642804094426,165.7383872541919
358.2796506183604,162.75277755375046
359.0828731957765,162.62071042853972
359.8860957731926,160.68955317998538
360.6893183506087,161.17552206762488
361.4925409280248,161.99764726955706
362.29576350544096,162.50920800494285
363.0989860828571,162.74716048268675
363.90220866027323,164.37684807175594
364.70543123768937,160.81377511746823
365.5086538151055,159.94392954175896
366.31187639252164,164.7341603955627
367.1150989699377,160.8422258927408
367.91832154735386,161.49126577809372
368.72154412477,160.02563882191996
369.5247667021861,166.2404521246202
370.32798927960226,158.2484288006118
371.13121185701834,161.98264345183003
371.9344344344345,157.85233195455612
372.7376570118506,160.12441200779568
373.54087958926675,159.8700851815861
374.3441021666829,159.68843932794178
375.147324744099,163.4722002479992
375.9505473215151,163.81903249190208
376.75376989893124,161.7394264099993
377.5569924763474,155.7356001297583
378.3602150537635,159.2072257897179
379.16343763117965,158.71306610099816
379.9666602085957,160.14791796083858
380.76988278601186,156.3319524178739
381.573105363428,159.38513324578994
382.37632794084413,159.6678756327022
383.17955051826027,157.0783075624428
383.9827730956764,158.08686900635485
384.7859956730925,157.34389400806327
385.5892182505086,160.98724277929395
386.39244082792476,159.98331831158276
387.1956634053409,159.23154016330582
387.99888598275703,161.1998610898564
388.80210856017317,155.45506159831487
389.60533113758925,155.23189643383623
390.4085537150054,156.34710467050488
391.2117762924215,158.66981923949027
392.01499886983765,161.27776906933613
392.8182214472538,157.18657852167118
393.62144402466987,155.29344622929668
394.424666602086,154.5010690687758
395.22788917950214,155.09985927603424
396.0311117569183,151.20200765221
396.8343343343344,153.6664220650753
397.63755691175055,158.24613620333037
398.44077948916663,154.31028513921027
399.24400206658277,154.33349533345458
400.0472246439989,155.94916632462892
400.85044722141504,150.82069727853101
401.6536697988312,154.28889569443436
402.45689237624725,150.70859000455417
403.2601149536634,155.72702986982324
404.0633375310795,151.31162626854788
404.86656010849566,152.8372294091865
405.6697826859118,150.85868782630928
406.47300526332793,156.2762529329318
407.276227840744,152.63085553098085
408.07945041816015,152.7435420311927
408.8826729955763,157.12857288716222
409.6858955729924,154.022247978397
410.48911815040856,155.30614273354863
411.2923407278247,147.29406351898461
412.0955633052408,154.15255219565202
412.8987858826569,152.0842741694249
413.70200846007305,151.93025180933935
414.5052310374892,149.84583586228902
415.3084536149053,150.33585150449503
416.1116761923214,151.00645339870982
416.91489876973753,149.6406574122012
417.71812134715367,148.35893627186866
418.5213439245698,145.84239718312662
419.32456650198594,152.54650074072347
420.1277890794021,147.98787733574403
420.93101165681816,147.81890724034156
421.7342342342343,152.00037120841253
422.53745681165043,152.14919061591803
423.34067938906657,145.99409123705786
424.1439019664827,148.73856869934198
424.94712454389884,143.96965982116168
425.7503471213149,146.47378726938476
426.55356969873105,148.4122995286191
427.3567922761472,145.9131890625598
428.1600148535633,147.99163132587972
428.96323743097946,148.8024509241948
429.76646000839554,145.29423287745138
430.5696825858117,147.0534797367126
431.3729051632278,149.13973606649873
432.17612774064395,145.94153088398534
432.9793503180601,141.55872138572357
433.7825728954762,144.78848464160635
434.5857954728923,147.9292485636102
435.38901805030844,144.21294733959303
436.1922406277246,142.08008454216463
436.9954632051407,146.51805763895186
437.79868578255684,143.53695016953682
438.6019083599729,147.30942069161102
439.40513093738906,147.0173767733314
440.2083535148052,141.65950374627965
441.01157609222133,141.97624078948272
441.81479866963747,144.79225532251237
442.6180212470536,145.06487941683108
443.4212438244697,139.5218954955171
444.2244664018858,145.1079134430285
445.02768897930196,144.98527727533028
445.8309115567181,141.79893488351192
446.63413413413423,140.4147248925788
447.43735671155036,143.28308040279353
448.24057928896644,140.99203648158382
449.0438018663826,142.26377113784696
449.8470244437987,138.10769552359704
450.65024702121485,139.02937837235714
451.453469598631,138.088923044984
452.25669217604707,140.4038660031067
453.0599147534632,141.08702539077885
453.86313733087934,141.9219054083629
454.6663599082955,143.05680005259435
455.4695824857116,135.3706428513634
456.27280506312775,140.074481756913
457.0760276405438,137.73647502967566
457.87925021795996,141.54330316736034
458.6824727953761,138.79608984624315
459.48569537279224,140.02679609008786
460.2889179502084,133.76767799970415
461.0921405276245,135.20940170382613
461.8953631050406,133.57140235071572
462.6985856824567,135.63333230537782
463.50180825987286,138.32494856060785
464.305030837289,141.0395549241883
465.10825341470513,136.41002235751256
465.9114759921212,139.6175732471595
466.71469856953735,138.58568591206554
467.5179211469535,136.1635431433393
468.3211437243696,134.59098187588094
469.12436630178576,135.09482929037378
469.9275888792019,137.5068820307072
470.73081145661797,132.4759839299025
471.5340340340341,135.2013354223416
472.33725661145024,130.19453055336282
473.1404791888664,130.35776997368805
473.9437017662825,132.8309696945632
474.7469243436986,133.98375380032675
475.55014692111473,136.36093086878537
476.35336949853087,132.47533948942092
477.156592075947,134.53911498488964
477.95981465336314,134.61721018387755
478.7630372307793,128.92875135055476
479.56625980819535,132.34322618317228
480.3694823856115,129.85867101235624
481.1727049630276,126.08536486030258
481.97592754044376,133.00707636381955
482.7791501178599,131.51963992387752
483.58237269527604,128.83956463025393
484.3855952726921,130.13700654624603
485.18881785010825,126.68265188156143
485.9920404275244,129.47007142358052
486.7952630049405,127.26308994651227
487.59848558235666,126.8336605828962
488.40170815977274,125.65014407946606
489.2049307371889,130.90186384495297
490.008153314605,125.38183330531223
490.81137589202115,125.90428746831955
491.6145984694373,128.51116527662887
492.4178210468534,129.90253970533124
493.2210436242695,122.33218545924237
494.02426620168563,124.65854418566182
494.82748877910177,127.5723224933252
495.6307113565179,125.3204732086122
496.43393393393404,127.72526197351277
497.2371565113502,128.08226395718714
498.04037908876626,128.48075472855896
498.8436016661824,124.75996407063457
499.64682424359853,127.30057250689921
500.45004682101467,126.62663391672133
501.2532693984308,125.23404860998725
502.0564919758469,128.7396168718509
502.859714553263,128.41752488909108
503.66293713067915,124.99960535010757
504.4661597080953,124.7003126526113
505.2693822855114,122.69110744786691
506.07260486292756,124.97391022224902
506.87582744034364,121.33036689527992
507.6790500177598,122.60744702927333
508.4822725951759,120.70288973217751
509.28549517259205,122.0567928639857
510.0887177500082,123.16715814628154
510.89194032742427,120.0565134806459
511.6951629048404,118.92789212959221
512.4983854822565,123.70148100034382
513.3016080596726,124.77765176426425
514.1048306370888,119.22184127073142
514.9080532145049,117.28121271636391
515.711275791921,119.36886524845663
516.5144983693372,120.74614276177212
517.3177209467533,119.41723629360845
518.1209435241694,118.83693784263
518.9241661015856,123.60823947127096
519.7273886790017,120.1752741845243
520.5306112564178,118.97612713067018
521.333833833834,121.61949869797705
522.1370564112501,122.06833258631747
522.9402789886663,117.36274065179187
523.7435015660824,120.24305797455796
524.5467241434984,117.70499494918516
525.3499467209145,118.4207184506568
526.1531692983307,120.76377451678034
526.9563918757468,114.48866564446828
527.759614453163,117.03184583872024
528.5628370305791,121.25417140526741
529.3660596079951,118.44340447806424
530.1692821854112,115.65244095457999
530.9725047628274,116.5091760568306
531.7757273402435,116.12019056516235
532.5789499176597,117.59645824591863
533.3821724950758,116.73376848491962
534.1853950724919,121.1715882643037
534.9886176499081,116.48096239480662
535.7918402273242,114.12904337623598
536.5950628047403,115.81412075911783
537.3982853821565,116.65720579146692
538.2015079595726,117.98483290256026
539.0047305369887,114.93520545487878
539.8079531144049,115.11213995723655
540.611175691821,110.9979476179077
541.4143982692372,118.37308094147072
542.2176208466533,117.5722480140115
543.0208434240693,120.24055972004288
543.8240660014854,119.21068006328468
544.6272885789016,113.91430700683995
545.4305111563177,117.08734268169829
546.2337337337339,113.5712013554756
547.0369563111499,112.56273024458426
547.840178888566,113.41073151417466
548.6434014659822,115.965779588308
549.4466240433983,113.70752367246021
550.2498466208144,113.91015921579485
551.0530691982306,111.38486142502862
551.8562917756467,116.60073540451856
552.6595143530628,111.91645091512395
553.462736930479,109.50775247693913
554.2659595078951,114.09672573499408
555.0691820853112,118.09944337800464
555.8724046627274,118.65665358416982
556.6756272401435,113.91918774915328
557.4788498175596,116.48196385805886
558.2820723949758,112.9554957474154
559.0852949723919,110.85150220595247
559.8885175498081,112.18523627886835
560.6917401272241,113.21961757418657
561.4949627046402,114.77055804909479
562.2981852820564,114.21017176601424
563.1014078594725,114.71807556364722
563.9046304368886,110.80533484108318
564.7078530143048,114.82137625065539
565.5110755917208,116.0574767914601
566.3142981691369,113.39567266489624
567.117520746553,109.75709741977593
567.9207433239692,113.60521938895701
568.7239659013853,114.94750741791938
569.5271884788015,116.8943823672897
570.3304110562176,113.4547168399916
571.1336336336337,109.66933989648389
571.9368562110499,111.32891783475812
572.740078788466,112.82876682174928
573.5433013658821,113.02185855626576
574.3465239432983,109.85151941146596
575.1497465207144,116.01263584133594
575.9529690981306,114.42727898378746
576.7561916755467,110.40266829519935
577.5594142529628,111.538038208963
578.362636830379,114.67414903318746
579.165859407795,112.58509685970303
579.9690819852111,114.02116252313476
580.7723045626273,115.21016272426175
581.5755271400434,112.51544362008897
582.3787497174595,112.92094902413002
583.1819722948755,110.41967602508294
583.9851948722917,112.24840840435095
584.7884174497078,113.27553384996227
585.591640027124,114.54727385515382
586.3948626045401,111.08811329942858
587.1980851819562,109.35875446075903
588.0013077593724,110.51162659916352
588.8045303367885,117.7055891141366
589.6077529142046,113.06912961922326
590.4109754916208,111.49088685730005
591.2141980690369,117.11326492427956
592.017420646453,116.3890970924973
592.8206432238692,110.0312988259516
593.6238658012853,114.1554135338584
594.4270883787015,112.82372083023881
595.2303109561176,112.41078952233592
596.0335335335337,113.9383815335315
596.8367561109498,115.34345247911662
597.6399786883659,112.99593326428572
598.443201265782,114.56061355744627
599.2464238431982,116.18796027585097
600.0496464206143,114.10515103306197
600.8528689980304,116.15697960561032
601.6560915754465,109.92005136971628
602.4593141528626,116.19327948391798
603.2625367302787,113.37198683899408
604.0657593076949,110.63040059151639
604.868981885111,112.67738234249887
605.6722044625271,113.5221648235447
606.4754270399433,116.28201475232976
607.2786496173594,112.84807129304885
608.0818721947755,119.02296286485058
608.8850947721917,118.53296330549699
609.6883173496078,117.34400072563109
610.491539927024,119.58147613280345
611.2947625044401,118.97527749876022
612.0979850818562,119.124318892996
612.9012076592724,120.20409197023953
613.7044302366885,117.07311330280668
614.5076528141046,117.13139758060369
615.3108753915207,111.94170224070999
616.1140979689368,120.22823807562466
616.9173205463529,119.79917253783637
617.7205431237691,115.03091805419979
618.5237657011852,116.5592431580834
619.3269882786012,117.46927818005797
620.1302108560174,117.30607805882893
620.9334334334335,118.45529951073792
621.7366560108496,114.36363262691903
622.5398785882658,118.7850096357202
623.3431011656819,121.13851848786472
624.146323743098,117.63975738361788
624.9495463205142,113.72916854441964
625.7527688979303,118.2445682552829
626.5559914753464,120.8252277923408
627.3592140527626,120.53764621183856
628.1624366301787,116.72036040761346
628.9656592075949,119.95750442323053
629.768881785011,121.38541911167167
630.5721043624271,117.04813353041821
631.3753269398431,116.9028963477714
632.1785495172593,120.74594639863841
632.9817720946754,122.5825868826595
633.7849946720916,119.56070079264225
634.5882172495077,118.26299106391706
635.3914398269238,120.05760517520127
636.19466240434,120.62505676626488
636.9978849817561,118.55440242882894
637.8011075591722,119.55360064271485
638.6043301365884,121.60859694844694
639.4075527140045,122.8320641636239
640.2107752914205,122.9542462842658
641.0139978688367,121.81231377708508
641.8172204462528,118.09466725495687
642.6204430236689,116.22272929613256
643.4236656010851,122.37439140960561
644.2268881785012,122.30742526494963
645.0301107559173,119.07691318197851
645.8333333333335,119.86325865521161
646.6365559107496,122.43387712172208
647.4397784881658,119.78966316993447
648.2430010655819,119.70755881390578
649.0462236429979,120.17950215000661
649.849446220414,117.8199735682693
650.6526687978302,120.837264086123
651.4558913752463,121.619240992321
652.2591139526625,119.28913344113558
653.0623365300786,124.33502568196461
653.8655591074947,121.6973862080667
654.6687816849109,118.76465202510117
655.472004262327,122.89457721946825
656.2752268397431,121.7115508957614
657.0784494171593,122.4926643583014
657.8816719945753,123.93992622044352
658.6848945719914,121.05110851055196
659.4881171494076,121.95340793850978
660.2913397268237,122.54787009972443
661.0945623042398,122.99134678933687
661.897784881656,118.26566097632852
662.7010074590721,127.10975611419396
663.5042300364883,119.78227688113432
664.3074526139044,124.11744875094824
665.1106751913205,123.95536663533161
665.9138977687367,120.24496943416959
666.7171203461528,122.86128875376566
667.5203429235688,124.47972428343874
668.323565500985,120.35301198162128
669.1267880784011,120.90995669387067
669.9300106558172,126.42594497496185
670.7332332332334,125.73996521427587
671.5364558106495,120.84683882680767
672.3396783880656,128.15971107647414
673.1429009654818,127.45063084861023
673.9461235428979,125.33647320145158
674.749346120314,125.09368308238405
675.5525686977302,128.37765854032943
676.3557912751462,126.76176988184504
677.1590138525623,122.68965196206237
677.9622364299785,122.15666855965293
678.7654590073946,124.08014752919107
679.5686815848107,124.30883726421679
680.3719041622269,129.95473887513907
681.175126739643,130.52883609827023
681.9783493170592,124.61238962609174
682.7815718944753,126.90634215196027
683.5847944718914,125.14987345879999
684.3880170493076,126.42538370948304
685.1912396267236,128.05207294872503
685.9944622041397,123.38042572276943
686.7976847815559,126.13991798629738
687.600907358972,127.92841552531733
688.4041299363881,127.40754353062815
689.2073525138043,130.61674779053538
690.0105750912204,129.1482123706755
690.8137976686365,128.0992540204698
691.6170202460527,126.38849056371527
692.4202428234688,128.8282050309934
693.223465400885,131.18414925616074
694.026687978301,126.42292606398422
694.8299105557171,130.85330474041814
695.6331331331332,129.98869106192478
696.4363557105494,131.11931944751916
697.2395782879655,128.54945632502788
698.0428008653817,130.55049547846696
698.8460234427978,131.96568814505426
699.6492460202139,128.01595385174255
700.4524685976301,130.55639452330283
701.2556911750462,129.90323348845143
702.0589137524623,131.31296756596976
702.8621363298785,136.65926742117506
703.6653589072945,130.67008075224655
704.4685814847106,128.22987108607623
705.2718040621268,132.73391156016515
706.0750266395429,132.69745099874422
706.878249216959,133.6951227174017
707.6814717943752,131.32372409320277
708.4846943717913,135.46712201150964
709.2879169492074,128.93013555717246
710.0911395266236,135.82200370779395
710.8943621040397,134.00638834216355
711.6975846814559,132.29936093520323
712.5008072588719,136.30323061715166
713.304029836288,138.24730103763613
714.1072524137041,131.84404881948223
714.9104749911203,131.59353945694465
715.7136975685364,136.5916384950899
716.5169201459526,137.065461460091
717.3201427233687,136.03354141806278
718.1233653007848,134.3181595822747
718.926587878201,136.6267423952992
719.7298104556171,135.42498333335885
720.5330330330332,136.8193820543545
721.3362556104493,137.50499067877877
722.1394781878654,138.22515569064402
722.9427007652815,135.16492840354974
723.7459233426977,137.46565456810472
724.5491459201138,139.0545275626428
725.3523684975299,138.46105020055953
726.1555910749461,137.35623804464262
726.9588136523622,136.84043526953425
727.7620362297783,135.08396554390444
728.5652588071945,133.48675799777757
729.3684813846106,135.79775400575306
730.1717039620266,137.95143593169811
730.9749265394428,138.4275210055413
731.7781491168589,140.50643219133127
732.581371694275,139.22397546941102
733.3845942716912,142.94131284035495
734.1878168491073,135.4229857799553
734.9910394265235,139.51066704976108
735.7942620039396,135.97815706243048
736.5974845813557,138.2095554437392
737.4007071587719,141.07657340175865
738.203929736188,138.6176440264794
739.0071523136041,141.75850870970402
739.8103748910202,141.29151771146104
740.6135974684363,136.30274086890415
741.4168200458524,139.2492741317585
742.2200426232686,139.9368914257299
743.0232652006847,140.8258798034379
743.8264877781008,142.62469208772256
744.629710355517,138.0839056700883
745.4329329329331,143.81388622253849
746.2361555103492,136.47964358113444
747.0393780877654,139.92794513335207
747.8426006651815,140.884120036431
748.6458232425975,140.10256336118601
749.4490458200137,137.5814315159134
750.2522683974298,143.671308798266
751.055490974846,141.02211273701334
751.8587135522621,145.14585419285618
752.6619361296782,137.69244888746124
753.4651587070944,137.21346256246252
754.2683812845105,141.8455797030061
755.0716038619266,139.53222335038618
755.8748264393428,140.85345526322226
756.6780490167589,139.16189333994205
757.4812715941749,139.1589755302324
758.2844941715911,141.48541599431329
759.0877167490072,141.80956235520483
759.8909393264233,143.2652888206597
760.6941619038395,138.81253143038464
761.4973844812556,136.2818045465479
762.3006070586717,139.3220934055904
763.1038296360879,142.29335025180242
763.907052213504,142.3548682083676
764.7102747909202,140.32693209215992
765.5134973683363,138.9209295321242
766.3167199457523,142.31796623177206
767.1199425231684,142.5289608571603
767.9231651005846,143.89849155558096
768.7263876780007,139.34592996393755
769.5296102554169,140.2250004292643
770.332832832833,141.62076689969027
771.1360554102491,140.23942816789076
771.9392779876653,143.56594046534929
772.7425005650814,141.294206912487
773.5457231424975,140.73628614111968
774.3489457199137,143.63178908976974
775.1521682973298,142.64171502733626
775.9553908747458,137.91834083473827
776.758613452162,142.571776659056
777.5618360295781,145.23019280312968
778.3650586069942,140.0386982539625
779.1682811844104,140.4190181561165
779.9715037618265,144.60253248183508
780.7747263392426,137.7182401510366
781.5779489166588,141.00989758487944
782.3811714940749,139.71089629055032
783.184394071491,138.11800140889832
783.9876166489072,139.15110120185136
784.7908392263232,142.19072175349046
785.5940618037394,142.077131161145
786.3972843811555,139.47541671617432
787.2005069585716,139.18046501585636
788.0037295359878,140.3610343443279
788.8069521134039,142.94501556243824
789.61017469082,139.05553202001772
790.4133972682362,139.47765003115128
791.2166198456523,141.0562115414839
792.0198424230684,139.29669217744853
792.8230650004846,141.83748934533355
793.6262875779006,141.89786775348117
794.4295101553167,142.8245033290242
795.2327327327329,142.69804279568456
796.035955310149,140.5598641588721
796.8391778875651,140.16748488761968
797.6424004649813,138.77583417043817
798.4456230423974,139.63116734132436
799.2488456198136,140.57913086058784
800.0520681972297,141.47674146308813
800.8552907746458,141.1849067198488
801.658513352062,144.8459013950341
802.461735929478,143.31727162619052
803.2649585068941,144.44082625567742
804.0681810843103,137.13714060084408
804.8714036617264,137.78596726233025
805.6746262391425,139.71812234247412
806.4778488165587,142.84171045568795
807.2810713939748,144.16839255067202
808.0842939713909,143.74877076713048
808.8875165488071,142.85653807721093
809.6907391262232,138.86186961721444
810.4939617036393,137.3369906845925
811.2971842810555,139.51513338216492
812.1004068584715,138.85274453212713
812.9036294358876,140.19550141042674
813.7068520133038,141.29207238429098
814.5100745907199,138.24347601100874
815.313297168136,142.16495391103734
816.1165197455522,139.49463443859182
816.9197423229683,139.52375803010776
817.7229649003845,136.34277361283472
818.5261874778006,140.3731588151866
819.3294100552167,139.33745853748604
820.1326326326329,138.86246250864025
820.9358552100489,138.13040869260348
821.739077787465,141.94049394578718
822.5423003648812,140.47512918790304
823.3455229422973,143.00316714029722
824.1487455197134,139.64318315663851
824.9519680971296,144.24048531672025
825.7551906745457,143.13828001823666
826.5584132519618,140.70871200181355
827.361635829378,144.06933513270238
828.1648584067941,138.72805472158723
828.9680809842102,141.86223401093056
829.7713035616263,142.88038527515704
830.5745261390424,141.02693860771757
831.3777487164585,139.29838323922547
832.1809712938747,142.9814892627528
832.9841938712908,139.52679400835777
833.787416448707,137.42570814943153
834.5906390261231,136.44079603624795
835.3938616035392,135.4525865336542
836.1970841809554,138.86435284542716
837.0003067583715,139.0280066761609
837.8035293357876,140.7983025887256
838.6067519132037,139.31812139726782
839.4099744906198,140.5830801378504
840.2131970680359,139.60113894167657
841.0164196454521,136.1561201361811
841.8196422228682,139.27078630273206
842.6228648002843,139.6417302692848
843.4260873777005,141.87987405347144
844.2293099551166,144.51429773215784
845.0325325325327,136.88723251505672
845.8357551099489,141.1750520087271
846.638977687365,142.23828122782285
847.4422002647811,143.62221295653097
848.2454228421972,138.97878163458208
849.0486454196133,143.44985160178626
849.8518679970294,135.85112669062076
850.6550905744456,140.19077125655417
851.4583131518617,140.82171974394768
852.2615357292779,141.3655903809371
853.064758306694,139.44752236583625
853.8679808841101,142.67327017199375
854.6712034615263,137.98328382038625
855.4744260389424,139.4104946203093
856.2776486163585,142.1308015956014
857.0808711937746,139.9782548273001
857.8840937711907,141.99418347343592
858.6873163486068,141.80869262860162
859.490538926023,140.6925291830847
860.2937615034391,142.0323504066696
861.0969840808552,141.09312376574678
861.9002066582714,139.28958203420387
862.7034292356875,140.5850743806277
863.5066518131036,143.20297474932804
864.3098743905198,143.67297784599066
865.1130969679359,141.63128547334006
865.9163195453519,140.61980122563173
866.7195421227681,143.1751269955501
867.5227647001842,140.958819771996
868.3259872776003,141.7356386660824
869.1292098550165,143.30134032454436
869.9324324324326,143.84300875220498
870.7356550098488,140.67931943905168
871.5388775872649,141.41465890968303
872.342100164681,137.91145592944684
873.1453227420972,140.17683613959116
873.9485453195133,139.63636536528531
874.7517678969293,142.50250801247202
875.5549904743455,141.78272967350586
876.3582130517616,139.45953633469156
877.1614356291777,142.79392461116964
877.9646582065939,140.16490353736106
878.76788078401,144.89974062910684
879.5711033614261,141.09320503429637
880.3743259388423,143.08993858926826
881.1775485162584,144.85561878065857
881.9807710936745,139.16151057561294
882.7839936710907,142.8022547274907
883.5872162485068,142.99676997524068
884.3904388259228,141.4230543358432
885.193661403339,142.67365998963277
885.9968839807551,141.7855196923594
886.8001065581713,140.40182069576443
887.6033291355874,144.17432518917616
888.4065517130035,145.26325765711184
889.2097742904197,141.6936391420953
890.0129968678358,142.4182102105393
890.8162194452519,144.29612071864875
891.6194420226681,139.7657121384478
892.4226646000842,139.81526942402618
893.2258871775002,140.15968194333155
894.0291097549164,140.9293075522046
894.8323323323325,142.91611553785873
895.6355549097486,142.5386087728741
896.4387774871648,142.92282930463188
897.2420000645809,139.05235755923695
898.045222641997,143.15311356635652
898.8484452194132,142.60963856602257
899.6516677968293,143.68026571786524
900.4548903742455,145.21076968297956
901.2581129516616,141.82954677313202
902.0613355290776,137.63977239573558
902.8645581064937,145.1069897553568
903.6677806839099,139.40395725910133
904.471003261326,141.50850936092573
905.2742258387422,143.7768826837274
906.0774484161583,142.32749957266907
906.8806709935744,141.72205854487635
907.6838935709906,137.52553600043922
908.4871161484067,137.81662903192955
909.2903387258228,137.06852528715945
910.093561303239,140.66302794093917
910.896783880655,142.31251791231975
911.7000064580711,139.93222876592262
912.5032290354873,139.13569502706952
913.3064516129034,142.88244899833398
