110.88709677419354,150.67068126771102
111.69031935160966,150.28572569036703
112.4935419290258,151.90254061891787
113.29676450644192,152.33651264951595
114.09998708385804,152.04662245433033
114.90320966127416,152.30281685176394
115.7064322386903,153.38273982589675
116.50965481610642,152.9668068315595
117.31287739352254,153.43907182631304
118.11609997093868,151.72822242047187
118.9193225483548,150.46176059322937
119.72254512577092,154.52654750021742
120.52576770318706,155.55531891085104
121.32899028060318,157.57401166149268
122.1322128580193,153.8885676510236
122.93543543543542,158.23722022364132
123.73865801285156,155.3239983476932
124.54188059026768,155.21376842727798
125.3451031676838,153.01103196053612
126.14832574509992,158.63650334584315
126.95154832251606,160.36817307617792
127.75477089993218,156.18242188165124
128.5579934773483,157.3577070909169
129.36121605476444,158.4110505035288
130.16443863218058,159.15751527159958
130.96766120959668,158.9893620450094
131.77088378701282,158.3656934629626
132.57410636442893,159.54881379613226
133.37732894184506,158.82020398901597
134.1805515192612,157.93041115527103
134.9837740966773,161.59802206573013
135.78699667409344,159.1728952373175
136.59021925150958,160.44212370671622
137.3934418289257,162.03003603332604
138.19666440634182,161.22115655974673
138.99988698375796,161.60465795308932
139.80310956117407,163.8485772022227
140.6063321385902,159.00226346009939
141.4095547160063,162.0347441413702
142.21277729342245,162.90701543558595
143.01599987083858,161.6695894733261
143.81922244825472,162.3097384822378
144.62244502567083,165.10116019328152
145.42566760308696,163.38528568849117
146.22889018050307,166.0898634207064
147.0321127579192,164.11661521049214
147.83533533533534,161.56070279739825
148.63855791275145,163.52414828533603
149.4417804901676,162.50007752301542
150.2450030675837,164.32422054887562
151.04822564499983,162.134342256643
151.85144822241597,164.5572715379385
152.6546707998321,167.38369246075388
153.4578933772482,163.51925059804975
154.26111595466435,162.50130571614915
155.06433853208046,164.7515065295796
155.8675611094966,162.8179530694574
156.67078368691273,161.078144555724
157.47400626432886,161.54025718241652
158.27722884174497,164.05091365121626
159.0804514191611,166.3522491233868
159.88367399657722,167.6378197263013
160.68689657399335,171.37835305165027
161.4901191514095,166.43507477653742
162.2933417288256,167.05496427657215
163.09656430624173,169.79316383994507
163.89978688365784,167.1637374997399
164.70300946107398,170.25376934113245
165.5062320384901,165.58367841050472
166.30945461590625,167.5282232096006
167.11267719332236,166.7708662728688
167.9158997707385,164.84409653641418
168.7191223481546,167.47403097943257
169.52234492557074,166.78684086194434
170.32556750298687,168.07844617048048
171.12879008040298,168.1802760012256
171.93201265781912,168.27946433939442
172.73523523523525,166.19714012702167
173.53845781265136,167.71305212150196
174.3416803900675,169.67936166568205
175.14490296748363,168.8714417707264
175.94812554489974,166.68914312561407
176.75134812231587,172.0006959158187
177.55457069973198,168.90330431886045
178.35779327714812,168.00013421809632
179.16101585456425,165.55233789042026
179.9642384319804,168.8267744412248
180.7674610093965,170.36841670907745
181.5706835868126,164.5590802510024
182.37390616422874,168.0764178958018
183.17712874164488,169.41396704938845
183.98035131906101,165.91201588261254
184.78357389647715,170.40268001338887
185.58679647389326,172.0414238193747
186.39001905130937,170.21236886838034
187.1932416287255,164.77579127250155
187.99646420614164,169.77238007614204
188.79968678355777,168.3567730501426
189.60290936097388,167.53946615553065
190.40613193839002,170.65353736799972
191.20935451580613,169.97535634322398
192.01257709322226,165.55139702887632
192.8157996706384,168.965728735701
193.61902224805453,168.20076115094272
194.42224482547064,172.8042444701915
195.22546740288675,168.97472921835592
196.0286899803029,174.95737441358656
196.83191255771902,168.20435520047735
197.63513513513516,172.0402635227861
198.4383577125513,166.59635014436483
199.2415802899674,173.05053049143766
200.0448028673835,170.4091307612413
200.84802544479965,170.44084378743605
201.65124802221578,169.45313360880758
202.45447059963192,172.99697853841232
203.25769317704803,170.82539543650094
204.06091575446416,171.23688317440107
204.86413833188027,174.84152584973432
205.6673609092964,168.71107838192884
206.47058348671254,169.1045070660558
207.27380606412868,167.40762674568236
208.07702864154479,170.68141620122088
208.8802512189609,170.65114006399435
209.68347379637703,170.72573931043678
210.48669637379317,170.74690366684888
211.2899189512093,172.3296728523687
212.0931415286254,169.4381077374801
212.89636410604155,172.5461916741525
213.69958668345765,170.47481470131774
214.5028092608738,171.58566055494725
215.30603183828993,174.1758965702229
216.10925441570606,172.00772870992506
216.91247699312217,170.897759682681
217.71569957053828,173.8592702932824
218.5189221479544,171.31724986619153
219.32214472537055,172.30716282767693
220.12536730278669,169.55979686302405
220.92858988020282,168.23378717672364
221.73181245761893,167.28074033375313
222.53503503503504,172.0659196818052
223.33825761245117,169.8454346129497
224.1414801898673,170.1220198196382
224.94470276728345,169.54741950089698
225.74792534469955,167.223377394838
226.5511479221157,169.17714082098064
227.3543704995318,171.96648890385237
228.15759307694793,169.74636526076227
228.96081565436407,169.45021115166003
229.7640382317802,171.3387863882723
230.5672608091963,174.00491226670786
231.37048338661242,171.20453721293234
232.17370596402856,171.96936140258654
232.9769285414447,171.14898851888597
233.78015111886083,172.95032259440111
234.58337369627696,174.2521234378485
235.38659627369307,173.7668048039442
236.18981885110918,171.32831077924044
236.99304142852532,173.34183114886605
237.79626400594145,168.33481354336914
238.5994865833576,170.08147943842445
239.4027091607737,172.39699493015465
240.20593173818983,173.55827265210945
241.00915431560594,171.15771120496802
241.81237689302208,170.07216019768225
242.6155994704382,171.52028774520642
243.41882204785432,173.2714694457709
244.22204462527046,171.57155865534452
245.0252672026866,173.40572646353482
245.8284897801027,171.97192880002058
246.63171235751884,169.41351759366356
247.43493493493497,169.95479236152028
248.23815751235108,167.40927423414985
249.04138008976722,169.53945771188936
249.84460266718335,171.4644460088302
250.64782524459946,169.71348327989998
251.4510478220156,172.5776000143648
252.2542703994317,170.7994904480564
253.05749297684784,171.86176410402587
253.86071555426398,170.57832127014544
254.66393813168008,174.34162992988496
255.46716070909622,170.16429411788954
256.27038328651236,175.27629467258157
257.0736058639285,171.9909769042193
257.8768284413446,173.72274639591595
258.68005101876076,171.89876449356137
259.48327359617684,174.7783122544362
260.286496173593,172.0894852893623
261.0897187510091,172.43252325744794
261.8929413284252,168.78696595384432
262.69616390584133,167.28089075112402
263.49938648325747,170.0689781153054
264.3026090606736,172.20335196855066
265.10583163808974,172.2245855132824
265.9090542155059,170.9656225804214
266.712276792922,173.37698871515425
267.51549937033815,175.13721689727547
268.3187219477542,172.3463733202391
269.12194452517036,172.32138255197168
269.9251671025865,172.3386550571506
270.7283896800026,172.3551610062881
271.5316122574187,175.09266483643566
272.33483483483485,171.41401515677163
273.138057412251,175.87313137172058
273.9412799896671,167.68007151438428
274.74450256708326,172.24173486679973
275.5477251444994,171.46603045312918
276.35094772191553,174.50453442639574
277.1541702993316,173.40147063792804
277.95739287674775,172.46420433834737
278.7606154541639,170.98922442407004
279.56383803157996,170.96458126127084
280.3670606089961,168.62531269723885
281.17028318641223,169.6500882742691
281.97350576382837,172.48873466467035
282.7767283412445,172.01808324322593
283.57995091866064,173.92184645715446
284.3831734960768,175.88914494698165
285.1863960734929,170.74561045711513
285.98961865090905,173.97443698890376
286.79284122832513,173.42165827051664
287.59606380574127,170.23023294995647
288.39928638315735,172.46283356547724
289.2025089605735,169.01606767314877
290.0057315379896,173.42242036850757
290.80895411540575,172.07711591826438
291.6121766928219,174.1680116274198
292.415399270238,172.39999982442217
293.21862184765416,172.9796684862258
294.0218444250703,177.00056471477578
294.82506700248643,169.87874995723305
295.6282895799025,169.99949434472137
296.43151215731865,175.34125560177654
297.2347347347348,172.27088358531716
298.03795731215087,175.94794427787716
298.841179889567,174.1552732132925
299.64440246698314,170.67653283238866
300.4476250443993,171.33097973324976
301.2508476218154,174.75370971780245
302.05407019923155,175.30131179398148
302.8572927766477,169.33026634929064
303.6605153540638,172.90762606730254
304.4637379314799,173.0064156201897
305.26696050889603,170.25642281970545
306.07018308631217,167.39300622228495
306.87340566372825,167.99839142363905
307.6766282411444,173.2276491260562
308.4798508185605,174.14239707353983
309.28307339597666,170.37476450677275
310.0862959733928,172.237435582614
310.88951855080893,169.33676197022103
311.69274112822507,172.28908805655448
312.4959637056412,171.40323655426283
313.2991862830573,171.3356196726968
314.1024088604734,173.17311592794928
314.90563143788955,174.29184970666728
315.70885401530563,171.1754003312514
316.51207659272177,169.24633563343968
317.3152991701379,170.96080900724775
318.11852174755404,167.76626156232177
318.9217443249702,168.8445405677576
319.7249669023863,169.14886567006357
320.52818947980245,171.41235822695626
321.3314120572186,165.67018833587306
322.1346346346347,172.4099509776493
322.9378572120508,167.8682655156441
323.74107978946694,168.50728244537007
324.544302366883,168.93223409049313
325.34752494429915,172.6150974626527
326.1507475217153,168.5791467276368
326.9539700991314,169.79292306895775
327.75719267654756,168.01458500959285
328.5604152539637,166.65831363729663
329.36363783137983,169.4371995999508
330.16686040879597,168.56265495024064
330.9700829862121,169.69173435613328
331.7733055636282,165.87417045855992
332.5765281410443,168.63674565625294
333.37975071846046,172.54847311163735
334.18297329587654,168.64537917944503
334.9861958732927,168.50366836209184
335.7894184507088,167.63471329901407
336.59264102812494,166.6420345339401
337.3958636055411,164.119623560839
338.1990861829572,169.06353409405014
339.00230876037335,168.88552020749225
339.8055313377895,164.04284102581173
340.60875391520557,167.4468668312343
341.4119764926217,165.44420166473319
342.21519907003784,164.54970865227054
343.0184216474539,171.76481483150386
343.82164422487006,165.1269906555276
344.6248668022862,168.38054196193622
345.4280893797023,166.3127847660116
346.23131195711846,166.3014055811397
347.0345345345346,166.51003460398462
347.83775711195074,168.02093549316427
348.6409796893669,165.55050488497128
349.44420226678295,165.79685280461072
350.2474248441991,166.352823663493
351.0506474216152,168.58739979839612
351.8538699990313,166.21676335519788
352.65709257644744,161.5583100036759
353.4603151538636,162.78279745033905
354.2635377312797,164.46704884790933
355.06676030869585,163.65905968247728
355.869982886112,165.39769354961496
356.6732054635281,168.6016339805264
357.47642804094426,166.4145971917392
358.2796506183604,163.7096560447817
359.0828731957765,165.11364821849781
359.8860957731926,166.7863340204353
360.6893183506087,167.8777763851844
361.4925409280248,163.85299252029668
362.29576350544096,160.81023243085724
363.0989860828571,162.67956585305106
363.90220866027323,163.2026101447711
364.70543123768937,163.74453074867785
365.5086538151055,165.8093487082603
366.31187639252164,163.42245827996013
367.1150989699377,160.6325884375551
367.91832154735386,159.51164438123382
368.72154412477,162.79182013182293
369.5247667021861,159.60910768830757
370.32798927960226,161.62505930126906
371.13121185701834,164.8539272612274
371.9344344344345,160.84236669832552
372.7376570118506,160.67726873910655
373.54087958926675,160.48608487130628
374.3441021666829,160.14986884177145
375.147324744099,158.24791597693294
375.9505473215151,160.75950919605668
376.75376989893124,159.85311557211634
377.5569924763474,162.32302718027887
378.3602150537635,160.37702836306266
379.16343763117965,160.83475914746495
379.9666602085957,159.1929520038362
380.76988278601186,160.28267156585812
381.573105363428,158.7629443366623
382.37632794084413,162.6411533308427
383.17955051826027,162.63558466032356
383.9827730956764,155.42613118478698
384.7859956730925,159.12238315086006
385.5892182505086,159.36998239907018
386.39244082792476,158.39598886578898
387.1956634053409,158.77506267436985
387.99888598275703,156.0111077622035
388.80210856017317,160.80342213915577
389.60533113758925,155.2543172161013
390.4085537150054,157.0092364453697
391.2117762924215,156.83712793926605
392.01499886983765,156.66422562885342
392.8182214472538,154.65087659715408
393.62144402466987,156.02689731186115
394.424666602086,156.14034837349288
395.22788917950214,155.9638633475755
396.0311117569183,154.5243172589758
396.8343343343344,159.53125752291834
397.63755691175055,155.42825994985537
398.44077948916663,155.1417584365338
399.24400206658277,151.75344339025156
400.0472246439989,158.87936722898317
400.85044722141504,153.4391536265732
401.6536697988312,156.5094919148383
402.45689237624725,152.5511750603245
403.2601149536634,152.75607515775027
404.0633375310795,154.09225250295756
404.86656010849566,153.75657941749083
405.6697826859118,151.64964330310906
406.47300526332793,153.3697887019397
407.276227840744,151.96781279326117
408.07945041816015,154.32995329523723
408.8826729955763,150.89108551993752
409.6858955729924,152.45406676990595
410.48911815040856,148.083059703381
411.2923407278247,156.02929034963495
412.0955633052408,152.8004973875761
412.8987858826569,152.49476391646647
413.70200846007305,151.24635430771787
414.5052310374892,150.68470208657305
415.3084536149053,150.3598098191426
416.1116761923214,150.90647523517507
416.91489876973753,149.17210830844283
417.71812134715367,148.39611092313572
418.5213439245698,150.74806343143968
419.32456650198594,148.31525743798633
420.1277890794021,150.32483114320104
420.93101165681816,146.17106450197832
421.7342342342343,146.1159953095163
422.53745681165043,148.3141139565246
423.34067938906657,148.89296993861413
424.1439019664827,147.57185263731512
424.94712454389884,148.92103246594112
425.7503471213149,146.42110363552206
426.55356969873105,146.82320919010007
427.3567922761472,149.27839780484823
428.1600148535633,151.352965167095
428.96323743097946,150.0421566284543
429.76646000839554,147.00416714095215
430.5696825858117,145.79765564705303
431.3729051632278,147.27496170814908
432.17612774064395,143.73963704137375
432.9793503180601,144.113814260467
433.7825728954762,144.9036266091534
434.5857954728923,141.36663319301653
435.38901805030844,140.82753770433354
436.1922406277246,141.60894948863265
436.9954632051407,144.79286950301056
437.79868578255684,140.59069313849042
438.6019083599729,145.85457432123596
439.40513093738906,145.2668322616437
440.2083535148052,140.97966014650896
441.01157609222133,142.24338715850686
441.81479866963747,143.93763621985502
442.6180212470536,144.91552717835071
443.4212438244697,144.18635642210864
444.2244664018858,141.32826744045664
445.02768897930196,142.26082900398802
445.8309115567181,142.00466314235595
446.63413413413423,141.74810961933582
447.43735671155036,141.5620737529298
448.24057928896644,144.64404800349223
449.0438018663826,142.7191467950199
449.8470244437987,141.28999357852427
450.65024702121485,138.58238581175584
451.453469598631,138.46713995433583
452.25669217604707,140.6607750313204
453.0599147534632,135.59471781718813
453.86313733087934,140.50945293048966
454.6663599082955,140.9627377270812
455.4695824857116,141.19619903882486
456.27280506312775,138.65241924111717
457.0760276405438,140.93430308575563
457.87925021795996,138.1354669324051
458.6824727953761,138.98237863632164
459.48569537279224,135.79367838851257
460.2889179502084,138.3355732162343
461.0921405276245,137.04865965359036
461.8953631050406,136.3516352618682
462.6985856824567,133.7271483654989
463.50180825987286,134.75960043412266
464.305030837289,137.45789905929888
465.10825341470513,135.81405851707763
465.9114759921212,132.84848395060146
466.71469856953735,131.52903929269175
467.5179211469535,133.91419669302962
468.3211437243696,134.7876372218461
469.12436630178576,135.187909854691
469.9275888792019,134.7405172223496
470.73081145661797,132.07645445052077
471.5340340340341,132.2598487835318
472.33725661145024,132.02322024706672
473.1404791888664,132.01634467395886
473.9437017662825,133.00470904800667
474.7469243436986,130.93237206534405
475.55014692111473,137.26163910562985
476.35336949853087,132.63592881368243
477.156592075947,129.93941957746088
477.95981465336314,133.49913027081618
478.7630372307793,131.49464886736334
479.56625980819535,131.24494830271104
480.3694823856115,130.0094843421455
481.1727049630276,130.93732341090438
481.97592754044376,130.07991316891892
482.7791501178599,130.2270826155134
483.58237269527604,133.3274299328728
484.3855952726921,129.82916608529436
485.18881785010825,130.64503707494933
485.9920404275244,127.06536435472287
486.7952630049405,127.14028792352228
487.59848558235666,130.068291480186
488.40170815977274,131.5622446735897
489.2049307371889,127.67839992446241
490.008153314605,131.97938841069387
490.81137589202115,129.03071641786346
491.6145984694373,126.3608083602686
492.4178210468534,123.74484560043201
493.2210436242695,125.91930456428172
494.02426620168563,130.23461816061948
494.82748877910177,124.97506174699315
495.6307113565179,126.40954582858605
496.43393393393404,126.17733744141063
497.2371565113502,125.94619505729392
498.04037908876626,125.71613986189277
498.8436016661824,125.18708894282783
499.64682424359853,126.80952824259998
500.45004682101467,125.14970217174887
501.2532693984308,124.80721468058293
502.0564919758469,127.20103631733002
502.859714553263,125.66412718944066
503.66293713067915,124.03709156495779
504.4661597080953,120.95870037226574
505.2693822855114,123.64053694685471
506.07260486292756,127.46279746481386
506.87582744034364,123.26392777691434
507.6790500177598,122.58019914522862
508.4822725951759,121.3153776325467
509.28549517259205,122.78723680800621
510.0887177500082,122.41284626216827
510.89194032742427,121.43271934054616
511.6951629048404,122.00530183187055
512.4983854822565,121.6770505812892
513.3016080596726,121.99568264568441
514.1048306370888,122.03976125038864
514.9080532145049,119.71236809655858
515.711275791921,119.91447766951951
516.5144983693372,119.62613696729976
517.3177209467533,120.501218793258
518.1209435241694,121.7017442030424
518.9241661015856,120.36816849329146
519.7273886790017,117.4194260141908
520.5306112564178,121.56063311528735
521.333833833834,119.78037558908528
522.1370564112501,120.31977898417428
522.9402789886663,116.43648716029017
523.7435015660824,119.10715411848975
524.5467241434984,118.01776659126693
525.3499467209145,118.7567767039398
526.1531692983307,118.58499904080931
526.9563918757468,118.41554465990465
527.759614453163,120.24810120457317
528.5628370305791,119.69586427216016
529.3660596079951,120.90553691671333
530.1692821854112,119.2815714133648
530.9725047628274,115.98415953069775
531.7757273402435,117.44967591865678
532.5789499176597,115.41387440945815
533.3821724950758,117.14798052444964
534.1853950724919,115.89654325538052
534.9886176499081,115.88153854575754
535.7918402273242,116.71544782163005
536.5950628047403,116.12404094103447
537.3982853821565,120.3263748772916
538.2015079595726,114.82210766207308
539.0047305369887,117.85689561925464
539.8079531144049,119.36466310056488
540.611175691821,112.4208451189219
541.4143982692372,115.01638898666525
542.2176208466533,117.60678264261126
543.0208434240693,115.57123328877967
543.8240660014854,113.53898177092773
544.6272885789016,117.08495373224932
545.4305111563177,115.2442808667721
546.2337337337339,117.33533124341363
547.0369563111499,113.625426697696
547.840178888566,115.2305735304776
548.6434014659822,110.338642959176
549.4466240433983,118.72014988591255
550.2498466208144,115.7893766049801
551.0530691982306,116.99723681631788
551.8562917756467,116.11417224595678
552.6595143530628,116.93787128710068
553.462736930479,112.80631517951292
554.2659595078951,113.7908418337201
555.0691820853112,117.70468288227826
555.8724046627274,113.92644944558377
556.6756272401435,110.19412814745453
557.4788498175596,117.0782331533705
558.2820723949758,113.55462792494497
559.0852949723919,112.03786474053413
559.8885175498081,112.61862440548965
560.6917401272241,116.03580039032688
561.4949627046402,113.78828795633397
562.2981852820564,111.39276180788247
563.1014078594725,116.7802633660819
563.9046304368886,116.2765236876958
564.7078530143048,110.54090227657866
565.5110755917208,110.25538969756838
566.3142981691369,112.89626976585102
567.117520746553,114.31124901815734
567.9207433239692,113.53796077099663
568.7239659013853,112.69116685658507
569.5271884788015,110.57116775472957
570.3304110562176,115.25535320589871
571.1336336336337,113.47898243756485
571.9368562110499,110.21149457115658
572.740078788466,113.50082303923872
573.5433013658821,114.13875781426287
574.3465239432983,114.64506204787213
575.1497465207144,112.3535800769886
575.9529690981306,110.88489152109948
576.7561916755467,110.11646970778007
577.5594142529628,112.11130765354577
578.362636830379,118.02458198961828
579.165859407795,113.66618526621644
579.9690819852111,111.38871825034262
580.7723045626273,113.55186681643305
581.5755271400434,112.45589142523953
582.3787497174595,114.6341719442608
583.1819722948755,116.57176696745054
583.9851948722917,112.99805522816865
584.7884174497078,114.10456533402274
585.591640027124,115.38940016671268
586.3948626045401,109.95778039741339
587.1980851819562,112.19142167345524
588.0013077593724,112.27522967876412
588.8045303367885,113.94715837987907
589.6077529142046,113.92565351794795
590.4109754916208,113.97317460193108
591.2141980690369,113.87994197967623
592.017420646453,115.2043850597276
592.8206432238692,113.68699552141709
593.6238658012853,114.01160213436428
594.4270883787015,110.69415091102628
595.2303109561176,114.30202252932523
596.0335335335337,117.39479791203989
596.8367561109498,113.42001187168604
597.6399786883659,117.40295345421248
598.443201265782,114.56061355744627
599.2464238431982,116.7611888347837
600.0496464206143,114.79980918661524
600.8528689980304,111.8911054298718
601.6560915754465,116.14608047818403
602.4593141528626,115.78996458921928
603.2625367302787,115.00256335203744
604.0657593076949,116.15005983314072
604.868981885111,115.16330174506821
605.6722044625271,118.47782754400002
606.4754270399433,115.33033642198428
607.2786496173594,112.99482032749596
608.0818721947755,111.77285508205333
608.8850947721917,118.15649418824422
609.6883173496078,115.68229955499713
610.491539927024,117.7489092300257
611.2947625044401,116.47166643226812
612.0979850818562,115.96094943707153
612.9012076592724,116.25700846736221
613.7044302366885,117.64020751639566
614.5076528141046,116.25124718068436
615.3108753915207,114.94656695136094
616.1140979689368,118.16823872044492
616.9173205463529,114.62032200458165
617.7205431237691,116.65497858720093
618.5237657011852,116.75868051570112
619.3269882786012,116.86342788292002
620.1302108560174,117.65496807433165
620.9334334334335,117.41125033994166
621.7366560108496,116.84892112449104
622.5398785882658,118.08693712398076
623.3431011656819,116.15520651556155
624.146323743098,116.51990395840576
624.9495463205142,115.18973728764708
625.7527688979303,119.97872315733976
626.5559914753464,113.14170919130729
627.3592140527626,119.09825773052893
628.1624366301787,116.44524435748184
628.9656592075949,119.25620046765403
629.768881785011,115.54084919810889
630.5721043624271,115.10455908735828
631.3753269398431,116.9827761461285
632.1785495172593,119.54330272696201
632.9817720946754,115.63425610569534
633.7849946720916,117.8587865362797
634.5882172495077,120.73309076425558
635.3914398269238,116.24937135769261
636.19466240434,123.73256864286515
636.9978849817561,119.84083571323643
637.8011075591722,119.48963758113851
638.6043301365884,119.44309035944906
639.4075527140045,122.59985979615958
640.2107752914205,121.92654357289007
641.0139978688367,122.26170896778268
641.8172204462528,123.74158090616639
642.6204430236689,119.64586847201082
643.4236656010851,116.615729005107
644.2268881785012,120.45947401410469
645.0301107559173,118.2315789017153
645.8333333333335,118.16291596863462
646.6365559107496,120.82484885988787
647.4397784881658,120.94659609289923
648.2430010655819,121.40901212933171
649.0462236429979,120.31093462353041
649.849446220414,121.31127906932048
650.6526687978302,121.43264143053021
651.4558913752463,124.6054931357539
652.2591139526625,121.00059597131697
653.0623365300786,121.7970174920971
653.8655591074947,121.91882764994538
654.6687816849109,118.71455820828076
655.472004262327,120.48419594958652
656.2752268397431,121.66709810597014
657.0784494171593,126.40058490876237
657.8816719945753,119.30550842495173
658.6848945719914,119.53711614640619
659.4881171494076,124.65844915069613
660.2913397268237,125.75341639288291
661.0945623042398,118.28593753425837
661.897784881656,123.89537331411321
662.7010074590721,120.73447144462868
663.5042300364883,125.09734778940208
664.3074526139044,123.85629401989446
665.1106751913205,127.37540967372118
665.9138977687367,125.25197688826786
666.7171203461528,120.37446299364623
667.5203429235688,121.63364044519331
668.323565500985,119.56336538217437
669.1267880784011,124.37810858691742
669.9300106558172,121.83452079437104
670.7332332332334,123.48778172575136
671.5364558106495,124.8109463316043
672.3396783880656,122.66857954474271
673.1429009654818,121.26610019836079
673.9461235428979,125.26166943931848
674.749346120314,128.46266512583352
675.5525686977302,124.73965425548776
676.3557912751462,124.08243807856883
677.1590138525623,126.6818243677726
677.9622364299785,126.05822471365694
678.7654590073946,127.68753381457009
679.5686815848107,124.56256863072058
680.3719041622269,126.81582311229839
681.175126739643,128.1854306753293
681.9783493170592,126.9148480995233
682.7815718944753,127.57428606169142
683.5847944718914,128.34673456787627
684.3880170493076,126.74948434202788
685.1912396267236,127.63778485268205
685.9944622041397,129.76977953500779
686.7976847815559,126.90296856023082
687.600907358972,127.64346626118657
688.4041299363881,129.5616169805376
689.2073525138043,129.14712601832633
690.0105750912204,132.60372214562997
690.8137976686365,127.62219094702422
691.6170202460527,129.16076612345498
692.4202428234688,129.35670007306732
693.223465400885,131.67661712788407
694.026687978301,127.82966505497824
694.8299105557171,129.58621880088032
695.6331331331332,132.08186017111646
696.4363557105494,130.23705576590982
697.2395782879655,130.54927728016273
698.0428008653817,134.32631149497652
698.8460234427978,133.7049534235811
699.6492460202139,134.8830626980183
700.4524685976301,129.80504769061054
701.2556911750462,129.36831078184935
702.0589137524623,131.7576114347651
702.8621363298785,132.33004651205158
703.6653589072945,132.16069843256523
704.4685814847106,132.36191503685515
705.2718040621268,131.12308026895175
706.0750266395429,133.6380354837268
706.878249216959,135.17259342563835
707.6814717943752,134.1664635667969
708.4846943717913,133.52297781535825
709.2879169492074,133.55925062956118
710.0911395266236,132.3727905749927
710.8943621040397,136.41283194924884
711.6975846814559,132.85174699836318
712.5008072588719,134.3417136288569
713.304029836288,134.53457539079582
714.1072524137041,134.96923321450393
714.9104749911203,134.9163955171572
715.7136975685364,134.77574323324214
716.5169201459526,135.29244100677795
717.3201427233687,135.16875789913425
718.1233653007848,136.30553923846986
718.926587878201,135.42698174758638
719.7298104556171,134.16479870510528
720.5330330330332,133.28312124716143
721.3362556104493,135.56538503281877
722.1394781878654,138.19368375909724
722.9427007652815,135.6170675699797
723.7459233426977,141.1336338914104
724.5491459201138,138.00736660587722
725.3523684975299,136.45976331605982
726.1555910749461,133.90559713320317
726.9588136523622,138.23474485347097
727.7620362297783,140.40906970406064
728.5652588071945,138.83887658042534
729.3684813846106,136.6841066400635
730.1717039620266,138.1631005515033
730.9749265394428,138.30411062974602
731.7781491168589,140.92400759405135
732.581371694275,141.23697616904147
733.3845942716912,137.46822426162836
734.1878168491073,137.44424262265105
734.9910394265235,136.85848658482556
735.7942620039396,141.7215548552876
736.5974845813557,139.22677867661474
737.4007071587719,135.7342847072557
738.203929736188,137.5001999715088
739.0071523136041,139.56762928878027
739.8103748910202,139.67334190200788
740.6135974684363,142.33078685004185
741.4168200458524,141.70395294870556
742.2200426232686,141.7497905846569
743.0232652006847,140.13552880842977
743.8264877781008,142.68818219071085
744.629710355517,141.19316052340955
745.4329329329331,138.2463817998069
746.2361555103492,140.9080198131896
747.0393780877654,140.4319219403204
747.8426006651815,140.4945293989945
748.6458232425975,136.87516750739672
749.4490458200137,136.18128047669236
750.2522683974298,140.85621501049275
751.055490974846,140.4989114037047
751.8587135522621,143.81949853014117
752.6619361296782,140.51140747739097
753.4651587070944,142.36662565984258
754.2683812845105,141.30292990521917
755.0716038619266,142.76203283385655
755.8748264393428,142.66401977555975
756.6780490167589,140.93392650282755
757.4812715941749,139.19400886595463
758.2844941715911,142.39432856347048
759.0877167490072,140.74404927679686
759.8909393264233,140.99523679775814
760.6941619038395,139.85664372946815
761.4973844812556,142.87621231815493
762.3006070586717,139.7283655446763
763.1038296360879,143.4208297089961
763.907052213504,142.84977342957794
764.7102747909202,142.9568901220342
765.5134973683363,141.00234732378985
766.3167199457523,141.44682230643872
767.1199425231684,138.4442357866085
767.9231651005846,145.13415056442432
768.7263876780007,137.67687524760404
769.5296102554169,140.18058168385744
770.332832832833,137.22652548996228
771.1360554102491,139.27022687146953
771.9392779876653,144.80104306446995
772.7425005650814,142.6197699830442
773.5457231424975,137.65667061110747
774.3489457199137,143.60746523427477
775.1521682973298,138.32270213032027
775.9553908747458,140.20503380747448
776.758613452162,140.01611115469925
777.5618360295781,139.9082030472714
778.3650586069942,141.9125541475102
779.1682811844104,139.18738618730254
779.9715037618265,142.8487461793593
780.7747263392426,141.89624492653388
781.5779489166588,139.92900232983405
782.3811714940749,144.00772900471466
783.184394071491,139.69230080348646
783.9876166489072,138.2171433488565
784.7908392263232,138.84204640353826
785.5940618037394,140.60896340725918
786.3972843811555,139.24186734865782
787.2005069585716,140.881170511782
788.0037295359878,140.3945805505086
788.8069521134039,142.2576629472871
789.61017469082,138.20114996704845
790.4133972682362,136.8028853677417
791.2166198456523,140.24072006766818
792.0198424230684,140.21632671162752
792.8230650004846,136.67501265564158
793.6262875779006,140.7206393401082
794.4295101553167,140.42590774741964
795.2327327327329,140.12980967642298
796.035955310149,138.71226946332018
796.8391778875651,140.6691980173679
797.6424004649813,140.0779175398895
798.4456230423974,140.71186698288048
799.2488456198136,138.34636696302633
800.0520681972297,140.03688440006715
800.8552907746458,139.1963650840073
801.658513352062,139.61977742497533
802.461735929478,142.93775168284293
803.2649585068941,143.68547077486704
804.0681810843103,140.22298097278912
804.8714036617264,138.98841387205846
805.6746262391425,138.42267529406632
806.4778488165587,138.89589921854054
807.2810713939748,140.862171595539
808.0842939713909,141.6523292695165
808.8875165488071,141.30601078880022
809.6907391262232,138.13666592033948
810.4939617036393,139.97193813194983
811.2971842810555,141.42150827245902
812.1004068584715,139.9765007773047
812.9036294358876,135.98884965926845
813.7068520133038,137.90196224990555
814.5100745907199,139.98975989315866
815.313297168136,140.67773611895797
816.1165197455522,139.83507130484006
816.9197423229683,137.2628094500496
817.7229649003845,141.80862577104494
818.5261874778006,139.6013029726479
819.3294100552167,141.6100379596745
820.1326326326329,141.23074629057547
820.9358552100489,136.15060694041367
821.739077787465,135.30824274457257
822.5423003648812,142.05538077480463
823.3455229422973,141.98249060595396
824.1487455197134,138.4811059320145
824.9519680971296,138.75450857180005
825.7551906745457,141.33318684024053
826.5584132519618,139.02620743789006
827.361635829378,138.30906493174433
828.1648584067941,140.18642315427311
828.9680809842102,141.9828447147388
829.7713035616263,137.69430696700547
830.5745261390424,135.28442119390414
831.3777487164585,136.46241324003157
832.1809712938747,141.34112262730181
832.9841938712908,139.17099976048596
833.787416448707,140.09019352197276
834.5906390261231,137.14771515617798
835.3938616035392,141.71360057981687
836.1970841809554,139.4061586616118
837.0003067583715,141.97169071892168
837.8035293357876,141.11628398372167
838.6067519132037,144.75868641073876
839.4099744906198,139.35679879034785
840.2131970680359,137.13030153822677
841.0164196454521,144.0368855927313
841.8196422228682,139.3380541446682
842.6228648002843,141.88930111692073
843.4260873777005,137.9740928697562
844.2293099551166,139.8341819720235
845.0325325325327,140.45859110263672
845.8357551099489,143.22163581556987
846.638977687365,142.11529376598378
847.4422002647811,140.6775493546164
848.2454228421972,138.19702123908516
849.0486454196133,144.22518996627412
849.8518679970294,140.79123387501943
850.6550905744456,138.74266692419738
851.4583131518617,140.79003020070851
852.2615357292779,142.8680677742241
853.064758306694,139.43494042086803
853.8679808841101,140.85674881196104
854.6712034615263,142.37553135927732
855.4744260389424,142.15687082758848
856.2776486163585,140.9999713723151
857.0808711937746,137.15931159186704
857.8840937711907,139.0332954718293
858.6873163486068,139.57065148442973
859.490538926023,140.077104904667
860.2937615034391,140.5749921990895
861.0969840808552,140.26656741465965
861.9002066582714,143.69178227665068
862.7034292356875,136.48286297293026
863.5066518131036,138.8178387346381
864.3098743905198,138.60837834382158
865.1130969679359,138.30300478069728
865.9163195453519,140.43642067071335
866.7195421227681,137.2038675200497
867.5227647001842,141.1967757289448
868.3259872776003,142.12334318930615
869.1292098550165,140.39499611339343
869.9324324324326,139.08279482890578
870.7356550098488,140.3921723260521
871.5388775872649,141.8819714960559
872.342100164681,144.01456926197392
873.1453227420972,143.47049766696878
873.9485453195133,141.31652947639705
874.7517678969293,140.9605954909109
875.5549904743455,139.1984394646966
876.3582130517616,137.88877887426258
877.1614356291777,141.0885736613121
877.9646582065939,143.94134997906744
878.76788078401,139.5350530634254
879.5711033614261,139.84411788786645
880.3743259388423,142.9356557516788
881.1775485162584,139.2850749648189
881.9807710936745,140.99160900800032
882.7839936710907,140.1807655791832
883.5872162485068,140.35107387627988
884.3904388259228,137.73791810246465
885.193661403339,141.42574852413887
885.9968839807551,144.03960072129453
886.8001065581713,140.61224546173636
887.6033291355874,143.0110597280516
888.4065517130035,142.24650337607733
889.2097742904197,143.63227567427
890.0129968678358,137.70336637361353
890.8162194452519,141.37374174033744
891.6194420226681,141.41395884246646
892.4226646000842,143.0881231127905
893.2258871775002,139.75250465934067
894.0291097549164,143.90620611066376
894.8323323323325,141.38384293560608
895.6355549097486,140.75219835064453
896.4387774871648,142.81545855042216
897.2420000645809,141.3496535738354
898.045222641997,139.93513693815962
898.8484452194132,139.88928893908684
899.6516677968293,143.1654331136183
900.4548903742455,141.287614483295
901.2581129516616,140.9839403492881
902.0613355290776,145.68037512979691
902.8645581064937,141.2280747324285
903.6677806839099,141.53289263547768
904.471003261326,140.79375064325643
905.2742258387422,139.65214447326386
906.0774484161583,141.1303577879792
906.8806709935744,142.33471143522107
907.6838935709906,141.3660691868376
908.4871161484067,144.35948479753947
909.2903387258228,140.07478985464817
910.093561303239,141.83785810867707
910.896783880655,140.86074915981555
911.7000064580711,141.16430573282858
912.5032290354873,143.4820573145185
913.3064516129034,141.24696416303206
