110.88709677419354,147.6081761398197
111.69031935160966,150.70999608223883
112.4935419290258,151.116662910863
113.29676450644192,148.2135774757797
114.09998708385804,151.44737701292303
114.90320966127416,152.30281685176394
115.7064322386903,150.69279566510474
116.50965481610642,153.06579538255755
117.31287739352254,152.2581122419612
118.11609997093868,153.80692834777466
118.9193225483548,154.1694064160427
119.72254512577092,154.52654750021742
120.52576770318706,154.3396027373593
121.32899028060318,156.37528263250104
122.1322128580193,155.56636353918412
122.93543543543542,156.8556051855746
123.73865801285156,155.53281783306105
124.54188059026768,156.5596396089202
125.3451031676838,154.08678819461417
126.14832574509992,159.9725612136251
126.95154832251606,157.50749537513275
127.75477089993218,157.8135474188885
128.5579934773483,158.1147186386537
129.36121605476444,158.4110505035288
130.16443863218058,156.843417533449
130.96766120959668,159.23003468001372
131.77088378701282,159.2714246598154
132.57410636442893,157.40072999237267
133.37732894184506,159.8215709230603
134.1805515192612,162.35550956500975
134.9837740966773,160.35335502515065
135.78699667409344,160.61246493851354
136.59021925150958,160.98745562416374
137.3934418289257,161.11732783537605
138.19666440634182,160.0374855116348
138.99988698375796,161.60465795308932
139.80310956117407,164.6336903723777
140.6063321385902,164.1713418925203
141.4095547160063,162.30350487800874
142.21277729342245,162.5280468622762
143.01599987083858,161.11800074927996
143.81922244825472,162.96476915935418
144.62244502567083,167.54628392525817
145.42566760308696,163.38528568849117
146.22889018050307,164.86241777384686
147.0321127579192,163.78992820248936
147.83533533533534,162.67524891228607
148.63855791275145,163.3203038625873
149.4417804901676,164.3678539043559
150.2450030675837,164.55291819627757
151.04822564499983,163.00300819072905
151.85144822241597,164.9119291816718
152.6546707998321,166.98672180698392
153.4578933772482,165.2563931631356
154.26111595466435,163.27214620691157
155.06433853208046,165.58664189347107
155.8675611094966,165.7465392122163
156.67078368691273,165.90300712548026
157.47400626432886,162.55531678339833
158.27722884174497,166.20582061196518
159.0804514191611,166.3522491233868
159.88367399657722,166.49541410572812
160.68689657399335,166.63535702808937
161.4901191514095,166.772119359571
162.2933417288256,164.96332251271699
163.09656430624173,167.03626812629597
163.89978688365784,167.1637374997399
164.70300946107398,164.42136879444493
165.5062320384901,167.3502760394319
166.30945461590625,167.44185048260405
167.11267719332236,166.52207253683378
167.9158997707385,167.75669303178447
168.7191223481546,165.5936540893387
169.52234492557074,163.99909297424222
170.32556750298687,165.23451491550338
171.12879008040298,169.28189186564836
171.93201265781912,165.51675862169037
172.73523523523525,169.38732015391787
173.53845781265136,168.47008241440403
174.3416803900675,168.93030869002152
175.14490296748363,171.41158678597589
175.94812554489974,168.73723506010242
176.75134812231587,170.00154859250605
177.55457069973198,168.90330431886045
178.35779327714812,169.9176007067921
179.16101585456425,167.0449052669915
179.9642384319804,169.13518883144127
180.7674610093965,165.54346188788372
181.5706835868126,169.27878272896072
182.37390616422874,169.3474053517609
183.17712874164488,170.13312087607852
183.98035131906101,169.47850929094355
184.78357389647715,171.10978447795873
185.58679647389326,170.3179839752133
186.39001905130937,171.12471954196343
187.1932416287255,169.71731307844504
187.99646420614164,169.77238007614204
188.79968678355777,169.82567643236814
189.60290936097388,169.87724361622364
190.40613193839002,169.92712309680886
191.20935451580613,169.97535634322398
192.01257709322226,168.21682916801637
192.8157996706384,170.06705000994512
193.61902224805453,170.11059336845165
194.42224482547064,170.15265636918915
195.22546740288675,168.73722463600893
196.0286899803029,170.23250717375817
196.83191255771902,168.79492165755838
197.63513513513516,174.66210456821352
198.4383577125513,170.34221742485062
199.2415802899674,170.6535027368026
200.0448028673835,170.4091307612413
200.84802544479965,170.44084378743605
201.65124802221578,170.4714496777642
202.45447059963192,170.50098990132597
203.25769317704803,170.52950592722155
204.06091575446416,170.5570392245513
204.86413833188027,167.2566353943201
205.6673609092964,170.60932350991416
206.47058348671254,170.6341574361478
207.27380606412868,172.06473795112
208.07702864154479,170.9291722381118
208.8802512189609,169.35576239739126
209.68347379637703,170.72573931043678
210.48669637379317,170.74690366684888
211.2899189512093,174.59172891172813
212.0931415286254,170.78744532878284
212.89636410604155,170.80690557250517
213.69958668345765,170.8258807168648
214.5028092608738,170.84441223096192
215.30603183828993,170.86254158389676
216.10925441570606,169.1156103908462
216.91247699312217,170.897759682681
217.71569957053828,170.91493136673085
218.5189221479544,171.4000496799946
219.32214472537055,167.89575394945965
220.12536730278669,170.96519458671435
220.92858988020282,170.9816699463211
221.73181245761893,170.1097685999458
222.53503503503504,172.88253260871332
223.33825761245117,171.03083945138152
224.1414801898673,169.29563004672332
224.94470276728345,171.06382000095803
225.74792534469955,166.63061179060173
226.5511479221157,171.09734829909925
227.3543704995318,171.1144215266323
228.15759307694793,171.13175609860735
228.96081565436407,169.69287645186625
229.7640382317802,172.77064917402384
230.5672608091963,174.10267607406598
231.37048338661242,171.20453721293234
232.17370596402856,171.2238005436211
232.9769285414447,171.2435740333534
233.78015111886083,171.26389915122957
234.58337369627696,171.66449145095538
235.38659627369307,171.30628967821755
236.18981885110918,171.8505175261632
236.99304142852532,172.0992054963054
237.79626400594145,172.91172230030185
238.5994865833576,171.3973127260801
239.4027091607737,171.90054728768717
240.20593173818983,170.20287284137876
241.00915431560594,169.96363849982438
241.81237689302208,175.16511454424776
242.6155994704382,171.52028774520642
243.41882204785432,171.54580495946425
244.22204462527046,171.01589858229906
245.0252672026866,171.5975184377666
245.8284897801027,174.657387775733
246.63171235751884,169.85388741228212
247.43493493493497,171.6763303534762
248.23815751235108,172.9740812788818
249.04138008976722,171.72934482017826
249.84460266718335,173.190911539746
250.64782524459946,171.78245415111002
251.4510478220156,171.8089684029603
252.2542703994317,171.50836099509846
253.05749297684784,171.86176410402587
253.86071555426398,173.04438676204958
254.66393813168008,170.7529613807043
255.46716070909622,170.75673306593785
256.27038328651236,171.96557323335728
257.0736058639285,171.9909769042193
257.8768284413446,172.81340720424788
258.68005101876076,170.33472830045451
259.48327359617684,171.99530446091325
260.286496173593,175.03296737822114
261.0897187510091,172.11318383566817
261.8929413284252,172.1364501718207
262.69616390584133,172.1592539027391
263.49938648325747,172.18156463334267
264.3026090606736,172.20335196855066
265.10583163808974,172.2245855132824
265.9090542155059,172.24523487245713
266.712276792922,172.26526965099418
267.51549937033815,170.82684396883727
268.3187219477542,169.5002326835319
269.12194452517036,172.32138255197168
269.9251671025865,173.43795210994426
270.7283896800026,172.3551610062881
271.5316122574187,172.3708700043037
272.33483483483485,172.38575165611644
273.138057412251,169.5978575558686
273.9412799896671,172.41291134081075
274.74450256708326,172.42512858353084
275.5477251444994,176.4724053015042
276.35094772191553,168.077237087356
277.1541702993316,169.85758253444226
277.95739287674775,172.46420433834737
278.7606154541639,172.47137299763196
279.56383803157996,170.82813085372197
280.3670606089961,172.33680171986657
281.17028318641223,172.4861519835872
281.97350576382837,173.00722474711878
282.7767283412445,172.96879273299356
283.57995091866064,172.34198673347348
284.3831734960768,172.48902623408398
285.1863960734929,172.48653661567414
285.98961865090905,172.41544941241185
286.79284122832513,172.4774947960487
287.59606380574127,174.34634991938955
288.39928638315735,172.46283356547724
289.2025089605735,172.453319683385
290.0057315379896,172.44230976331409
290.80895411540575,172.4297734101838
291.6121766928219,170.91855134763816
292.415399270238,172.84994688050153
293.21862184765416,169.7443188408466
294.0218444250703,172.36375576545433
294.82506700248643,169.77565923961066
295.6282895799025,167.32557248326376
296.43151215731865,169.2266897684838
297.2347347347348,173.4185213794129
298.03795731215087,169.41189945193096
298.841179889567,172.21376914285617
299.64440246698314,172.51682788395297
300.4476250443993,172.14921158460595
301.2508476218154,172.11406564935803
302.05407019923155,172.0769677499206
302.8572927766477,173.77391766913445
303.6605153540638,171.99679447815447
304.4637379314799,169.2159092938015
305.26696050889603,174.5553900484195
306.07018308631217,171.8611349620661
306.87340566372825,171.8116869807966
307.6766282411444,171.7600742697726
308.4798508185605,171.34213679442144
309.28307339597666,169.53397375479176
310.0862959733928,172.31012519449524
310.88951855080893,171.53136822651675
311.69274112822507,171.46847594050922
312.4959637056412,171.40323655426283
313.2991862830573,171.3356196726968
314.1024088604734,172.36003379955488
314.90563143788955,171.1931318432832
315.70885401530563,171.1182001052741
316.51207659272177,171.0407692916225
317.3152991701379,169.21876530458093
318.11852174755404,170.878288857069
318.9217443249702,172.66202318340322
319.7249669023863,170.7054473789769
320.52818947980245,167.79609505130978
321.3314120572186,171.1140017412084
322.1346346346347,170.42622629129136
322.9378572120508,172.16016918170118
323.74107978946694,170.22641837652753
324.544302366883,170.12232507701145
325.34752494429915,165.20036218158072
326.1507475217153,167.51082103668125
326.9539700991314,169.79292306895775
327.75719267654756,172.75104415603803
328.5604152539637,169.55874935486025
329.36363783137983,169.4371995999508
330.16686040879597,173.21488910844397
330.9700829862121,168.2843054193671
331.7733055636282,168.94765899217623
332.5765281410443,168.92084354081183
333.37975071846046,168.78447129404853
334.18297329587654,165.82479163970729
334.9861958732927,168.63187404092278
335.7894184507088,169.56406196485045
336.59264102812494,168.2127952794985
337.3958636055411,168.5050728612087
338.1990861829572,167.91266136699304
339.00230876037335,167.75937451224962
339.8055313377895,166.55898349441344
340.60875391520557,164.2623916858851
341.4119764926217,167.28784833514354
342.21519907003784,167.127121622118
343.0184216474539,166.96478785724838
343.82164422487006,167.7872071937756
344.6248668022862,166.635703832339
345.4280893797023,166.0049769873553
346.23131195711846,166.3014055811397
347.0345345345346,169.7986826565139
347.83775711195074,165.96270242437507
348.6409796893669,165.79195191913212
349.44420226678295,165.62040368276956
350.2474248441991,164.56031533013254
351.0506474216152,165.27531867704744
351.8538699990313,168.17983450288355
352.65709257644744,164.92825672793344
353.4603151538636,164.75423731233084
354.2635377312797,165.9537488969479
355.06676030869585,167.4747946202021
355.869982886112,164.23143928242723
356.6732054635281,164.05726389506265
357.47642804094426,164.97690969670217
358.2796506183604,163.7096560447817
359.0828731957765,164.26596739840303
359.8860957731926,163.62952175366547
360.6893183506087,163.1916190568394
361.4925409280248,162.2173663731395
362.29576350544096,163.89914746303026
363.0989860828571,162.67956585305106
363.90220866027323,162.51020054645304
364.70543123768937,160.78992693976915
365.5086538151055,162.17320425284578
366.31187639252164,160.67405229505317
367.1150989699377,161.83824871984453
367.91832154735386,161.9221686188438
368.72154412477,159.33638688532798
369.5247667021861,162.71357418833043
370.32798927960226,161.89333196761487
371.13121185701834,163.4261119903303
371.9344344344345,160.84236669832552
372.7376570118506,160.67726873910655
373.54087958926675,160.5123142215971
374.3441021666829,160.34746239597018
375.147324744099,158.3758236250247
375.9505473215151,156.87313982667115
376.75376989893124,159.85311557211634
377.5569924763474,156.91725887169122
378.3602150537635,159.52331740213373
379.16343763117965,160.58699360998196
379.9666602085957,159.1929520038362
380.76988278601186,155.13117961261844
381.573105363428,159.84455801325058
382.37632794084413,161.90378889234978
383.17955051826027,155.3306617216933
383.9827730956764,161.19056594812824
384.7859956730925,159.4507764812678
385.5892182505086,155.48390978631622
386.39244082792476,157.85929815519464
387.1956634053409,155.43282116892084
387.99888598275703,157.52120663609574
388.80210856017317,158.49209810005627
389.60533113758925,157.18059189699127
390.4085537150054,157.0092364453697
391.2117762924215,156.83712793926605
392.01499886983765,157.27933719734014
392.8182214472538,157.94177035404388
393.62144402466987,160.4402576051976
394.424666602086,156.14034837349288
395.22788917950214,153.10740093328516
396.0311117569183,155.78638076821477
396.8343343343344,155.60785988558368
397.63755691175055,154.96828602602943
398.44077948916663,155.2475402112031
399.24400206658277,153.31532243875344
400.0472246439989,152.3550585078609
400.85044722141504,154.6982546794327
401.6536697988312,154.51264823081516
402.45689237624725,154.3257182301391
403.2601149536634,155.2153144125621
404.0633375310795,152.41309049929515
404.86656010849566,154.70215570782293
405.6697826859118,153.56394771031177
406.47300526332793,153.3697887019397
407.276227840744,152.8235883315043
408.07945041816015,152.9767257823092
408.8826729955763,154.06567443757243
409.6858955729924,151.3901336341089
410.48911815040856,152.37465789824384
411.2923407278247,155.50343904612976
412.0955633052408,150.24032958534835
412.8987858826569,151.75664381278975
413.70200846007305,151.54690691328278
414.5052310374892,153.50327846079637
415.3084536149053,151.12178576685608
416.1116761923214,149.46451076980716
416.91489876973753,150.42503736304204
417.71812134715367,149.56003381395084
418.5213439245698,150.24999635576788
419.32456650198594,150.02778000937374
420.1277890794021,147.68959483813262
420.93101165681816,149.57848851145104
421.7342342342343,146.88638654861683
422.53745681165043,151.6416148572308
423.34067938906657,148.89296993861413
424.1439019664827,148.66152624391657
424.94712454389884,151.3705104733606
425.7503471213149,150.27155514484633
426.55356969873105,145.55007764430997
427.3567922761472,147.72206961193703
428.1600148535633,151.1147812367142
428.96323743097946,147.24466015845795
429.76646000839554,147.00416714095215
430.5696825858117,149.48165432560313
431.3729051632278,143.3773422386496
432.17612774064395,148.3649861452924
432.9793503180601,146.0311530898611
433.7825728954762,145.78532764411577
434.5857954728923,143.9448829004977
435.38901805030844,145.29085442027022
436.1922406277246,143.317754549794
436.9954632051407,144.79286950301056
437.79868578255684,144.54265444049773
438.6019083599729,144.24531428267764
439.40513093738906,146.1395631929831
440.2083535148052,143.78757138693337
441.01157609222133,143.53452345526628
441.81479866963747,143.28086158745782
442.6180212470536,142.81744286279528
443.4212438244697,145.81577329465898
444.2244664018858,142.5165694917731
445.02768897930196,142.26082900398802
445.8309115567181,143.6109478520557
446.63413413413423,143.3895601733092
447.43735671155036,141.4912061473865
448.24057928896644,142.11558311820528
449.0438018663826,140.64732186700516
449.8470244437987,140.71877316255205
450.65024702121485,140.4608470194747
451.453469598631,139.56892323329612
452.25669217604707,141.46168526807173
453.0599147534632,138.2687611660001
453.86313733087934,134.5034446931238
454.6663599082955,138.42568032020435
455.4695824857116,138.86161107503185
456.27280506312775,137.7184839445692
457.0760276405438,138.7457248458458
457.87925021795996,138.1354669324051
458.6824727953761,137.12082304670994
459.48569537279224,137.61871098979398
460.2889179502084,137.36045961991863
461.0921405276245,136.6465914179002
461.8953631050406,135.8312956521798
462.6985856824567,134.9456537867196
463.50180825987286,136.32879248194772
464.305030837289,136.07131621112222
465.10825341470513,135.81405851707763
465.9114759921212,135.5570405854707
466.71469856953735,135.30028360195857
467.5179211469535,135.04380875219806
468.3211437243696,134.7876372218461
469.12436630178576,134.5317901965597
469.9275888792019,134.2762888619958
470.73081145661797,134.34700205422303
471.5340340340341,133.76640800766324
472.33725661145024,133.51207085920845
473.1404791888664,133.25816414410397
473.9437017662825,133.00470904800667
474.7469243436986,132.75172675657353
475.55014692111473,130.33076457087867
476.35336949853087,132.24726533032754
477.156592075947,131.99582856682855
477.95981465336314,133.44316708555084
478.7630372307793,131.81350877036087
479.56625980819535,131.24494830271104
480.3694823856115,132.67819962713762
481.1727049630276,129.7694573677645
481.97592754044376,130.49965797695853
482.7791501178599,129.40907910815372
483.58237269527604,130.00618575653004
484.3855952726921,131.67282656829133
485.18881785010825,129.51562166629162
485.9920404275244,129.271483134136
486.7952630049405,129.0281351914987
487.59848558235666,128.78559902403674
488.40170815977274,128.54389581740702
489.2049307371889,128.3030467572665
490.008153314605,128.06307302927206
490.81137589202115,124.42279870774595
491.6145984694373,126.68449895518879
492.4178210468534,127.34861569473495
493.2210436242695,127.11235515189452
494.02426620168563,126.87707586948491
494.82748877910177,126.64279903316304
495.6307113565179,127.2570772001367
496.43393393393404,126.44553451794481
497.2371565113502,123.13052818732905
498.04037908876626,125.71613986189277
498.8436016661824,126.79893071834384
499.64682424359853,125.25937577986501
500.45004682101467,125.03270926455227
501.2532693984308,124.80721468058293
502.0564919758469,124.58291321394707
502.859714553263,124.35982909101045
503.66293713067915,124.13799700198349
504.4661597080953,122.62043552250414
505.2693822855114,123.69823668404693
506.07260486292756,122.69838541662216
506.87582744034364,124.19045029286491
507.6790500177598,123.04890995139223
508.4822725951759,122.83536579736247
509.28549517259205,124.33278652904724
510.0887177500082,126.2818967212014
510.89194032742427,126.33239758158986
511.6951629048404,121.99666468810865
512.4983854822565,123.89844027962774
513.3016080596726,121.5871165919604
514.1048306370888,117.53876930804421
514.9080532145049,124.27492102867892
515.711275791921,120.98587866177127
516.5144983693372,120.78910290050551
517.3177209467533,121.40161613943835
518.1209435241694,118.71252102485595
518.9241661015856,120.2102034174598
519.7273886790017,118.77617712237165
520.5306112564178,119.83416299202662
521.333833833834,116.58842049165378
522.1370564112501,119.46638138677764
522.9402789886663,119.285679990715
523.7435015660824,119.50249383870099
524.5467241434984,118.93084070969898
525.3499467209145,117.24191627802477
526.1531692983307,118.58499904080931
526.9563918757468,118.41554465990465
527.759614453163,119.84373934827609
528.5628370305791,118.08375350316118
529.3660596079951,117.9214906065166
530.1692821854112,117.76169875048629
530.9725047628274,120.09223958793639
531.7757273402435,121.14762092878009
532.5789499176597,114.21746696940951
533.3821724950758,122.05033898359594
534.1853950724919,117.00109796544713
534.9886176499081,116.85690808464159
535.7918402273242,116.71544782163005
536.5950628047403,116.57675411600961
537.3982853821565,116.44086390737745
538.2015079595726,113.81646232572075
539.0047305369887,116.1776417394662
539.8079531144049,114.70102338947943
540.611175691821,115.92607683467311
541.4143982692372,115.80475820493871
542.2176208466533,115.68646470977517
543.0208434240693,115.57123328877967
543.8240660014854,110.89452888924767
544.6272885789016,115.35010442768099
545.4305111563177,116.64792294544598
546.2337337337339,115.14166713841962
547.0369563111499,115.04229482696215
547.840178888566,114.94615944241718
548.6434014659822,112.9958033207763
549.4466240433983,114.76352187766528
550.2498466208144,114.67698083897454
551.0530691982306,118.49323168180155
551.8562917756467,114.5133571027539
552.6595143530628,113.71228006079849
553.462736930479,114.36221495980173
554.2659595078951,113.702150974785
555.0691820853112,114.22339897618275
555.8724046627274,114.1585647210185
556.6756272401435,114.09675371796175
557.4788498175596,114.03794653777071
558.2820723949758,115.17122599862738
559.0852949723919,113.92926592901806
559.8885175498081,113.09180606666644
560.6917401272241,110.5998041497367
561.4949627046402,113.78828795633397
562.2981852820564,113.74709569925699
563.1014078594725,113.70877126035232
563.9046304368886,113.6732952103781
564.7078530143048,114.22784289510159
565.5110755917208,111.71180603934033
566.3142981691369,113.58376310161891
567.117520746553,114.46554759343873
567.9207433239692,113.15918967843207
568.7239659013853,111.63834852710052
569.5271884788015,109.79019059061754
570.3304110562176,114.75964306251633
571.1336336336337,113.47898243756485
571.9368562110499,114.91100297861736
572.740078788466,111.14261581434918
573.5433013658821,115.38420057216797
574.3465239432983,113.46246964831494
575.1497465207144,113.46483097296661
575.9529690981306,113.46974924792009
576.7561916755467,115.0604523237279
577.5594142529628,113.48717893176502
578.362636830379,110.75156571014635
579.165859407795,113.5146032659144
579.9690819852111,111.93145191843143
580.7723045626273,113.55186681643305
581.5755271400434,114.91449435654658
582.3787497174595,113.52673836430263
583.1819722948755,113.62587066116997
583.9851948722917,113.41065223146474
584.7884174497078,113.68705222914497
585.591640027124,113.72113842685192
586.3948626045401,113.05731149742745
587.1980851819562,113.7962040215802
588.0013077593724,112.40120062653473
588.8045303367885,113.88029732921851
589.6077529142046,110.10986310883946
590.4109754916208,118.86393651334882
591.2141980690369,114.02282948515303
592.017420646453,114.07458707159894
592.8206432238692,114.128416265254
593.6238658012853,114.18428597010332
594.4270883787015,113.45151863539279
595.2303109561176,116.13694143592703
596.0335335335337,114.66656411765108
596.8367561109498,115.7797064479273
597.6399786883659,115.91714724292436
598.443201265782,114.56061355744627
599.2464238431982,114.62989615223927
600.0496464206143,114.7009704901076
600.8528689980304,114.77380547503644
601.6560915754465,114.84837001101093
602.4593141528626,114.92463300201625
603.2625367302787,115.00256335203744
604.0657593076949,115.08212996505972
604.868981885111,113.49797291376586
605.6722044625271,115.24604759604803
606.4754270399433,115.49625012053176
607.2786496173594,113.4269500604005
608.0818721947755,112.60927211975043
608.8850947721917,115.59214978938348
609.6883173496078,113.97094091157591
610.491539927024,115.77383681549291
611.2947625044401,115.86673047485597
612.0979850818562,114.57688001309211
612.9012076592724,116.05646260612473
613.7044302366885,116.15323888600062
614.5076528141046,116.25124718068436
615.3108753915207,116.35045639416111
616.1140979689368,117.33136389466866
616.9173205463529,112.96588689437525
617.7205431237691,116.65497858720093
618.5237657011852,116.75868051570112
619.3269882786012,117.08265050119954
620.1302108560174,116.96918959284281
620.9334334334335,117.07593454945454
621.7366560108496,117.1836316567404
622.5398785882658,119.38399187088763
623.3431011656819,119.23501481981921
624.146323743098,117.51212492249418
624.9495463205142,117.62331967232795
625.7527688979303,117.73531109276155
626.5559914753464,117.84806808778009
627.3592140527626,117.96155956136876
628.1624366301787,116.65089717968607
628.9656592075949,117.16908129711483
629.768881785011,118.06985229117208
630.5721043624271,118.4222483211271
631.3753269398431,118.80615836934979
632.1785495172593,118.6561910760405
632.9817720946754,118.77395321120373
633.7849946720916,118.30360254388907
634.5882172495077,119.01090351686895
635.3914398269238,117.56653794490636
636.19466240434,119.2495478962202
636.9978849817561,119.36942762349089
637.8011075591722,117.15674095715327
638.6043301365884,119.61014667314814
639.4075527140045,119.730923803505
640.2107752914205,119.85193787619413
641.0139978688367,116.449992535095
641.8172204462528,118.97178641455776
642.6204430236689,120.21609078810698
643.4236656010851,119.97892644241692
644.2268881785012,120.45947401410469
645.0301107559173,120.58125672447571
645.8333333333335,122.42555401367242
646.6365559107496,120.82484885988787
647.4397784881658,119.94402188621542
648.2430010655819,125.70698332759257
649.0462236429979,121.18983740945816
649.849446220414,121.3950577470511
650.6526687978302,125.30173695567413
651.4558913752463,120.1589799425236
652.2591139526625,121.67543409851447
653.0623365300786,122.86789866115215
653.8655591074947,121.91882764994538
654.6687816849109,123.71439656270762
655.472004262327,122.16343443205523
656.2752268397431,126.1849754544258
657.0784494171593,123.44176209196274
657.8816719945753,119.14436289886031
658.6848945719914,119.65767337695374
659.4881171494076,122.01466124814293
660.2913397268237,122.91065763478156
661.0945623042398,125.31960213932095
661.897784881656,123.16624081193032
662.7010074590721,123.29559724136787
663.5042300364883,123.4260989559196
664.3074526139044,123.55782249898951
665.1106751913205,123.69084441398164
665.9138977687367,122.52710253341469
666.7171203461528,119.00150711460736
667.5203429235688,124.09846582453196
668.323565500985,124.2374466612535
669.1267880784011,124.37810858691742
669.9300106558172,124.52052814492782
670.7332332332334,121.99679466464433
671.5364558106495,123.71918723681341
672.3396783880656,121.39384741518813
673.1429009654818,126.16741821723615
673.9461235428979,128.78217700473982
674.749346120314,125.6952343948268
675.5525686977302,125.57310840264141
676.3557912751462,125.73234458196904
677.1590138525623,124.41191229602214
677.9622364299785,126.05822471365694
678.7654590073946,126.2249113005147
679.5686815848107,126.39400244853795
680.3719041622269,126.56541264171902
681.175126739643,125.11971141393076
681.9783493170592,125.57586875392674
682.7815718944753,130.66401855299634
683.5847944718914,127.27253354586509
684.3880170493076,127.4542562247181
685.1912396267236,127.63778485268205
685.9944622041397,127.82303391374926
686.7976847815559,128.0099178919119
687.600907358972,128.19835127116215
688.4041299363881,128.38824853549224
689.2073525138043,128.57952416889438
690.0105750912204,126.65936344813935
690.8137976686365,130.7136058060351
691.6170202460527,127.99514347553145
692.4202428234688,129.35670007306732
693.223465400885,131.31186624897887
694.026687978301,128.52200587336904
694.8299105557171,127.75562412788258
695.6331331331332,130.4241650456205
696.4363557105494,130.34892133646895
697.2395782879655,130.54927728016273
698.0428008653817,130.75007091684287
698.8460234427978,130.95121673050144
699.6492460202139,131.15262920513078
700.4524685976301,130.5869058059999
701.2556911750462,131.55591207327035
702.0589137524623,131.05721517375977
702.8621363298785,131.95923539319932
703.6653589072945,132.16069843256523
704.4685814847106,135.9189530057237
705.2718040621268,132.56279969006127
706.0750266395429,132.76326687617566
706.878249216959,133.88044366625994
707.6814717943752,135.44752451145808
708.4846943717913,133.36130847189125
709.2879169492074,135.39306515022398
710.0911395266236,136.19204926046706
710.8943621040397,133.9525142875014
711.6975846814559,134.14766475575618
712.5008072588719,134.3417136288569
713.304029836288,134.53457539079582
714.1072524137041,132.61779033768573
714.9104749911203,134.9163955171572
715.7136975685364,135.21459760747354
716.5169201459526,135.29244100677795
717.3201427233687,135.47808447279107
718.1233653007848,136.4885435641882
718.926587878201,136.22728769629305
719.7298104556171,136.02447156354793
720.5330330330332,136.20280110468008
721.3362556104493,136.71152569867502
722.1394781878654,136.70614461269454
722.9427007652815,136.725194036607
723.7459233426977,136.28140270386413
724.5491459201138,137.06210442158905
725.3523684975299,137.22689759516595
726.1555910749461,135.0551355245593
726.9588136523622,137.5487323244525
727.7620362297783,137.58604447896857
728.5652588071945,137.8596614565307
729.3684813846106,139.58851725165135
730.1717039620266,137.5057033765524
730.9749265394428,138.30411062974602
731.7781491168589,138.44606641681276
732.581371694275,138.58478270853067
733.3845942716912,136.0026330371879
734.1878168491073,138.85215474188874
734.9910394265235,138.98063945151338
735.7942620039396,139.10554260175797
736.5974845813557,139.22677867661474
737.4007071587719,139.3442621600759
738.203929736188,142.00811827712207
739.0071523136041,139.56762928878027
739.8103748910202,136.9678269576733
740.6135974684363,138.68590271512124
741.4168200458524,139.87239764617487
742.2200426232686,139.96556974509878
743.0232652006847,138.16982820462445
743.8264877781008,138.69390375593667
744.629710355517,140.67908856302904
745.4329329329331,136.53402853793625
746.2361555103492,141.75490536588876
747.0393780877654,139.07070254581248
747.8426006651815,140.4945293989945
748.6458232425975,141.97868430240214
749.4490458200137,140.91476826246145
750.2522683974298,140.30429883578017
751.055490974846,139.4491711790887
751.8587135522621,140.74812836126435
752.6619361296782,139.8076224983565
753.4651587070944,137.09085958333125
754.2683812845105,140.5628165319316
755.0716038619266,144.5126993526419
755.8748264393428,140.91116601840864
756.6780490167589,140.93392650282755
757.4812715941749,140.87409086474332
758.2844941715911,139.45464742289698
759.0877167490072,145.2079097187031
759.8909393264233,138.0250289119607
760.6941619038395,141.0035952378978
761.4973844812556,141.00935153543747
762.3006070586717,144.68658650713456
763.1038296360879,139.2442669984513
763.907052213504,141.01193512664355
764.7102747909202,137.36865552768577
765.5134973683363,140.6841246041963
766.3167199457523,139.52298824629833
767.1199425231684,138.2849964799055
767.9231651005846,140.9728554323956
768.7263876780007,140.9593664403751
769.5296102554169,139.91012527904238
770.332832832833,141.57044246124408
771.1360554102491,137.42264537643405
771.9392779876653,140.88959214234498
772.7425005650814,140.86865776244363
773.5457231424975,140.84651257122206
774.3489457199137,140.82324932409895
775.1521682973298,140.79896077649283
775.9553908747458,140.77373968382247
776.758613452162,141.56097586601365
777.5618360295781,142.26899460226986
778.3650586069942,142.5741114564747
779.1682811844104,143.1158816094251
779.9715037618265,139.24077535052126
780.7747263392426,139.49719472586463
781.5779489166588,140.5788722284958
782.3811714940749,140.5495299703823
783.184394071491,140.52008996597235
783.9876166489072,140.4906449706845
784.7908392263232,143.75239321745298
785.5940618037394,140.43211102915
786.3972843811555,140.40320759374055
787.2005069585716,142.65282387042043
788.0037295359878,142.8995593847843
788.8069521134039,142.88338795669577
789.61017469082,140.2921817142567
790.4133972682362,140.26603598701746
791.2166198456523,140.27575584741527
792.0198424230684,140.21632671162752
792.8230650004846,141.47456979683548
793.6262875779006,140.17067871114665
794.4295101553167,140.1496095625579
795.2327327327329,140.12980967642298
796.035955310149,140.11127381492042
796.8391778875651,140.64891086179094
797.6424004649813,140.0779175398895
798.4456230423974,143.73877277154267
799.2488456198136,140.0493874856191
800.0520681972297,138.68138453210912
800.8552907746458,140.02553040026308
801.658513352062,140.0153063297261
802.461735929478,140.00619303197544
803.2649585068941,139.99817135053033
804.0681810843103,141.08068970144654
804.8714036617264,139.98532621063381
805.6746262391425,139.9804644392209
806.4778488165587,139.97661765819046
807.2810713939748,139.9737667110618
808.0842939713909,138.87780481042623
808.8875165488071,139.97097569258682
809.6907391262232,143.5323407802728
810.4939617036393,142.05295499496393
811.2971842810555,139.97377900711865
812.1004068584715,139.9765007773047
812.9036294358876,139.98008428602725
813.7068520133038,140.37536460324523
814.5100745907199,139.2243095937161
815.313297168136,139.995813678606
816.1165197455522,141.6584598096655
816.9197423229683,138.54092277360164
817.7229649003845,140.0186090847056
818.5261874778006,135.19392481818048
819.3294100552167,140.03747616542893
820.1326326326329,139.73141345491496
820.9358552100489,140.0591005669908
821.739077787465,140.0708988718843
822.5423003648812,140.08332903754513
823.3455229422973,140.0963719074926
824.1487455197134,139.7107660169497
824.9519680971296,140.1242191343242
825.7551906745457,140.13898517824688
826.5584132519618,140.15428730053307
827.361635829378,142.29591007602193
828.1648584067941,142.04922407136212
828.9680809842102,140.1896809984428
829.7713035616263,140.22047344369832
830.5745261390424,136.27689664321767
831.3777487164585,140.25628491696253
832.1809712938747,140.2748032063324
832.9841938712908,140.29370432221972
833.787416448707,143.9653373586535
834.5906390261231,139.34812743651912
835.3938616035392,142.44689125764754
836.1970841809554,141.96892602995266
837.0003067583715,141.7369648714583
837.8035293357876,143.40279210687433
838.6067519132037,141.31710330260717
839.4099744906198,140.96156379177967
840.2131970680359,140.4778807391674
841.0164196454521,140.49955651378784
841.8196422228682,140.20040636957643
842.6228648002843,138.41828412380156
843.4260873777005,142.08023514539278
844.2293099551166,140.58778909975337
845.0325325325327,140.61013383571188
845.8357551099489,140.6325548944957
846.638977687365,140.65503311962414
847.4422002647811,139.3228705230182
848.2454228421972,139.24674076429795
849.0486454196133,140.72261922826937
849.8518679970294,140.74513455396854
850.6550905744456,142.70126117444448
851.4583131518617,139.7416752240854
852.2615357292779,140.81237220878774
853.064758306694,138.70844029449054
853.8679808841101,140.85674881196104
854.6712034615263,140.87874509409352
855.4744260389424,141.36855661161266
856.2776486163585,143.13776221006057
857.0808711937746,140.94373598490535
857.8840937711907,141.6313351191489
858.6873163486068,140.98604005098431
859.490538926023,140.9415762004385
860.2937615034391,143.35344880328026
861.0969840808552,143.4596171632919
861.9002066582714,141.06750288312531
862.7034292356875,141.087101574186
863.5066518131036,141.10635514549526
864.3098743905198,141.12524444057246
865.1130969679359,141.14375030293675
865.9163195453519,140.08043934566416
866.7195421227681,139.98763144856122
867.5227647001842,141.1967757289448
868.3259872776003,141.21355629565
869.1292098550165,141.22985764723853
869.9324324324326,140.9142310602487
870.7356550098488,141.26094607914254
871.5388775872649,141.8921845566243
872.342100164681,141.28988777281072
873.1453227420972,141.3035057016045
873.9485453195133,141.31652947639705
874.7517678969293,141.3289399407076
875.5549904743455,141.34071793805546
876.3582130517616,138.80719564270663
877.1614356291777,144.81050685989675
877.9646582065939,142.8156165199789
878.76788078401,141.38112212820408
879.5711033614261,141.3894504435268
880.3743259388423,141.78808237471492
881.1775485162584,141.85627426851136
881.9807710936745,141.40987432848812
882.7839936710907,141.41509808153702
883.5872162485068,141.41949780281567
884.3904388259228,139.65306053123996
885.193661403339,141.42574852413887
885.9968839807551,141.42756121122193
886.8001065581713,141.4284732406116
887.6033291355874,141.42846545582717
888.4065517130035,143.9052052253412
889.2097742904197,141.5730076466614
890.0129968678358,141.4227316516215
890.8162194452519,141.41885304533292
891.6194420226681,141.41395884246646
892.4226646000842,141.1335071179669
893.2258871775002,141.4010470210767
894.0291097549164,141.39299108959187
894.8323323323325,141.38384293560608
895.6355549097486,141.3735834026386
896.4387774871648,141.36219333420863
897.2420000645809,140.31671101927165
898.045222641997,142.95768077098117
898.8484452194132,141.32104835133623
899.6516677968293,141.30494457624874
900.4548903742455,143.58642553487016
901.2581129516616,145.24807144172038
902.0613355290776,143.77282867710787
902.8645581064937,141.2280747324285
903.6677806839099,138.5337063745508
904.471003261326,141.1818987737055
905.2742258387422,141.15680848745816
906.0774484161583,140.4947492919118
906.8806709935744,141.2134518834934
907.6838935709906,140.515325898054
908.4871161484067,138.71245346928026
909.2903387258228,141.0105677281324
910.093561303239,140.96506622934567
910.896783880655,140.94201215031973
911.7000064580711,140.4824480739135
912.5032290354873,140.86747853811943
913.3064516129034,142.38685348178717
