110.88709677419354,152.7955501795033
111.69031935160966,152.03094915173656
112.4935419290258,151.116662910863
113.29676450644192,151.5176610025917
114.09998708385804,149.77498705820858
114.90320966127416,152.30281685176394
115.7064322386903,150.19694127330214
116.50965481610642,155.10101099025206
117.31287739352254,153.43907182631304
118.11609997093868,156.49702855676188
118.9193225483548,154.1694064160427
119.72254512577092,155.1496614748538
120.52576770318706,153.04570694435998
121.32899028060318,154.9126617225634
122.1322128580193,153.2097422497495
122.93543543543542,155.90257137798807
123.73865801285156,156.23364957820002
124.54188059026768,154.5831961546919
125.3451031676838,156.88058293924885
126.14832574509992,159.7864250678435
126.95154832251606,157.50749537513275
127.75477089993218,154.07156660005313
128.5579934773483,158.1147186386537
129.36121605476444,158.4110505035288
130.16443863218058,158.70258448261393
130.96766120959668,157.53262890971274
131.77088378701282,159.2714246598154
132.57410636442893,159.54881379613226
133.37732894184506,163.97643941957674
134.1805515192612,160.08973750969963
134.9837740966773,160.35335502515065
135.78699667409344,160.00250134527525
136.59021925150958,160.86710871888857
137.3934418289257,159.4264094292381
138.19666440634182,161.0567655708842
138.99988698375796,162.1128465893914
139.80310956117407,159.124368411974
140.6063321385902,162.07478704445532
141.4095547160063,162.30350487800874
142.21277729342245,162.5280468622762
143.01599987083858,162.1684635789537
143.81922244825472,162.96476915935418
144.62244502567083,163.17703241036511
145.42566760308696,160.69701044438938
146.22889018050307,163.58957046283246
147.0321127579192,165.70812040308567
147.83533533533534,164.8183944906252
148.63855791275145,164.1790284541508
149.4417804901676,163.7785198130785
150.2450030675837,165.68829190286857
151.04822564499983,163.4547087342882
151.85144822241597,164.9119291816718
152.6546707998321,165.08595881334492
153.4578933772482,167.79171541017965
154.26111595466435,164.77830435319595
155.06433853208046,165.58664189347107
155.8675611094966,165.7465392122163
156.67078368691273,168.9874456761164
157.47400626432886,166.0560871023631
158.27722884174497,163.63096178644219
159.0804514191611,166.3522491233868
159.88367399657722,166.49541410572812
160.68689657399335,168.15019286642155
161.4901191514095,166.18978170166505
162.2933417288256,168.1282751029127
163.09656430624173,167.03626812629597
163.89978688365784,167.1637374997399
164.70300946107398,167.28819215870516
165.5062320384901,169.3844713528515
166.30945461590625,170.0621831526953
167.11267719332236,167.13025863851328
167.9158997707385,169.55463057157615
168.7191223481546,167.86669615486014
169.52234492557074,167.97393337805877
170.32556750298687,170.48951182134505
171.12879008040298,168.1802760012256
171.93201265781912,168.27946433939442
172.73523523523525,167.7796984248059
173.53845781265136,167.5417426873561
174.3416803900675,164.23984493006986
175.14490296748363,168.65063214831144
175.94812554489974,168.73723506010242
176.75134812231587,168.8214452939187
177.55457069973198,171.18473078806636
178.35779327714812,168.98285360402795
179.16101585456425,167.22295225521017
179.9642384319804,169.13518883144127
180.7674610093965,169.2080577118876
181.5706835868126,174.03605036962318
182.37390616422874,169.95663775377852
183.17712874164488,168.53002050843347
183.98035131906101,165.61376167955265
184.78357389647715,169.5410735455265
185.58679647389326,171.24570910691793
186.39001905130937,169.660433970177
187.1932416287255,169.71731307844504
187.99646420614164,167.43526744639541
188.79968678355777,169.82567643236814
189.60290936097388,170.89812281763037
190.40613193839002,169.92712309680886
191.20935451580613,169.6069902786147
192.01257709322226,168.672180777828
192.8157996706384,170.06705000994512
193.61902224805453,168.3122623102471
194.42224482547064,170.15265636918915
195.22546740288675,170.19328048125794
196.0286899803029,171.49151385361608
196.83191255771902,169.35435875878377
197.63513513513516,171.35434180726227
198.4383577125513,170.34221742485062
199.2415802899674,170.37626913007952
200.0448028673835,172.89866657342225
200.84802544479965,170.44084378743605
201.65124802221578,171.83203059738076
202.45447059963192,170.50098990132597
203.25769317704803,170.52950592722155
204.06091575446416,168.85282483086138
204.86413833188027,170.58363126241537
205.6673609092964,170.60932350991416
206.47058348671254,170.6341574361478
207.27380606412868,170.6581745102166
208.07702864154479,170.48533831050855
208.8802512189609,170.70392397826083
209.68347379637703,170.72573931043678
210.48669637379317,170.74690366684888
211.2899189512093,170.2571635156049
212.0931415286254,171.48487397192397
212.89636410604155,172.05834466784694
213.69958668345765,170.8258807168648
214.5028092608738,170.84441223096192
215.30603183828993,170.86254158389676
216.10925441570606,173.81459568094692
216.91247699312217,170.897759682681
217.71569957053828,170.71032672721026
218.5189221479544,170.93186676601948
219.32214472537055,170.94860734964726
220.12536730278669,170.96519458671435
220.92858988020282,168.31681867427946
221.73181245761893,170.99807489756768
222.53503503503504,170.39485523033207
223.33825761245117,167.2931520622122
224.1414801898673,166.81764951714652
224.94470276728345,166.09508488713226
225.74792534469955,171.08049494690795
226.5511479221157,170.17792996233936
227.3543704995318,173.9427645858674
228.15759307694793,171.13175609860735
228.96081565436407,170.45939002525427
229.7640382317802,169.08775197647213
230.5672608091963,173.92789681156123
231.37048338661242,168.4485261230272
232.17370596402856,171.2238005436211
232.9769285414447,173.09151814729572
233.78015111886083,171.26389915122957
234.58337369627696,171.28480900962438
235.38659627369307,169.63039962882397
236.18981885110918,171.32831077924044
236.99304142852532,168.42109088012023
237.79626400594145,173.64463417888686
238.5994865833576,171.51306360133887
239.4027091607737,169.83321420484504
240.20593173818983,172.95548656883716
241.00915431560594,172.00116271008488
241.81237689302208,172.09469172406756
242.6155994704382,169.82778334153718
243.41882204785432,172.0128638105915
244.22204462527046,171.57155865534452
245.0252672026866,171.5975184377666
245.8284897801027,171.62365391164974
246.63171235751884,171.64993468191315
247.43493493493497,173.87526021546873
248.23815751235108,171.70281053125817
249.04138008976722,174.03936690359066
249.84460266718335,171.01513146789677
250.64782524459946,174.89093292302172
251.4510478220156,171.8089684029603
252.2542703994317,172.7089477227637
253.05749297684784,171.86176410402587
253.86071555426398,169.31574042604242
254.66393813168008,173.66240590605292
255.46716070909622,170.68877480207743
256.27038328651236,171.96557323335728
257.0736058639285,171.9909769042193
257.8768284413446,171.55457550315376
258.68005101876076,172.0578703542322
259.48327359617684,168.25564202855313
260.286496173593,172.0894852893623
261.0897187510091,170.08192560305312
261.8929413284252,171.27541817688711
262.69616390584133,173.28075138810533
263.49938648325747,169.15442419880483
264.3026090606736,172.20335196855066
265.10583163808974,172.2245855132824
265.9090542155059,168.31557360311552
266.712276792922,172.26526965099418
267.51549937033815,172.28465945381268
268.3187219477542,172.10464759875762
269.12194452517036,172.33731135611103
269.9251671025865,172.3386550571506
270.7283896800026,172.3551610062881
271.5316122574187,172.3708700043037
272.33483483483485,172.38575165611644
273.138057412251,172.59129786530863
273.9412799896671,170.01966240246733
274.74450256708326,171.36030001983514
275.5477251444994,170.75716390022941
276.35094772191553,173.64925782130638
277.1541702993316,172.45596517221426
277.95739287674775,173.74299400578454
278.7606154541639,172.47137299763196
279.56383803157996,170.29298552547138
280.3670606089961,173.19336189324983
281.17028318641223,172.4861519835872
281.97350576382837,172.48873466467035
282.7767283412445,175.2914879675165
283.57995091866064,174.14451939858083
284.3831734960768,171.3551490206141
285.1863960734929,172.08173953272586
285.98961865090905,175.88114044790407
286.79284122832513,170.20771093047222
287.59606380574127,172.47088180467162
288.39928638315735,172.46283356547724
289.2025089605735,172.453319683385
290.0057315379896,172.44230976331409
290.80895411540575,172.4297734101838
291.6121766928219,173.98696660232
292.415399270238,171.6650050924122
293.21862184765416,172.38270180162937
294.0218444250703,175.93467913104996
294.82506700248643,168.63471129189796
295.6282895799025,173.8075810029408
296.43151215731865,171.85890971908591
297.2347347347348,172.27088358531716
298.03795731215087,172.2432415560199
298.841179889567,172.21376914285617
299.64440246698314,172.1824359507451
300.4476250443993,172.9724691158619
301.2508476218154,171.2995323105502
302.05407019923155,171.64474246078905
302.8572927766477,172.037887491213
303.6605153540638,173.6691206812484
304.4637379314799,171.95365831566428
305.26696050889603,169.118059901453
306.07018308631217,171.8611349620661
306.87340566372825,172.6258051436596
307.6766282411444,171.7600742697726
308.4798508185605,170.09801848668926
309.28307339597666,171.65023307813811
310.0862959733928,172.71946215886922
310.88951855080893,171.23115991519344
311.69274112822507,169.7560240372394
312.4959637056412,174.302354990835
313.2991862830573,171.9517561343514
314.1024088604734,171.66204203186274
314.90563143788955,171.47540189031196
315.70885401530563,171.1182001052741
316.51207659272177,171.0407692916225
317.3152991701379,168.6775811564809
318.11852174755404,170.878288857069
318.9217443249702,170.79317844600564
319.7249669023863,170.7054473789769
320.52818947980245,173.40056363426157
321.3314120572186,165.62871823668374
322.1346346346347,172.20116757342848
322.9378572120508,168.67556024186268
323.74107978946694,171.61563047264414
324.544302366883,168.52868764311282
325.34752494429915,167.43312793917735
326.1507475217153,169.90560781830726
326.9539700991314,169.79292306895775
327.75719267654756,169.67731371283566
328.5604152539637,170.6583060775024
329.36363783137983,169.4371995999508
330.16686040879597,173.42544997576786
330.9700829862121,169.1850237704553
331.7733055636282,169.05439475464428
332.5765281410443,164.16677096383347
333.37975071846046,168.78447129404853
334.18297329587654,173.44172795375187
334.9861958732927,167.03016945801986
335.7894184507088,170.2543581619638
336.59264102812494,166.89511826576972
337.3958636055411,168.06383534443947
338.1990861829572,167.91266136699304
339.00230876037335,167.75937451224962
339.8055313377895,166.68577433574214
340.60875391520557,167.4468668312343
341.4119764926217,166.65401318357976
342.21519907003784,167.127121622118
343.0184216474539,166.96478785724838
343.82164422487006,166.8009482056252
344.6248668022862,164.09653434999015
345.4280893797023,170.1687904409622
346.23131195711846,166.3014055811397
347.0345345345346,168.75236030297867
347.83775711195074,167.70927916294153
348.6409796893669,165.79195191913212
349.44420226678295,163.56307621660122
350.2474248441991,165.4481588803778
351.0506474216152,168.4443410427865
351.8538699990313,164.77265142282684
352.65709257644744,164.92825672793344
353.4603151538636,164.75423731233084
354.2635377312797,164.58002715615189
355.06676030869585,164.40572742448714
355.869982886112,164.23143928242723
356.6732054635281,164.05726389506265
357.47642804094426,161.73716807040228
358.2796506183604,165.0562044248601
359.0828731957765,163.5648459635011
359.8860957731926,163.36371319436887
360.6893183506087,163.1916190568394
361.4925409280248,160.2953532487558
362.29576350544096,162.84956359928137
363.0989860828571,162.67956585305106
363.90220866027323,162.51020054645304
364.70543123768937,162.3414269296602
365.5086538151055,158.0466004269077
366.31187639252164,161.9134126384216
367.1150989699377,165.7758661311976
367.91832154735386,161.67143436400391
368.72154412477,161.50500794883413
369.5247667021861,163.84414900719804
370.32798927960226,160.7993599642438
371.13121185701834,161.0076488490809
371.9344344344345,160.84236669832552
372.7376570118506,162.1206602986147
373.54087958926675,160.5123142215971
374.3441021666829,161.95182582929502
375.147324744099,160.30365745398635
375.9505473215151,160.0179038210567
376.75376989893124,163.1811548499175
377.5569924763474,161.44620117083429
378.3602150537635,158.54994303946046
379.16343763117965,159.35822598143778
379.9666602085957,156.0123300657494
380.76988278601186,159.0274547195022
381.573105363428,160.69221480392522
382.37632794084413,158.69562723132896
383.17955051826027,156.1005241938912
383.9827730956764,155.2449535832532
384.7859956730925,156.03547674244624
385.5892182505086,159.20827991699255
386.39244082792476,157.85929815519464
387.1956634053409,158.53453314150514
387.99888598275703,157.52120663609574
388.80210856017317,157.35123504395767
389.60533113758925,156.80732247384046
390.4085537150054,157.0092364453697
391.2117762924215,156.83712793926605
392.01499886983765,156.66422562885342
392.8182214472538,156.49048876430493
393.62144402466987,156.31587659579378
394.424666602086,156.06131583288558
395.22788917950214,157.94484777246737
396.0311117569183,156.33112160485445
396.8343343343344,152.79936589167644
397.63755691175055,158.64628910506198
398.44077948916663,155.6531317854408
399.24400206658277,155.06565991979977
400.0472246439989,154.88257832581857
400.85044722141504,154.6982546794327
401.6536697988312,154.51264823081516
402.45689237624725,152.0120656402993
403.2601149536634,154.13742392757757
404.0633375310795,153.94772457330382
404.86656010849566,153.75657941749083
405.6697826859118,155.09512662472937
406.47300526332793,152.71596576917858
407.276227840744,152.35948716828057
408.07945041816015,152.9767257823092
408.8826729955763,152.7777403713969
409.6858955729924,152.5770646599841
410.48911815040856,152.86532156657458
411.2923407278247,152.1704793363493
412.0955633052408,151.96448822447354
412.8987858826569,151.57126038131491
413.70200846007305,149.88957590893364
414.5052310374892,150.3117972848602
415.3084536149053,151.12178576685608
416.1116761923214,150.90647523517507
416.91489876973753,150.00586497930666
417.71812134715367,150.47054281717215
418.5213439245698,153.49878297923945
419.32456650198594,148.45018020452233
420.1277890794021,152.34719424862183
420.93101165681816,149.57848851145104
421.7342342342343,149.94400618533274
422.53745681165043,149.14352167288223
423.34067938906657,148.89296993861413
424.1439019664827,148.3892444770629
424.94712454389884,152.0654866732711
425.7503471213149,148.19445887364694
426.55356969873105,146.8252852092907
427.3567922761472,147.09829693710694
428.1600148535633,143.20895141448685
428.96323743097946,147.74129226218554
429.76646000839554,146.00958144071603
430.5696825858117,143.7130585172048
431.3729051632278,145.04554886919576
432.17612774064395,146.27598747487633
432.9793503180601,147.8808287310399
433.7825728954762,145.78532764411577
434.5857954728923,145.5385488500992
435.38901805030844,145.29085442027022
436.1922406277246,145.66903117685936
436.9954632051407,147.72102883371753
437.79868578255684,144.54265444049773
438.6019083599729,145.87015502712285
439.40513093738906,146.54030019461752
440.2083535148052,144.81090605905794
441.01157609222133,140.17810123548384
441.81479866963747,143.28086158745782
442.6180212470536,143.2629158978296
443.4212438244697,145.25293349412897
444.2244664018858,142.5165694917731
445.02768897930196,139.38533329766383
445.8309115567181,142.00466314235595
446.63413413413423,140.67088330827576
447.43735671155036,141.4912061473865
448.24057928896644,143.08734892145992
449.0438018663826,140.97650020653572
449.8470244437987,141.8494177315408
450.65024702121485,140.4608470194747
451.453469598631,140.20275948976254
452.25669217604707,141.33592530964083
453.0599147534632,141.72464467760955
453.86313733087934,139.42784514162813
454.6663599082955,137.91963886249079
455.4695824857116,138.3665041498097
456.27280506312775,138.65241924111717
457.0760276405438,137.43995971911798
457.87925021795996,138.1354669324051
458.6824727953761,139.8635751462427
459.48569537279224,137.61871098979398
460.2889179502084,138.6113100554989
461.0921405276245,135.7171654390235
461.8953631050406,136.84431601131328
462.6985856824567,136.58646614389698
463.50180825987286,139.51479897906623
464.305030837289,135.08196147213513
465.10825341470513,136.98039061646247
465.9114759921212,135.5570405854707
466.71469856953735,135.30028360195857
467.5179211469535,136.77151313815386
468.3211437243696,137.3246523333837
469.12436630178576,136.19512648283848
469.9275888792019,134.2762888619958
470.73081145661797,134.02115440381132
471.5340340340341,133.76640800766324
472.33725661145024,133.51207085920845
473.1404791888664,133.5141788879476
473.9437017662825,134.05434542177696
474.7469243436986,132.75172675657353
475.55014692111473,132.4992384554615
476.35336949853087,132.24726533032754
477.156592075947,131.99582856682855
477.95981465336314,131.7449493506215
478.7630372307793,131.93555588682673
479.56625980819535,132.075056813499
480.3694823856115,134.51376901198915
481.1727049630276,133.8346212896776
481.97592754044376,131.05923468626946
482.7791501178599,127.82871362601844
483.58237269527604,128.47069459476222
484.3855952726921,131.2782316418083
485.18881785010825,129.51562166629162
485.9920404275244,130.08052714688674
486.7952630049405,131.3280440972585
487.59848558235666,128.78559902403674
488.40170815977274,126.38503832082287
489.2049307371889,128.3030467572665
490.008153314605,130.4128323411016
490.81137589202115,127.82399581908065
491.6145984694373,127.58583631234933
492.4178210468534,126.30916751945325
493.2210436242695,127.11235515189452
494.02426620168563,126.87707586948491
494.82748877910177,126.64279903316304
495.6307113565179,126.40954582858605
496.43393393393404,128.5215134164864
497.2371565113502,125.94619505729392
498.04037908876626,123.6671180838106
498.8436016661824,121.66001634825793
499.64682424359853,125.25937577986501
500.45004682101467,122.46694445881101
501.2532693984308,124.80721468058293
502.0564919758469,124.58291321394707
502.859714553263,124.35982909101045
503.66293713067915,122.22207200839583
504.4661597080953,125.00506154227469
505.2693822855114,123.69823668404693
506.07260486292756,121.00383958628505
506.87582744034364,123.26392777691434
507.6790500177598,123.61956264946376
508.4822725951759,122.83536579736247
509.28549517259205,122.6233322544221
510.0887177500082,121.79686896506676
510.89194032742427,122.20394476019808
511.6951629048404,120.47464626985527
512.4983854822565,122.49089198574544
513.3016080596726,121.5871165919604
514.1048306370888,123.93834075742672
514.9080532145049,122.25068931576472
515.711275791921,120.98587866177127
516.5144983693372,118.9426668605451
517.3177209467533,120.59420714630028
518.1209435241694,120.4012283387527
518.9241661015856,120.54728766995763
519.7273886790017,120.02116932201874
520.5306112564178,119.57077525034384
521.333833833834,119.64922136708056
522.1370564112501,119.62799974214646
522.9402789886663,119.285679990715
523.7435015660824,118.29942429247517
524.5467241434984,116.53907493772151
525.3499467209145,119.94126046297099
526.1531692983307,118.58499904080931
526.9563918757468,123.05212456017652
527.759614453163,118.24845050082291
528.5628370305791,117.00680432074863
529.3660596079951,117.9214906065166
530.1692821854112,118.62455110809965
530.9725047628274,118.83069966150389
531.7757273402435,117.44967591865678
532.5789499176597,117.29751882205183
533.3821724950758,117.14798052444964
534.1853950724919,114.21843736061561
534.9886176499081,119.07303955809184
535.7918402273242,115.79501857538784
536.5950628047403,116.57675411600961
537.3982853821565,119.90045860241945
538.2015079595726,116.3078141353306
539.0047305369887,117.10580518797431
539.8079531144049,116.05038365938131
540.611175691821,116.09134320787108
541.4143982692372,115.06300516226354
542.2176208466533,118.01252331679092
543.0208434240693,118.4181605261197
543.8240660014854,113.81233684461381
544.6272885789016,115.59832402587922
545.4305111563177,120.23902556298269
546.2337337337339,113.81499237774065
547.0369563111499,113.11741158253909
547.840178888566,114.94615944241718
548.6434014659822,114.24834568709443
549.4466240433983,113.40010677491951
550.2498466208144,118.99405065666699
551.0530691982306,114.59359905708473
551.8562917756467,114.5133571027539
552.6595143530628,114.27347600162341
553.462736930479,114.36221495980173
554.2659595078951,118.25492732019094
555.0691820853112,109.55009080320583
555.8724046627274,114.1585647210185
556.6756272401435,116.34209856107599
557.4788498175596,115.12549608417457
558.2820723949758,114.50621151760912
559.0852949723919,117.8483515276055
559.8885175498081,113.8793536419726
560.6917401272241,110.42785452941735
561.4949627046402,113.78828795633397
562.2981852820564,113.74709569925699
563.1014078594725,111.14059194508782
563.9046304368886,113.6732952103781
564.7078530143048,113.64064812009237
565.5110755917208,113.61081056025327
566.3142981691369,113.58376310161891
567.117520746553,113.55948631494732
567.9207433239692,114.23833145143665
568.7239659013853,114.4060271904264
569.5271884788015,109.53449250819499
570.3304110562176,113.48969730305096
571.1336336336337,113.47898243756485
571.9368562110499,113.47092166859007
572.740078788466,113.46549556688477
573.5433013658821,113.92391045755903
574.3465239432983,112.08773576594295
575.1497465207144,113.46483097296661
575.9529690981306,113.46974924792009
576.7561916755467,112.82118907244923
577.5594142529628,114.67289021845998
578.362636830379,117.2182332077617
579.165859407795,113.5146032659144
579.9690819852111,112.4934518069894
580.7723045626273,112.42257213898333
581.5755271400434,113.57413972472604
582.3787497174595,113.59881414938567
583.1819722948755,117.66364120918578
583.9851948722917,112.92044934667578
584.7884174497078,113.68705222914497
585.591640027124,113.72113842685192
586.3948626045401,117.83657601343117
587.1980851819562,116.83542869237846
588.0013077593724,113.83713713175763
588.8045303367885,113.88029732921851
589.6077529142046,111.43155619628841
590.4109754916208,118.31298040472213
591.2141980690369,116.34972002065368
592.017420646453,114.07458707159894
592.8206432238692,116.51698228071054
593.6238658012853,115.77018735959466
594.4270883787015,114.24216509013202
595.2303109561176,111.77312037514825
596.0335335335337,114.36382719166816
596.8367561109498,114.42754798114585
597.6399786883659,113.61979977752294
598.443201265782,114.32689579743595
599.2464238431982,114.62989615223927
600.0496464206143,118.372479997463
600.8528689980304,114.77380547503644
601.6560915754465,114.84837001101093
602.4593141528626,114.92463300201625
603.2625367302787,114.15667551299958
604.0657593076949,115.08212996505972
604.868981885111,114.13757444236676
605.6722044625271,116.21138899227137
606.4754270399433,115.33033642198428
607.2786496173594,115.41613712686221
608.0818721947755,115.5034186146669
608.8850947721917,115.10096967420274
609.6883173496078,117.59584055086229
610.491539927024,115.77383681549291
611.2947625044401,115.532933713025
612.0979850818562,115.96094943707153
612.9012076592724,115.93056714648137
613.7044302366885,116.15323888600062
614.5076528141046,116.25124718068436
615.3108753915207,116.35045639416111
616.1140979689368,116.45083543041603
616.9173205463529,116.55235319343427
617.7205431237691,116.65497858720093
618.5237657011852,116.75868051570112
619.3269882786012,119.01490766696806
620.1302108560174,116.96918959284281
620.9334334334335,117.07593454945454
621.7366560108496,117.1836316567404
622.5398785882658,115.54634387602462
623.3431011656819,117.4017579392751
624.146323743098,116.35473432256477
624.9495463205142,117.62331967232795
625.7527688979303,115.35001838520279
626.5559914753464,117.84806808778009
627.3592140527626,117.61396922859309
628.1624366301787,118.07575441751261
628.9656592075949,119.91149053942776
629.768881785011,118.9024087491306
630.5721043624271,118.4222483211271
631.3753269398431,118.53894574734332
632.1785495172593,121.82056445422107
632.9817720946754,119.97545699027698
633.7849946720916,118.89220105681818
634.5882172495077,117.56606594039391
635.3914398269238,119.71415098332395
636.19466240434,119.2495478962202
636.9978849817561,121.13295885997492
637.8011075591722,119.48963758113851
638.6043301365884,119.61014667314814
639.4075527140045,120.60427619596155
640.2107752914205,118.68591709100708
641.0139978688367,120.95890854620126
641.8172204462528,120.39030948424463
642.6204430236689,120.21609078810698
643.4236656010851,122.23470367312277
644.2268881785012,121.40707855337257
645.0301107559173,120.27284168655278
645.8333333333335,120.70305870507508
646.6365559107496,116.53323480446974
647.4397784881658,119.76581118373284
648.2430010655819,121.0682693080943
649.0462236429979,121.00931447461427
649.849446220414,121.31127906932048
650.6526687978302,119.06983988807312
651.4558913752463,121.70695532808607
652.2591139526625,121.28323451388027
653.0623365300786,123.7582354440931
653.8655591074947,121.91882764994538
654.6687816849109,123.67965827741816
655.472004262327,121.46671887568093
656.2752268397431,122.28638414312486
657.0784494171593,122.40986679207633
657.8816719945753,119.27704511005312
658.6848945719914,122.658737077241
659.4881171494076,125.97158313246938
660.2913397268237,120.04695864546645
661.0945623042398,120.76030565246533
661.897784881656,123.16624081193032
662.7010074590721,123.29559724136787
663.5042300364883,126.04515541855498
664.3074526139044,127.78312739344372
665.1106751913205,124.13523120826979
665.9138977687367,123.82524124430009
666.7171203461528,121.45442934553157
667.5203429235688,122.82305171054838
668.323565500985,121.96352639878064
669.1267880784011,124.4857114186909
669.9300106558172,127.86019152178123
670.7332332332334,122.67783080246369
671.5364558106495,125.6364142067356
672.3396783880656,127.93553140975764
673.1429009654818,128.84390566241
673.9461235428979,125.26166943931848
674.749346120314,125.41624220289256
675.5525686977302,128.22404565512434
676.3557912751462,125.73234458196904
677.1590138525623,123.95364341533313
677.9622364299785,126.7638035726591
678.7654590073946,129.06846866470414
679.5686815848107,128.7781849335764
680.3719041622269,128.52481328943261
681.175126739643,126.73905636405007
681.9783493170592,125.6271056298488
682.7815718944753,126.56056467465473
683.5847944718914,127.27253354586509
684.3880170493076,127.4542562247181
685.1912396267236,127.63778485268205
685.9944622041397,124.76920349796609
686.7976847815559,128.0099178919119
687.600907358972,128.19835127116215
688.4041299363881,130.27938673154645
689.2073525138043,129.12411493867205
690.0105750912204,130.32970069279608
690.8137976686365,132.60755334584042
691.6170202460527,128.87379488788585
692.4202428234688,129.1909813334494
693.223465400885,126.453898087762
694.026687978301,129.28397096873786
694.8299105557171,129.94986459207144
695.6331331331332,130.14908860176925
696.4363557105494,130.34892133646895
697.2395782879655,129.28208948150294
698.0428008653817,130.75007091684287
698.8460234427978,129.34308904666722
699.6492460202139,129.77106060728997
700.4524685976301,131.354222824723
701.2556911750462,130.02192810740502
702.0589137524623,132.86208533594086
702.8621363298785,134.96537609968325
703.6653589072945,136.06867789857304
704.4685814847106,132.36191503685515
705.2718040621268,132.56279969006127
706.0750266395429,132.76326687617566
706.878249216959,131.0956154894951
707.6814717943752,129.87347567152062
708.4846943717913,133.40467058123602
709.2879169492074,133.05684963111233
710.0911395266236,133.75634774010055
710.8943621040397,131.82056367770738
711.6975846814559,134.14766475575618
712.5008072588719,134.3417136288569
713.304029836288,134.53457539079582
714.1072524137041,132.80106441261057
714.9104749911203,139.86186682668304
715.7136975685364,136.77407601848267
716.5169201459526,133.30256603934473
717.3201427233687,135.47808447279107
718.1233653007848,136.28300635962134
718.926587878201,135.89993085789848
719.7298104556171,136.02447156354793
720.5330330330332,136.69171686589
721.3362556104493,133.49011270435196
722.1394781878654,136.5532478572174
722.9427007652815,133.62804537589446
723.7459233426977,141.0596963626145
724.5491459201138,137.03455031578014
725.3523684975299,136.49555904046065
726.1555910749461,136.17535068349946
726.9588136523622,136.71717323164205
727.7620362297783,134.04365679264131
728.5652588071945,137.8596614565307
729.3684813846106,138.0108226335972
730.1717039620266,140.63598189493484
730.9749265394428,138.30411062974602
731.7781491168589,137.57789328535156
732.581371694275,138.58478270853067
733.3845942716912,137.9845561989193
734.1878168491073,138.85215474188874
734.9910394265235,138.98063945151338
735.7942620039396,134.85624397548455
736.5974845813557,139.19628143630993
737.4007071587719,136.87338543665214
738.203929736188,139.4579075361337
739.0071523136041,139.56762928878027
739.8103748910202,137.73426408550603
740.6135974684363,141.23706594981732
741.4168200458524,138.29388249023688
742.2200426232686,139.96556974509878
743.0232652006847,140.0543906405725
743.8264877781008,138.9679493789243
744.629710355517,140.38452871852417
745.4329329329331,141.1989730917469
746.2361555103492,139.52938503828472
747.0393780877654,139.2796757022441
747.8426006651815,140.4945293989945
748.6458232425975,140.55305062837039
749.4490458200137,140.48521390779626
750.2522683974298,140.658205420902
751.055490974846,140.70502449489499
751.8587135522621,145.62183244374975
752.6619361296782,135.94600910309217
753.4651587070944,143.81983657988803
754.2683812845105,140.85607626881682
755.0716038619266,140.88524685887796
755.8748264393428,139.02866008336034
756.6780490167589,140.93392650282755
757.4812715941749,141.70683701739983
758.2844941715911,140.97034246800456
759.0877167490072,140.9841834596
759.8909393264233,140.99523679775814
760.6941619038395,141.63622383648269
761.4973844812556,138.73262955574404
762.3006070586717,141.0125984457959
763.1038296360879,140.30497515125464
763.907052213504,142.060681850985
764.7102747909202,143.2784784813541
765.5134973683363,141.00234732378985
766.3167199457523,140.9944386295216
767.1199425231684,139.46501252782429
767.9231651005846,136.61172989473667
768.7263876780007,140.9593664403751
769.5296102554169,140.94420285994116
770.332832832833,141.17163661249995
771.1360554102491,140.90922295550746
771.9392779876653,140.88959214234498
772.7425005650814,142.2582647136459
773.5457231424975,143.49354790416174
774.3489457199137,141.31496067174652
775.1521682973298,140.91337341879034
775.9553908747458,140.13775050746446
776.758613452162,140.74767880150642
777.5618360295781,139.69732658464898
778.3650586069942,140.69340868961197
779.1682811844104,138.45311380745426
779.9715037618265,140.6368924841587
780.7747263392426,140.60802398489417
781.5779489166588,140.5788722284958
782.3811714940749,135.82022812032343
783.184394071491,140.52008996597235
783.9876166489072,143.80995841680962
784.7908392263232,138.5193529070773
785.5940618037394,140.43211102915
786.3972843811555,138.79520328430596
787.2005069585716,142.0461042930725
788.0037295359878,140.34659157073054
788.8069521134039,140.56018885050398
789.61017469082,140.2921817142567
790.4133972682362,140.26603598701746
791.2166198456523,138.51988983037296
792.0198424230684,138.53965319042604
792.8230650004846,142.66858942449764
793.6262875779006,137.45516421545267
794.4295101553167,139.41675156901076
795.2327327327329,139.00093310704244
796.035955310149,140.11127381492042
796.8391778875651,140.0939828215695
797.6424004649813,137.0885395545407
798.4456230423974,140.0630588133996
799.2488456198136,140.0493874856191
800.0520681972297,140.03688440006715
800.8552907746458,140.02553040026308
801.658513352062,140.0153063297261
802.461735929478,140.00619303197544
803.2649585068941,144.7599561753592
804.0681810843103,140.84580061160668
804.8714036617264,137.43697864764349
805.6746262391425,139.9804644392209
806.4778488165587,139.97661765819046
807.2810713939748,141.33325888957918
808.0842939713909,139.61523400099762
808.8875165488071,139.97097569258682
809.6907391262232,139.97099730827895
810.4939617036393,140.46270112738716
811.2971842810555,140.51612288442854
812.1004068584715,144.79545156545052
812.9036294358876,139.98008428602725
813.7068520133038,139.98451037680547
814.5100745907199,139.98975989315866
815.313297168136,140.61696978578615
816.1165197455522,140.00265257666678
816.9197423229683,140.01025743086018
817.7229649003845,140.0186090847056
818.5261874778006,138.42017443240607
819.3294100552167,137.6400204909747
820.1326326326329,135.28529671151182
820.9358552100489,138.87328346585304
821.739077787465,140.0708988718843
822.5423003648812,140.08332903754513
823.3455229422973,142.41555266522568
824.1487455197134,140.11000832524587
824.9519680971296,140.1242191343242
825.7551906745457,137.59175556198977
826.5584132519618,140.15428730053307
827.361635829378,140.15882222861217
828.1648584067941,140.18642315427311
828.9680809842102,140.20321857276545
829.7713035616263,142.80528087281428
830.5745261390424,139.5731837235149
831.3777487164585,142.11020762056594
832.1809712938747,140.2748032063324
832.9841938712908,140.29370432221972
833.787416448707,138.1079284239786
834.5906390261231,140.33257840762383
835.3938616035392,144.0593721189218
836.1970841809554,140.37275392132875
837.0003067583715,140.39328182259217
837.8035293357876,140.41407761148847
838.6067519132037,140.43512213153696
839.4099744906198,139.97803538962847
840.2131970680359,140.4778807391674
841.0164196454521,141.55699379039228
841.8196422228682,140.5214043936374
842.6228648002843,139.5199187407406
843.4260873777005,138.86639958658168
844.2293099551166,140.58778909975337
845.0325325325327,143.73157230865732
845.8357551099489,140.14471788273704
846.638977687365,141.47742163588273
847.4422002647811,140.6775493546164
848.2454228421972,142.34374143404457
849.0486454196133,137.48170547926554
849.8518679970294,140.76220560379141
850.6550905744456,140.76761126360853
851.4583131518617,140.79003020070851
852.2615357292779,140.81237220878774
853.064758306694,140.83461813136552
853.8679808841101,140.2671020290132
854.6712034615263,140.87874509409352
855.4744260389424,140.73917782070774
856.2776486163585,138.38449905300334
857.0808711937746,140.94373598490535
857.8840937711907,145.21392937062592
858.6873163486068,140.98604005098431
859.490538926023,140.4163378052397
860.2937615034391,142.27780506430892
861.0969840808552,141.2493071492824
861.9002066582714,142.11178758620707
862.7034292356875,141.087101574186
863.5066518131036,143.08974288577693
864.3098743905198,141.12524444057246
865.1130969679359,136.31419431390879
865.9163195453519,141.16185357610743
866.7195421227681,141.17953510360365
867.5227647001842,138.97239023726357
868.3259872776003,141.21355629565
869.1292098550165,141.22985764723853
869.9324324324326,141.24566062722963
870.7356550098488,141.26094607914254
871.5388775872649,141.2756948464965
872.342100164681,144.79859112146616
873.1453227420972,141.3035057016045
873.9485453195133,138.6761028356513
874.7517678969293,142.05234276148943
875.5549904743455,141.34071793805546
876.3582130517616,144.1241650453403
877.1614356291777,139.45850209788443
877.9646582065939,141.3720655635148
878.76788078401,138.69381759055304
879.5711033614261,139.7515554952311
880.3743259388423,145.09375418990157
881.1775485162584,143.7483205205023
881.9807710936745,139.8814595519434
882.7839936710907,141.41509808153702
883.5872162485068,138.72319471515425
884.3904388259228,143.20836672998996
885.193661403339,141.42574852413887
885.9968839807551,141.19106091943465
886.8001065581713,144.56231310206246
887.6033291355874,141.42846545582717
888.4065517130035,143.29944696840468
889.2097742904197,145.8098394636701
890.0129968678358,141.08956878998424
890.8162194452519,141.41885304533292
891.6194420226681,140.548910187007
892.4226646000842,140.8441721825937
893.2258871775002,139.71353150540594
894.0291097549164,141.39299108959187
894.8323323323325,141.38384293560608
895.6355549097486,141.3735834026386
896.4387774871648,141.36219333420863
897.2420000645809,141.3496535738354
898.045222641997,139.07748204752994
898.8484452194132,141.32104835133623
899.6516677968293,140.03670334303158
900.4548903742455,142.9211314967108
901.2581129516616,136.9774966752905
902.0613355290776,139.66127088244195
902.8645581064937,139.96775169921173
903.6677806839099,137.52488836688912
904.471003261326,144.92162092369637
905.2742258387422,142.09889636306076
906.0774484161583,142.8580053213812
906.8806709935744,141.1025275187879
907.6838935709906,141.5331702385195
908.4871161484067,141.04265164534527
909.2903387258228,141.2582764514326
910.093561303239,141.64695180276314
910.896783880655,140.94201215031973
911.7000064580711,139.48235870514847
912.5032290354873,140.86747853811943
913.3064516129034,140.82792207792204
