110.88709677419354,150.29761904761904
111.69031935160966,150.70999608223883
112.4935419290258,151.116662910863
113.29676450644192,151.5176610025917
114.09998708385804,151.9130318265253
114.90320966127416,150.97591792225876
115.7064322386903,153.69447780807303
116.50965481610642,155.9744688561922
117.31287739352254,153.43907182631304
118.11609997093868,155.08002080680495
118.9193225483548,154.1694064160427
119.72254512577092,154.1864903636632
120.52576770318706,154.878393069399
121.32899028060318,155.22498459268786
122.1322128580193,156.1742417684724
122.93543543543542,155.90257137798807
123.73865801285156,156.23364957820002
124.54188059026768,156.5596396089202
125.3451031676838,156.88058293924885
126.14832574509992,157.1965210382863
126.95154832251606,157.50749537513275
127.75477089993218,157.8135474188885
128.5579934773483,158.1147186386537
129.36121605476444,156.6282532653547
130.16443863218058,161.4170823002896
130.96766120959668,157.41416287929644
131.77088378701282,159.2714246598154
132.57410636442893,159.54881379613226
133.37732894184506,159.8215709230603
134.1805515192612,160.08973750969963
134.9837740966773,161.29005170245318
135.78699667409344,160.61246493851354
136.59021925150958,159.00747861377948
137.3934418289257,163.12309752772234
138.19666440634182,161.3631637570762
138.99988698375796,161.60465795308932
139.80310956117407,161.84185189251554
140.6063321385902,162.07478704445532
141.4095547160063,162.30350487800874
142.21277729342245,165.95135843637885
143.01599987083858,160.10982908175166
143.81922244825472,162.96476915935418
144.62244502567083,163.17703241036511
145.42566760308696,163.38528568849117
146.22889018050307,164.36658585036932
147.0321127579192,163.78992820248936
147.83533533533534,163.98640037656202
148.63855791275145,165.98883133645714
149.4417804901676,164.3678539043559
150.2450030675837,164.55291819627757
151.04822564499983,168.41701606666572
151.85144822241597,164.9119291816718
152.6546707998321,165.08595881334492
153.4578933772482,165.2563931631356
154.26111595466435,165.42327370014428
155.06433853208046,165.58664189347107
155.8675611094966,169.4361970056876
156.67078368691273,165.90300712548026
157.47400626432886,165.5687469886444
158.27722884174497,168.53866650525617
159.0804514191611,164.70845637646258
159.88367399657722,166.49541410572812
160.68689657399335,166.63535702808937
161.4901191514095,166.772119359571
162.2933417288256,166.4912596625706
163.09656430624173,162.72950320433728
163.89978688365784,167.1637374997399
164.70300946107398,168.98714854349575
165.5062320384901,167.409673572292
166.30945461590625,167.5282232096006
167.11267719332236,167.64388253973135
167.9158997707385,167.75669303178447
168.7191223481546,167.86669615486014
169.52234492557074,170.17953855236433
170.32556750298687,167.82377071902883
171.12879008040298,169.246304630969
171.93201265781912,168.27946433939442
172.73523523523525,168.3760526540871
173.53845781265136,170.3901761754973
174.3416803900675,168.56159508944535
175.14490296748363,168.65063214831144
175.94812554489974,164.88113825930859
176.75134812231587,168.8214452939187
177.55457069973198,168.87624486795838
178.35779327714812,170.4193782125668
179.16101585456425,172.80652107811062
179.9642384319804,169.13518883144127
180.7674610093965,169.2080577118876
181.5706835868126,169.27878272896072
182.37390616422874,169.3474053517609
183.17712874164488,167.00376602200478
183.98035131906101,169.47850929094355
184.78357389647715,169.5410735455265
185.58679647389326,169.60170128223757
186.39001905130937,169.660433970177
187.1932416287255,169.71731307844504
187.99646420614164,169.77238007614204
188.79968678355777,169.82567643236814
189.60290936097388,169.87724361622364
190.40613193839002,169.69825211718353
191.20935451580613,166.01080674052582
192.01257709322226,170.02198482456933
192.8157996706384,166.11040403129033
193.61902224805453,170.11059336845165
194.42224482547064,168.98116587200894
195.22546740288675,169.65248978418867
196.0286899803029,170.23250717375817
196.83191255771902,167.61502756628644
197.63513513513516,170.30693417645426
198.4383577125513,170.56398428605004
199.2415802899674,169.65596377975027
200.0448028673835,170.4091307612413
200.84802544479965,173.38027513010655
201.65124802221578,166.89775703862682
202.45447059963192,170.50098990132597
203.25769317704803,170.52950592722155
204.06091575446416,170.5570392245513
204.86413833188027,170.58363126241537
205.6673609092964,170.60932350991416
206.47058348671254,170.6341574361478
207.27380606412868,170.6581745102166
208.07702864154479,170.68141620122088
208.8802512189609,170.70392397826083
209.68347379637703,170.1453476749065
210.48669637379317,168.6287176545819
211.2899189512093,175.74503193939407
212.0931415286254,170.78744532878284
212.89636410604155,172.84990793119877
213.69958668345765,170.8258807168648
214.5028092608738,170.84441223096192
215.30603183828993,170.38604303545293
216.10925441570606,175.64200091669886
216.91247699312217,170.897759682681
217.71569957053828,170.91493136673085
218.5189221479544,170.93186676601948
219.32214472537055,173.072511615399
220.12536730278669,170.96519458671435
220.92858988020282,171.2698234165078
221.73181245761893,173.92783055879207
222.53503503503504,171.0144509095544
223.33825761245117,171.03083945138152
224.1414801898673,171.04728199214935
224.94470276728345,168.91981486469638
225.74792534469955,171.08049494690795
226.5511479221157,171.09734829909925
227.3543704995318,167.867659485053
228.15759307694793,171.13175609860735
228.96081565436407,171.14939348412457
229.7640382317802,171.16737515228434
230.5672608091963,171.1857425721868
231.37048338661242,173.49941749959052
232.17370596402856,172.6463483001362
232.9769285414447,171.2435740333534
233.78015111886083,171.28961003256808
234.58337369627696,171.4250017964974
235.38659627369307,171.30628967821755
236.18981885110918,171.32831077924044
236.99304142852532,172.92142850597486
237.79626400594145,170.67448821045352
238.5994865833576,172.26423377665466
239.4027091607737,166.54227639798407
240.20593173818983,171.44545894297522
241.00915431560594,171.47008434188123
241.81237689302208,171.49503740765184
242.6155994704382,170.35343410451713
243.41882204785432,171.54580495946425
244.22204462527046,171.57155865534452
245.0252672026866,169.9094119312251
245.8284897801027,169.78031021105733
246.63171235751884,171.64993468191315
247.43493493493497,172.88985351367904
248.23815751235108,168.07292220915073
249.04138008976722,171.72934482017826
249.84460266718335,171.75590282515574
250.64782524459946,171.78245415111002
251.4510478220156,171.8089684029603
252.2542703994317,172.96501851222484
253.05749297684784,169.28398167878441
253.86071555426398,174.61650302855944
254.66393813168008,171.91404676770676
255.46716070909622,171.93991972282618
256.27038328651236,171.96557323335728
257.0736058639285,171.9909769042193
257.8768284413446,172.01610034033152
258.68005101876076,172.04091314661326
259.48327359617684,170.20505186322833
260.286496173593,172.0894852893623
261.0897187510091,174.27347317739068
261.8929413284252,172.1364501718207
262.69616390584133,172.1592539027391
263.49938648325747,172.18156463334267
264.3026090606736,172.20335196855066
265.10583163808974,172.2245855132824
265.9090542155059,172.4798202990542
266.712276792922,176.19987201924118
267.51549937033815,169.94422380398078
268.3187219477542,172.30337388583214
269.12194452517036,172.32138255197168
269.9251671025865,172.3386550571506
270.7283896800026,172.3551610062881
271.5316122574187,172.3708700043037
272.33483483483485,169.02287325522497
273.138057412251,172.3997755666457
273.9412799896671,172.41291134081075
274.74450256708326,172.42512858353084
275.5477251444994,176.51099104229144
276.35094772191553,172.44668589431333
277.1541702993316,172.45596517221426
277.95739287674775,172.46420433834737
278.7606154541639,172.47137299763196
279.56383803157996,172.55785436947377
280.3670606089961,172.48237721533258
281.17028318641223,172.4861519835872
281.97350576382837,172.48873466467035
282.7767283412445,172.49009486350138
283.57995091866064,172.49020218499948
284.3831734960768,174.22687620456506
285.1863960734929,172.48653661567414
285.98961865090905,169.17239193463593
286.79284122832513,172.4774947960487
287.59606380574127,172.95445471771734
288.39928638315735,172.46283356547724
289.2025089605735,172.453319683385
290.0057315379896,172.44230976331409
290.80895411540575,173.71425577528407
291.6121766928219,172.41568022891335
292.415399270238,172.8191577656073
293.21862184765416,173.10419843483987
294.0218444250703,172.36375576545433
294.82506700248643,170.88110213461013
295.6282895799025,172.0215235745392
296.43151215731865,172.29672562582843
297.2347347347348,172.27088358531716
298.03795731215087,172.2432415560199
298.841179889567,172.21376914285617
299.64440246698314,172.1824359507451
300.4476250443993,172.14921158460595
301.2508476218154,172.11406564935803
302.05407019923155,172.0769677499206
302.8572927766477,172.037887491213
303.6605153540638,171.99679447815447
304.4637379314799,171.95365831566428
305.26696050889603,171.90844860866173
306.07018308631217,171.8611349620661
306.87340566372825,171.8116869807966
307.6766282411444,172.93033251880442
308.4798508185605,172.24703804727116
309.28307339597666,169.84243231102903
310.0862959733928,171.59194380736614
310.88951855080893,171.53136822651675
311.69274112822507,171.26669927004676
312.4959637056412,171.40323655426283
313.2991862830573,171.6093487297112
314.1024088604734,170.57166608274582
314.90563143788955,171.1931318432832
315.70885401530563,171.1182001052741
316.51207659272177,171.0407692916225
317.3152991701379,170.96080900724775
318.11852174755404,170.89575723234498
318.9217443249702,169.37377828610408
319.7249669023863,173.51975836011098
320.52818947980245,169.5015564100794
321.3314120572186,170.5220016967005
322.1346346346347,170.42622629129136
322.9378572120508,170.32770864959394
323.74107978946694,170.22641837652753
324.544302366883,170.32154958357094
325.34752494429915,170.01539835596495
326.1507475217153,171.70914284381448
326.9539700991314,167.18765804717205
327.75719267654756,169.67731371283566
328.5604152539637,169.55874935486025
329.36363783137983,171.64841395991633
330.16686040879597,169.31263405302664
330.9700829862121,169.1850237704553
331.7733055636282,169.05439475464428
332.5765281410443,168.92084354081183
333.37975071846046,165.17860139630633
334.18297329587654,168.64537917944503
334.9861958732927,168.50366836209184
335.7894184507088,168.35944000707943
336.59264102812494,168.2127952794985
337.3958636055411,168.06383534443947
338.1990861829572,164.9495122960527
339.00230876037335,167.5316048253099
339.8055313377895,167.60407594529988
340.60875391520557,167.4468668312343
341.4119764926217,167.28784833514354
342.21519907003784,167.127121622118
343.0184216474539,166.96478785724838
343.82164422487006,166.9209224213197
344.6248668022862,166.635703832339
345.4280893797023,165.32713170085876
346.23131195711846,166.3014055811397
347.0345345345346,166.13255403340779
347.83775711195074,165.96270242437507
348.6409796893669,165.79195191913212
349.44420226678295,165.62040368276956
350.2474248441991,169.0739507607493
351.0506474216152,168.42590833260454
351.8538699990313,165.1019842378692
352.65709257644744,164.92825672793344
353.4603151538636,164.75423731233084
354.2635377312797,163.25936056785386
355.06676030869585,164.40572742448714
355.869982886112,164.23143928242723
356.6732054635281,165.77233236629928
357.47642804094426,162.20944379271612
358.2796506183604,163.7096560447817
359.0828731957765,163.53642591204652
359.8860957731926,161.40774390633675
360.6893183506087,163.6116956124361
361.4925409280248,163.0202345349707
362.29576350544096,159.96297790086177
363.0989860828571,163.4170391775954
363.90220866027323,162.51020054645304
364.70543123768937,160.3675364952283
365.5086538151055,162.17320425284578
366.31187639252164,162.00549176618284
367.1150989699377,161.83824871984453
367.91832154735386,161.67143436400391
368.72154412477,161.50500794883413
369.5247667021861,161.33892872450832
370.32798927960226,161.17315594119952
371.13121185701834,161.0076488490809
371.9344344344345,160.84236669832552
372.7376570118506,160.67726873910655
373.54087958926675,160.5123142215971
374.3441021666829,160.07766661189035
375.147324744099,160.18267251239902
375.9505473215151,160.0179038210567
376.75376989893124,155.9046052460325
377.5569924763474,159.68826701575094
378.3602150537635,161.45169770823486
379.16343763117965,159.35822598143778
379.9666602085957,159.1929520038362
380.76988278601186,159.0274547195022
381.573105363428,158.22653575150304
382.37632794084413,158.50105411736507
383.17955051826027,158.529215527836
383.9827730956764,158.95720017964237
384.7859956730925,158.19519245290303
385.5892182505086,158.0274995818092
386.39244082792476,159.1470009989164
387.1956634053409,156.16016967471577
387.99888598275703,157.52120663609574
388.80210856017317,157.35123504395767
389.60533113758925,157.18059189699127
390.4085537150054,157.0092364453697
391.2117762924215,156.83712793926605
392.01499886983765,158.69302721528834
392.8182214472538,156.49048876430493
393.62144402466987,156.31587659579378
394.424666602086,155.62441836942986
395.22788917950214,155.6084081632553
396.0311117569183,155.78638076821477
396.8343343343344,153.7599646085543
397.63755691175055,155.42825994985537
398.44077948916663,155.2475402112031
399.24400206658277,155.06565991979977
400.0472246439989,154.88257832581857
400.85044722141504,156.42665362357383
401.6536697988312,153.69101700665158
402.45689237624725,154.3257182301391
403.2601149536634,158.04321271342474
404.0633375310795,153.94772457330382
404.86656010849566,153.75657941749083
405.6697826859118,151.97726380109413
406.47300526332793,153.3697887019397
407.276227840744,151.30616048160775
408.07945041816015,152.9767257823092
408.8826729955763,152.7777403713969
409.6858955729924,156.12689205268615
410.48911815040856,149.03668307879715
411.2923407278247,152.1704793363493
412.0955633052408,154.57845063367887
412.8987858826569,151.75664381278975
413.70200846007305,150.33203772249033
414.5052310374892,151.33527556371158
415.3084536149053,151.12178576685608
416.1116761923214,150.87995870543202
416.91489876973753,150.6893816811275
417.71812134715367,150.47054281717215
418.5213439245698,148.64559783966638
419.32456650198594,150.02778000937374
420.1277890794021,149.80393149044846
420.93101165681816,147.0064548028474
421.7342342342343,149.35148878484017
422.53745681165043,147.37028983489265
423.34067938906657,148.89296993861413
424.1439019664827,148.66152624391657
424.94712454389884,148.4286766514412
425.7503471213149,145.23692605121866
426.55356969873105,147.9589106229926
427.3567922761472,147.72206961193703
428.1600148535633,148.44017941626464
428.96323743097946,145.72292371464616
429.76646000839554,147.00416714095215
430.5696825858117,146.7625322128807
431.3729051632278,146.51979308670244
432.17612774064395,148.09047670723913
432.9793503180601,148.52031827155054
433.7825728954762,146.308388912908
434.5857954728923,147.18859682513286
435.38901805030844,145.29085442027022
436.1922406277246,145.79202943510722
436.9954632051407,143.82582307314684
437.79868578255684,144.54265444049773
438.6019083599729,144.29167459200798
439.40513093738906,144.0399676700002
440.2083535148052,140.75668682400376
441.01157609222133,146.16060413468716
441.81479866963747,146.24561532296968
442.6180212470536,143.0266234959669
443.4212438244697,143.6638866090181
444.2244664018858,142.5165694917731
445.02768897930196,143.35419083492314
445.8309115567181,143.07077591845425
446.63413413413423,141.74810961933582
447.43735671155036,141.4912061473865
448.24057928896644,139.7085924282813
449.0438018663826,140.97650020653572
449.8470244437987,140.71877316255205
450.65024702121485,140.4608470194747
451.453469598631,140.20275948976254
452.25669217604707,139.9445468675996
453.0599147534632,139.68623501582206
453.86313733087934,136.2834088549013
454.6663599082955,139.16939843067473
455.4695824857116,139.90914918980727
456.27280506312775,138.28321041535744
457.0760276405438,138.39392913382702
457.87925021795996,138.1354669324051
458.6824727953761,137.87705382250846
459.48569537279224,137.61871098979398
460.2889179502084,140.1586269575494
461.0921405276245,137.10232089853943
461.8953631050406,138.4105766562263
462.6985856824567,136.58646614389698
463.50180825987286,136.06866640549805
464.305030837289,136.07131621112222
465.10825341470513,135.81405851707763
465.9114759921212,135.5570405854707
466.71469856953735,135.30028360195857
467.5179211469535,135.04380875219806
468.3211437243696,136.85254385380844
469.12436630178576,134.5317901965597
469.9275888792019,132.4577317743018
470.73081145661797,134.02115440381132
471.5340340340341,131.1323512944986
472.33725661145024,134.61914488010729
473.1404791888664,132.40638109757555
473.9437017662825,133.00470904800667
474.7469243436986,132.75172675657353
475.55014692111473,132.4992384554615
476.35336949853087,133.95912945895233
477.156592075947,131.99582856682855
477.95981465336314,133.9861499246868
478.7630372307793,131.49464886736334
479.56625980819535,134.55159805673767
480.3694823856115,129.23217355626312
481.1727049630276,130.74743167185167
481.97592754044376,127.45613780906913
482.7791501178599,130.25256894329902
483.58237269527604,129.1010623603097
484.3855952726921,129.7605296023086
485.18881785010825,129.51562166629162
485.9920404275244,130.7376681053001
486.7952630049405,128.76290073179428
487.59848558235666,129.2743039162308
488.40170815977274,128.54389581740702
489.2049307371889,128.3030467572665
490.008153314605,128.06307302927206
490.81137589202115,128.52620395394874
491.6145984694373,122.59372144831696
492.4178210468534,127.34861569473495
493.2210436242695,127.11235515189452
494.02426620168563,128.1054076987176
494.82748877910177,126.64279903316304
495.6307113565179,126.40954582858605
496.43393393393404,126.17733744141063
497.2371565113502,125.32356980176988
498.04037908876626,125.71613986189277
498.8436016661824,122.43117666731487
499.64682424359853,125.25937577986501
500.45004682101467,125.03270926455227
501.2532693984308,124.80721468058293
502.0564919758469,124.6615079325196
502.859714553263,124.35982909101045
503.66293713067915,124.13799700198349
504.4661597080953,124.65573620322084
505.2693822855114,121.68159160095855
506.07260486292756,123.48038233433157
506.87582744034364,123.30752147908018
507.6790500177598,119.10172005871945
508.4822725951759,121.64077661778187
509.28549517259205,122.6233322544221
510.0887177500082,122.41284626216827
510.89194032742427,124.43386534607573
511.6951629048404,121.99666468810865
512.4983854822565,124.92127543059419
513.3016080596726,121.5871165919604
514.1048306370888,119.03490030601917
514.9080532145049,121.18449749050036
515.711275791921,120.98587866177127
516.5144983693372,123.01131254948551
517.3177209467533,120.59420714630028
518.1209435241694,116.75590112157772
518.9241661015856,120.46975562391935
519.7273886790017,118.5513283473693
520.5306112564178,119.83416299202662
521.333833833834,119.64922136708056
522.1370564112501,119.46638138677764
522.9402789886663,114.31425718400294
523.7435015660824,118.61974432433396
524.5467241434984,118.93084070969898
525.3499467209145,118.7567767039398
526.1531692983307,118.58499904080931
526.9563918757468,118.41554465990465
527.759614453163,118.24845050082291
528.5628370305791,118.36017394424306
529.3660596079951,117.9214906065166
530.1692821854112,117.24570189299061
530.9725047628274,117.6044148746673
531.7757273402435,117.44967591865678
532.5789499176597,117.29751882205183
533.3821724950758,118.23279755123664
534.1853950724919,117.00109796544713
534.9886176499081,120.7981981789138
535.7918402273242,119.49359506112798
536.5950628047403,116.57675411600961
537.3982853821565,112.59499769709812
538.2015079595726,118.62811786875638
539.0047305369887,115.44735282044937
539.8079531144049,112.35115369716708
540.611175691821,115.26554217746244
541.4143982692372,115.80475820493871
542.2176208466533,115.68646470977517
543.0208434240693,115.57123328877967
543.8240660014854,115.45910088154925
544.6272885789016,115.35010442768099
545.4305111563177,115.2442808667721
546.2337337337339,115.14166713841962
547.0369563111499,117.14312263961821
547.840178888566,114.94615944241718
548.6434014659822,114.85324160239888
549.4466240433983,118.85532151727767
550.2498466208144,114.10274959022662
551.0530691982306,114.59359905708473
551.8562917756467,114.5133571027539
552.6595143530628,113.8978658004409
553.462736930479,116.36791064014245
554.2659595078951,114.29127591269655
555.0691820853112,114.22339897618275
555.8724046627274,114.1585647210185
556.6756272401435,114.09675371796175
557.4788498175596,115.14788269217581
558.2820723949758,113.98212375120345
559.0852949723919,114.31685133410896
559.8885175498081,115.88958376951754
560.6917401272241,112.74417415547154
561.4949627046402,113.78828795633397
562.2981852820564,111.41910834404334
563.1014078594725,113.70877126035232
563.9046304368886,111.53282362167435
564.7078530143048,114.02666743682524
565.5110755917208,113.61081056025327
566.3142981691369,113.58376310161891
567.117520746553,114.05762550453218
567.9207433239692,113.53796077099663
568.7239659013853,114.75189208085546
569.5271884788015,113.50308569429039
570.3304110562176,113.48969730305096
571.1336336336337,111.99958286109012
571.9368562110499,113.47092166859007
572.740078788466,112.51083275182727
573.5433013658821,115.82404278506925
574.3465239432983,113.46246964831494
575.1497465207144,111.51430365172551
575.9529690981306,113.46974924792009
576.7561916755467,113.47720504393354
577.5594142529628,113.48717893176502
578.362636830379,113.4996514821726
579.165859407795,113.5146032659144
579.9690819852111,113.5320148537485
580.7723045626273,113.55186681643305
581.5755271400434,113.57413972472604
582.3787497174595,113.59881414938567
583.1819722948755,113.62587066116997
583.9851948722917,109.88454951047474
584.7884174497078,116.14252005205131
585.591640027124,115.38504580163843
586.3948626045401,113.7575289947159
587.1980851819562,113.7962040215802
588.0013077593724,113.83713713175763
588.8045303367885,113.88029732921851
589.6077529142046,113.92565351794795
590.4109754916208,113.97317460193108
591.2141980690369,114.02282948515303
592.017420646453,114.07458707159894
592.8206432238692,114.128416265254
593.6238658012853,114.18428597010332
594.4270883787015,115.95106799780031
595.2303109561176,114.30202252932523
596.0335335335337,111.50468413215941
596.8367561109498,114.42754798114585
597.6399786883659,114.49315380174353
598.443201265782,114.56061355744627
599.2464238431982,114.62989615223927
600.0496464206143,114.7009704901076
600.8528689980304,116.68395386192036
601.6560915754465,114.84837001101093
602.4593141528626,115.2894510530928
603.2625367302787,115.43913424403496
604.0657593076949,111.83563494990737
604.868981885111,115.17939279586805
605.6722044625271,115.24604759604803
606.4754270399433,116.5342385774917
607.2786496173594,113.22289442052558
608.0818721947755,115.5034186146669
608.8850947721917,115.59214978938348
609.6883173496078,115.68229955499713
610.491539927024,118.1518725038399
611.2947625044401,118.82775540987484
612.0979850818562,115.96094943707153
612.9012076592724,116.05646260612473
613.7044302366885,116.15323888600062
614.5076528141046,116.25124718068436
615.3108753915207,116.35045639416111
616.1140979689368,116.45083543041603
616.9173205463529,116.76037796639206
617.7205431237691,116.65497858720093
618.5237657011852,115.35259270709443
619.3269882786012,116.86342788292002
620.1302108560174,112.59837417501119
620.9334334334335,117.07593454945454
621.7366560108496,113.93570385058541
622.5398785882658,118.17016465387702
623.3431011656819,117.4017579392751
624.146323743098,117.9729772489077
624.9495463205142,121.17200635645423
625.7527688979303,119.16924026698479
626.5559914753464,120.16849402551739
627.3592140527626,117.88335061937657
628.1624366301787,118.07575441751261
628.9656592075949,119.23668931396644
629.768881785011,118.19346655222219
630.5721043624271,114.47931642768822
631.3753269398431,116.85104276215378
632.1785495172593,118.6561910760405
632.9817720946754,118.77395321120373
633.7849946720916,118.89220105681818
634.5882172495077,121.28023605475711
635.3914398269238,119.13002949534126
636.19466240434,119.11737353184026
636.9978849817561,119.36942762349089
637.8011075591722,117.81326621138842
638.6043301365884,119.61014667314814
639.4075527140045,115.33903042783518
640.2107752914205,119.85193787619413
641.0139978688367,119.97315779520073
641.8172204462528,120.09455246450997
642.6204430236689,120.21609078810698
643.4236656010851,120.3377416699768
644.2268881785012,122.7157710532531
645.0301107559173,122.09482450161727
645.8333333333335,120.70305870507508
646.6365559107496,118.9284905957398
647.4397784881658,120.94659609289923
648.2430010655819,119.18314170482698
649.0462236429979,121.18983740945816
649.849446220414,121.31127906932048
650.6526687978302,121.43264143053021
651.4558913752463,121.5540009257935
652.2591139526625,123.96187016280281
653.0623365300786,121.7970174920971
653.8655591074947,121.91882764994538
654.6687816849109,122.04094111546341
655.472004262327,122.16343443205523
656.2752268397431,122.17310485782183
657.0784494171593,122.40986679207633
657.8816719945753,122.53395892231369
658.6848945719914,122.658737077241
659.4881171494076,122.78427780026227
660.2913397268237,125.89716890303121
661.0945623042398,123.03795312420291
661.897784881656,123.16624081193032
662.7010074590721,123.29559724136787
663.5042300364883,119.4580478307379
664.3074526139044,123.55782249898951
665.1106751913205,123.69084441398164
665.9138977687367,123.82524124430009
666.7171203461528,123.87925954044243
667.5203429235688,124.9714521798424
668.323565500985,124.2374466612535
669.1267880784011,122.84788835952122
669.9300106558172,124.52052814492782
670.7332332332334,124.66478187868879
671.5364558106495,124.8109463316043
672.3396783880656,124.95909804707838
673.1429009654818,125.10931356851506
673.9461235428979,125.26166943931848
674.749346120314,125.41624220289256
675.5525686977302,121.73404304789477
676.3557912751462,127.635277696708
677.1590138525623,125.8940272842795
677.9622364299785,130.37642123888665
678.7654590073946,129.65127396466966
679.5686815848107,126.39400244853795
680.3719041622269,126.56541264171902
681.175126739643,126.73905636405007
681.9783493170592,126.9148480995233
682.7815718944753,127.09270233213088
683.5847944718914,127.27253354586509
684.3880170493076,127.4542562247181
685.1912396267236,123.00374927439509
685.9944622041397,129.72045341755816
686.7976847815559,129.76827162493885
687.600907358972,129.66289854240833
688.4041299363881,128.56011497193074
689.2073525138043,131.0638457136113
690.0105750912204,128.7720926553607
690.8137976686365,128.96586847888352
691.6170202460527,129.16076612345498
692.4202428234688,129.35670007306732
693.223465400885,129.55358481171265
694.026687978301,129.75133482338333
694.8299105557171,129.94986459207144
695.6331331331332,128.5135354304606
696.4363557105494,130.34892133646895
697.2395782879655,130.00883822948734
698.0428008653817,130.75007091684287
698.8460234427978,130.95121673050144
699.6492460202139,130.5872771886144
700.4524685976301,131.354222824723
701.2556911750462,130.6922181937669
702.0589137524623,131.15996852223992
702.8621363298785,131.95923539319932
703.6653589072945,132.35269144777047
704.4685814847106,135.3578428742662
705.2718040621268,132.56279969006127
706.0750266395429,132.44002529007204
706.878249216959,132.9632310791907
707.6814717943752,130.94780533475324
708.4846943717913,133.36130847189125
709.2879169492074,133.55925062956118
710.0911395266236,133.75634774010055
710.8943621040397,131.65826288338786
711.6975846814559,134.14766475575618
712.5008072588719,135.91718353844337
713.304029836288,138.52927544285498
714.1072524137041,130.8265779574449
714.9104749911203,134.9163955171572
715.7136975685364,135.10518284956405
716.5169201459526,138.44830889261965
717.3201427233687,131.5495399253085
718.1233653007848,135.6620277315956
718.926587878201,135.84418526718383
719.7298104556171,134.26809103764697
720.5330330330332,136.20280110468008
721.3362556104493,136.37908837457246
722.1394781878654,136.5532478572174
722.9427007652815,136.725194036607
723.7459233426977,136.89484139673348
724.5491459201138,137.06210442158905
725.3523684975299,137.22689759516595
726.1555910749461,137.38913540145637
726.9588136523622,137.5487323244525
727.7620362297783,137.70560284814655
728.5652588071945,137.8596614565307
729.3684813846106,138.0108226335972
730.1717039620266,138.15900086333818
730.9749265394428,139.50016763956592
731.7781491168589,138.44606641681276
732.581371694275,139.76936663707315
733.3845942716912,139.6543342372563
734.1878168491073,139.19452462814434
734.9910394265235,136.7311052492823
735.7942620039396,139.10554260175797
736.5974845813557,139.22677867661474
737.4007071587719,138.32124657420718
738.203929736188,139.4579075361337
739.0071523136041,139.56762928878027
739.8103748910202,138.78455103755067
740.6135974684363,139.7749598598087
741.4168200458524,139.9986445610648
742.2200426232686,139.96556974509878
743.0232652006847,140.0543906405725
743.8264877781008,140.13877481658824
744.629710355517,140.21865463432204
745.4329329329331,140.29407731340282
746.2361555103492,138.9281577068635
747.0393780877654,140.4319219403204
747.8426006651815,140.4945293989945
748.6458232425975,140.55305062837039
749.4490458200137,140.6075783838667
750.2522683974298,140.658205420902
751.055490974846,140.70502449489499
751.8587135522621,140.29125954764032
752.6619361296782,139.59133810837503
753.4651587070944,140.30167720681803
754.2683812845105,140.85607626881682
755.0716038619266,140.88524685887796
755.8748264393428,140.91116601840864
756.6780490167589,140.93392650282755
757.4812715941749,144.63244092910773
758.2844941715911,140.97034246800456
759.0877167490072,140.9841834596
759.8909393264233,140.99523679775814
760.6941619038395,141.0035952378978
761.4973844812556,140.27202905062666
762.3006070586717,141.0125984457959
763.1038296360879,141.0134287243917
763.907052213504,141.01193512664355
764.7102747909202,141.00821040797007
765.5134973683363,141.00234732378985
766.3167199457523,140.9944386295216
767.1199425231684,140.98457708058396
767.9231651005846,140.9728554323956
768.7263876780007,138.65786785309083
769.5296102554169,140.94420285994116
770.332832832833,140.9274574465124
771.1360554102491,141.56222280143427
771.9392779876653,140.88959214234498
772.7425005650814,140.86865776244363
773.5457231424975,140.84651257122206
774.3489457199137,140.82324932409895
775.1521682973298,136.24589182347148
775.9553908747458,138.7937401503284
776.758613452162,140.74767880150642
777.5618360295781,140.37473538204407
778.3650586069942,142.9188368687459
779.1682811844104,144.04074496788337
779.9715037618265,140.6368924841587
780.7747263392426,140.60802398489417
781.5779489166588,143.25503203259944
782.3811714940749,140.5495299703823
783.184394071491,141.1121577108131
783.9876166489072,139.87742290365435
784.7908392263232,142.70973533856431
785.5940618037394,140.43211102915
786.3972843811555,141.7617140171402
787.2005069585716,139.3901233710643
788.0037295359878,140.34659157073054
788.8069521134039,140.3190644939673
789.61017469082,140.2921817142567
790.4133972682362,140.26603598701746
791.2166198456523,140.8820452398486
792.0198424230684,138.62725641324383
792.8230650004846,140.19294867431415
793.6262875779006,135.45069412011583
794.4295101553167,140.1496095625579
795.2327327327329,140.12980967642298
796.035955310149,140.11127381492042
796.8391778875651,140.0939828215695
797.6424004649813,139.16774651020535
798.4456230423974,140.0630588133996
799.2488456198136,140.0493874856191
800.0520681972297,140.03688440006715
800.8552907746458,140.02553040026308
801.658513352062,140.0153063297261
802.461735929478,140.00619303197544
803.2649585068941,139.99817135053033
804.0681810843103,143.1303526624799
804.8714036617264,142.07928173692912
805.6746262391425,139.9804644392209
806.4778488165587,139.97661765819046
807.2810713939748,139.9737667110618
808.0842939713909,140.55343640377976
808.8875165488071,139.97097569258682
809.6907391262232,139.97099730827895
810.4939617036393,139.97193813194983
811.2971842810555,139.97377900711865
812.1004068584715,137.23412909590436
812.9036294358876,139.98008428602725
813.7068520133038,139.98451037680547
814.5100745907199,139.98975989315866
815.313297168136,139.995813678606
816.1165197455522,137.56426898655113
816.9197423229683,140.01025743086018
817.7229649003845,138.40654869301267
818.5261874778006,139.36740827911396
819.3294100552167,142.93993200223153
820.1326326326329,140.0479532793454
820.9358552100489,140.0591005669908
821.739077787465,140.0708988718843
822.5423003648812,140.08332903754513
823.3455229422973,139.29078255351567
824.1487455197134,140.11000832524587
824.9519680971296,140.1242191343242
825.7551906745457,140.13898517824688
826.5584132519618,137.90714375096974
827.361635829378,140.98038904499356
828.1648584067941,139.64635041817945
828.9680809842102,140.20321857276545
829.7713035616263,140.22047344369832
830.5745261390424,140.23816861059092
831.3777487164585,140.25628491696253
832.1809712938747,140.76821559330472
832.9841938712908,138.10775849754262
833.787416448707,140.31296910814385
834.5906390261231,140.10680350125227
835.3938616035392,140.35251306417913
836.1970841809554,140.37275392132875
837.0003067583715,140.39328182259217
837.8035293357876,138.24083441859315
838.6067519132037,140.43512213153696
839.4099744906198,140.45639622625683
840.2131970680359,140.4778807391674
841.0164196454521,140.49955651378784
841.8196422228682,140.5214043936374
842.6228648002843,140.54340522223535
843.4260873777005,140.5655398431009
844.2293099551166,140.2144702232655
845.0325325325327,140.61013383571188
845.8357551099489,140.6325548944957
846.638977687365,142.18608863999484
847.4422002647811,140.6775493546164
848.2454228421972,140.70008444299177
849.0486454196133,140.72261922826937
849.8518679970294,140.74513455396854
850.6550905744456,140.76761126360853
851.4583131518617,140.79003020070851
852.2615357292779,144.78522655339668
853.064758306694,141.72323499274657
853.8679808841101,140.85674881196104
854.6712034615263,140.87874509409352
855.4744260389424,139.1887759481736
856.2776486163585,141.66384850938854
857.0808711937746,140.94373598490535
857.8840937711907,144.7079930260221
858.6873163486068,142.20230293635584
859.490538926023,141.00682765624282
860.2937615034391,141.02734676767295
861.0969840808552,140.33554207062693
861.9002066582714,138.92688199797973
862.7034292356875,141.087101574186
863.5066518131036,140.32997567698808
864.3098743905198,141.12524444057246
865.1130969679359,145.63949041289482
865.9163195453519,139.62196867893965
866.7195421227681,141.17953510360365
867.5227647001842,141.1967757289448
868.3259872776003,141.21355629565
869.1292098550165,141.22985764723853
869.9324324324326,142.39214705707988
870.7356550098488,141.26094607914254
871.5388775872649,139.58453422199054
872.342100164681,141.28988777281072
873.1453227420972,141.3035057016045
873.9485453195133,141.31652947639705
874.7517678969293,141.3289399407076
875.5549904743455,141.34071793805546
876.3582130517616,141.35184431195975
877.1614356291777,141.36229990593984
877.9646582065939,141.3720655635148
878.76788078401,144.18995293511253
879.5711033614261,141.3894504435268
880.3743259388423,141.3970313530022
881.1775485162584,141.40384570014953
881.9807710936745,138.5018979734804
882.7839936710907,141.41509808153702
883.5872162485068,143.1224407653376
884.3904388259228,140.00445038991356
885.193661403339,141.42574852413887
885.9968839807551,142.70470282897122
886.8001065581713,143.50207208931124
887.6033291355874,143.13308056448105
888.4065517130035,141.42751870038785
889.2097742904197,140.27894404160787
890.0129968678358,141.4227316516215
890.8162194452519,141.41885304533292
891.6194420226681,141.41395884246646
892.4226646000842,141.4080298865413
893.2258871775002,140.87524228813115
894.0291097549164,141.39299108959187
894.8323323323325,141.38384293560608
895.6355549097486,141.3735834026386
896.4387774871648,144.25351499004032
897.2420000645809,142.82356656739356
898.045222641997,141.33594496503818
898.8484452194132,142.31701953356105
899.6516677968293,141.30494457624874
900.4548903742455,141.287614483295
901.2581129516616,138.69481122377368
902.0613355290776,141.24919871786562
902.8645581064937,141.2280747324285
903.6677806839099,143.26380373640114
904.471003261326,141.1818987737055
905.2742258387422,138.46802351998835
906.0774484161583,141.1303577879792
906.8806709935744,142.35857723504262
907.6838935709906,141.07329852340354
908.4871161484067,141.04265164534527
909.2903387258228,140.13977573675365
910.093561303239,136.51097787286363
910.896783880655,140.94201215031973
911.7000064580711,142.37454976003522
912.5032290354873,140.86747853811943
913.3064516129034,140.82792207792204
