110.88709677419354,148.81660336806232
111.69031935160966,149.12124316384399
112.4935419290258,151.86632806571114
113.29676450644192,150.4575404919196
114.09998708385804,156.23165625029733
114.90320966127416,150.45922616114626
115.7064322386903,151.76299403112858
116.50965481610642,157.89376888086787
117.31287739352254,154.41530542627592
118.11609997093868,155.08287219475704
118.9193225483548,156.70334126454213
119.72254512577092,155.473553789727
120.52576770318706,155.0424577283112
121.32899028060318,154.241129647605
122.1322128580193,153.53227742511336
122.93543543543542,153.18195953124484
123.73865801285156,157.6900841207833
124.54188059026768,155.53986721582913
125.3451031676838,153.4415113543483
126.14832574509992,156.5330542731679
126.95154832251606,156.6774862535101
127.75477089993218,157.17781654058987
128.5579934773483,155.11016991456137
129.36121605476444,156.14492319949719
130.16443863218058,160.8039996849954
130.96766120959668,157.8242081581861
131.77088378701282,159.2714246598154
132.57410636442893,161.36276015150082
133.37732894184506,159.8215709230603
134.1805515192612,161.98219315393402
134.9837740966773,162.1310899893634
135.78699667409344,162.01891605688638
136.59021925150958,158.05670418060933
137.3934418289257,158.29828977603245
138.19666440634182,159.81213520360063
138.99988698375796,160.02329116438912
139.80310956117407,162.67222998579385
140.6063321385902,162.50534299003843
141.4095547160063,162.30350487800874
142.21277729342245,164.55012902389362
143.01599987083858,163.6081523461803
143.81922244825472,165.2922370060982
144.62244502567083,164.18956024883417
145.42566760308696,163.9904841940445
146.22889018050307,165.19053554154826
147.0321127579192,163.37097601408246
147.83533533533534,167.97995831283353
148.63855791275145,167.48552963761028
149.4417804901676,167.72419624633974
150.2450030675837,163.77257743284
151.04822564499983,164.1050914679979
151.85144822241597,165.1636171605902
152.6546707998321,163.00677253046857
153.4578933772482,165.0851817352223
154.26111595466435,164.80448513484092
155.06433853208046,167.94651420750563
155.8675611094966,165.69054218747584
156.67078368691273,166.8298688565033
157.47400626432886,169.3928081935459
158.27722884174497,164.66331342196517
159.0804514191611,166.44227243631744
159.88367399657722,169.2160803663605
160.68689657399335,171.45556471815794
161.4901191514095,168.866713700984
162.2933417288256,167.98211432191633
163.09656430624173,163.40165102720925
163.89978688365784,164.97730838355054
164.70300946107398,167.09040779103037
165.5062320384901,163.20214836089698
166.30945461590625,168.55161359038934
167.11267719332236,167.60030346689416
167.9158997707385,167.75669303178447
168.7191223481546,172.86007914770607
169.52234492557074,166.43398661920915
170.32556750298687,166.54439843103597
171.12879008040298,169.7582562451651
171.93201265781912,169.02078663035772
172.73523523523525,168.3760526540871
173.53845781265136,168.47008241440403
174.3416803900675,170.04829093449862
175.14490296748363,167.66187314888336
175.94812554489974,168.5311723243206
176.75134812231587,167.74805761543865
177.55457069973198,166.35859272384857
178.35779327714812,169.2079380477152
179.16101585456425,167.23320815817584
179.9642384319804,169.6280926844821
180.7674610093965,168.6270394119078
181.5706835868126,169.6753455583325
182.37390616422874,167.5226204854176
183.17712874164488,170.99616325179764
183.98035131906101,167.07025367075025
184.78357389647715,171.33521965793483
185.58679647389326,172.14066604954164
186.39001905130937,169.4277296543838
187.1932416287255,168.27824416250192
187.99646420614164,170.36882561932296
188.79968678355777,171.02167730515947
189.60290936097388,169.1003729496728
190.40613193839002,169.73815672844333
191.20935451580613,168.06907023752362
192.01257709322226,174.34303081183978
192.8157996706384,166.58917226405467
193.61902224805453,172.37162363566623
194.42224482547064,169.14203592386556
195.22546740288675,170.06021761991954
196.0286899803029,171.20175607545065
196.83191255771902,170.27037791579022
197.63513513513516,167.0803177446661
198.4383577125513,170.34221742485062
199.2415802899674,170.37626913007952
200.0448028673835,167.55570054122845
200.84802544479965,172.92302796632256
201.65124802221578,169.57219671783844
202.45447059963192,167.58983727085473
203.25769317704803,166.63834733353877
204.06091575446416,168.9213242231947
204.86413833188027,173.59799067816869
205.6673609092964,171.59279711130753
206.47058348671254,170.2345342099025
207.27380606412868,170.69187602430355
208.07702864154479,172.26188973478486
208.8802512189609,166.02493445255925
209.68347379637703,169.57414827697818
210.48669637379317,171.0583182398029
211.2899189512093,171.5156114804496
212.0931415286254,170.78744532878284
212.89636410604155,172.16924518771117
213.69958668345765,166.9244361785447
214.5028092608738,171.57485084445182
215.30603183828993,171.8274146533057
216.10925441570606,172.4661203818027
216.91247699312217,170.897759682681
217.71569957053828,170.84883064149355
218.5189221479544,169.58495568437223
219.32214472537055,174.28382192215741
220.12536730278669,169.10414901062248
220.92858988020282,167.80684152215457
221.73181245761893,171.6125065071537
222.53503503503504,171.27175247823706
223.33825761245117,172.9595396944781
224.1414801898673,169.26110627195783
224.94470276728345,168.59475001928666
225.74792534469955,172.88779376851235
226.5511479221157,172.33721784765638
227.3543704995318,173.05792989262932
228.15759307694793,170.4880398917548
228.96081565436407,171.39150777988456
229.7640382317802,171.45117421165213
230.5672608091963,170.87310155458061
231.37048338661242,169.9804714077584
232.17370596402856,175.2005747565188
232.9769285414447,171.851690078804
233.78015111886083,173.22595646095346
234.58337369627696,170.10625654268193
235.38659627369307,171.27223692067827
236.18981885110918,168.19895952481411
236.99304142852532,169.9237642344898
237.79626400594145,173.35973016051014
238.5994865833576,169.73383539985878
239.4027091607737,171.91352381211107
240.20593173818983,172.548989919228
241.00915431560594,172.8116593355876
241.81237689302208,172.78200515239564
242.6155994704382,170.9939710016582
243.41882204785432,171.54580495946425
244.22204462527046,171.57155865534452
245.0252672026866,171.4484305427538
245.8284897801027,173.21075786022462
246.63171235751884,174.37255426013422
247.43493493493497,173.07585104646654
248.23815751235108,168.04954381984214
249.04138008976722,171.46278993032934
249.84460266718335,172.32003153800554
250.64782524459946,170.07900337566548
251.4510478220156,169.763195672545
252.2542703994317,169.3217977346452
253.05749297684784,170.35886041915603
253.86071555426398,171.88798476307977
254.66393813168008,173.47609477509457
255.46716070909622,171.93991972282618
256.27038328651236,168.83207779712498
257.0736058639285,175.03944189993558
257.8768284413446,173.40609763020854
258.68005101876076,172.78660862542984
259.48327359617684,167.8207027753513
260.286496173593,170.03930706721442
261.0897187510091,176.33834296796093
261.8929413284252,173.60339783712325
262.69616390584133,170.7095523113964
263.49938648325747,168.9470587839366
264.3026090606736,174.46606856487642
265.10583163808974,172.5438468138204
265.9090542155059,172.2111369910502
266.712276792922,173.0533458666488
267.51549937033815,174.7702726750881
268.3187219477542,173.3729882658237
269.12194452517036,172.7886788534526
269.9251671025865,169.35785093626473
270.7283896800026,174.28370326959777
271.5316122574187,172.0265297501198
272.33483483483485,173.18976982533593
273.138057412251,171.85792921780035
273.9412799896671,170.41980852054144
274.74450256708326,173.40480561518348
275.5477251444994,170.48244514852092
276.35094772191553,169.60051391475852
277.1541702993316,171.91826658958672
277.95739287674775,172.7046886759172
278.7606154541639,177.23850465116303
279.56383803157996,172.5388149249531
280.3670606089961,169.93568144138925
281.17028318641223,171.879492111634
281.97350576382837,171.5475104554793
282.7767283412445,170.57064897368844
283.57995091866064,174.03178504872915
284.3831734960768,172.48902623408398
285.1863960734929,176.18598974197337
285.98961865090905,173.13294183109755
286.79284122832513,175.97248354421552
287.59606380574127,173.71954694051703
288.39928638315735,172.46283356547724
289.2025089605735,176.4108360135555
290.0057315379896,172.44230976331409
290.80895411540575,171.07365156544506
291.6121766928219,168.9728107489757
292.415399270238,172.39999982442217
293.21862184765416,175.34933248459873
294.0218444250703,172.36375576545433
294.82506700248643,172.1082777082515
295.6282895799025,173.7233958458283
296.43151215731865,173.4611117989357
297.2347347347348,173.58332006079883
298.03795731215087,172.74791443994232
298.841179889567,170.43322161906286
299.64440246698314,172.44448506533828
300.4476250443993,172.18612699813633
301.2508476218154,172.76782072913514
302.05407019923155,174.15326859064245
302.8572927766477,172.08690171075685
303.6605153540638,171.03632956833067
304.4637379314799,166.97725174391132
305.26696050889603,173.13487429766877
306.07018308631217,175.29534856352777
306.87340566372825,171.6498480388144
307.6766282411444,172.91268265554126
308.4798508185605,169.10027038283243
309.28307339597666,168.7535366088388
310.0862959733928,173.17906107021486
310.88951855080893,174.8524044418346
311.69274112822507,167.7650964500956
312.4959637056412,168.24256888308395
313.2991862830573,171.73632538007206
314.1024088604734,168.64048254829984
314.90563143788955,169.65279089831196
315.70885401530563,173.2578026899468
316.51207659272177,175.83031020266063
317.3152991701379,170.96080900724775
318.11852174755404,170.878288857069
318.9217443249702,169.78587170277703
319.7249669023863,167.43676903767584
320.52818947980245,172.14591013248997
321.3314120572186,166.16170399295157
322.1346346346347,169.3678459925128
322.9378572120508,167.8079136661247
323.74107978946694,170.22641837652753
324.544302366883,170.12232507701145
325.34752494429915,168.18956201943396
326.1507475217153,169.90560781830726
326.9539700991314,169.0087987490188
327.75719267654756,168.3717030387713
328.5604152539637,171.3171985672384
329.36363783137983,166.99999163906705
330.16686040879597,169.31263405302664
330.9700829862121,166.87827026880228
331.7733055636282,169.05439475464428
332.5765281410443,171.77799427555254
333.37975071846046,166.83444049251838
334.18297329587654,168.56570720023163
334.9861958732927,171.39780874684564
335.7894184507088,171.0120698424398
336.59264102812494,168.55251186527488
337.3958636055411,170.99356372651457
338.1990861829572,169.5261627097728
339.00230876037335,167.39187373359835
339.8055313377895,170.12400885559293
340.60875391520557,169.53752231078124
341.4119764926217,166.9569023151348
342.21519907003784,170.9116785700527
343.0184216474539,167.66872836780013
343.82164422487006,164.12495622938647
344.6248668022862,166.38412305252479
345.4280893797023,165.6829434179819
346.23131195711846,169.53112785723715
347.0345345345346,162.14370323246743
347.83775711195074,165.2714033710305
348.6409796893669,165.43245486582438
349.44420226678295,165.81958802904597
350.2474248441991,166.07414436873856
351.0506474216152,162.7902781779253
351.8538699990313,169.1604688202409
352.65709257644744,168.1799676813028
353.4603151538636,167.14048755650606
354.2635377312797,167.18859259376305
355.06676030869585,160.13133139702143
355.869982886112,161.88948938551587
356.6732054635281,165.15324423753898
357.47642804094426,166.13420086547737
358.2796506183604,161.04170162658406
359.0828731957765,162.38877517884117
359.8860957731926,165.30996329124335
360.6893183506087,160.04503674288287
361.4925409280248,162.87722350008977
362.29576350544096,164.78681299343933
363.0989860828571,166.67118925672972
363.90220866027323,162.51020054645304
364.70543123768937,161.22777547036736
365.5086538151055,163.23998192619115
366.31187639252164,162.28465227785648
367.1150989699377,163.4100577703225
367.91832154735386,163.81600206565918
368.72154412477,163.28616710877097
369.5247667021861,162.26690365034514
370.32798927960226,164.05481704090465
371.13121185701834,164.55601388905316
371.9344344344345,159.9591163965021
372.7376570118506,161.1367778499275
373.54087958926675,159.05097529236284
374.3441021666829,162.0158564597827
375.147324744099,156.33231906008928
375.9505473215151,156.99790250063882
376.75376989893124,157.52421309703527
377.5569924763474,161.4802663200185
378.3602150537635,155.94812105939664
379.16343763117965,157.62994780857557
379.9666602085957,163.85088630746992
380.76988278601186,160.5528738126952
381.573105363428,159.1704158895188
382.37632794084413,160.09167869355622
383.17955051826027,159.07848494371044
383.9827730956764,160.32878043467062
384.7859956730925,155.15741095233167
385.5892182505086,158.0274995818092
386.39244082792476,157.85929815519464
387.1956634053409,155.84616963159033
387.99888598275703,157.7463913024601
388.80210856017317,159.43096751184657
389.60533113758925,154.79851606657883
390.4085537150054,158.70940686221613
391.2117762924215,155.1255646308136
392.01499886983765,152.99027318862406
392.8182214472538,159.2748751682817
393.62144402466987,154.13904149475033
394.424666602086,157.2572491270049
395.22788917950214,157.60201173060562
396.0311117569183,153.40202538686177
396.8343343343344,153.22247983504582
397.63755691175055,151.68492875248123
398.44077948916663,155.8028780564101
399.24400206658277,155.06565991979977
400.0472246439989,154.66082602172224
400.85044722141504,154.6982546794327
401.6536697988312,149.67206585203016
402.45689237624725,158.00789892127582
403.2601149536634,155.38463012351147
404.0633375310795,155.62402660317815
404.86656010849566,155.45646902618626
405.6697826859118,153.0401978973692
406.47300526332793,157.79622560398997
407.276227840744,152.1590779055381
408.07945041816015,152.9767257823092
408.8826729955763,155.1707441594328
409.6858955729924,150.19468280112574
410.48911815040856,156.33791132967485
411.2923407278247,152.1704793363493
412.0955633052408,151.9235057390464
412.8987858826569,151.75664381278975
413.70200846007305,151.54690691328278
414.5052310374892,149.72404534043474
415.3084536149053,152.73216729764738
416.1116761923214,153.74752920868087
416.91489876973753,150.19926451496312
417.71812134715367,149.82385278097092
418.5213439245698,149.41339044030312
419.32456650198594,150.8521047467408
420.1277890794021,152.42365622676823
420.93101165681816,148.8238282084544
421.7342342342343,148.9061341298494
422.53745681165043,149.12297002307494
423.34067938906657,150.91561612008093
424.1439019664827,151.10776655879116
424.94712454389884,148.62549590770934
425.7503471213149,146.55229703628262
426.55356969873105,147.67976005491974
427.3567922761472,146.6184829974697
428.1600148535633,146.84570754606978
428.96323743097946,149.61450665816596
429.76646000839554,147.00416714095215
430.5696825858117,143.86332081545012
431.3729051632278,146.51979308670244
432.17612774064395,146.1499864196416
432.9793503180601,143.7148303587243
433.7825728954762,147.32884443933696
434.5857954728923,145.26677428876235
435.38901805030844,148.89818515676663
436.1922406277246,144.76834506922847
436.9954632051407,141.96035190596714
437.79868578255684,143.77575799427262
438.6019083599729,146.6248908392179
439.40513093738906,147.61375390071447
440.2083535148052,145.24137084706544
441.01157609222133,142.8034459775932
441.81479866963747,139.93232480571496
442.6180212470536,146.08107145842706
443.4212438244697,142.5477266800112
444.2244664018858,138.9740737911646
445.02768897930196,142.4293123197034
445.8309115567181,142.00466314235595
446.63413413413423,143.89637364434682
447.43735671155036,139.30749472603654
448.24057928896644,138.4947898130393
449.0438018663826,139.08660769372287
449.8470244437987,140.96394895097316
450.65024702121485,142.835079875969
451.453469598631,142.1491631943636
452.25669217604707,138.62811414422234
453.0599147534632,138.76211345204933
453.86313733087934,141.33935954404188
454.6663599082955,137.7722077825733
455.4695824857116,136.90320562543087
456.27280506312775,136.92445161693527
457.0760276405438,139.74205806406238
457.87925021795996,139.25138002018303
458.6824727953761,139.9976344409283
459.48569537279224,141.29233838467442
460.2889179502084,135.46340554251057
461.0921405276245,139.48283530341595
461.8953631050406,139.3900158306167
462.6985856824567,138.08775237207698
463.50180825987286,136.14382923013875
464.305030837289,137.86570729919728
465.10825341470513,133.60625662756502
465.9114759921212,140.38452544226033
466.71469856953735,133.93908665250314
467.5179211469535,132.7401264649783
468.3211437243696,135.38361312348482
469.12436630178576,136.76443776493986
469.9275888792019,134.2762888619958
470.73081145661797,133.72678056312407
471.5340340340341,133.76438990296683
472.33725661145024,131.23958232976096
473.1404791888664,130.65586237096835
473.9437017662825,136.1146943210467
474.7469243436986,135.18182476018077
475.55014692111473,131.8715620164074
476.35336949853087,131.47900299711696
477.156592075947,132.00339650719366
477.95981465336314,131.7449493506215
478.7630372307793,131.83187022212007
479.56625980819535,128.40415980075502
480.3694823856115,129.35695416006493
481.1727049630276,129.7710543345625
481.97592754044376,130.38312431339963
482.7791501178599,128.26415805229536
483.58237269527604,129.03726559862793
484.3855952726921,128.64413485489018
485.18881785010825,131.67710784746308
485.9920404275244,127.76498517792618
486.7952630049405,127.85251018067727
487.59848558235666,127.72676706359329
488.40170815977274,129.18890803426004
489.2049307371889,127.82616338618428
490.008153314605,128.06307302927206
490.81137589202115,127.82399581908065
491.6145984694373,128.66053142004998
492.4178210468534,123.2162577902861
493.2210436242695,128.25352651063176
494.02426620168563,128.26974312676833
494.82748877910177,125.1176875356758
495.6307113565179,124.27687173256228
496.43393393393404,128.89201212482072
497.2371565113502,123.5087977438712
498.04037908876626,126.17136077858501
498.8436016661824,126.57765437294405
499.64682424359853,127.5544697849759
500.45004682101467,129.91123599896568
501.2532693984308,122.79545229511339
502.0564919758469,128.32457119852953
502.859714553263,124.53379872014845
503.66293713067915,126.10985433456055
504.4661597080953,121.18229456785095
505.2693822855114,121.01212409506115
506.07260486292756,123.48038233433157
506.87582744034364,125.97285050629802
507.6790500177598,124.02523504803519
508.4822725951759,124.08189398486901
509.28549517259205,119.02731971900641
510.0887177500082,124.42961707035492
510.89194032742427,124.96606660719793
511.6951629048404,121.05621593738174
512.4983854822565,119.9822607067666
513.3016080596726,119.17258557411999
514.1048306370888,121.79653021182918
514.9080532145049,121.99154832772835
515.711275791921,118.63671945679029
516.5144983693372,120.82320040730087
517.3177209467533,122.42270969178186
518.1209435241694,116.73067345251818
518.9241661015856,116.01572161864314
519.7273886790017,118.96202140428896
520.5306112564178,118.02032391799585
521.333833833834,118.70351970201969
522.1370564112501,119.81070342083636
522.9402789886663,118.86089317017563
523.7435015660824,117.21995132648492
524.5467241434984,119.33357803465826
525.3499467209145,118.19320216395445
526.1531692983307,117.67339816151946
526.9563918757468,118.01918935113993
527.759614453163,119.55875617579392
528.5628370305791,119.84364243390134
529.3660596079951,117.9214906065166
530.1692821854112,117.5917875169578
530.9725047628274,116.38026210590961
531.7757273402435,117.15395122964628
532.5789499176597,116.27627225383435
533.3821724950758,117.76892394271789
534.1853950724919,114.36135292086837
534.9886176499081,116.85690808464159
535.7918402273242,115.10145962315636
536.5950628047403,116.57675411600961
537.3982853821565,117.85590095285191
538.2015079595726,118.47994375864334
539.0047305369887,116.07368451290677
539.8079531144049,112.5834134
540.611175691821,120.08236155496562
541.4143982692372,115.88736868978182
542.2176208466533,119.38733228400626
543.0208434240693,119.12707808822496
543.8240660014854,115.31860997076238
544.6272885789016,113.8954222764689
545.4305111563177,119.15740090582479
546.2337337337339,113.40629175246532
547.0369563111499,115.04229482696215
547.840178888566,114.06701346257508
548.6434014659822,114.85324160239888
549.4466240433983,114.76352187766528
550.2498466208144,114.41069864022342
551.0530691982306,114.76103155633561
551.8562917756467,115.95507742001632
552.6595143530628,113.71991991947029
553.462736930479,115.88863489793036
554.2659595078951,114.29127591269655
555.0691820853112,115.1576189604646
555.8724046627274,116.10984734431601
556.6756272401435,114.96197836327075
557.4788498175596,115.25525354937436
558.2820723949758,113.98212375120345
559.0852949723919,114.89184672291248
559.8885175498081,115.55557331787378
560.6917401272241,115.37150437206994
561.4949627046402,111.7298018513964
562.2981852820564,117.26956287554869
563.1014078594725,109.95301100893879
563.9046304368886,113.13429061710575
564.7078530143048,111.24511835079188
565.5110755917208,110.77961415449201
566.3142981691369,113.9059294327313
567.117520746553,111.2862608137396
567.9207433239692,115.59993334073931
568.7239659013853,112.04183484690301
569.5271884788015,115.49876598924334
570.3304110562176,113.44626911336158
571.1336336336337,117.91229686750128
571.9368562110499,112.28685390211754
572.740078788466,116.95543442660784
573.5433013658821,111.25915737503718
574.3465239432983,114.60630710495667
575.1497465207144,113.84289785697223
575.9529690981306,114.33199159094781
576.7561916755467,112.74233354190383
577.5594142529628,112.36156922602594
578.362636830379,113.4996514821726
579.165859407795,114.3628236935209
579.9690819852111,113.5320148537485
580.7723045626273,115.61919602004531
581.5755271400434,113.57413972472604
582.3787497174595,113.84880995961869
583.1819722948755,114.78562157974227
583.9851948722917,117.03507885236475
584.7884174497078,113.82997679870422
585.591640027124,113.72113842685192
586.3948626045401,113.7575289947159
587.1980851819562,112.67950260301448
588.0013077593724,115.27914315166143
588.8045303367885,115.68372150146163
589.6077529142046,117.97637853655193
590.4109754916208,116.55978779522637
591.2141980690369,115.02973949672955
592.017420646453,118.3411167111207
592.8206432238692,117.6687973495927
593.6238658012853,117.16343380571801
594.4270883787015,110.19447870515832
595.2303109561176,116.48455256776357
596.0335335335337,114.65140641730258
596.8367561109498,111.96281698883462
597.6399786883659,113.67317645236807
598.443201265782,112.26113868318714
599.2464238431982,110.47474669061755
600.0496464206143,116.20432737480007
600.8528689980304,114.51625396132138
601.6560915754465,110.71566361214437
602.4593141528626,113.87176250045921
603.2625367302787,114.26378636715683
604.0657593076949,111.41836448415688
604.868981885111,114.35890465887869
605.6722044625271,115.24604759604803
606.4754270399433,115.92258105497997
607.2786496173594,116.11775475635088
608.0818721947755,114.86356810910341
608.8850947721917,115.23342298138144
609.6883173496078,116.42155397997287
610.491539927024,115.77383681549291
611.2947625044401,115.86673047485597
612.0979850818562,117.73525619524261
612.9012076592724,111.5531757074524
613.7044302366885,115.1475900820412
614.5076528141046,116.84128715158916
615.3108753915207,116.11861259818589
616.1140979689368,117.12255793146576
616.9173205463529,117.09256756980535
617.7205431237691,116.62052409075258
618.5237657011852,118.47537049862368
619.3269882786012,118.17346506359728
620.1302108560174,115.99199077684646
620.9334334334335,116.47032460830475
621.7366560108496,121.603196418402
622.5398785882658,117.29224981868555
623.3431011656819,115.55326137011988
624.146323743098,118.48151965049084
624.9495463205142,117.34063645527864
625.7527688979303,117.73531109276155
626.5559914753464,114.32371748867858
627.3592140527626,119.45986658814628
628.1624366301787,118.07575441751261
628.9656592075949,118.97603737499325
629.768881785011,118.30612989340668
630.5721043624271,117.70557789621492
631.3753269398431,120.82006555184022
632.1785495172593,119.37505142051272
632.9817720946754,118.77395321120373
633.7849946720916,116.12089641000243
634.5882172495077,119.01090351686895
635.3914398269238,116.2546675599199
636.19466240434,120.57767297631078
636.9978849817561,120.15231618665818
637.8011075591722,119.48963758113851
638.6043301365884,117.2056235841285
639.4075527140045,121.69889487203885
640.2107752914205,120.60978798101006
641.0139978688367,119.64000086621488
641.8172204462528,118.97301528613212
642.6204430236689,117.7300266284632
643.4236656010851,122.51438148510564
644.2268881785012,122.33061193619322
645.0301107559173,122.30191408585696
645.8333333333335,120.79888577538436
646.6365559107496,118.331111382574
647.4397784881658,123.65282505807107
648.2430010655819,124.35629988665454
649.0462236429979,123.5545743932742
649.849446220414,120.20469961965004
650.6526687978302,120.97707983825181
651.4558913752463,121.45962749663288
652.2591139526625,116.70506513656132
653.0623365300786,120.50218421138936
653.8655591074947,118.1226477039078
654.6687816849109,122.89065221439671
655.472004262327,119.46104760297757
656.2752268397431,122.1425270897557
657.0784494171593,119.671842212639
657.8816719945753,124.71903855613608
658.6848945719914,123.66631138766176
659.4881171494076,122.00614664988471
660.2913397268237,118.91813335782895
661.0945623042398,121.28090268866985
661.897784881656,123.25021758954955
662.7010074590721,123.6600700898267
663.5042300364883,123.24701317431315
664.3074526139044,121.31772529744995
665.1106751913205,120.10311148658019
665.9138977687367,123.28683622239474
666.7171203461528,126.692687612734
667.5203429235688,124.42915179281448
668.323565500985,123.44859628925721
669.1267880784011,125.042316591134
669.9300106558172,125.64115365370131
670.7332332332334,124.74625153912288
671.5364558106495,124.4554183049606
672.3396783880656,124.14739671139364
673.1429009654818,124.30927581842923
673.9461235428979,125.33023907961551
674.749346120314,122.77977573779187
675.5525686977302,127.02854166912205
676.3557912751462,128.09942223178112
677.1590138525623,124.30283591512122
677.9622364299785,123.57403592197788
678.7654590073946,126.60287380776707
679.5686815848107,126.39400244853795
680.3719041622269,124.87115240755656
681.175126739643,125.93635607389251
681.9783493170592,122.9489692604576
682.7815718944753,124.99360108521539
683.5847944718914,125.67922689221055
684.3880170493076,125.73988304945416
685.1912396267236,126.09549024988836
685.9944622041397,124.36231720027206
686.7976847815559,127.78377624211558
687.600907358972,131.47932415208885
688.4041299363881,126.86180016571198
689.2073525138043,124.24119467040398
690.0105750912204,127.09234681275068
690.8137976686365,129.4119193925007
691.6170202460527,130.74656234399004
692.4202428234688,133.01054460958915
693.223465400885,131.68633188165106
694.026687978301,127.9131254764295
694.8299105557171,131.55399242893165
695.6331331331332,126.62945032138025
696.4363557105494,130.2984996843842
697.2395782879655,130.14560309568864
698.0428008653817,128.30481167448602
698.8460234427978,128.17019549740655
699.6492460202139,129.6383642272859
700.4524685976301,132.62718758710463
701.2556911750462,130.30290696328092
702.0589137524623,134.61160562846285
702.8621363298785,134.50648977028513
703.6653589072945,134.73733319351453
704.4685814847106,131.25178879205325
705.2718040621268,130.6282582901218
706.0750266395429,132.812022021757
706.878249216959,132.60009324977582
707.6814717943752,130.24404538404667
708.4846943717913,129.42752597606824
709.2879169492074,128.78346919092763
710.0911395266236,133.429895238429
710.8943621040397,133.13522617310812
711.6975846814559,135.63918823770507
712.5008072588719,135.66985941581083
713.304029836288,133.15056899317582
714.1072524137041,137.71532965090205
714.9104749911203,132.38291076703007
715.7136975685364,130.32010149341616
716.5169201459526,135.29244100677795
717.3201427233687,138.61338404207865
718.1233653007848,135.91846043349864
718.926587878201,137.9377042319683
719.7298104556171,136.23766636916048
720.5330330330332,134.74902283039546
721.3362556104493,136.37908837457246
722.1394781878654,136.5532478572174
722.9427007652815,137.2988235567619
723.7459233426977,135.47734582593918
724.5491459201138,136.57716157432802
725.3523684975299,137.22689759516595
726.1555910749461,134.497636666473
726.9588136523622,133.6185931871872
727.7620362297783,139.11562049807145
728.5652588071945,137.90697275712253
729.3684813846106,135.83756221862723
730.1717039620266,137.56920364095282
730.9749265394428,136.91984821276844
731.7781491168589,136.90905811432728
732.581371694275,135.28302899559608
733.3845942716912,137.66619295604158
734.1878168491073,136.38793928113697
734.9910394265235,137.4675064634996
735.7942620039396,135.1797182334364
736.5974845813557,135.58745300023153
737.4007071587719,141.0996106466111
738.203929736188,139.4579075361337
739.0071523136041,143.18798053956954
739.8103748910202,140.05181335184105
740.6135974684363,138.64707210739115
741.4168200458524,139.610118396885
742.2200426232686,140.34017164175617
743.0232652006847,141.90611793017854
743.8264877781008,138.499790105086
744.629710355517,140.00801631452592
745.4329329329331,143.4364197421056
746.2361555103492,139.06616270496983
747.0393780877654,142.2253603728525
747.8426006651815,140.4945293989945
748.6458232425975,139.58557607935472
749.4490458200137,143.04697077900133
750.2522683974298,140.38951295543328
751.055490974846,138.73657427581682
751.8587135522621,136.83206511791303
752.6619361296782,143.03176594399346
753.4651587070944,139.9426533331997
754.2683812845105,139.93603371663696
755.0716038619266,142.12672746483162
755.8748264393428,143.71556104817657
756.6780490167589,139.204103727707
757.4812715941749,140.68124972801502
758.2844941715911,141.20472742299404
759.0877167490072,139.1853027470326
759.8909393264233,140.95527793253655
760.6941619038395,141.05598724181985
761.4973844812556,141.00935153543747
762.3006070586717,140.96352948595612
763.1038296360879,141.39623485378434
763.907052213504,139.61526235118447
764.7102747909202,143.18086257759046
765.5134973683363,139.83841179625458
766.3167199457523,140.9944386295216
767.1199425231684,139.07035525304673
767.9231651005846,142.18213153807534
768.7263876780007,140.4084377256358
769.5296102554169,140.46112612856723
770.332832832833,137.7539808838954
771.1360554102491,140.53259894910653
771.9392779876653,138.01841189618315
772.7425005650814,140.1480974851694
773.5457231424975,143.40467482388533
774.3489457199137,137.66270723526821
775.1521682973298,138.81838527489026
775.9553908747458,144.2911359333159
776.758613452162,140.74767880150642
777.5618360295781,139.6142110352912
778.3650586069942,141.50607340562075
779.1682811844104,138.3959310799316
779.9715037618265,142.65439500345005
780.7747263392426,142.12163183361105
781.5779489166588,135.84411996443893
782.3811714940749,141.47291409620283
783.184394071491,141.36475861935332
783.9876166489072,143.50673981375803
784.7908392263232,135.592232108975
785.5940618037394,137.47346780709094
786.3972843811555,144.33080260294824
787.2005069585716,140.49929613792997
788.0037295359878,138.14465174094377
788.8069521134039,139.4562913091755
789.61017469082,142.54213394684885
790.4133972682362,141.20191881758794
791.2166198456523,143.1623404794322
792.0198424230684,140.21632671162752
792.8230650004846,140.47947677131862
793.6262875779006,140.17067871114665
794.4295101553167,139.53227018659416
795.2327327327329,139.50659847901886
796.035955310149,140.6598644382964
796.8391778875651,141.80608220718895
797.6424004649813,141.24045583327543
798.4456230423974,138.1264984419514
799.2488456198136,138.53085192801777
800.0520681972297,140.17519992204964
800.8552907746458,139.61494738517644
801.658513352062,136.66574976605781
802.461735929478,140.00619303197544
803.2649585068941,139.99817135053033
804.0681810843103,142.34580096093242
804.8714036617264,141.98736159458153
805.6746262391425,139.55030951420187
806.4778488165587,142.0678433438019
807.2810713939748,142.77338704978766
808.0842939713909,140.54136188603303
808.8875165488071,138.22399939386324
809.6907391262232,138.92094763174316
810.4939617036393,144.22449203527555
811.2971842810555,136.98948262443733
812.1004068584715,137.10556931249735
812.9036294358876,139.98008428602725
813.7068520133038,140.96486331866282
814.5100745907199,139.98975989315866
815.313297168136,141.68917440018427
816.1165197455522,144.42962952065687
816.9197423229683,140.95517236360803
817.7229649003845,141.80225370282028
818.5261874778006,140.02768838172202
819.3294100552167,139.8610008969101
820.1326326326329,137.67559888987424
820.9358552100489,140.0591005669908
821.739077787465,140.0708988718843
822.5423003648812,138.27418884520725
823.3455229422973,138.5573777728596
824.1487455197134,138.25419068303663
824.9519680971296,140.87022757005352
825.7551906745457,140.50178179410253
826.5584132519618,142.36058524043787
827.361635829378,137.53392861617442
828.1648584067941,141.47774776319213
828.9680809842102,140.20321857276545
829.7713035616263,141.25529711260958
830.5745261390424,140.13832596350426
831.3777487164585,141.3445890576695
832.1809712938747,138.62094021678425
832.9841938712908,140.29370432221972
833.787416448707,142.71614355406308
834.5906390261231,142.04679453226947
835.3938616035392,140.13709571817665
836.1970841809554,141.86015092314608
837.0003067583715,139.8599260389055
837.8035293357876,138.60358537111284
838.6067519132037,137.87377181150003
839.4099744906198,142.76251606885754
840.2131970680359,141.997060302458
841.0164196454521,140.76382366232232
841.8196422228682,139.73290403309258
842.6228648002843,142.59567307059692
843.4260873777005,137.658367921067
844.2293099551166,143.58169379631985
845.0325325325327,141.52151484879263
845.8357551099489,140.43976237635152
846.638977687365,139.7632793767601
847.4422002647811,139.1352054479687
848.2454228421972,140.55219907715974
849.0486454196133,136.85595350975947
849.8518679970294,140.74513455396854
850.6550905744456,141.37052755862365
851.4583131518617,139.407738872084
852.2615357292779,140.81237220878774
853.064758306694,137.86000519915177
853.8679808841101,139.1126309770217
854.6712034615263,144.5853511350501
855.4744260389424,140.9855279613898
856.2776486163585,142.13106939445612
857.0808711937746,136.4493177548749
857.8840937711907,139.92555202770484
858.6873163486068,140.31912244015078
859.490538926023,138.92974887288486
860.2937615034391,142.09583958099313
861.0969840808552,136.81435509672482
861.9002066582714,141.37113317291391
862.7034292356875,139.30103104950325
863.5066518131036,142.37711755063052
864.3098743905198,142.23071204758884
865.1130969679359,139.4706954439317
865.9163195453519,141.16185357610743
866.7195421227681,141.17953510360365
867.5227647001842,144.53524218651177
868.3259872776003,140.53220058474628
869.1292098550165,141.22985764723853
869.9324324324326,140.00434397963863
870.7356550098488,137.14685885692978
871.5388775872649,139.71158207036007
872.342100164681,138.68880636459684
873.1453227420972,143.83034528515458
873.9485453195133,141.10092851809364
874.7517678969293,143.70628499574946
875.5549904743455,142.98867291986934
876.3582130517616,141.35184431195975
877.1614356291777,144.16586297264266
877.9646582065939,141.4080303424961
878.76788078401,140.91444813857726
879.5711033614261,141.3894504435268
880.3743259388423,138.59527955324833
881.1775485162584,140.88189982806853
881.9807710936745,141.62142394430222
882.7839936710907,141.77605595695178
883.5872162485068,142.4518443217399
884.3904388259228,141.950683868405
885.193661403339,139.64001749993022
885.9968839807551,141.42756121122193
886.8001065581713,141.98722848165727
887.6033291355874,141.6600244014214
888.4065517130035,143.0046230563636
889.2097742904197,143.28053709618013
890.0129968678358,142.29685005593288
890.8162194452519,139.8914278122241
891.6194420226681,141.5701552631706
892.4226646000842,142.89852317570228
893.2258871775002,141.4010470210767
894.0291097549164,141.5967418345553
894.8323323323325,138.53614554569526
895.6355549097486,138.76377095189196
896.4387774871648,136.5240849097878
897.2420000645809,138.7075386273876
898.045222641997,143.73630684054967
898.8484452194132,141.38602548688715
899.6516677968293,141.30494457624874
900.4548903742455,143.5863282932604
901.2581129516616,139.8964903455353
902.0613355290776,140.07221880783277
902.8645581064937,142.93495278354834
903.6677806839099,139.52641645916106
904.471003261326,143.00424775918216
905.2742258387422,141.15680848745816
906.0774484161583,145.4131544185601
906.8806709935744,143.08321155688236
907.6838935709906,140.33157514843782
908.4871161484067,142.6549824323756
909.2903387258228,143.00058787772855
910.093561303239,138.06895669030004
910.896783880655,142.4399564317958
911.7000064580711,138.94414895047856
912.5032290354873,140.73546450286642
913.3064516129034,142.38914631780742
