110.88709677419354,150.29761904761904
111.69031935160966,151.67776438943577
112.4935419290258,151.46466060748065
113.29676450644192,151.5176610025917
114.09998708385804,150.90648900131913
114.90320966127416,153.3901733912627
115.7064322386903,152.68705754740796
116.50965481610642,148.29184669292016
117.31287739352254,153.43907182631304
118.11609997093868,153.80692834777466
118.9193225483548,157.04046019160427
119.72254512577092,155.0826238886514
120.52576770318706,153.18481112323897
121.32899028060318,155.22498459268786
122.1322128580193,155.56636353918412
122.93543543543542,155.49951215528057
123.73865801285156,156.23364957820002
124.54188059026768,156.5596396089202
125.3451031676838,160.80559889934645
126.14832574509992,157.1965210382863
126.95154832251606,157.50749537513275
127.75477089993218,157.24027599165063
128.5579934773483,158.1147186386537
129.36121605476444,161.14073418847394
130.16443863218058,158.70258448261393
130.96766120959668,159.53276004909458
131.77088378701282,158.24866995848967
132.57410636442893,157.6989189564436
133.37732894184506,161.0996063351958
134.1805515192612,160.08973750969963
134.9837740966773,160.35335502515065
135.78699667409344,164.31880830910444
136.59021925150958,160.86710871888857
137.3934418289257,161.11732783537605
138.19666440634182,161.3631637570762
138.99988698375796,161.60465795308932
139.80310956117407,162.69629151605213
140.6063321385902,158.9259899049577
141.4095547160063,162.30350487800874
142.21277729342245,159.73342326600996
143.01599987083858,162.74845446635794
143.81922244825472,160.02561159227108
144.62244502567083,164.73122943174872
145.42566760308696,163.38528568849117
146.22889018050307,164.862902736205
147.0321127579192,163.78992820248936
147.83533533533534,164.94809924732917
148.63855791275145,164.1790284541508
149.4417804901676,163.73508609602862
150.2450030675837,164.55291819627757
151.04822564499983,164.73426279901614
151.85144822241597,166.51789290485044
152.6546707998321,165.08595881334492
153.4578933772482,166.3813126553
154.26111595466435,165.42327370014428
155.06433853208046,164.01873113788747
155.8675611094966,165.7465392122163
156.67078368691273,165.90300712548026
157.47400626432886,166.0560871023631
158.27722884174497,166.20582061196518
159.0804514191611,164.31205961415796
159.88367399657722,167.1041564056037
160.68689657399335,165.59869628089083
161.4901191514095,165.6833640717845
162.2933417288256,169.76514142147414
163.09656430624173,167.03626812629597
163.89978688365784,167.1637374997399
164.70300946107398,167.28819215870516
165.5062320384901,169.88525721914488
166.30945461590625,167.5282232096006
167.11267719332236,167.64388253973135
167.9158997707385,167.75669303178447
168.7191223481546,167.63797514210202
169.52234492557074,171.9237561280551
170.32556750298687,164.28005405563587
171.12879008040298,168.1802760012256
171.93201265781912,167.68460746499053
172.73523523523525,169.54262651443096
173.53845781265136,168.47008241440403
174.3416803900675,168.56159508944535
175.14490296748363,168.65063214831144
175.94812554489974,168.73723506010242
176.75134812231587,172.7914781059208
177.55457069973198,173.59115554514875
178.35779327714812,168.98285360402795
179.16101585456425,169.06013461852146
179.9642384319804,169.13518883144127
180.7674610093965,170.08094752157223
181.5706835868126,169.27878272896072
182.37390616422874,170.23656586467806
183.17712874164488,169.41396704938845
183.98035131906101,167.50108478135746
184.78357389647715,169.5410735455265
185.58679647389326,166.7841983411542
186.39001905130937,166.98645173885558
187.1932416287255,168.48446739806963
187.99646420614164,172.43887641015587
188.79968678355777,165.9900710454246
189.60290936097388,169.87724361622364
190.40613193839002,169.92712309680886
191.20935451580613,168.5514464494201
192.01257709322226,170.02198482456933
192.8157996706384,170.06705000994512
193.61902224805453,173.8411465375234
194.42224482547064,170.15265636918915
195.22546740288675,170.19328048125794
196.0286899803029,170.23250717375817
196.83191255771902,170.27037791579022
197.63513513513516,170.30693417645426
198.4383577125513,168.3571171308658
199.2415802899674,170.37626913007952
200.0448028673835,172.23480852180185
200.84802544479965,171.741722719352
201.65124802221578,170.4714496777642
202.45447059963192,169.4699096438338
203.25769317704803,170.52950592722155
204.06091575446416,170.5570392245513
204.86413833188027,170.58363126241537
205.6673609092964,169.99984435704357
206.47058348671254,170.98294388606624
207.27380606412868,170.6581745102166
208.07702864154479,170.4237798371466
208.8802512189609,170.70392397826083
209.68347379637703,171.74607051964796
210.48669637379317,167.15530815644016
211.2899189512093,171.00030007159398
212.0931415286254,172.44008825102793
212.89636410604155,170.80690557250517
213.69958668345765,168.66105420892393
214.5028092608738,174.0243946054067
215.30603183828993,170.86254158389676
216.10925441570606,166.01392821377627
216.91247699312217,170.897759682681
217.71569957053828,170.91493136673085
218.5189221479544,170.93186676601948
219.32214472537055,170.03050744217208
220.12536730278669,170.96519458671435
220.92858988020282,170.9816699463211
221.73181245761893,170.99807489756768
222.53503503503504,168.80705988828217
223.33825761245117,171.03083945138152
224.1414801898673,171.84464579989813
224.94470276728345,171.06382000095803
225.74792534469955,171.08049494690795
226.5511479221157,173.7471658518095
227.3543704995318,170.58139065592084
228.15759307694793,171.13175609860735
228.96081565436407,171.14939348412457
229.7640382317802,171.16737515228434
230.5672608091963,171.1857425721868
231.37048338661242,171.20453721293234
232.17370596402856,171.2238005436211
232.9769285414447,171.2435740333534
233.78015111886083,171.26389915122957
234.58337369627696,167.7983831088633
235.38659627369307,174.90285546483028
236.18981885110918,171.32831077924044
236.99304142852532,168.401469472178
237.79626400594145,170.84234201953907
238.5994865833576,172.6879184642954
239.4027091607737,173.1439251008223
240.20593173818983,173.81506034524125
241.00915431560594,172.55482441664697
241.81237689302208,173.05386834358754
242.6155994704382,171.3636138768776
243.41882204785432,173.5916542582466
244.22204462527046,171.48705629275545
245.0252672026866,171.5058596591882
245.8284897801027,168.73026236028502
246.63171235751884,172.78876211079006
247.43493493493497,171.6763303534762
248.23815751235108,172.43755666057635
249.04138008976722,171.72934482017826
249.84460266718335,171.75590282515574
250.64782524459946,168.44023794420605
251.4510478220156,171.8089684029603
252.2542703994317,171.19799112759094
253.05749297684784,169.72728451955592
253.86071555426398,170.06433639401968
254.66393813168008,171.91404676770676
255.46716070909622,171.93991972282618
256.27038328651236,170.64760186120552
257.0736058639285,171.9909769042193
257.8768284413446,172.01610034033152
258.68005101876076,172.1731262803316
259.48327359617684,170.45548501921084
260.286496173593,172.0894852893623
261.0897187510091,172.11318383566817
261.8929413284252,167.9375151620162
262.69616390584133,172.1592539027391
263.49938648325747,170.49578335124858
264.3026090606736,172.20335196855066
265.10583163808974,172.2245855132824
265.9090542155059,175.71619102388428
266.712276792922,176.6360320366104
267.51549937033815,172.36771450345108
268.3187219477542,172.30337388583214
269.12194452517036,176.2509619316657
269.9251671025865,170.44039183979513
270.7283896800026,172.3551610062881
271.5316122574187,172.3708700043037
272.33483483483485,171.3274816933734
273.138057412251,173.98881665552906
273.9412799896671,172.41291134081075
274.74450256708326,172.42512858353084
275.5477251444994,172.43639689972525
276.35094772191553,172.44668589431333
277.1541702993316,172.45596517221426
277.95739287674775,172.46420433834737
278.7606154541639,176.39010492614682
279.56383803157996,172.47744075498724
280.3670606089961,172.48237721533258
281.17028318641223,172.4861519835872
281.97350576382837,169.20031048596906
282.7767283412445,174.1874053994008
283.57995091866064,171.89391040046118
284.3831734960768,172.48902623408398
285.1863960734929,172.53972253396014
285.98961865090905,172.4827029346893
286.79284122832513,171.98277117702912
287.59606380574127,169.29811895594705
288.39928638315735,172.93366800524282
289.2025089605735,172.18068498285402
290.0057315379896,172.44230976331409
290.80895411540575,172.4297734101838
291.6121766928219,172.41568022891335
292.415399270238,173.82162840371768
293.21862184765416,173.42270736696938
294.0218444250703,169.1843750430411
294.82506700248643,173.0866003984077
295.6282895799025,172.32079807263463
296.43151215731865,172.28147310511284
297.2347347347348,172.27088358531716
298.03795731215087,172.2432415560199
298.841179889567,172.21376914285617
299.64440246698314,170.0596608312968
300.4476250443993,172.14921158460595
301.2508476218154,175.31657108968085
302.05407019923155,172.0769677499206
302.8572927766477,172.037887491213
303.6605153540638,171.99679447815447
304.4637379314799,171.95365831566428
305.26696050889603,170.4074381914401
306.07018308631217,174.56132775381406
306.87340566372825,169.30724125466375
307.6766282411444,172.69466504721353
308.4798508185605,172.4614731198991
309.28307339597666,168.00846097768562
310.0862959733928,171.59194380736614
310.88951855080893,169.27973992831133
311.69274112822507,170.0963938330469
312.4959637056412,171.40323655426283
313.2991862830573,171.3356196726968
314.1024088604734,172.8878002416563
314.90563143788955,171.1931318432832
315.70885401530563,172.60649446689956
316.51207659272177,168.72072871810286
317.3152991701379,172.31322235051772
318.11852174755404,167.79178077383227
318.9217443249702,170.79317844600564
319.7249669023863,171.42997748725426
320.52818947980245,170.61506526090213
321.3314120572186,171.2696361929048
322.1346346346347,173.02213560083868
322.9378572120508,169.7128195088214
323.74107978946694,170.22641837652753
324.544302366883,170.12232507701145
325.34752494429915,170.01539835596495
326.1507475217153,169.90560781830726
326.9539700991314,172.55988768754807
327.75719267654756,169.67731371283566
328.5604152539637,169.55874935486025
329.36363783137983,169.4371995999508
330.16686040879597,167.86102404768047
330.9700829862121,169.04901707438015
331.7733055636282,168.94138069407157
332.5765281410443,168.92084354081183
333.37975071846046,168.49776530585353
334.18297329587654,170.2880910187107
334.9861958732927,167.46674555456823
335.7894184507088,168.35944000707943
336.59264102812494,168.2127952794985
337.3958636055411,168.06383534443947
338.1990861829572,167.91266136699304
339.00230876037335,166.92815068945148
339.8055313377895,167.60407594529988
340.60875391520557,168.27250231077963
341.4119764926217,167.53996999962735
342.21519907003784,167.127121622118
343.0184216474539,168.3481612905519
343.82164422487006,168.65113755044837
344.6248668022862,170.41872093111857
345.4280893797023,166.4691559024803
346.23131195711846,166.3014055811397
347.0345345345346,166.13255403340779
347.83775711195074,169.46194786278048
348.6409796893669,165.79195191913212
349.44420226678295,169.24461680309116
350.2474248441991,165.4481588803778
351.0506474216152,165.27531867704744
351.8538699990313,165.1019842378692
352.65709257644744,164.92825672793344
353.4603151538636,164.75423731233084
354.2635377312797,164.58002715615189
355.06676030869585,166.22026518268459
355.869982886112,163.9831691139238
356.6732054635281,162.59676154837243
357.47642804094426,163.88330242748395
358.2796506183604,161.92465557999648
359.0828731957765,163.53642591204652
359.8860957731926,163.47141042915823
360.6893183506087,163.1916190568394
361.4925409280248,163.0202345349707
362.29576350544096,162.84956359928137
363.0989860828571,162.67956585305106
363.90220866027323,159.06961789761434
364.70543123768937,166.5185533457544
365.5086538151055,166.83066903315824
366.31187639252164,162.00549176618284
367.1150989699377,161.83824871984453
367.91832154735386,160.23432119707007
368.72154412477,163.1735997902718
369.5247667021861,161.33892872450832
370.32798927960226,161.17315594119952
371.13121185701834,164.73207324873593
371.9344344344345,160.84236669832552
372.7376570118506,157.66462094100075
373.54087958926675,159.29321631941403
374.3441021666829,160.34746239597018
375.147324744099,160.18267251239902
375.9505473215151,160.0179038210567
376.75376989893124,159.85311557211634
377.5569924763474,159.68826701575094
378.3602150537635,159.52331740213373
379.16343763117965,159.35822598143778
379.9666602085957,159.1929520038362
380.76988278601186,161.26458021760214
381.573105363428,161.93473601870275
382.37632794084413,160.54470041668287
383.17955051826027,158.71534808096365
383.9827730956764,158.362417518303
384.7859956730925,158.19519245290303
385.5892182505086,158.0274995818092
386.39244082792476,157.85929815519464
387.1956634053409,159.55083726283902
387.99888598275703,157.52120663609574
388.80210856017317,155.328112613486
389.60533113758925,157.18059189699127
390.4085537150054,157.0092364453697
391.2117762924215,156.83712793926605
392.01499886983765,157.11812453448482
392.8182214472538,160.2916856723353
393.62144402466987,156.47535381590916
394.424666602086,156.14034837349288
395.22788917950214,155.9638633475755
396.0311117569183,155.78638076821477
396.8343343343344,157.35362071249563
397.63755691175055,155.42825994985537
398.44077948916663,155.2475402112031
399.24400206658277,156.94859668368647
400.0472246439989,154.88257832581857
400.85044722141504,157.4254960873798
401.6536697988312,154.51264823081516
402.45689237624725,154.31756683192486
403.2601149536634,154.13742392757757
404.0633375310795,151.36349604567297
404.86656010849566,153.5704693344056
405.6697826859118,153.63748188835203
406.47300526332793,153.3697887019397
407.276227840744,153.17406164254783
408.07945041816015,152.62027608256724
408.8826729955763,152.7777403713969
409.6858955729924,152.5770646599841
410.48911815040856,153.32909822508566
411.2923407278247,152.1704793363493
412.0955633052408,151.51316814426073
412.8987858826569,150.9645319606979
413.70200846007305,151.54690691328278
414.5052310374892,151.33527556371158
415.3084536149053,151.12178576685608
416.1116761923214,150.90647523517507
416.91489876973753,152.21863567538944
417.71812134715367,147.1283930356667
418.5213439245698,150.24999635576788
419.32456650198594,150.02778000937374
420.1277890794021,150.91259581510647
420.93101165681816,149.57848851145104
421.7342342342343,150.0539728618403
422.53745681165043,150.36560268028308
423.34067938906657,151.69137346052952
424.1439019664827,148.66152624391657
424.94712454389884,149.8782189789481
425.7503471213149,148.19445887364694
426.55356969873105,147.41718895062834
427.3567922761472,147.72206961193703
428.1600148535633,146.4704294656061
428.96323743097946,149.93196443009148
429.76646000839554,147.00416714095215
430.5696825858117,146.7625322128807
431.3729051632278,149.24453339529637
432.17612774064395,150.70229666277075
432.9793503180601,145.2973695967655
433.7825728954762,145.78532764411577
434.5857954728923,145.0970846221532
435.38901805030844,143.49943071495082
436.1922406277246,143.39131004637002
436.9954632051407,144.79286950301056
437.79868578255684,144.54265444049773
438.6019083599729,143.24620932880433
439.40513093738906,144.0399676700002
440.2083535148052,143.78757138693337
441.01157609222133,143.53452345526628
441.81479866963747,143.28086158745782
442.6180212470536,143.0266234959669
443.4212438244697,144.48626865038761
444.2244664018858,144.0661492011255
445.02768897930196,142.26082900398802
445.8309115567181,142.00466314235595
446.63413413413423,141.74810961933582
447.43735671155036,141.4912061473865
448.24057928896644,141.23399043896683
449.0438018663826,140.97650020653572
449.8470244437987,141.9636855421694
450.65024702121485,140.87348542700803
451.453469598631,140.20275948976254
452.25669217604707,139.9445468675996
453.0599147534632,139.68623501582206
453.86313733087934,139.42784514162813
454.6663599082955,139.16939843067473
455.4695824857116,138.57300389558148
456.27280506312775,138.65241924111717
457.0760276405438,138.39392913382702
457.87925021795996,140.27064049687587
458.6824727953761,136.92781778938078
459.48569537279224,137.61871098979398
460.2889179502084,135.85928999218575
461.0921405276245,137.10232089853943
461.8953631050406,136.84431601131328
462.6985856824567,133.69296661017262
463.50180825987286,136.32879248194772
464.305030837289,136.07131621112222
465.10825341470513,136.73190641066938
465.9114759921212,135.5570405854707
466.71469856953735,135.30028360195857
467.5179211469535,135.04380875219806
468.3211437243696,134.7876372218461
469.12436630178576,134.5317901965597
469.9275888792019,136.91809890404843
470.73081145661797,134.02115440381132
471.5340340340341,132.12828601668122
472.33725661145024,133.51207085920845
473.1404791888664,133.25816414410397
473.9437017662825,133.00470904800667
474.7469243436986,132.75172675657353
475.55014692111473,129.65846269995902
476.35336949853087,132.24726533032754
477.156592075947,133.50563383099197
477.95981465336314,131.04121604231054
478.7630372307793,131.49464886736334
479.56625980819535,133.6841940172118
480.3694823856115,130.99586884232147
481.1727049630276,130.74743167185167
481.97592754044376,130.49965797695853
482.7791501178599,130.25256894329902
483.58237269527604,130.00618575653004
484.3855952726921,129.7605296023086
485.18881785010825,131.49776956228345
485.9920404275244,129.271483134136
486.7952630049405,129.0281351914987
487.59848558235666,128.78559902403674
488.40170815977274,129.5683919751289
489.2049307371889,128.3030467572665
490.008153314605,128.06307302927206
490.81137589202115,127.82399581908065
491.6145984694373,127.58583631234933
492.4178210468534,128.80268832181818
493.2210436242695,128.31728281115204
494.02426620168563,126.87707586948491
494.82748877910177,125.1142755799041
495.6307113565179,123.17956402909664
496.43393393393404,126.17733744141063
497.2371565113502,125.94619505729392
498.04037908876626,123.01953604528633
498.8436016661824,125.48719304086416
499.64682424359853,122.25805118034926
500.45004682101467,125.03270926455227
501.2532693984308,124.89617669295646
502.0564919758469,124.58291321394707
502.859714553263,124.35982909101045
503.66293713067915,127.11309235360632
504.4661597080953,123.91745388646329
505.2693822855114,123.69823668404693
506.07260486292756,121.75080970462069
506.87582744034364,123.26392777691434
507.6790500177598,123.04890995139223
508.4822725951759,122.83536579736247
509.28549517259205,122.6233322544221
510.0887177500082,122.41284626216827
510.89194032742427,121.08147979531684
511.6951629048404,121.99666468810865
512.4983854822565,121.79104298549703
513.3016080596726,121.5871165919604
514.1048306370888,118.59895637919655
514.9080532145049,118.35393002261205
515.711275791921,120.98587866177127
516.5144983693372,120.76859833816852
517.3177209467533,120.59420714630028
518.1209435241694,120.4012283387527
518.9241661015856,120.41635515135117
519.7273886790017,120.02116932201874
520.5306112564178,119.83416299202662
521.333833833834,120.9901333219889
522.1370564112501,119.46638138677764
522.9402789886663,119.285679990715
523.7435015660824,119.10715411848975
524.5467241434984,118.93084070969898
525.3499467209145,118.7567767039398
526.1531692983307,118.58499904080931
526.9563918757468,118.41554465990465
527.759614453163,118.24845050082291
528.5628370305791,118.08375350316118
529.3660596079951,117.9214906065166
530.1692821854112,117.76169875048629
530.9725047628274,119.04805063955332
531.7757273402435,117.44967591865678
532.5789499176597,117.29751882205183
533.3821724950758,117.14798052444964
534.1853950724919,116.76728168132848
534.9886176499081,116.85690808464159
535.7918402273242,116.71544782163005
536.5950628047403,119.19520345724985
537.3982853821565,111.9657770690555
538.2015079595726,116.3078141353306
539.0047305369887,117.4403165245492
539.8079531144049,115.51822490810524
540.611175691821,111.9409295874146
541.4143982692372,114.89496843507122
542.2176208466533,115.68646470977517
543.0208434240693,119.25343131523225
543.8240660014854,115.45910088154925
544.6272885789016,116.35496075777915
545.4305111563177,115.11717641887493
546.2337337337339,118.07448919901705
547.0369563111499,117.03540319311023
547.840178888566,114.28347660569888
548.6434014659822,114.85324160239888
549.4466240433983,114.76352187766528
550.2498466208144,118.96667231472549
551.0530691982306,114.54413513096263
551.8562917756467,114.05400834061581
552.6595143530628,114.4362355467402
553.462736930479,114.36221495980173
554.2659595078951,114.29127591269655
555.0691820853112,115.94961539195408
555.8724046627274,114.1585647210185
556.6756272401435,118.31960448889787
557.4788498175596,114.03794653777071
558.2820723949758,113.9043137571976
559.0852949723919,114.39095689505481
559.8885175498081,111.6136392195059
560.6917401272241,115.39765032208561
561.4949627046402,113.78828795633397
562.2981852820564,113.74709569925699
563.1014078594725,113.70877126035232
563.9046304368886,110.78029125249854
564.7078530143048,113.64064812009237
565.5110755917208,112.8418327099178
566.3142981691369,109.95015122679455
567.117520746553,113.55948631494732
567.9207433239692,113.53796077099663
568.7239659013853,111.92146991702685
569.5271884788015,113.54472991828244
570.3304110562176,113.48969730305096
571.1336336336337,113.47898243756485
571.9368562110499,113.47092166859007
572.740078788466,115.03032386175933
573.5433013658821,114.17248146800394
574.3465239432983,114.54007840920265
575.1497465207144,113.46483097296661
575.9529690981306,117.80006406775176
576.7561916755467,114.86098725312164
577.5594142529628,111.88015758254636
578.362636830379,113.4996514821726
579.165859407795,114.95377888722622
579.9690819852111,113.5320148537485
580.7723045626273,113.55186681643305
581.5755271400434,113.57413972472604
582.3787497174595,113.59881414938567
583.1819722948755,115.05457074021672
583.9851948722917,115.57571266539117
584.7884174497078,116.61610850819291
585.591640027124,113.72113842685192
586.3948626045401,116.11862349902628
587.1980851819562,113.7962040215802
588.0013077593724,114.80133725778104
588.8045303367885,112.17389097543075
589.6077529142046,111.84056699254928
590.4109754916208,111.43301562563471
591.2141980690369,110.68789478881102
592.017420646453,113.96655968440531
592.8206432238692,114.128416265254
593.6238658012853,114.18428597010332
594.4270883787015,114.24216509013202
595.2303109561176,114.30202252932523
596.0335335335337,114.12133131086416
596.8367561109498,114.42754798114585
597.6399786883659,114.49315380174353
598.443201265782,114.56061355744627
599.2464238431982,114.62989615223927
600.0496464206143,114.7009704901076
600.8528689980304,114.77380547503644
601.6560915754465,114.84837001101093
602.4593141528626,111.79379343198126
603.2625367302787,112.79150332113345
604.0657593076949,115.08212996505972
604.868981885111,115.16330174506821
605.6722044625271,115.24604759604803
606.4754270399433,115.33033642198428
607.2786496173594,115.90133392887088
608.0818721947755,115.5034186146669
608.8850947721917,115.59214978938348
609.6883173496078,115.68229955499713
610.491539927024,115.77383681549291
611.2947625044401,118.4206992294765
612.0979850818562,117.89990762210888
612.9012076592724,118.91584941255633
613.7044302366885,119.03751332484715
614.5076528141046,116.25124718068436
615.3108753915207,116.35045639416111
616.1140979689368,114.76255013050428
616.9173205463529,115.96135343371402
617.7205431237691,113.66654947898343
618.5237657011852,116.75868051570112
619.3269882786012,117.90722798639861
620.1302108560174,117.0807972385319
620.9334334334335,117.07593454945454
621.7366560108496,114.62344109419737
622.5398785882658,117.70035432507886
623.3431011656819,117.34371815893013
624.146323743098,117.51212492249418
624.9495463205142,115.97168295143685
625.7527688979303,117.73531109276155
626.5559914753464,117.84806808778009
627.3592140527626,117.96155956136876
628.1624366301787,118.07575441751261
628.9656592075949,118.19062156019689
629.768881785011,118.30612989340668
630.5721043624271,118.4222483211271
631.3753269398431,118.53894574734332
632.1785495172593,123.10681361234634
632.9817720946754,117.16768440055898
633.7849946720916,118.89220105681818
634.5882172495077,120.76723898424724
635.3914398269238,119.13002949534126
636.19466240434,120.88602673583183
636.9978849817561,119.36942762349089
637.8011075591722,119.15286995304977
638.6043301365884,119.61014667314814
639.4075527140045,119.730923803505
640.2107752914205,119.85193787619413
641.0139978688367,117.23260657759013
641.8172204462528,120.09455246450997
642.6204430236689,120.21609078810698
643.4236656010851,119.8830253045941
644.2268881785012,120.45947401410469
645.0301107559173,120.58125672447571
645.8333333333335,120.70305870507508
646.6365559107496,120.82484885988787
647.4397784881658,120.94659609289923
648.2430010655819,117.41409662637177
649.0462236429979,120.79999934844929
649.849446220414,121.31127906932048
650.6526687978302,122.63090762910724
651.4558913752463,121.5540009257935
652.2591139526625,118.89989467290995
653.0623365300786,121.7970174920971
653.8655591074947,118.2241542182072
654.6687816849109,123.85317879321275
655.472004262327,122.16343443205523
656.2752268397431,121.74248739268357
657.0784494171593,122.40986679207633
657.8816719945753,122.53395892231369
658.6848945719914,122.658737077241
659.4881171494076,121.84657867046514
660.2913397268237,122.91065763478156
661.0945623042398,122.82409470530064
661.897784881656,123.16624081193032
662.7010074590721,124.61559784449017
663.5042300364883,123.4260989559196
664.3074526139044,122.43656456849575
665.1106751913205,126.1147690025693
665.9138977687367,123.82524124430009
666.7171203461528,123.96108953334884
667.5203429235688,124.09846582453196
668.323565500985,124.2374466612535
669.1267880784011,125.35386218719967
669.9300106558172,124.52052814492782
670.7332332332334,124.66478187868879
671.5364558106495,124.8109463316043
672.3396783880656,125.93221530836666
673.1429009654818,125.04605317621734
673.9461235428979,125.26166943931848
674.749346120314,125.41624220289256
675.5525686977302,130.25898894758004
676.3557912751462,127.80358512807773
677.1590138525623,125.8940272842795
677.9622364299785,126.05822471365694
678.7654590073946,125.55346026393023
679.5686815848107,126.39400244853795
680.3719041622269,126.56541264171902
681.175126739643,125.07436798451928
681.9783493170592,126.9148480995233
682.7815718944753,127.09270233213088
683.5847944718914,127.27253354586509
684.3880170493076,127.4542562247181
685.1912396267236,127.63778485268205
685.9944622041397,128.65768189910554
686.7976847815559,128.0099178919119
687.600907358972,128.27525209757297
688.4041299363881,128.38824853549224
689.2073525138043,125.83148463506357
690.0105750912204,130.939537081209
690.8137976686365,129.124018574359
691.6170202460527,129.16076612345498
692.4202428234688,133.05364456143826
693.223465400885,129.55358481171265
694.026687978301,127.15255557173646
694.8299105557171,129.42758873823945
695.6331331331332,132.11631600253398
696.4363557105494,130.34892133646895
697.2395782879655,130.54927728016273
698.0428008653817,130.36959524309285
698.8460234427978,129.11317543900262
699.6492460202139,129.92265484084987
700.4524685976301,131.354222824723
701.2556911750462,131.55591207327035
702.0589137524623,134.11814277151305
702.8621363298785,127.24689246818846
703.6653589072945,132.16069843256523
704.4685814847106,129.577498242395
705.2718040621268,134.7427178573714
706.0750266395429,132.76326687617566
706.878249216959,132.96901497038334
707.6814717943752,130.92735063170994
708.4846943717913,133.36130847189125
709.2879169492074,132.68229386769585
710.0911395266236,131.55061866616097
710.8943621040397,133.9525142875014
711.6975846814559,134.14766475575618
712.5008072588719,134.3417136288569
713.304029836288,134.53457539079582
714.1072524137041,131.73557444697352
714.9104749911203,134.9163955171572
715.7136975685364,135.32797726561026
716.5169201459526,133.29312750346475
717.3201427233687,140.05494103551774
718.1233653007848,132.79850318399392
718.926587878201,135.84418526718383
719.7298104556171,131.7345882636361
720.5330330330332,136.66962380477793
721.3362556104493,136.37908837457246
722.1394781878654,136.5532478572174
722.9427007652815,136.725194036607
723.7459233426977,140.33672606109323
724.5491459201138,137.06210442158905
725.3523684975299,137.22689759516595
726.1555910749461,137.38913540145637
726.9588136523622,137.34098435393855
727.7620362297783,137.70560284814655
728.5652588071945,137.8596614565307
729.3684813846106,138.0108226335972
730.1717039620266,139.4470320235754
730.9749265394428,138.30411062974602
731.7781491168589,138.44606641681276
732.581371694275,138.58478270853067
733.3845942716912,138.72017398889193
734.1878168491073,138.85215474188874
734.9910394265235,136.92571951983246
735.7942620039396,139.38591482015352
736.5974845813557,139.22677867661474
737.4007071587719,140.4368169391313
738.203929736188,139.4579075361337
739.0071523136041,140.64392520841392
739.8103748910202,139.67334190200788
740.6135974684363,140.37628565658892
741.4168200458524,139.87239764617487
742.2200426232686,138.96607626008293
743.0232652006847,141.7324340807628
743.8264877781008,138.31570347032323
744.629710355517,140.21865463432204
745.4329329329331,140.29407731340282
746.2361555103492,143.11341052758414
747.0393780877654,141.5107455582891
747.8426006651815,144.37536440408837
748.6458232425975,140.55305062837039
749.4490458200137,140.6075783838667
750.2522683974298,140.658205420902
751.055490974846,140.70502449489499
751.8587135522621,142.3538888569421
752.6619361296782,142.76620435073136
753.4651587070944,140.4099788421856
754.2683812845105,140.85607626881682
755.0716038619266,141.14225184121997
755.8748264393428,140.91116601840864
756.6780490167589,140.93392650282755
757.4812715941749,136.92422049866158
758.2844941715911,142.4846405160444
759.0877167490072,140.9841834596
759.8909393264233,143.68567222673667
760.6941619038395,140.2971664792624
761.4973844812556,141.00935153543747
762.3006070586717,141.0125984457959
763.1038296360879,138.51234575962138
763.907052213504,141.01193512664355
764.7102747909202,139.90517983658313
765.5134973683363,141.00234732378985
766.3167199457523,140.9944386295216
767.1199425231684,140.700066215492
767.9231651005846,139.98608494438088
768.7263876780007,140.9593664403751
769.5296102554169,140.63388496688415
770.332832832833,140.9274574465124
771.1360554102491,142.5004329171755
771.9392779876653,140.88959214234498
772.7425005650814,142.02249279867374
773.5457231424975,140.84651257122206
774.3489457199137,140.82324932409895
775.1521682973298,139.18029447047476
775.9553908747458,142.77382639739395
776.758613452162,140.74767880150642
777.5618360295781,142.0384575327797
778.3650586069942,135.85794757213935
779.1682811844104,140.57684682476992
779.9715037618265,139.73687190438721
780.7747263392426,140.60802398489417
781.5779489166588,140.5788722284958
782.3811714940749,140.5495299703823
783.184394071491,140.52008996597235
783.9876166489072,138.62283224166043
784.7908392263232,140.46128773993755
785.5940618037394,138.84968934639102
786.3972843811555,142.87128393449194
787.2005069585716,140.37467018912784
788.0037295359878,139.20850558045996
788.8069521134039,142.30709685810683
789.61017469082,137.84130616184677
790.4133972682362,138.7758241998521
791.2166198456523,140.24072006766818
792.0198424230684,140.21632671162752
792.8230650004846,140.19294867431415
793.6262875779006,140.17067871114665
794.4295101553167,141.39751230981193
795.2327327327329,140.12980967642298
796.035955310149,140.11127381492042
796.8391778875651,140.0939828215695
797.6424004649813,140.0779175398895
798.4456230423974,142.88746748911012
799.2488456198136,140.0493874856191
800.0520681972297,140.62785848038575
800.8552907746458,140.02553040026308
801.658513352062,140.0153063297261
802.461735929478,140.00619303197544
803.2649585068941,139.99817135053033
804.0681810843103,139.99122212891007
804.8714036617264,139.98532621063381
805.6746262391425,139.9804644392209
806.4778488165587,141.3876961213634
807.2810713939748,139.9737667110618
808.0842939713909,141.25146595983378
808.8875165488071,141.47725212461694
809.6907391262232,139.97099730827895
810.4939617036393,137.4362287199508
811.2971842810555,139.97377900711865
812.1004068584715,140.26648720580565
812.9036294358876,139.4115104559963
813.7068520133038,139.98451037680547
814.5100745907199,142.51713989056185
815.313297168136,136.25596138049443
816.1165197455522,140.6424320448253
816.9197423229683,136.69951445501158
817.7229649003845,140.0186090847056
818.5261874778006,140.02768838172202
819.3294100552167,140.03747616542893
820.1326326326329,140.0479532793454
820.9358552100489,138.08269525509462
821.739077787465,139.95085839059493
822.5423003648812,140.08332903754513
823.3455229422973,141.18674757829862
824.1487455197134,140.11000832524587
824.9519680971296,142.68586487213523
825.7551906745457,139.7633506986944
826.5584132519618,140.15428730053307
827.361635829378,140.1701063447021
828.1648584067941,140.18642315427311
828.9680809842102,143.7589601491048
829.7713035616263,141.07841714509016
830.5745261390424,140.66982428987197
831.3777487164585,144.74562244052004
832.1809712938747,140.2748032063324
832.9841938712908,141.95942071705528
833.787416448707,136.63915227027053
834.5906390261231,142.4842028623467
835.3938616035392,142.68758892945985
836.1970841809554,140.37275392132875
837.0003067583715,145.16746428881927
837.8035293357876,140.41407761148847
838.6067519132037,140.43512213153696
839.4099744906198,140.45639622625683
840.2131970680359,138.00113287768963
841.0164196454521,140.49955651378784
841.8196422228682,140.5214043936374
842.6228648002843,140.54340522223535
843.4260873777005,142.16897862348296
844.2293099551166,138.89818170133137
845.0325325325327,141.41729191269823
845.8357551099489,138.7139453182783
846.638977687365,140.65503311962414
847.4422002647811,140.6775493546164
848.2454228421972,140.70008444299177
849.0486454196133,145.5277554536837
849.8518679970294,140.74513455396854
850.6550905744456,140.92123893337305
851.4583131518617,140.79003020070851
852.2615357292779,140.81237220878774
853.064758306694,140.83461813136552
853.8679808841101,140.20758728710334
854.6712034615263,140.87874509409352
855.4744260389424,140.90058782128224
856.2776486163585,140.92225783704646
857.0808711937746,140.94373598490535
857.8840937711907,139.13647766739567
858.6873163486068,140.98604005098431
859.490538926023,140.73149093711402
860.2937615034391,141.02734676767295
861.0969840808552,141.4251423754581
861.9002066582714,141.06750288312531
862.7034292356875,143.86220644093325
863.5066518131036,141.10635514549526
864.3098743905198,141.12524444057246
865.1130969679359,141.14375030293675
865.9163195453519,141.16185357610743
866.7195421227681,144.1020206337117
867.5227647001842,142.40059550429703
868.3259872776003,141.21355629565
869.1292098550165,144.22123105947443
869.9324324324326,141.24566062722963
870.7356550098488,141.26094607914254
871.5388775872649,141.2756948464965
872.342100164681,139.82753807194993
873.1453227420972,141.3035057016045
873.9485453195133,141.31652947639705
874.7517678969293,141.3289399407076
875.5549904743455,141.34071793805546
876.3582130517616,141.35184431195975
877.1614356291777,146.3054069216187
877.9646582065939,137.91341360710396
878.76788078401,141.38112212820408
879.5711033614261,141.3894504435268
880.3743259388423,140.56425561980112
881.1775485162584,142.53636345339964
881.9807710936745,141.40987432848812
882.7839936710907,141.41509808153702
883.5872162485068,139.51812079118147
884.3904388259228,137.76756432427487
885.193661403339,140.6509630828413
885.9968839807551,141.42756121122193
886.8001065581713,137.63105300395847
887.6033291355874,140.70116679446016
888.4065517130035,141.42751870038785
889.2097742904197,142.83322802528335
890.0129968678358,142.49217846697266
890.8162194452519,141.41885304533292
891.6194420226681,137.957517150912
892.4226646000842,139.2451650579299
893.2258871775002,141.4010470210767
894.0291097549164,142.31104555161764
894.8323323323325,141.38384293560608
895.6355549097486,141.3735834026386
896.4387774871648,141.05714276466554
897.2420000645809,141.3496535738354
898.045222641997,139.42364735043824
898.8484452194132,141.32104835133623
899.6516677968293,145.44759830641803
900.4548903742455,141.96396126442053
901.2581129516616,140.28943021948163
902.0613355290776,138.56639355988662
902.8645581064937,141.2280747324285
903.6677806839099,141.20564780320203
904.471003261326,141.1818987737055
905.2742258387422,139.1651012318388
906.0774484161583,141.1303577879792
906.8806709935744,141.1025275187879
907.6838935709906,142.2970048970221
908.4871161484067,140.20993906151747
909.2903387258228,139.6235262224373
910.093561303239,140.9770276152841
910.896783880655,142.47963587919583
911.7000064580711,140.52294900612603
912.5032290354873,140.23394112712293
913.3064516129034,140.82792207792204
