110.88709677419354,148.91733848090524
111.69031935160966,152.3544182220023
112.4935419290258,151.05559052224172
113.29676450644192,152.25974419495444
114.09998708385804,152.6710538521521
114.90320966127416,151.92481620763527
115.7064322386903,151.82902141195657
116.50965481610642,153.06579538255755
117.31287739352254,156.9461213529269
118.11609997093868,155.56430015963824
118.9193225483548,158.13204857112473
119.72254512577092,158.42887802351572
120.52576770318706,151.07310695393605
121.32899028060318,156.04730852798923
122.1322128580193,158.4825379051348
122.93543543543542,153.55154246591943
123.73865801285156,157.75883617538364
124.54188059026768,157.78885359782058
125.3451031676838,157.370594888475
126.14832574509992,153.47392426782906
126.95154832251606,159.56938557968596
127.75477089993218,155.8354169008614
128.5579934773483,160.0087898255166
129.36121605476444,160.89135243197785
130.16443863218058,155.78298760190418
130.96766120959668,160.3750585066616
131.77088378701282,163.2352773652978
132.57410636442893,159.54881379613226
133.37732894184506,158.02132973352263
134.1805515192612,160.08973750969963
134.9837740966773,160.21532888696774
135.78699667409344,162.8298489985865
136.59021925150958,162.3224727614369
137.3934418289257,162.00485317284515
138.19666440634182,158.76207561159057
138.99988698375796,163.16592896000344
139.80310956117407,163.73911679508873
140.6063321385902,159.05030838912356
141.4095547160063,161.9383992784634
142.21277729342245,162.44448524110453
143.01599987083858,164.80722966621636
143.81922244825472,167.77543347799025
144.62244502567083,165.45543666345228
145.42566760308696,164.9817258764078
146.22889018050307,159.4240388948106
147.0321127579192,164.7688748755558
147.83533533533534,162.0292722289524
148.63855791275145,164.1465488948398
149.4417804901676,164.3678539043559
150.2450030675837,168.02867672696544
151.04822564499983,164.73426279901614
151.85144822241597,166.23088228906443
152.6546707998321,165.5841467389539
153.4578933772482,164.5575413173619
154.26111595466435,161.9904168806402
155.06433853208046,163.00831133238458
155.8675611094966,167.8450408359112
156.67078368691273,166.2472765811875
157.47400626432886,167.63589833540837
158.27722884174497,167.39393340497583
159.0804514191611,167.41141250846303
159.88367399657722,165.0319465717032
160.68689657399335,168.11677310673088
161.4901191514095,168.81589273279408
162.2933417288256,171.77402497847078
163.09656430624173,167.21665265729132
163.89978688365784,165.39504466311868
164.70300946107398,163.45090274545905
165.5062320384901,169.1434151926552
166.30945461590625,170.92957791436146
167.11267719332236,170.53153228003615
167.9158997707385,167.75669303178447
168.7191223481546,166.46019086846002
169.52234492557074,165.03215283583762
170.32556750298687,168.07844617048048
171.12879008040298,167.20106820106466
171.93201265781912,170.8742285801937
172.73523523523525,168.1616317730642
173.53845781265136,168.2592291323583
174.3416803900675,168.56159508944535
175.14490296748363,170.8774434024421
175.94812554489974,166.89596174469767
176.75134812231587,168.8214452939187
177.55457069973198,170.46424753894274
178.35779327714812,165.01909548367234
179.16101585456425,164.9714912363787
179.9642384319804,169.13518883144127
180.7674610093965,170.44302484004157
181.5706835868126,168.08050850144397
182.37390616422874,171.26935534238606
183.17712874164488,169.92785753655875
183.98035131906101,169.0643818171818
184.78357389647715,169.5410735455265
185.58679647389326,168.07482619342366
186.39001905130937,167.87851685964316
187.1932416287255,170.6484735614023
187.99646420614164,170.52978454598306
188.79968678355777,174.51444846235466
189.60290936097388,166.6773195374946
190.40613193839002,168.28374827739324
191.20935451580613,169.97535634322398
192.01257709322226,169.34482910696303
192.8157996706384,172.13322097700052
193.61902224805453,168.431251037292
194.42224482547064,169.6044704561336
195.22546740288675,169.01911038676394
196.0286899803029,171.31422828453157
196.83191255771902,172.99488199596055
197.63513513513516,167.36206476700605
198.4383577125513,173.9928067948594
199.2415802899674,172.11366171269728
200.0448028673835,172.1539914618676
200.84802544479965,175.0858988758228
201.65124802221578,173.46569959107006
202.45447059963192,173.11306293697646
203.25769317704803,169.95728659834046
204.06091575446416,171.70812914433552
204.86413833188027,169.8068690081275
205.6673609092964,172.9099968333655
206.47058348671254,170.11552381528207
207.27380606412868,169.151491722328
208.07702864154479,168.72381162250534
208.8802512189609,168.41993323318326
209.68347379637703,172.68252156550813
210.48669637379317,174.02005959713335
211.2899189512093,170.18936245179563
212.0931415286254,171.84289223411665
212.89636410604155,172.09272308881086
213.69958668345765,170.8258807168648
214.5028092608738,169.88687937985412
215.30603183828993,175.23613138611103
216.10925441570606,171.7619967566157
216.91247699312217,173.63708958118497
217.71569957053828,170.22319666621408
218.5189221479544,169.65311023110945
219.32214472537055,171.30794797023654
220.12536730278669,174.06619668055188
220.92858988020282,172.49922227400643
221.73181245761893,169.15725734317135
222.53503503503504,168.85162575948888
223.33825761245117,171.97997180496642
224.1414801898673,174.85364915763674
224.94470276728345,172.0980542101098
225.74792534469955,172.80419993808735
226.5511479221157,172.38516930089375
227.3543704995318,172.52303881899104
228.15759307694793,171.8289261658552
228.96081565436407,167.74420404476695
229.7640382317802,168.17620262300707
230.5672608091963,169.3562220885851
231.37048338661242,174.45806108862664
232.17370596402856,166.42377637829395
232.9769285414447,170.85594237319782
233.78015111886083,174.59568863632174
234.58337369627696,170.52883592909564
235.38659627369307,173.0874238930161
236.18981885110918,175.31188023307863
236.99304142852532,168.45911429889597
237.79626400594145,170.2143089066461
238.5994865833576,171.60666666225796
239.4027091607737,173.30087827499193
240.20593173818983,174.06904889879152
241.00915431560594,168.6382668460512
241.81237689302208,171.49503740765184
242.6155994704382,169.34268574206965
243.41882204785432,171.54580495946425
244.22204462527046,171.13040292100317
245.0252672026866,171.5975184377666
245.8284897801027,172.14970458392062
246.63171235751884,171.64993468191315
247.43493493493497,174.39967259480338
248.23815751235108,169.98950713741536
249.04138008976722,170.18018600995185
249.84460266718335,169.48901706304693
250.64782524459946,171.34398788590786
251.4510478220156,176.22086990987643
252.2542703994317,174.02104761014144
253.05749297684784,169.74897988370878
253.86071555426398,170.5839362729628
254.66393813168008,169.9760544650613
255.46716070909622,168.18791600988007
256.27038328651236,170.14642714927484
257.0736058639285,175.18061233911106
257.8768284413446,174.91141004399162
258.68005101876076,172.34185348959096
259.48327359617684,170.93428106927024
260.286496173593,172.0894852893623
261.0897187510091,168.5259274565324
261.8929413284252,167.59928593286386
262.69616390584133,167.57313394489606
263.49938648325747,171.78570278091541
264.3026090606736,169.84550440307717
265.10583163808974,172.22904709323885
265.9090542155059,170.07891450563736
266.712276792922,173.90051706965696
267.51549937033815,173.4410159960035
268.3187219477542,170.692374230045
269.12194452517036,170.62712833371447
269.9251671025865,173.83806089789363
270.7283896800026,170.5905377765779
271.5316122574187,172.8352189902581
272.33483483483485,172.15246836012966
273.138057412251,175.60635300680002
273.9412799896671,174.03931891455338
274.74450256708326,172.26597335001165
275.5477251444994,170.68281855567665
276.35094772191553,173.50370913195894
277.1541702993316,172.45596517221426
277.95739287674775,173.493006009934
278.7606154541639,171.5295487045713
279.56383803157996,171.65800316496748
280.3670606089961,173.67331412501457
281.17028318641223,174.59878091021946
281.97350576382837,170.32700842219916
282.7767283412445,172.51837360279814
283.57995091866064,170.8295668931081
284.3831734960768,175.0267679766736
285.1863960734929,172.94761785374718
285.98961865090905,171.31116619696397
286.79284122832513,172.4774947960487
287.59606380574127,172.47088180467162
288.39928638315735,170.68014845958314
289.2025089605735,170.601017150464
290.0057315379896,176.08057364780308
290.80895411540575,167.77416194400357
291.6121766928219,172.41568022891335
292.415399270238,174.31714688935546
293.21862184765416,175.073389983607
294.0218444250703,172.27289070073584
294.82506700248643,172.55135250201965
295.6282895799025,170.49290872061638
296.43151215731865,174.04957251431293
297.2347347347348,172.27088358531716
298.03795731215087,173.7110367776296
298.841179889567,172.21376914285617
299.64440246698314,171.1792008543779
300.4476250443993,173.87967811947513
301.2508476218154,172.99869964685453
302.05407019923155,174.49485909865354
302.8572927766477,171.56185410506606
303.6605153540638,174.53381027614216
304.4637379314799,171.95365831566428
305.26696050889603,172.06101406079293
306.07018308631217,173.2036739652781
306.87340566372825,169.61808725377432
307.6766282411444,176.32050974006685
308.4798508185605,174.50576683571913
309.28307339597666,171.62972247525457
310.0862959733928,167.66235245552036
310.88951855080893,168.61564016160477
311.69274112822507,172.29060437344444
312.4959637056412,171.40323655426283
313.2991862830573,171.17256621917215
314.1024088604734,172.40127952650465
314.90563143788955,173.81434412111133
315.70885401530563,166.4753799865437
316.51207659272177,172.22287296261064
317.3152991701379,171.56167687757863
318.11852174755404,172.66556008191057
318.9217443249702,167.99757539403743
319.7249669023863,170.32731273188767
320.52818947980245,170.61506526090213
321.3314120572186,169.9636569578307
322.1346346346347,170.09961491138213
322.9378572120508,171.02911132891663
323.74107978946694,171.21580268652428
324.544302366883,169.47947786402537
325.34752494429915,172.4277857563478
326.1507475217153,172.3068077182138
326.9539700991314,169.87878284564545
327.75719267654756,168.59407719220616
328.5604152539637,169.55874935486025
329.36363783137983,171.91293448815145
330.16686040879597,170.14919663127446
330.9700829862121,169.1850237704553
331.7733055636282,168.06311848553497
332.5765281410443,167.62866406218257
333.37975071846046,170.78245850241208
334.18297329587654,170.77517449573
334.9861958732927,168.14760637927955
335.7894184507088,167.0352865480922
336.59264102812494,165.71167790373858
337.3958636055411,168.06383534443947
338.1990861829572,168.8586257241796
339.00230876037335,169.68715887177612
339.8055313377895,165.19482817517394
340.60875391520557,167.72772430313802
341.4119764926217,166.58390596145702
342.21519907003784,164.8542151518108
343.0184216474539,168.68446943121825
343.82164422487006,166.18791697186757
344.6248668022862,165.3858845748673
345.4280893797023,166.92080117697296
346.23131195711846,164.99576727967516
347.0345345345346,167.74280668565993
347.83775711195074,167.07957912212945
348.6409796893669,168.1414941195978
349.44420226678295,165.99261738280484
350.2474248441991,165.39513958535696
351.0506474216152,167.64794894822515
351.8538699990313,164.32141408604718
352.65709257644744,166.84076497763922
353.4603151538636,167.86866534769678
354.2635377312797,164.6570630044796
355.06676030869585,165.73659939269072
355.869982886112,164.61271471115825
356.6732054635281,161.5094997096093
357.47642804094426,161.03343327290918
358.2796506183604,163.27131822612444
359.0828731957765,163.3347175688199
359.8860957731926,166.48974969728593
360.6893183506087,166.15316377045949
361.4925409280248,163.0202345349707
362.29576350544096,161.7324770977737
363.0989860828571,166.59917287401885
363.90220866027323,159.93356280621688
364.70543123768937,166.38912817442812
365.5086538151055,161.09141424890637
366.31187639252164,162.00549176618284
367.1150989699377,163.960628974219
367.91832154735386,159.44104779594852
368.72154412477,162.077328741934
369.5247667021861,161.60916036188308
370.32798927960226,160.9430640680805
371.13121185701834,162.5191079829742
371.9344344344345,161.47218876640957
372.7376570118506,160.26715184901693
373.54087958926675,159.23448338954344
374.3441021666829,158.3211742166071
375.147324744099,158.56346661007063
375.9505473215151,162.86029820359218
376.75376989893124,159.85311557211634
377.5569924763474,161.32745759957982
378.3602150537635,157.7709645300478
379.16343763117965,159.35822598143778
379.9666602085957,160.77789021201582
380.76988278601186,159.0274547195022
381.573105363428,158.4821340998567
382.37632794084413,155.54048543405833
383.17955051826027,162.41209510645902
383.9827730956764,158.362417518303
384.7859956730925,158.3580810436556
385.5892182505086,157.41166544086596
386.39244082792476,157.85929815519464
387.1956634053409,159.8168467801406
387.99888598275703,160.1672320087211
388.80210856017317,154.72360706636812
389.60533113758925,155.5490506984045
390.4085537150054,155.66204643484406
391.2117762924215,153.96228541923307
392.01499886983765,159.11161074837824
392.8182214472538,156.42636092912653
393.62144402466987,157.56847675222102
394.424666602086,155.25079091928103
395.22788917950214,155.15626590461454
396.0311117569183,158.56010368099567
396.8343343343344,160.41214224663537
397.63755691175055,156.84185458608343
398.44077948916663,155.2475402112031
399.24400206658277,158.33304598060977
400.0472246439989,156.69734883322877
400.85044722141504,152.54591934883797
401.6536697988312,157.82984415251917
402.45689237624725,155.9715328162809
403.2601149536634,154.13742392757757
404.0633375310795,155.91146568786354
404.86656010849566,150.90736265701236
405.6697826859118,153.95680635469492
406.47300526332793,152.02571191431448
407.276227840744,153.17406164254783
408.07945041816015,151.38008643493353
408.8826729955763,154.2315719751026
409.6858955729924,155.96705707299066
410.48911815040856,151.37278688287978
411.2923407278247,151.31093444792478
412.0955633052408,155.82082621899167
412.8987858826569,152.71726621630566
413.70200846007305,147.28195150904455
414.5052310374892,148.35445759201065
415.3084536149053,151.12178576685608
416.1116761923214,150.90647523517507
416.91489876973753,150.94162122203508
417.71812134715367,147.88649705386865
418.5213439245698,147.15929464028142
419.32456650198594,154.42215308966715
420.1277890794021,151.38973065040636
420.93101165681816,147.995846651594
421.7342342342343,149.35148878484017
422.53745681165043,148.98423320040072
423.34067938906657,150.73276052366404
424.1439019664827,150.0791620862889
424.94712454389884,149.38384930912503
425.7503471213149,145.01204221286054
426.55356969873105,149.36306370772058
427.3567922761472,148.56457295583692
428.1600148535633,148.09447064564762
428.96323743097946,143.63750158703579
429.76646000839554,148.18137586668172
430.5696825858117,147.57880394365785
431.3729051632278,147.81589003959257
432.17612774064395,146.55136880972927
432.9793503180601,145.9738471135425
433.7825728954762,147.42504160296386
434.5857954728923,145.03293985546998
435.38901805030844,141.7807393574888
436.1922406277246,148.09501494506375
436.9954632051407,145.65577776651293
437.79868578255684,144.47392229702493
438.6019083599729,145.07149874927495
439.40513093738906,142.31216500883593
440.2083535148052,142.48553984225296
441.01157609222133,140.790605329139
441.81479866963747,143.22520122225004
442.6180212470536,140.25853507723272
443.4212438244697,142.77184689325236
444.2244664018858,140.70340013841735
445.02768897930196,140.26118070688997
445.8309115567181,142.6047074587747
446.63413413413423,142.83570904087512
447.43735671155036,144.82600257517961
448.24057928896644,142.92682977497122
449.0438018663826,140.97650020653572
449.8470244437987,140.71877316255205
450.65024702121485,141.58991968479728
451.453469598631,141.2999558840223
452.25669217604707,139.94451236129538
453.0599147534632,139.65810150342188
453.86313733087934,140.93533434359819
454.6663599082955,141.37136857908664
455.4695824857116,136.77045108300445
456.27280506312775,143.28843682820713
457.0760276405438,136.42507174471058
457.87925021795996,138.32331658270706
458.6824727953761,137.87705382250846
459.48569537279224,135.41507612010096
460.2889179502084,136.81199437366251
461.0921405276245,137.69150925484198
461.8953631050406,137.2949701973011
462.6985856824567,135.525931824081
463.50180825987286,133.99269686282685
464.305030837289,137.19262050116237
465.10825341470513,137.03814388991833
465.9114759921212,134.10207944037333
466.71469856953735,135.30028360195857
467.5179211469535,130.67995396996884
468.3211437243696,136.23667165798994
469.12436630178576,132.1084671747398
469.9275888792019,134.35841437562715
470.73081145661797,137.0438101298847
471.5340340340341,132.72767558566466
472.33725661145024,134.69100407141906
473.1404791888664,133.25816414410397
473.9437017662825,131.59887273367377
474.7469243436986,133.45881341898948
475.55014692111473,132.4992384554615
476.35336949853087,136.2733008505201
477.156592075947,132.4545413397863
477.95981465336314,132.95389235347702
478.7630372307793,131.78580004490993
479.56625980819535,131.24494830271104
480.3694823856115,129.58704215548872
481.1727049630276,129.7935676362481
481.97592754044376,128.94618434188365
482.7791501178599,130.06408527143245
483.58237269527604,130.8148929779694
484.3855952726921,131.5028377280398
485.18881785010825,130.85725512429855
485.9920404275244,130.73195336132483
486.7952630049405,125.99060214022896
487.59848558235666,126.70679086084989
488.40170815977274,129.08436444329428
489.2049307371889,130.10679103300518
490.008153314605,127.32783582023323
490.81137589202115,128.69185607890822
491.6145984694373,131.50453912071984
492.4178210468534,128.44684420465254
493.2210436242695,126.78292023997517
494.02426620168563,129.66323773291498
494.82748877910177,124.7273960976514
495.6307113565179,127.57762416437319
496.43393393393404,126.13229251060395
497.2371565113502,120.97021867726669
498.04037908876626,122.92522871312138
498.8436016661824,124.26874039763221
499.64682424359853,128.09980781183776
500.45004682101467,127.87737253567191
501.2532693984308,128.50005151363015
502.0564919758469,124.58291321394707
502.859714553263,126.18171955282673
503.66293713067915,126.49260578510057
504.4661597080953,125.1952678193869
505.2693822855114,123.9506225669518
506.07260486292756,125.96817462707385
506.87582744034364,126.34822377892326
507.6790500177598,123.04890995139223
508.4822725951759,122.49158690862382
509.28549517259205,122.6233322544221
510.0887177500082,121.85923033883883
510.89194032742427,124.50626008175183
511.6951629048404,123.85534688182418
512.4983854822565,124.71963002551719
513.3016080596726,122.82072075278931
514.1048306370888,122.53740155157244
514.9080532145049,122.915415323708
515.711275791921,123.85121947720798
516.5144983693372,116.4516238494852
517.3177209467533,120.19076769005049
518.1209435241694,125.28271431771155
518.9241661015856,117.21727136936329
519.7273886790017,118.7955628211487
520.5306112564178,116.91845650611435
521.333833833834,121.37251820758628
522.1370564112501,117.90107458863812
522.9402789886663,117.60889275966034
523.7435015660824,114.11475569982107
524.5467241434984,118.19024383621746
525.3499467209145,116.9509082014775
526.1531692983307,120.70365091365085
526.9563918757468,118.93862690751914
527.759614453163,119.20380886986761
528.5628370305791,118.25443075174802
529.3660596079951,118.07956424183362
530.1692821854112,119.43930530918655
530.9725047628274,117.1722637281213
531.7757273402435,115.51509322703556
532.5789499176597,113.4090069753302
533.3821724950758,116.70229320749951
534.1853950724919,115.36121946816753
534.9886176499081,116.24327829467722
535.7918402273242,115.40858810006048
536.5950628047403,115.08243541167562
537.3982853821565,114.7321826763658
538.2015079595726,116.65051195464267
539.0047305369887,116.51977513445007
539.8079531144049,119.04460694361512
540.611175691821,118.06847061011513
541.4143982692372,115.51226415121715
542.2176208466533,111.89258167511689
543.0208434240693,111.9115405544586
543.8240660014854,118.45429636949713
544.6272885789016,114.28462354934923
545.4305111563177,114.58790255300359
546.2337337337339,115.14166713841962
547.0369563111499,115.10129521504413
547.840178888566,114.94615944241718
548.6434014659822,115.95094416757692
549.4466240433983,111.02409477247241
550.2498466208144,113.08994813964141
551.0530691982306,112.15585039593202
551.8562917756467,115.37740445084549
552.6595143530628,114.4362355467402
553.462736930479,116.85972499683332
554.2659595078951,110.60096990838109
555.0691820853112,115.436662633
555.8724046627274,114.1585647210185
556.6756272401435,113.39631476013068
557.4788498175596,112.16455613662097
558.2820723949758,114.99025421952672
559.0852949723919,112.25713316177755
559.8885175498081,113.8793536419726
560.6917401272241,112.25017771644919
561.4949627046402,114.60276014224641
562.2981852820564,113.55162824439182
563.1014078594725,110.95369846950842
563.9046304368886,114.95213414256975
564.7078530143048,113.0821170391641
565.5110755917208,116.12014734690929
566.3142981691369,115.19595215871568
567.117520746553,115.69240455639614
567.9207433239692,113.38114429185214
568.7239659013853,113.51916704052496
569.5271884788015,113.50308569429039
570.3304110562176,112.90304009548818
571.1336336336337,113.75049224506273
571.9368562110499,115.56079272792786
572.740078788466,109.9260209653745
573.5433013658821,111.50921864851873
574.3465239432983,114.62859930482493
575.1497465207144,111.67521915202121
575.9529690981306,114.63747116150824
576.7561916755467,115.05963192502031
577.5594142529628,108.60266614310144
578.362636830379,116.91082648581514
579.165859407795,110.37278755905453
579.9690819852111,114.47452341021844
580.7723045626273,116.47751343152119
581.5755271400434,112.52898992809408
582.3787497174595,114.23583114855607
583.1819722948755,109.98132893483529
583.9851948722917,115.13745439184554
584.7884174497078,114.4481659909691
585.591640027124,112.44516826698948
586.3948626045401,115.68838162632652
587.1980851819562,115.47020834588318
588.0013077593724,110.88157174177381
588.8045303367885,114.76644505550577
589.6077529142046,111.85530992500722
590.4109754916208,113.94405308813609
591.2141980690369,113.39586688980664
592.017420646453,118.24465826647977
592.8206432238692,114.79049658830644
593.6238658012853,113.81885146109236
594.4270883787015,114.24216509013202
595.2303109561176,114.30202252932523
596.0335335335337,113.97370488190516
596.8367561109498,111.60001886604776
597.6399786883659,109.84799878955987
598.443201265782,112.70520403548109
599.2464238431982,114.62989615223927
600.0496464206143,116.06201118984664
600.8528689980304,116.61494397944747
601.6560915754465,110.6135298968753
602.4593141528626,114.24393057560681
603.2625367302787,110.66726376282504
604.0657593076949,116.75464282877883
604.868981885111,112.92619629592984
605.6722044625271,113.68104128079374
606.4754270399433,117.68607153260679
607.2786496173594,114.8210486688837
608.0818721947755,115.47145739897192
608.8850947721917,113.80807604192113
609.6883173496078,113.54225431922913
610.491539927024,117.65594483733922
611.2947625044401,112.98221919677684
612.0979850818562,116.07440122640992
612.9012076592724,119.1285688548146
613.7044302366885,114.4975593549835
614.5076528141046,118.3249395213079
615.3108753915207,112.93504738771837
616.1140979689368,116.94390822689779
616.9173205463529,114.33779391192209
617.7205431237691,117.64873396846927
618.5237657011852,116.75868051570112
619.3269882786012,115.61286987991032
620.1302108560174,118.273019122149
620.9334334334335,117.07593454945454
621.7366560108496,115.41205113823709
622.5398785882658,119.8387195699395
623.3431011656819,116.47786362092506
624.146323743098,118.53471379754089
624.9495463205142,119.72759866898485
625.7527688979303,116.27739163125094
626.5559914753464,119.4108859231518
627.3592140527626,116.65898706830284
628.1624366301787,118.44787331703044
628.9656592075949,121.40181711979403
629.768881785011,115.97909659763337
630.5721043624271,119.30280058941153
631.3753269398431,117.48979443236503
632.1785495172593,122.60885794387158
632.9817720946754,119.94281683690909
633.7849946720916,118.89220105681818
634.5882172495077,119.6723478246776
635.3914398269238,116.99348493485766
636.19466240434,118.92920496445608
636.9978849817561,122.57848843468868
637.8011075591722,122.57962877685473
638.6043301365884,121.48581484874418
639.4075527140045,119.66839538253593
640.2107752914205,119.00054731124371
641.0139978688367,117.70724890830458
641.8172204462528,120.10743799237721
642.6204430236689,116.60911938607975
643.4236656010851,122.02498351430424
644.2268881785012,121.27462811862472
645.0301107559173,120.77568834715709
645.8333333333335,121.42430671716538
646.6365559107496,121.78840806491655
647.4397784881658,118.94997064670919
648.2430010655819,123.05493112254243
649.0462236429979,120.86549365886505
649.849446220414,121.31127906932048
650.6526687978302,119.71202196058249
651.4558913752463,120.68835997482682
652.2591139526625,117.58701412041346
653.0623365300786,123.47523595105424
653.8655591074947,120.12090604292685
654.6687816849109,124.85291163691222
655.472004262327,122.73101995878409
656.2752268397431,119.91531012925817
657.0784494171593,124.40823297884594
657.8816719945753,121.0931162000193
658.6848945719914,126.26426354355915
659.4881171494076,122.72380493052339
660.2913397268237,123.03538910228444
661.0945623042398,123.03795312420291
661.897784881656,123.99250022515871
662.7010074590721,119.2085664235641
663.5042300364883,120.5041844622029
664.3074526139044,122.61386010291676
665.1106751913205,120.92861221924156
665.9138977687367,123.44479080908116
666.7171203461528,127.2920209436128
667.5203429235688,124.09846582453196
668.323565500985,125.36915957205014
669.1267880784011,122.05653339388104
669.9300106558172,124.17497035824483
670.7332332332334,124.66478187868879
671.5364558106495,126.09649784681807
672.3396783880656,127.27565778494845
673.1429009654818,125.10931356851506
673.9461235428979,121.26160038227682
674.749346120314,125.1598513139614
675.5525686977302,124.83588715933504
676.3557912751462,123.60471357814647
677.1590138525623,125.13793363668654
677.9622364299785,124.58446870787091
678.7654590073946,126.2337643767444
679.5686815848107,127.03190727242043
680.3719041622269,124.19222466132116
681.175126739643,125.79073342467473
681.9783493170592,128.65216421256238
682.7815718944753,130.44120730461267
683.5847944718914,127.45041148689893
684.3880170493076,129.08695153881698
685.1912396267236,125.46907143948116
685.9944622041397,127.82303391374926
686.7976847815559,129.59582846873508
687.600907358972,126.30135519548392
688.4041299363881,125.83502841809575
689.2073525138043,128.46229661421552
690.0105750912204,127.94972230212997
690.8137976686365,129.45019081072226
691.6170202460527,127.21167003631399
692.4202428234688,133.56565140901384
693.223465400885,126.72780121602861
694.026687978301,125.1867431148703
694.8299105557171,129.46869162286364
695.6331331331332,126.0044571752855
696.4363557105494,125.59146716120529
697.2395782879655,132.1872400854837
698.0428008653817,131.93066207223376
698.8460234427978,132.42757000133446
699.6492460202139,134.58531651315317
700.4524685976301,128.49182441825027
701.2556911750462,132.3411703632688
702.0589137524623,131.5893564457703
702.8621363298785,132.05286959321168
703.6653589072945,136.96017888435756
704.4685814847106,132.36191503685515
705.2718040621268,132.56279969006127
706.0750266395429,129.8270885526404
706.878249216959,131.98225600393252
707.6814717943752,132.45222832156495
708.4846943717913,133.36130847189125
709.2879169492074,133.90729979570904
710.0911395266236,134.1395167618589
710.8943621040397,130.9769116888519
711.6975846814559,134.14766475575618
712.5008072588719,136.48608781783906
713.304029836288,135.33568225616276
714.1072524137041,134.42879757039594
714.9104749911203,136.15680403261337
715.7136975685364,132.4210901744101
716.5169201459526,137.03295478793066
717.3201427233687,134.8126719019403
718.1233653007848,136.50773936527443
718.926587878201,136.05580842386198
719.7298104556171,137.65934489461688
720.5330330330332,135.68794543215708
721.3362556104493,134.5972068790045
722.1394781878654,137.33445030301795
722.9427007652815,134.89601677958584
723.7459233426977,136.89484139673348
724.5491459201138,134.9925295662904
725.3523684975299,137.22689759516595
726.1555910749461,139.13810831381693
726.9588136523622,136.60924355768944
727.7620362297783,135.40518387628987
728.5652588071945,137.50575176238735
729.3684813846106,138.0108226335972
730.1717039620266,139.31467786660562
730.9749265394428,136.98536044966795
731.7781491168589,138.53607627784447
732.581371694275,141.95325067549228
733.3845942716912,137.82537055243642
734.1878168491073,137.45078463231553
734.9910394265235,140.43209818190365
735.7942620039396,143.27294823658374
736.5974845813557,138.5584860710446
737.4007071587719,141.84732554081822
738.203929736188,142.02577933970522
739.0071523136041,136.97348987626694
739.8103748910202,138.4423212253177
740.6135974684363,138.6136702659909
741.4168200458524,141.33248551630442
742.2200426232686,138.7320646670889
743.0232652006847,141.9083913893948
743.8264877781008,140.13877481658824
744.629710355517,141.25243702154953
745.4329329329331,140.9970361163144
746.2361555103492,140.51212377439057
747.0393780877654,143.11741488222552
747.8426006651815,140.9640651773717
748.6458232425975,140.55305062837039
749.4490458200137,144.89960970331788
750.2522683974298,144.4580145535986
751.055490974846,140.15085042339916
751.8587135522621,144.79395007008878
752.6619361296782,143.31269876176043
753.4651587070944,139.28012101270818
754.2683812845105,143.7327884557049
755.0716038619266,139.31022532167555
755.8748264393428,136.85125497017077
756.6780490167589,140.6516369560067
757.4812715941749,139.01744828410264
758.2844941715911,139.7575809633567
759.0877167490072,140.9841834596
759.8909393264233,139.7311551910933
760.6941619038395,139.87590698509953
761.4973844812556,141.00935153543747
762.3006070586717,142.8243356728037
763.1038296360879,143.33532597337296
763.907052213504,141.01193512664355
764.7102747909202,137.6434539841789
765.5134973683363,141.00234732378985
766.3167199457523,145.72629296093206
767.1199425231684,136.2406410327982
767.9231651005846,138.9441356855048
768.7263876780007,144.26182277671234
769.5296102554169,139.97968139391452
770.332832832833,139.3470483905122
771.1360554102491,142.369547509728
771.9392779876653,142.4724468754918
772.7425005650814,141.5340153231684
773.5457231424975,140.84651257122206
774.3489457199137,142.50488111484628
775.1521682973298,137.9799728553309
775.9553908747458,140.39291253644944
776.758613452162,141.85182305461893
777.5618360295781,140.72087088496338
778.3650586069942,140.69340868961197
779.1682811844104,139.72777151129404
779.9715037618265,135.89816664797465
780.7747263392426,142.5115552534235
781.5779489166588,141.84354845381924
782.3811714940749,140.48036146806407
783.184394071491,141.9407717359866
783.9876166489072,140.4906449706845
784.7908392263232,140.46128773993755
785.5940618037394,138.65192879462262
786.3972843811555,140.8554178767258
787.2005069585716,138.06571420761986
788.0037295359878,139.0853172414609
788.8069521134039,142.28396926670368
789.61017469082,140.77210399316795
790.4133972682362,140.18480811987354
791.2166198456523,141.65696387338647
792.0198424230684,140.22032370264645
792.8230650004846,139.5926915614493
793.6262875779006,140.17067871114665
794.4295101553167,142.6086565806163
795.2327327327329,139.21882541089877
796.035955310149,140.11127381492042
796.8391778875651,138.74473879400736
797.6424004649813,142.45788805910857
798.4456230423974,140.0630588133996
799.2488456198136,140.0493874856191
800.0520681972297,140.97165041414198
800.8552907746458,136.74244209672167
801.658513352062,141.1167471926653
802.461735929478,143.8051035838514
803.2649585068941,139.80578429564832
804.0681810843103,138.98553946664268
804.8714036617264,139.05239193705762
805.6746262391425,141.11112906905566
806.4778488165587,141.10297549511824
807.2810713939748,138.5488933017917
808.0842939713909,138.85136677153056
808.8875165488071,140.70151151593936
809.6907391262232,139.11615795139915
810.4939617036393,138.78124232805757
811.2971842810555,140.27569428586784
812.1004068584715,137.95134265962812
812.9036294358876,136.48564851935973
813.7068520133038,141.5208680293928
814.5100745907199,139.09471262831659
815.313297168136,139.995813678606
816.1165197455522,138.4819132002601
816.9197423229683,138.5439930683764
817.7229649003845,140.75107280670986
818.5261874778006,140.43374511785643
819.3294100552167,140.03747616542893
820.1326326326329,139.18767954387596
820.9358552100489,137.73195491515037
821.739077787465,141.8642890059503
822.5423003648812,139.07161524501927
823.3455229422973,138.77358801028882
824.1487455197134,140.11000832524587
824.9519680971296,140.1642308528096
825.7551906745457,140.90927119546006
826.5584132519618,137.5571307033477
827.361635829378,138.95561288832153
828.1648584067941,137.41943274520986
828.9680809842102,142.61111396686945
829.7713035616263,139.73482268605588
830.5745261390424,142.40937015237955
831.3777487164585,144.06416812065885
832.1809712938747,141.53168781342134
832.9841938712908,139.6469814703359
833.787416448707,141.26889858081927
834.5906390261231,138.45989652065336
835.3938616035392,136.1193907125085
836.1970841809554,140.37275392132875
837.0003067583715,135.56239121926038
837.8035293357876,142.13174151551917
838.6067519132037,141.06903085856425
839.4099744906198,138.78733852317293
840.2131970680359,143.86984881793106
841.0164196454521,138.11015959036038
841.8196422228682,140.37744740557264
842.6228648002843,142.13834656550821
843.4260873777005,141.12529427757812
844.2293099551166,136.09316432375994
845.0325325325327,140.97108322856067
845.8357551099489,139.0250797400117
846.638977687365,137.21759099864934
847.4422002647811,141.98227254125484
848.2454228421972,137.28010950433116
849.0486454196133,138.64222871881447
849.8518679970294,138.7197089335399
850.6550905744456,139.78725877655253
851.4583131518617,143.81089533646383
852.2615357292779,140.40861249275335
853.064758306694,141.13691546063154
853.8679808841101,143.20149479973304
854.6712034615263,140.29356099914642
855.4744260389424,137.90017187760859
856.2776486163585,138.09128065888646
857.0808711937746,138.4340744997332
857.8840937711907,140.96500310837826
858.6873163486068,138.5570580649577
859.490538926023,140.67803230307362
860.2937615034391,140.11869493536202
861.0969840808552,138.11846630388496
861.9002066582714,138.8202699967896
862.7034292356875,140.79552389296933
863.5066518131036,141.10635514549526
864.3098743905198,140.30682642446467
865.1130969679359,143.1457355114405
865.9163195453519,142.11849177465933
866.7195421227681,143.01302106945687
867.5227647001842,141.70209189379088
868.3259872776003,141.21355629565
869.1292098550165,139.713681974305
869.9324324324326,141.24566062722963
870.7356550098488,138.24055422683787
871.5388775872649,141.2756948464965
872.342100164681,141.28988777281072
873.1453227420972,137.37849370239846
873.9485453195133,138.29220769976226
874.7517678969293,143.7663805559629
875.5549904743455,144.55892067807963
876.3582130517616,142.80787125725826
877.1614356291777,139.54157315953353
877.9646582065939,143.01145354311168
878.76788078401,140.81145142327966
879.5711033614261,143.31591367783514
880.3743259388423,143.25253757331538
881.1775485162584,141.40384570014953
881.9807710936745,140.70213886206446
882.7839936710907,137.48540076212663
883.5872162485068,139.6695734989248
884.3904388259228,139.06705354994776
885.193661403339,139.31310836078444
885.9968839807551,141.42756121122193
886.8001065581713,141.09156546688027
887.6033291355874,137.53122392436237
888.4065517130035,140.26715640366305
889.2097742904197,139.9289703381593
890.0129968678358,141.56196590947675
890.8162194452519,143.14029862306379
891.6194420226681,140.36369456953642
892.4226646000842,141.4080298865413
893.2258871775002,139.44448093160554
894.0291097549164,139.89779486577913
894.8323323323325,142.43539639678215
895.6355549097486,144.93495711612425
896.4387774871648,143.09976616142308
897.2420000645809,142.8549983705616
898.045222641997,140.27946286265978
898.8484452194132,141.32104835133623
899.6516677968293,141.51822290042918
900.4548903742455,140.30122373801052
901.2581129516616,137.48007659340323
902.0613355290776,141.5493861634317
902.8645581064937,140.73639064717602
903.6677806839099,140.0833474928542
904.471003261326,140.21272530892506
905.2742258387422,141.15680848745816
906.0774484161583,141.70110983595143
906.8806709935744,143.09630696861575
907.6838935709906,141.77622100860913
908.4871161484067,142.85234880478126
909.2903387258228,141.85270024586185
910.093561303239,145.75587538729047
910.896783880655,142.01898345265124
911.7000064580711,141.6731504127511
912.5032290354873,139.48456476678754
913.3064516129034,140.82792207792204
