50.403225806451616,239.58333333333326
59.28233952427501,240.52320240151832
68.1614532420984,241.16042515004764
77.0405669599218,241.52782151590992
85.91968067774519,241.16083070482443
94.79879439556859,247.16201510506966
103.677908113392,242.3801318000569
112.5570218312154,240.9555418924766
121.43613554903878,240.46610539984349
130.31524926686217,238.99874744778182
139.19436298468557,239.30133206937194
148.07347670250897,238.69163510551192
156.95259042033237,240.81174504012654
165.83170413815577,237.58172026548937
174.71081785597914,237.14714226330523
183.58993157380255,236.83657712232483
192.46904529162595,236.6828447795374
201.34815900944935,234.71784102246986
210.22727272727275,242.1393921715116
219.10638644509612,233.05454564604514
227.98550016291952,237.91795768780636
236.86461388074292,238.30384206009396
245.74372759856632,238.42695850147607
254.62284131638972,237.17184836444932
263.5019550342131,237.26636853041293
272.3810687520365,235.71174592498818
281.2601824698599,233.39594644231235
290.13929618768327,231.8607618233507
299.0184099055067,230.52429907406022
307.89752362333013,229.79438897568343
316.77663734115345,234.09853817750846
325.6557510589769,227.30857731087391
334.5348647768003,229.81535128527577
343.4139784946236,230.07974442605575
352.29309221244705,225.4608537322976
361.1722059302705,224.61930996067872
370.0513196480939,235.61899358788642
378.9304333659172,227.5272653755095
387.80954708374065,234.45132225570495
396.6886608015641,232.10762235455252
405.5677745193874,229.9639333363481
414.4468882372108,230.04887487821517
423.32600195503426,232.29946270625774
432.2051156728576,231.09357878144687
441.084229390681,233.87948715850695
449.96334310850443,235.27976430280484
458.84245682632786,234.87886621337887
467.7215705441512,249.28287158939628
476.6006842619746,242.19589290987653
485.47979797979804,238.84965834134192
494.35891169762135,238.4539655759101
503.2380254154448,238.22046785727954
512.1171391332682,238.3632055995498
520.9962528510916,238.752852937008
529.875366568915,239.20353246875155
538.7544802867384,239.52936679387767
547.6335940045618,239.55722977637478
556.5127077223851,230.26217286771904
565.3918214402086,238.9514043229373
574.2709351580319,238.63903119399384
583.1500488758553,246.6890935520645
592.0291625936787,229.76196699228478
600.9082763115022,237.8084608090219
609.7873900293255,237.40824533491636
618.6665037471489,234.0892054238227
627.5456174649723,235.89030322688234
636.4247311827957,246.48799328186212
645.3038449006191,243.60623040795258
654.1829586184425,229.91400286375543
663.0620723362659,226.2254583512983
671.9411860540893,241.19644920820397
680.8202997719127,229.51127425125324
689.6994134897361,230.62449393349303
698.5785272075594,227.91018253927234
707.4576409253829,229.85823034500214
716.3367546432063,227.71380837402057
725.2158683610296,229.42935578357108
734.094982078853,223.71834490423902
742.9740957966765,241.10711373305838
751.8532095144999,242.02580953231714
760.7323232323232,232.33858064275543
769.6114369501466,229.36281142266378
778.4905506679701,228.87619726240493
787.3696643857934,228.79501801584414
796.2487781036168,226.4194828926288
805.1278918214402,230.2842131171675
814.0070055392636,234.26465814437006
822.886119257087,232.18365684759357
831.7652329749104,233.4028097888139
840.6443466927338,243.24712359393726
849.5234604105572,235.3562275016932
858.4025741283806,239.8695192588216
867.281687846204,236.51643967224953
876.1608015640273,237.23593693668144
885.0399152818508,237.93767195274515
893.9190289996742,238.53737632538295
902.7981427174976,238.95078165953697
911.6772564353209,239.0936195601496
920.5563701531444,238.881621632163
929.4354838709678,238.23051948051943
