50.403225806451616,245.39774537452132
59.28233952427501,240.52320240151832
68.1614532420984,241.16042515004764
77.0405669599218,234.14611704883703
85.91968067774519,244.3395681589576
94.79879439556859,241.58441484759155
103.677908113392,241.339251687389
112.5570218312154,239.43181996254268
121.43613554903878,234.8371165798909
130.31524926686217,242.1306519941447
139.19436298468557,239.30133206937194
148.07347670250897,238.4913510866083
156.95259042033237,238.107491191888
165.83170413815577,237.58172026548937
174.71081785597914,237.14714226330523
183.58993157380255,236.83657712232483
192.46904529162595,235.61253904739405
201.34815900944935,236.71876517193203
210.22727272727275,236.97640421162507
219.10638644509612,237.42393514989078
227.98550016291952,237.91795768780636
236.86461388074292,245.26936079357714
245.74372759856632,238.97505615491602
254.62284131638972,238.13267724667492
263.5019550342131,237.26636853041293
272.3810687520365,235.71174592498818
281.2601824698599,239.8120517864914
290.13929618768327,230.78002684160725
299.0184099055067,222.97157810427055
307.89752362333013,225.4216685324225
316.77663734115345,229.5288260108921
325.6557510589769,217.56896739701222
334.5348647768003,231.73515522469748
343.4139784946236,230.5790150691061
352.29309221244705,230.2504954732786
361.1722059302705,229.85119411010155
370.0513196480939,241.96078420059627
378.9304333659172,230.21150663824878
387.80954708374065,230.10462823612033
396.6886608015641,231.92483439817647
405.5677745193874,228.7692345687645
414.4468882372108,230.04887487821517
423.32600195503426,230.33623931912675
432.2051156728576,231.09357878144687
441.084229390681,232.70803791287685
449.96334310850443,222.14673707748784
458.84245682632786,233.8294041913145
467.7215705441512,238.75565301901082
476.6006842619746,239.0646096031371
485.47979797979804,244.6026826190475
494.35891169762135,238.4539655759101
503.2380254154448,239.9500818690698
512.1171391332682,238.3632055995498
520.9962528510916,240.11768601745652
529.875366568915,239.89881517215008
538.7544802867384,235.11923430238602
547.6335940045618,246.82981826799787
556.5127077223851,252.0950477825534
565.3918214402086,238.9514043229373
574.2709351580319,238.88024211536953
583.1500488758553,226.05008009151575
592.0291625936787,238.11499024573402
600.9082763115022,247.39987079344348
609.7873900293255,237.40824533491636
618.6665037471489,236.82198931913612
627.5456174649723,235.89030322688234
636.4247311827957,246.8345206320993
645.3038449006191,242.43602578757339
654.1829586184425,228.1513271760247
663.0620723362659,231.65569173196627
671.9411860540893,231.2510392658857
680.8202997719127,223.84584587943144
689.6994134897361,239.26414962155295
698.5785272075594,230.23678681798074
707.4576409253829,233.81080678411863
716.3367546432063,229.56405441555063
725.2158683610296,229.42935578357108
734.094982078853,223.240329246396
742.9740957966765,229.61562725446902
751.8532095144999,229.72000825335488
760.7323232323232,215.7936359398907
769.6114369501466,229.36281142266378
778.4905506679701,228.87619726240493
787.3696643857934,228.79501801584414
796.2487781036168,229.32156356929684
805.1278918214402,230.83256419412803
814.0070055392636,231.50029103362226
822.886119257087,232.78712169282758
831.7652329749104,245.21207878475215
840.6443466927338,234.84233873615455
849.5234604105572,235.3562275016932
858.4025741283806,233.13686839526258
867.281687846204,236.51643967224953
876.1608015640273,237.23593693668144
885.0399152818508,242.43097167772493
893.9190289996742,238.53737632538295
902.7981427174976,238.95078165953697
911.6772564353209,243.00470162299948
920.5563701531444,241.16510183345557
929.4354838709678,236.9808232620488
