59.4758064516129,201.3250976665611
60.33553715005327,198.77356596525348
61.19526784849365,201.25674269634865
62.05499854693402,200.73736499369895
62.9147292453744,201.17596411217005
63.774459943814776,200.52288446225592
64.63419064225515,201.08548101029572
65.49392134069552,201.03744998280732
66.35365203913591,200.98801248699627
67.21338273757628,200.93750840989662
68.07311343601665,200.95532651732782
68.93284413445703,200.83466005996655
69.7925748328974,200.33886080848887
70.65230553133779,200.7316240292876
71.51203622977816,200.68088535125176
72.37176692821853,200.63111941413018
73.2314976266589,200.58266610495656
74.0912283250993,200.53586531076488
74.95095902353967,200.9352532964404
75.81068972198004,198.5423509857771
76.67042042042041,200.40877688841869
77.5301511188608,200.37198502449243
78.38988181730117,200.338545110717
79.24961251574155,200.30879703412631
80.10934321418192,200.28308068175414
80.96907391262229,200.26172965732573
81.82880461106268,199.34767846108576
82.68853530950305,200.23194341654118
83.54826600794343,200.55916597656892
84.4079967063838,200.21702050703436
85.26772740482417,200.21422020491786
86.12745810326456,200.2140406197101
86.98718880170493,200.2161167127741
87.8469195001453,201.15038058727677
88.70665019858568,200.22557577916982
89.56638089702605,200.7940054424746
90.42611159546644,198.3566512203226
91.28584229390681,201.0743288153533
92.14557299234718,198.7035043892609
93.00530369078756,202.7043590793138
93.86503438922793,200.27012539673612
94.72476508766832,200.27617188914542
95.58449578610869,201.11668839788908
96.44422648454906,200.83315441134204
97.30395718298945,200.28876069033362
98.16368788142981,200.29120987846014
99.0234185798702,200.29283710032385
99.88314927831057,200.7618151313149
100.74287997675094,200.29374942095512
101.60261067519133,202.07440127242776
102.46234137363169,199.8859806497579
103.32207207207207,202.47286163370728
104.18180277051245,200.28707199968088
105.04153346895282,200.28381188755202
105.90126416739321,200.5632416231091
106.76099486583357,201.70293275205626
107.62072556427395,200.27070883759086
108.48045626271433,198.20318194367988
109.3401869611547,201.40464972572167
110.19991765959509,200.25385014375647
111.05964835803545,197.47118558542377
111.91937905647583,200.2426771708289
112.7791097549162,200.23772174424462
113.63884045335658,200.23345873169802
114.49857115179697,200.23009191377756
115.35830185023732,200.22782507107152
116.21803254867771,200.22686198416847
117.07776324711809,200.2274064336569
117.93749394555846,200.2296622001252
118.79722464399885,200.32349750178588
119.65695534243922,199.48132913328075
120.51668604087959,200.24873520729383
121.37641673931996,200.25987404756623
122.23614743776034,200.27374100702045
123.09587813620072,200.290378873771
123.9556088346411,200.309563141596
124.81533953308147,200.33104366695662
125.67507023152184,200.35457030631449
126.53480092996222,200.38649624415692
127.3945316284026,200.40676135286725
128.254262326843,200.0301199962804
129.11399302528335,200.3824891805775
129.9737237237237,200.49414018921013
130.8334544221641,200.5246904982404
131.69318512060448,200.5555359164976
132.55291581904487,200.58642630044318
133.41264651748523,199.53183556903605
134.2723772159256,201.38559843061446
135.13210791436597,198.8516491841327
135.99183861280636,200.70543462233718
136.85156931124675,200.73279768164556
137.7113000096871,199.63844929210055
138.57103070812747,200.78290597009413
139.43076140656785,200.80514420880328
140.29049210500824,200.8248486704039
141.15022280344863,200.84100657374577
142.009953501889,198.32124174367246
142.86968420032935,201.11060944869982
143.72941489876973,200.58060842816866
144.58914559721012,200.8492527593899
145.4488762956505,199.99409169559917
146.30860699409087,200.80490070398304
147.16833769253125,200.76694491632355
148.0280683909716,200.21740815434967
148.887799089412,199.57697345990445
149.7475297878524,200.07129576346662
150.60726048629274,198.72101314598268
151.46699118473313,202.23516496318936
152.3267218831735,199.6779115350975
153.18645258161388,200.1089839217433
154.04618328005427,199.94591479666275
154.90591397849462,200.46285824555162
155.765644676935,202.23078333977446
156.62537537537537,200.76947192474395
157.48510607381576,199.0686798089702
158.34483677225614,198.78603465527155
159.2045674706965,198.47521622488938
160.0642981691369,198.13480516083717
160.92402886757725,197.7633821061283
161.78375956601764,195.44464712534827
162.64349026445802,199.01421422648008
163.5032209628984,196.4585309027707
164.36295166133877,196.027297703322
165.22268235977913,195.52986598796275
166.08241305821952,195.1041016171901
166.9421437566599,194.72798933745113
167.8018744551003,194.39593318243462
168.66160515354065,193.97656441639523
169.521335851981,193.78886663714056
170.3810665504214,193.47606273688487
171.24079724886178,191.7898010670503
172.10052794730217,192.7374299062107
172.96025864574253,192.3398293421696
173.8199893441829,191.72211866872553
174.67972004262327,191.0638617852285
175.53945074106366,190.3046421817277
176.39918143950405,191.42266277672718
177.2589121379444,189.43729409435008
178.11864283638477,187.86632018265203
178.97837353482515,186.80397165443142
179.83810423326554,187.05496441740894
180.69783493170593,186.67015618752183
181.55756563014629,185.54381472490795
182.41729632858664,185.1616738762871
183.27702702702703,184.8446525152953
184.13675772546742,184.58559257902633
184.9964884239078,184.37733600457406
185.85621912234816,184.2127247290323
186.71594982078852,184.08460068949483
187.5756805192289,183.98580582305547
188.4354112176693,183.909182066808
189.29514191610966,184.9113887817374
190.15487261455004,183.79381638417368
191.01460331299043,184.04488899280528
191.8743340114308,185.4402347204742
192.73406470987118,184.769822745062
193.59379540831154,183.6066051765787
194.45352610675192,183.39236491017138
195.3132568051923,184.33839159651967
196.17298750363267,182.44750140187222
197.03271820207306,182.9235267297221
197.89244890051341,183.73010256185214
198.7521795989538,182.76122077856112
199.6119102973942,182.7607720339894
200.47164099583455,182.19410233630353
201.33137169427494,183.91299834257993
202.19110239271532,183.0312519750177
203.05083309115568,183.19710328758106
203.91056378959607,182.81672263731824
204.77029448803643,183.02244420155412
205.63002518647681,183.06344119914618
206.4897558849172,184.11962605738583
207.34948658335756,184.3926600406841
208.20921728179795,184.67370490470472
209.0689479802383,184.95828543163972
209.9286786786787,185.24192640368074
210.78840937711908,185.52015493484598
211.64814007555944,185.79039664671842
212.50787077399983,185.79904325910087
213.36760147244019,186.4073257008508
214.22733217088057,186.5395649160596
215.08706286932096,188.31688367581407
215.94679356776132,186.43961204155124
216.8065242662017,187.43066325623292
217.66625496464206,188.0825565198107
218.52598566308245,188.072875434726
219.38571636152284,187.36087262721682
220.2454470599632,188.8118651081687
221.10517775840358,187.9487925079752
221.96490845684394,189.67706178093422
222.82463915528433,190.0660641561984
223.68436985372472,190.27859130379449
224.54410055216508,191.27445688082886
225.40383125060546,191.8899149981069
226.26356194904582,193.23697818217363
227.1232926474862,193.20185601361246
227.9830233459266,193.88050111664734
228.84275404436696,191.89150363526824
229.70248474280734,195.23854602529917
230.5622154412477,195.9001080357234
231.4219461396881,196.53813788675137
232.28167683812848,197.1437166807866
233.14140753656883,197.70792552023278
234.00113823500922,198.2218455074935
234.8608689334496,198.92597023264543
235.72059963188997,199.065274173307
236.58033033033036,197.6108578661158
237.4400610287707,199.65631094213356
238.2997917272111,199.86805512991077
239.1595224256515,200.03023243240247
240.01925312409185,200.1475547839626
240.87898382253223,200.224734118945
241.7387145209726,200.2664823717037
242.59844521941298,200.27751147659248
243.45817591785337,199.479361357362
244.31790661629373,200.22625998017614
245.1776373147341,200.17340324757876
246.03736801317447,200.10867510452718
246.89709871161486,199.54446981631173
247.75682941005525,199.3424845329386
248.6165601084956,199.890381556186
249.476290806936,196.8872657977721
250.33602150537635,199.77188093484224
251.19575220381674,199.7348629936877
252.05548290225713,199.81196807261534
252.91521360069748,199.71636655967657
253.77494429913787,202.5239501230383
254.63467499757823,199.7588314098989
255.49440569601862,199.85111431958447
256.35413639445903,200.08797199736188
257.21386709289936,198.12157554381935
258.07359779133975,197.1397748221682
258.93332848978014,199.62225681073988
259.79305918822047,200.0773328639283
260.6527898866609,200.13536196607274
261.51252058510124,200.23764125178587
262.37225128354163,200.23600985282346
263.231981981982,200.27426394929853
264.09171268042235,200.30241224839577
264.9514433788628,201.13330629570217
265.8111740773031,200.3322004143372
266.6709047757435,200.33627041023945
267.5306354741839,199.99664205236385
268.3903661726242,199.40483371976617
269.25009687106467,200.31976482402072
270.109827569505,200.11568175681268
270.9695582679454,202.9890914573229
271.8292889663858,200.28570223202345
272.6890196648261,200.27611677898688
273.54875036326655,200.26944080564658
274.4084810617069,200.26688937653162
275.26821176014727,201.89663170503067
276.12794245858765,200.2786338094645
276.987673157028,200.2933618935092
277.84740385546843,199.60282827204594
278.70713455390876,200.33757578086076
279.56686525234915,200.04456459725102
280.42659595078953,200.39720439059053
281.28632664922986,200.4312008776081
282.1460573476703,200.4671330387331
283.00578804611064,199.70686667871792
283.865518744551,200.542247041323
284.7252494429914,201.25038467880503
285.58498014143174,200.61743171439483
286.4447108398722,200.65345221362224
287.3044415383125,198.51277073960318
288.1641722367529,200.7191528599818
289.0239029351933,200.7475543361225
289.8836336336336,200.77213746690964
290.74336433207407,200.7922629168475
291.6030950305144,200.80729135044047
292.4628257289548,201.84253901210198
293.32255642739517,200.81949982660876
294.1822871258355,203.56929621569017
295.04201782427594,202.82509163109557
295.9017485227163,200.7836606991242
296.76147922115666,200.75565637838255
297.62120991959705,200.7204253177365
298.4809406180374,200.67877008098574
299.3406713164778,200.63149323193022
300.20040201491815,200.57939733436967
301.06013271335854,200.59871314162967
301.91986341179893,201.92486625857057
302.77959411023926,200.4022209886559
303.6393248086797,199.74475011348042
304.49905550712003,200.2747218519846
305.3587862055604,200.21056550318983
306.2185169040008,200.14720805248857
307.07824760244114,199.84218357330272
307.9379783008816,200.02610010056625
308.7977089993219,199.96995472694465
309.6574396977623,199.65497396540653
310.5171703962027,199.87049400337983
311.376901094643,199.82878378103607
312.23663179308346,199.3301504974989
313.0963624915238,199.64423677727441
313.9560931899642,199.7453644373577
314.81582388840457,202.26434065356736
315.6755545868449,199.7325366156974
316.53528528528534,199.46382944872448
317.39501598372567,199.76108170954475
318.2547466821661,199.79077238825045
319.11447738060644,197.30521549515404
319.9742080790468,199.87507796017675
320.8339387774872,199.92719262917973
321.69366947592755,201.36238845473903
322.553400174368,200.0450951727209
323.4131308728083,200.10838282304138
324.27286157124865,199.87326500847743
325.1325922696891,200.23738032023803
325.99232296812943,200.3005899428964
326.8520536665699,200.3612733321164
327.7117843650102,200.41818037578912
328.57151506345053,200.47006096180561
329.431245761891,200.51566497805723
330.2909764603313,200.55374231243496
331.15070715877175,200.58304285283003
332.0104378572121,200.68705482969264
332.8701685556524,200.63544470354714
333.72989925409286,199.54724944189024
334.5896299525332,199.7551194524004
335.44936065097363,200.55413972125473
336.30909134941396,200.50452714346756
337.1688220478543,199.658495597868
338.02855274629474,200.35146913955035
338.88828344473507,200.24551426977976
339.7480141431755,200.11648845832164
340.60774484161584,199.9574833591564
341.46747554005617,199.76107930335385
342.3272062384966,199.51985662198382
343.18693693693695,198.29255752797022
344.0466676353774,198.87327670682114
344.9063983338177,198.45308013516828
345.76612903225805,197.9583862622275
346.6258597306985,194.40339353747322
347.4855904291388,196.71582793676188
348.34532112757927,195.95312414637678
349.2050518260196,195.088939567062
350.06478252445993,196.87824573141776
350.9245132229004,193.32589256220118
351.7842439213407,191.9490956589996
352.64397461978115,191.88933180403023
353.5037053182215,191.0455082644785
354.3634360166618,190.38034407852317
355.22316671510225,189.7605055876167
356.0828974135426,189.18469903480286
356.942628111983,188.65163066312525
357.80235881042336,188.16000671562765
358.6620895088637,187.7081857407086
359.52182020730413,187.29280729801533
360.38155090574446,189.17729041124602
361.2412816041849,186.70478329533188
362.10101230262524,184.2109027154945
362.96074300106557,185.91790276525848
363.820473699506,185.62637454257845
364.68020439794634,185.34794372450423
365.5399350963868,185.07871943123678
366.3996657948271,184.81499519368091
367.25939649326745,185.02613518468382
368.1191271917079,184.30581126075762
368.9788578901482,184.06582000660913
369.83858858858866,183.83927610084586
370.698319287029,184.14165957171326
371.5580499854693,180.9748481036429
372.41778068390977,183.26818002519187
373.2775113823501,182.94992256770306
374.13724208079054,182.52068102850384
374.9969727792309,182.91837566977185
375.8567034776712,182.86394754641282
376.71643417611165,182.84524801249825
377.576164874552,184.28821855265338
378.4358955729924,182.920936936669
379.29562627143275,183.00969222317232
380.1553569698731,185.86403502545815
381.0150876683135,183.26810505812452
381.87481836675386,180.53096004349436
382.7345490651943,183.6064293660459
383.59427976363463,181.39597979356796
384.45401046207496,183.99116607544303
385.3137411605154,184.19210911668446
386.17347185895574,184.39709815296956
387.0332025573962,184.60542834715133
387.8929332558365,186.31563418508173
388.75266395427684,187.57111337157716
389.6123946527173,185.2434175056067
390.4721253511576,185.45806395990508
391.33185604959806,185.67252738636518
392.1915867480384,188.5286515890141
393.0513174464787,185.78695285637684
393.91104814491916,188.46510255228077
394.7707788433595,186.8550749315025
395.63050954179994,186.71742980094479
396.49024024024027,186.62025744906853
397.3499709386806,187.10944554962964
398.20970163712104,187.29819538650304
399.0694323355614,187.4851216741245
399.9291630340018,188.73922147144776
400.78889373244215,188.30660260493687
401.6486244308825,188.067079657875
402.5083551293229,187.84552134479597
403.36808582776325,188.50482133084495
404.2278165262037,188.74825919739015
405.087547224644,188.41348266436478
405.94727792308447,189.30032919879974
406.8070086215248,189.6153854169438
407.66673931996513,189.2184412405282
408.5264700184056,190.33960049630923
409.3862007168459,190.75518344081016
410.24593141528635,191.21069937737633
411.1056621137267,191.70936034764742
411.965392812167,191.71213190347336
412.82512351060745,192.89063591760677
413.6848542090478,193.44999022125384
414.54458490748823,195.52874747184126
415.40431560592856,194.99868678925955
416.2640463043689,197.46427323502823
417.12377700280933,196.65663126903203
417.98350770124966,196.62520583092507
418.8432383996901,196.51595468773442
419.70296909813044,197.7659180565346
420.56269979657077,198.26994783261145
421.4224304950112,198.72085903757326
422.28216119345154,199.71147433805112
423.141891891892,199.47366742978684
424.0016225903323,199.78220276340292
424.86135328877265,200.50878842399916
425.7210839872131,200.7755965184259
426.5808146856534,200.4761621924731
427.44054538409387,200.64133005551088
428.3002760825342,200.7789537338592
429.1600067809745,199.60872448378214
430.01973747941497,203.48518361661039
430.8794681778553,200.94327450266553
431.73919887629575,201.11275642468405
432.5989295747361,201.1548253827662
433.4586602731764,201.18537769837232
434.31839097161685,201.20693137159773
435.1781216700572,202.78170106587788
436.0378523684976,201.23311479128682
436.89758306693795,201.2427805379411
437.7573137653783,201.2535196425954
438.61704446381873,201.26785010534505
439.47677516225906,201.73275966421906
440.3365058606995,201.31735710551115
441.19623655913983,203.3310893215155
442.05596725758016,201.4070691212062
442.9156979560206,200.79215771906044
443.77542865446094,201.52841088860478
444.6351593529014,201.59563412117058
445.4948900513417,201.66439261186338
446.35462074978204,203.52016825701517
447.2143514482225,201.82113748737385
448.0740821466628,199.36830544329297
448.93381284510326,202.2529843140113
449.7935435435436,201.95684835790132
450.6532742419839,201.99019904975754
451.51300494042437,202.01021188387446
452.3727356388647,203.01426137550476
453.23246633730514,201.18344991856262
454.09219703574547,201.9689759314099
454.9519277341858,201.57908344003175
455.81165843262625,202.50247107404292
456.6713891310666,201.73313013707102
457.531119829507,202.9866437522351
458.39085052794735,200.61502785312032
459.2505812263877,201.32285491336688
460.1103119248281,203.62869964529511
460.97004262326845,201.0107726318464
461.8297733217089,200.8571205101345
462.68950402014923,200.73438317043792
463.54923471858956,200.5778587360801
464.40896541703,200.46155485624672
465.26869611547033,200.36700616288192
466.1284268139108,198.46356445926403
466.9881575123511,199.39663760281158
467.84788821079144,200.2574778515672
468.7076189092319,202.14970947699587
469.5673496076722,200.33502894200154
470.42708030611266,200.40993077252153
471.286811004553,200.50430192861063
472.1465417029933,200.61468126179415
473.00627240143376,200.73760762359777
473.8660030998741,200.86961986554678
474.72573379831454,201.72680261608673
475.58546449675487,201.14705739598298
476.4451951951952,201.28556038752103
477.30492589363564,201.09973619712574
478.16465659207597,200.47602043759716
479.0243872905164,201.65867248572033
479.88411798895675,201.75737373139992
480.7438486873971,201.83747166942862
481.6035793858375,199.2792259929202
482.46331008427785,200.5430376036281
483.3230407827183,201.93153415286307
484.1827714811586,200.99170556605202
485.04250217959896,200.28643085745566
485.9022328780394,201.73618412241888
486.76196357647973,201.60284702497475
487.6216942749202,201.44362998805073
488.4814249733605,199.82168164561014
489.34115567180083,200.22536448577466
490.2008863702413,200.33486905938622
491.0606170686816,200.6651435241255
491.92034776712205,202.43760179684418
492.7800784655624,200.29237870663883
493.6398091640027,201.33842019610566
494.49953986244316,199.94130234280473
495.3592705608835,200.46820404116423
496.21900125932393,200.4984855534073
497.07873195776426,199.65659472401794
497.9384626562046,199.62888334291256
498.79819335464504,200.17166751138055
499.65792405308537,199.97402397387685
500.5176547515258,199.70992895354192
501.37738544996614,199.7809753622636
502.23711614840647,198.9433913272643
503.0968468468469,200.1439955212572
503.95657754528725,200.0812876101911
504.8163082437277,200.1997539872846
505.676038942168,201.68448372026066
506.53576964060835,199.7327043193705
507.3955003390488,200.56531940814446
508.2552310374891,200.67986793215437
509.11496173592957,200.785415458291
509.9746924343699,200.87875337271348
510.83442313281023,200.9566730615807
511.6941538312507,201.01596591105178
512.553884529691,201.05342330728578
513.4136152281314,201.06583663644173
514.2733459265718,201.82400991365643
515.1330766250121,199.20404043143773
515.9928073234526,200.9207260830317
516.8525380218929,200.8008770054659
517.7122687203333,200.63994079161728
518.5719994187737,200.85649035193163
519.431730117214,200.18198594592505
520.2914608156544,199.34057799385778
521.1511915140948,198.6853889824
522.0109222125352,199.12117741408127
522.8706529109755,198.43945915262128
523.7303836094159,198.8027675619795
524.5901143078563,198.55977445359213
525.4498450062966,196.96856373286312
526.3095757047371,196.2930193591492
527.1693064031774,195.56084787012526
528.0290371016177,195.82298978248565
528.8887678000582,193.95633330384933
529.7484984984985,193.13102953986697
530.608229196939,193.13786646766602
531.4679598953793,191.62115076285085
532.3276905938197,190.87699050616922
533.1874212922601,190.75673049073663
534.0471519907004,189.8152997621728
534.9068826891408,189.45337037879042
535.7666133875812,189.18234864188733
536.6263440860216,188.98352519200694
537.486074784462,187.01732683205017
538.3458054829023,188.7276357154892
539.2055361813427,188.63315096993895
540.065266879783,188.5360270735859
540.9249975782235,188.41755466697364
541.7847282766638,188.2590243906458
542.6444589751042,187.46506087280915
543.5041896735446,187.7603151360194
544.3639203719849,186.65174184358676
545.2236510704254,187.05280260481666
546.0833817688657,186.6538874234024
546.943112467306,185.23429280996703
547.8028431657465,185.7182749690706
548.6625738641868,185.438172328907
549.5223045626273,185.07151803426848
550.3820352610676,184.746609401532
551.2417659595079,185.64809084281023
552.1014966579484,184.27373192181605
552.9612273563887,184.94362121732038
553.8209580548291,184.04085726707606
554.6806887532695,182.12129401731676
555.5404194517098,183.96023265565844
556.4001501501502,183.84347127298278
557.2598808485906,183.93685655208307
558.119611547031,183.61033855461372
558.9793422454713,183.6271846521563
559.8390729439117,183.82001516033702
560.6988036423521,183.7623621669805
561.5585343407924,183.71950799114362
562.4182650392329,183.70722133122536
563.2779957376732,183.52533722414097
564.1377264361136,183.8374253527398
564.997457134554,184.1017067059184
565.8571878329943,184.33977087417165
566.7169185314348,186.96331033498822
567.5766492298751,184.93972418559406
568.4363799283154,185.34196124414467
569.2961106267559,185.76825642073166
570.1558413251962,187.21242219530126
571.0155720236367,186.63972479648007
571.875302722077,186.50958041508764
572.7350334205174,186.85799093591945
573.5947641189578,187.20516353157296
574.4544948173981,187.9703785840965
575.3142255158385,188.3100812614442
576.1739562142789,190.3545211462639
577.0336869127193,189.00600331011157
577.8934176111596,188.74851993868091
578.7531483096,188.88682552410836
579.6128790080404,189.05672140853318
580.4726097064807,189.27951396344906
581.3323404049212,189.57650956035
582.1920711033615,189.96743416683665
583.0518018018018,189.17111986501533
583.9115325002423,191.00943952154344
584.7712631986826,191.6264395237753
585.6309938971231,192.28449474301064
586.4907245955634,192.96639792956248
587.3504552940037,192.88960413864316
588.2101859924442,194.33329799978267
589.0699166908845,194.99049997746033
589.9296473893249,195.62019529310828
590.7893780877653,195.84835696821787
591.6491087862056,196.7721548237254
592.508839484646,197.28196348139997
593.3685701830864,197.73935436245517
594.2283008815268,198.13809968824373
595.0880315799672,198.47197168011826
595.9477622784075,198.734784683324
596.8074929768479,200.66820165583331
597.6672236752883,200.57086952608213
598.5269543737287,199.65540156622802
599.386685072169,199.84747055941142
600.2464157706094,199.72608770520714
601.1061464690498,199.473102241817
601.9658771674901,199.56301180823306
602.8256078659306,199.64948229967442
603.6853385643709,201.0116679449196
604.5450692628112,199.8123216621337
605.4047999612517,199.88879833540184
606.264530659692,200.29936443950334
607.1242613581325,199.7567465358155
607.9839920565728,200.09910313686055
608.8437227550131,200.1630093349819
609.7034534534536,200.42073911891936
610.5631841518939,201.68942796857212
611.4229148503343,200.63250974021895
612.2826455487747,200.3890944789785
613.142376247215,200.55669930327468
614.0021069456554,200.4851678776346
614.8618376440958,200.52915093756485
615.7215683425362,200.5705034393967
616.5812990409765,202.6582524238631
617.4410297394169,199.95277724861552
618.3007604378573,199.97467254186225
619.1604911362977,200.71068588824158
620.0202218347381,200.1346337484911
620.8799525331784,199.097514752315
621.7396832316188,201.62154052304268
622.5994139300592,201.75260280951832
623.4591446284995,200.83315202983658
624.31887532694,199.91834113044473
625.1786060253803,200.8667520577816
626.0383367238207,200.88029690715402
626.8980674222611,202.16812985609974
627.7577981207014,201.01381818674108
628.6175288191419,200.90796186569509
629.4772595175822,199.11411385000588
630.3369902160226,200.9156397374292
631.196720914463,200.91626181031432
632.0564516129033,200.91474498219193
632.9161823113437,200.9110935087975
633.7759130097841,200.90531164586622
634.6356437082245,201.9785101291278
635.4953744066648,201.393636652865
636.3551051051052,200.4289445936672
637.2148358035456,200.86096541348064
638.0745665019859,200.84459543889588
638.9342972004264,199.83115544585024
639.7940278988667,200.80554518008773
640.653758597307,200.7828838289099
641.5134892957475,203.1190033444379
642.3732199941878,200.73204510650257
643.2329506926283,200.7043992889515
644.0926813910686,200.6756251416587
644.9524120895089,201.25489921359278
645.8121427879494,200.61575978131742
646.6718734863897,198.21249000875682
647.5316041848301,200.55458487241742
648.3913348832705,200.5241737894263
649.2510655817108,200.49423626189764
650.1107962801512,200.4650392706987
650.9705269785916,200.05198340086514
651.830257677032,199.46719403327
652.6899883754724,200.38456132375413
653.5497190739127,199.05346267344953
654.4094497723531,200.33950669000816
655.2691804707935,199.73130246106
656.1289111692339,200.3038217423979
656.9886418676742,200.29016035306208
657.8483725661146,199.97516709251997
658.708103264555,200.27253464766576
659.5678339629953,200.26910429333998
660.4275646614358,200.26961778330545
661.2872953598761,200.27419046429694
662.1470260583164,200.28256957641503
663.0067567567569,200.12169989554053
663.8664874551972,200.3095162005575
664.7262181536377,199.31503783408291
665.585948852078,199.6911096324098
666.4456795505183,200.37079128600988
667.3054102489588,200.39554679415036
668.1651409473991,201.0107071310974
669.0248716458395,200.44970718970535
669.8846023442799,201.20289923295942
670.7443330427202,200.50801526850228
671.6040637411606,199.22638821236356
672.463794439601,200.56800924359368
673.3235251380414,200.5978691338286
674.1832558364817,200.6272273280317
675.0429865349221,200.52514496361974
675.9027172333625,200.68320773486857
676.7624479318029,200.7092145007655
677.6221786302433,201.24199423750952
678.4819093286836,200.57405315621511
679.341640027124,200.1724056486022
680.2013707255644,200.79283843561186
681.0611014240047,201.49725095337627
681.9208321224452,200.06076096672874
682.7805628208855,200.825989008406
683.6402935193258,200.83025509674215
684.5000242177663,200.83085124185445
685.3597549162066,200.82761076112922
686.219485614647,202.46871647675434
687.0792163130874,201.00945964612424
687.9389470115277,200.89476662634618
688.7986777099682,199.0135474255922
689.6584084084085,200.74802507846624
690.5181391068489,200.7182645078313
691.3778698052893,200.6835005330639
692.2376005037296,200.64356647155046
693.09733120217,200.59829564067743
693.9570619006104,200.54752135783122
694.8167925990508,200.49107694039833
695.6765232974911,200.4287957057651
696.5362539959315,200.36051097131806
697.3959846943719,200.28605605444355
698.2557153928122,197.22628424568936
699.1154460912527,199.82035514354607
699.975176789693,200.0141182442815
700.8349074881334,199.89838794238673
701.6946381865738,200.05679703643625
702.5543688850141,199.61183230796016
703.4140995834546,199.43518339220367
704.2738302818949,199.2324046886019
705.1335609803352,199.00058440554244
705.9932916787757,198.73681075141306
706.853022377216,195.6070425799817
707.7127530756565,198.1120197077156
708.5724837740968,197.72465164648153
709.4322144725371,194.55309794739972
710.2919451709776,194.36584632037793
711.1516758694179,196.32008770387577
712.0114065678583,195.75111028711086
712.8711372662987,195.12688516637726
713.730867964739,194.44450059943227
714.5905986631794,196.24554574976716
715.4503293616198,192.92096905066447
716.3100600600602,192.11050351853848
717.1697907585005,190.91258468911676
718.0295214569409,190.64112711372886
718.8892521553813,192.5849587815629
719.7489828538216,188.3611503546669
720.6087135522621,188.24599095689103
721.4684442507024,187.62678348354112
722.3281749491427,187.0811787784166
723.1879056475832,186.60449464217552
724.0476363460235,185.2300659839631
724.907367044464,186.43187491174498
725.7670977429043,185.5409229310018
726.6268284413446,185.29287835454286
727.4865591397851,185.0902329890914
728.3462898382254,184.92828256307203
729.2060205366658,183.07376161184627
730.0657512351062,183.74703693412934
730.9254819335465,185.22545366920724
731.785212631987,184.59334482181214
732.6449433304273,184.56430501932533
733.5046740288677,184.54773452681934
734.364404727308,184.53892907271893
735.2241354257484,184.53318438544883
736.0838661241888,185.30213932333047
736.9435968226292,184.51206022509882
737.8033275210696,185.06742525666212
738.6630582195099,183.0936747793386
739.5227889179503,184.05949344893466
740.3825196163907,186.20228124819874
741.242250314831,184.00025858954731
742.1019810132715,181.44135764068838
742.9617117117118,185.7308117327031
743.8214424101521,183.83364556000043
744.6811731085926,184.40984019499007
745.5409038070329,183.48696638496267
746.4006345054734,183.39325101911706
747.2603652039137,183.24346348087133
748.120095902354,182.6987187098344
748.9798266007945,183.77131271420444
749.8395572992348,182.82050292803655
750.6992879976752,182.91107946510328
751.5590186961156,182.93485626848206
752.418749394556,185.48908953511554
753.2784800929963,181.96453533250443
754.1382107914367,182.35516184242164
754.9979414898771,182.3207705450802
755.8576721883175,181.5113417573061
756.7174028867579,182.33444570350326
757.5771335851982,182.39277985587552
758.4368642836386,183.41195301725418
759.296594982079,183.06955780694767
760.1563256805193,182.83870714610558
761.0160563789598,183.09569636935228
761.8757870774001,183.41587824691672
762.7355177758404,183.8046643334385
763.5952484742809,184.2674661835574
764.4549791727212,184.80969535191284
765.3147098711617,187.33346313741995
766.174440569602,187.50031806633166
767.0341712680423,186.96706231279606
767.8939019664828,187.87787463701775
768.7536326649231,190.30316789237938
769.6133633633635,190.8622563889664
770.4730940618039,191.73794538818203
771.3328247602442,192.1039191609197
772.1925554586846,192.55590954980286
773.052286157125,194.24320754596215
773.9120168555654,195.23856062341974
774.7717475540057,198.86230640345158
775.6314782524461,197.94203304785717
776.4912089508865,197.48385157003608
777.3509396493268,197.02031932576674
778.2106703477673,199.65882707449543
779.0704010462076,201.86843742199196
779.930131744648,199.61731541088653
780.7898624430884,199.94368400430236
781.6495931415287,199.85516280505087
782.5093238399692,197.72906998833727
783.3690545384095,199.87336225935846
784.2287852368498,200.8124375903037
785.0885159352903,200.93585283700395
785.9482466337306,201.5309545682157
786.807977332171,199.74986048626778
787.6677080306114,201.13013585041858
788.5274387290517,201.14647028616864
789.3871694274922,200.48383787960688
790.2469001259325,198.98223045673404
791.1066308243729,201.09315011598426
791.9663615228133,201.9728983763091
792.8260922212536,201.00301679185404
793.685822919694,199.26663982681916
794.5455536181344,200.897851718338
795.4052843165748,200.84730303069068
796.2650150150151,201.4847417699251
797.1247457134555,200.76519044044068
797.9844764118959,198.43282755380403
798.8442071103362,200.98473535137117
799.7039378087767,200.70093885088966
800.563668507217,200.69274952481646
801.4233992056573,198.64075821895
802.2831299040978,200.69195210865172
803.1428606025381,201.0869003107699
804.0025913009786,200.7071957074804
804.8623219994189,199.37648880614128
805.7220526978592,200.73279956172374
806.5817833962997,200.7477113472577
807.44151409474,200.57290924463646
808.3012447931804,200.77820416041325
809.1609754916208,200.7923649981402
810.0207061900611,202.52137246955337
810.8804368885015,201.6533486438651
811.7401675869419,201.22265694984995
812.5998982853823,200.83401503164254
813.4596289838227,200.84218384625987
814.319359682263,200.85023806159344
815.1790903807034,201.8924750418226
816.0388210791438,200.76117347448303
816.8985517775842,201.82018351249928
817.7582824760245,200.88914673151413
818.6180131744649,200.90250630149697
819.4777438729053,200.9181026126235
820.3374745713456,201.57650734654712
821.1972052697861,200.80715993821508
822.0569359682264,200.98223089357643
822.9166666666667,201.15174181041348
823.7763973651072,201.0433514379018
824.6361280635475,201.0805978873853
825.495858761988,201.1228243085108
826.3555894604283,201.17042259134968
827.2153201588686,201.2237846259731
828.0750508573091,200.31991495505338
828.9347815557494,201.34935592932186
829.7945122541898,201.42173065958923
830.6542429526302,201.30269669895708
831.5139736510705,203.0487875014861
832.373704349511,202.21655034294216
833.2334350479513,201.67213134595823
834.0931657463917,201.83909787097735
834.952896444832,203.79747467671658
835.8126271432724,202.0104183694816
836.6723578417128,200.35216336797984
837.5320885401532,204.00921816736232
838.3918192385936,200.27723080823498
839.2515499370339,201.60246730707044
840.1112806354743,202.36894097283286
840.9710113339147,202.4194591344007
841.830742032355,204.76028625437598
842.6904727307955,203.21952367551017
843.5502034292358,201.6519602038645
844.4099341276761,202.59462391150134
845.2696648261166,202.64658633811464
846.1293955245569,201.97029463436968
846.9891262229974,202.05903819514148
847.8488569214377,202.3756579980045
848.708587619878,202.29771960653767
849.5683183183185,202.20392037892665
850.4280490167588,202.09706940215872
851.2877797151992,201.97997576322066
852.1475104136396,201.85544854909952
853.0072411120799,201.72629684678216
853.8669718105203,201.82795152170257
854.7267025089607,201.44097816183648
855.5864332074011,201.3391856805231
856.4461639058414,201.2196268952909
857.3058946042818,201.10948905679749
858.1656253027222,202.4237331480053
859.0253560011625,200.92871256797466
859.885086699603,202.43278895656485
860.7448173980433,200.8193289099504
861.6045480964837,200.79843210995512
862.4642787949241,200.80343147872964
863.3240094933644,202.31570329459052
864.1837401918049,202.9155709451388
865.0434708902452,202.7014549570124
865.9032015886855,201.87493684567622
866.762932287126,201.08581618289463
867.6226629855663,201.39985382099485
868.4823936840068,201.22499094724088
869.3421243824471,201.28005181270245
870.2018550808874,198.4835092329418
871.0615857793279,201.33593891359556
871.9213164777682,202.1829893353525
872.7810471762086,201.3463682154128
873.640777874649,201.22121791305594
874.5005085730893,201.13361888533424
875.3602392715297,201.02991913999222
876.2199699699701,200.91547411358383
877.0797006684105,200.795639242663
877.9394313668508,200.67576996378352
878.7991620652913,200.94466465526176
879.6588927637316,202.40695312387115
880.518623462172,202.19770209520414
881.3783541606124,200.30305749975722
882.2380848590527,200.2633344023975
883.0978155574932,199.6519269071813
883.9575462559335,200.27029706034077
884.8172769543738,200.31142758335196
885.6770076528143,200.3734917729824
886.5367383512546,200.33106427306
887.396469049695,200.54792376387957
888.2561997481354,200.65404287103556
889.1159304465757,200.60024848878916
889.9756611450161,201.2660266058495
890.8353918434565,201.01052047466914
891.6951225418969,201.1316386130843
892.5548532403373,200.99281040741036
893.4145839387776,201.35858361296488
894.274314637218,202.63627843346478
895.1340453356584,201.55085378376887
895.9937760340988,201.63320918453724
896.8535067325391,201.70647525705257
897.7132374309795,202.16986705987867
898.5729681294199,201.89184736057464
899.4326988278602,201.4301013608367
900.2924295263007,201.91010318712546
901.152160224741,201.9390153102818
902.0118909231813,200.6953772677424
902.8716216216218,201.9709556482496
903.7313523200621,201.97412955531527
904.5910830185026,201.96886974927145
905.4508137169429,201.712784909853
906.3105444153832,201.93334038236375
907.1702751138237,201.9032165137539
908.030005812264,202.62788014714536
908.8897365107044,201.81861463685763
909.7494672091448,201.5554566384712
910.6091979075851,201.7020262145731
911.4689286060255,201.63191916422778
912.3286593044659,201.55403401591656
913.1883900029063,201.46844361576655
914.0481207013466,202.1812265697985
914.907851399787,201.6375206854454
915.7675820982274,199.7340800876823
916.6273127966678,200.56849590932188
917.4870434951082,200.9274624518804
918.3467741935485,201.37748546323468
