59.4758064516129,200.46850405004966
60.33553715005327,201.29264307671758
61.19526784849365,201.25674269634865
62.05499854693402,201.1061652835984
62.9147292453744,201.17596411217005
63.774459943814776,201.1317656824279
64.63419064225515,202.2963312768594
65.49392134069552,201.03744998280732
66.35365203913591,200.98801248699627
67.21338273757628,200.93750840989662
68.07311343601665,200.88627763854208
68.93284413445703,200.83466005996655
69.7925748328974,202.69888776430145
70.65230553133779,203.70203385486906
71.51203622977816,200.95370686187698
72.37176692821853,200.63111941413018
73.2314976266589,200.58266610495656
74.0912283250993,199.77653448190907
74.95095902353967,200.7498260014461
75.81068972198004,200.44858081546212
76.67042042042041,200.40877688841869
77.5301511188608,199.66408047563814
78.38988181730117,201.03387069823654
79.24961251574155,200.51489486504514
80.10934321418192,201.00262083025765
80.96907391262229,200.26172965732573
81.82880461106268,200.24479610120522
82.68853530950305,201.92331326707637
83.54826600794343,200.22280656469653
84.4079967063838,200.21702050703436
85.26772740482417,200.21422020491786
86.12745810326456,198.85884558130195
86.98718880170493,200.3114833091748
87.8469195001453,201.55264965058655
88.70665019858568,200.98640373472531
89.56638089702605,200.2322286752277
90.42611159546644,200.23967709500968
91.28584229390681,200.2475559998788
92.14557299234718,200.2555003511982
93.00530369078756,200.26314511033104
93.86503438922793,199.4058709612725
94.72476508766832,200.27617188914542
95.58449578610869,200.28127263959934
96.44422648454906,200.28545859202103
97.30395718298945,199.50173800814204
98.16368788142981,200.29120987846014
99.0234185798702,201.21314319497174
99.88314927831057,200.2936732998478
100.74287997675094,200.29374942095512
101.60261067519133,200.293096407569
102.46234137363169,200.29174520361246
103.32207207207207,202.05657732580912
104.18180277051245,199.79495669553467
105.04153346895282,200.28381188755202
105.90126416739321,200.33551395035116
106.76099486583357,202.721558864848
107.62072556427395,200.27070883759086
108.48045626271433,200.26534740577318
109.3401869611547,200.2596601289229
110.19991765959509,200.2018555973179
111.05964835803545,201.04234576385772
111.91937905647583,200.2426771708289
112.7791097549162,199.44721440305628
113.63884045335658,203.00776036782068
114.49857115179697,200.23009191377756
115.35830185023732,200.22782507107152
116.21803254867771,200.22686198416847
117.07776324711809,199.3452238879584
117.93749394555846,200.2296622001252
118.79722464399885,200.382233618402
119.65695534243922,200.24012280635523
120.51668604087959,200.24873520729383
121.37641673931996,197.58908980265323
122.23614743776034,199.59212053016245
123.09587813620072,200.290378873771
123.9556088346411,203.30034191199726
124.81533953308147,202.14994688858232
125.67507023152184,200.35457030631449
126.53480092996222,201.32741294753083
127.3945316284026,199.86085794851607
128.254262326843,200.88975177726434
129.11399302528335,200.4641351329455
129.9737237237237,201.92975716118602
130.8334544221641,200.5246904982404
131.69318512060448,200.5555359164976
132.55291581904487,200.58642630044318
133.41264651748523,200.6171115065385
134.2723772159256,200.67756793240144
135.13210791436597,200.01082160220946
135.99183861280636,200.9601859070578
136.85156931124675,200.73279768164556
137.7113000096871,200.7587048454108
138.57103070812747,199.91327172046923
139.43076140656785,200.80514420880328
140.29049210500824,200.8248486704039
141.15022280344863,200.84100657374577
142.009953501889,199.29230200072615
142.86968420032935,198.9755745827947
143.72941489876973,200.85774101165097
144.58914559721012,200.8492527593899
145.4488762956505,201.2433897422577
146.30860699409087,199.26164026040794
147.16833769253125,200.76694491632355
148.0280683909716,200.7170746323511
148.887799089412,200.65424385980882
149.7475297878524,200.57740660643998
150.60726048629274,201.014810347081
151.46699118473313,200.37752868819547
152.3267218831735,200.7701888948987
153.18645258161388,199.72177674157328
154.04618328005427,199.94591479666275
154.90591397849462,199.76176917983173
155.765644676935,199.858087686157
156.62537537537537,200.44211178101594
157.48510607381576,199.0686798089702
158.34483677225614,198.78603465527155
159.2045674706965,199.24349775313635
160.0642981691369,198.13480516083717
160.92402886757725,198.3052141488902
161.78375956601764,197.35952770377622
162.64349026445802,196.37836187652002
163.5032209628984,196.01635963586477
164.36295166133877,194.23624791246291
165.22268235977913,197.5499816658674
166.08241305821952,195.1041016171901
166.9421437566599,194.02430816393309
167.8018744551003,194.39593318243462
168.66160515354065,194.08919120066082
169.521335851981,192.8809178774002
170.3810665504214,194.0735677974224
171.24079724886178,193.13188274490463
172.10052794730217,192.7374299062107
172.96025864574253,192.27380746581403
173.8199893441829,191.72211866872553
174.67972004262327,191.0638617852285
175.53945074106366,188.1655687630568
176.39918143950405,190.76568150731256
177.2589121379444,188.65940278542266
178.11864283638477,187.86632018265203
178.97837353482515,187.15253482560703
179.83810423326554,185.79234147597538
180.69783493170593,188.81057203051088
181.55756563014629,185.54381472490795
182.41729632858664,184.79142857161932
183.27702702702703,184.8446525152953
184.13675772546742,184.58559257902633
184.9964884239078,184.37733600457406
185.85621912234816,182.67465670228157
186.71594982078852,184.92558638364446
187.5756805192289,183.73652756735328
188.4354112176693,183.909182066808
189.29514191610966,186.66910798349585
190.15487261455004,183.79381638417368
191.01460331299043,184.57249604128998
191.8743340114308,183.6812432992649
192.73406470987118,184.149184431529
193.59379540831154,183.51420343723103
194.45352610675192,183.39236491017138
195.3132568051923,184.60772593195244
196.17298750363267,183.074055064395
197.03271820207306,182.9235267297221
197.89244890051341,183.01710756665472
198.7521795989538,182.76122077856112
199.6119102973942,184.03834884772613
200.47164099583455,182.80861113041374
201.33137169427494,181.60755865895902
202.19110239271532,183.0312519750177
203.05083309115568,181.85477375272743
203.91056378959607,183.39334156990768
204.77029448803643,184.15026598723495
205.63002518647681,183.8590781726183
206.4897558849172,184.88575462498423
207.34948658335756,184.3926600406841
208.20921728179795,184.67370490470472
209.0689479802383,183.70259433164784
209.9286786786787,186.63433265812503
210.78840937711908,185.52015493484598
211.64814007555944,184.58902270596278
212.50787077399983,186.05540322795505
213.36760147244019,186.3188533666024
214.22733217088057,186.72877294216178
215.08706286932096,186.85579906831614
215.94679356776132,187.15695489508383
216.8065242662017,186.48643057899034
217.66625496464206,187.74151150263407
218.52598566308245,188.072875434726
219.38571636152284,187.27126485603577
220.2454470599632,189.55434808572792
221.10517775840358,186.33134539184942
221.96490845684394,190.12875566869013
222.82463915528433,190.16618446217973
223.68436985372472,191.35684447621182
224.54410055216508,191.54535774651572
225.40383125060546,191.8899149981069
226.26356194904582,193.37557910852004
227.1232926474862,193.60024349049317
227.9830233459266,193.88050111664734
228.84275404436696,194.562370753075
229.70248474280734,196.76594633558304
230.5622154412477,194.26988006277904
231.4219461396881,198.85674904765645
232.28167683812848,197.1437166807866
233.14140753656883,195.81294694351715
234.00113823500922,198.2218455074935
234.8608689334496,198.67655774497243
235.72059963188997,199.39790551070377
236.58033033033036,199.39028793471695
237.4400610287707,198.3685297789172
238.2997917272111,199.86805512991077
239.1595224256515,200.03023243240247
240.01925312409185,199.774335072094
240.87898382253223,198.46901082767434
241.7387145209726,199.08187226027673
242.59844521941298,200.28870281581516
243.45817591785337,200.26253336796537
244.31790661629373,202.3676520760946
245.1776373147341,201.99905316536808
246.03736801317447,200.10867510452718
246.89709871161486,200.0367874853752
247.75682941005525,200.14234362894075
248.6165601084956,199.890381556186
249.476290806936,199.82528711485645
250.33602150537635,201.54796854504409
251.19575220381674,199.7348629936877
252.05548290225713,199.75017107813653
252.91521360069748,199.71636655967657
253.77494429913787,199.73107045427133
254.63467499757823,200.20440811880715
255.49440569601862,196.82973880796916
256.35413639445903,199.84479146415083
257.21386709289936,199.50387475203252
258.07359779133975,199.39617074215295
258.93332848978014,200.0170780026384
259.79305918822047,198.57605452441345
260.6527898866609,200.13536196607274
261.51252058510124,200.18898204904627
262.37225128354163,199.33193594732288
263.231981981982,200.27426394929853
264.09171268042235,199.75876146882322
264.9514433788628,200.56861084641397
265.8111740773031,202.71448629183865
266.6709047757435,200.33627041023945
267.5306354741839,200.3347444341348
268.3903661726242,200.3288375505522
269.25009687106467,200.31976482402072
270.109827569505,202.38651996492658
270.9695582679454,202.0474265751766
271.8292889663858,198.6930691110968
272.6890196648261,200.27611677898688
273.54875036326655,200.26944080564658
274.4084810617069,200.26688937653162
275.26821176014727,200.2696774125013
276.12794245858765,199.8837785144836
276.987673157028,200.2933618935092
277.84740385546843,200.3132223291399
278.70713455390876,200.33757578086076
279.56686525234915,200.36578291317622
280.42659595078953,200.39720439059053
281.28632664922986,200.4312008776081
282.1460573476703,200.4671330387331
283.00578804611064,200.50436153847
283.865518744551,200.97449278929952
284.7252494429914,201.59168122237048
285.58498014143174,200.61743171439483
286.4447108398722,200.12814779782028
287.3044415383125,200.6875723739831
288.1641722367529,200.7191528599818
289.0239029351933,200.7475543361225
289.8836336336336,200.77213746690964
290.74336433207407,203.5149721086891
291.6030950305144,200.80729135044047
292.4628257289548,200.81658343219274
293.32255642739517,202.63678153715324
294.1822871258355,200.81540119819277
295.04201782427594,201.1619765303375
295.9017485227163,200.7836606991242
296.76147922115666,200.75565637838255
297.62120991959705,200.10940125831866
298.4809406180374,200.67877008098574
299.3406713164778,200.63149323193022
300.20040201491815,202.95839580269188
301.06013271335854,200.5232849521039
301.91986341179893,200.46395864893267
302.77959411023926,200.4022209886559
303.6393248086797,200.33887453507327
304.49905550712003,200.4659269079338
305.3587862055604,200.6850517381842
306.2185169040008,203.01668201643722
307.07824760244114,200.0854520636808
307.9379783008816,201.18313525017564
308.7977089993219,200.55767636488383
309.6574396977623,199.91781850661584
310.5171703962027,200.71424710964126
311.376901094643,197.90628090521227
312.23663179308346,199.79349040338468
313.0963624915238,199.76541643422524
313.9560931899642,199.7453644373577
314.81582388840457,199.73413697658182
315.6755545868449,199.7325366156974
316.53528528528534,200.22118350198423
317.39501598372567,200.24117411486074
318.2547466821661,199.79077238825045
319.11447738060644,198.7335141126873
319.9742080790468,198.53763653544806
320.8339387774872,199.92719262917973
321.69366947592755,199.14789600340507
322.553400174368,200.78724385786114
323.4131308728083,199.9083411095372
324.27286157124865,200.1728945762501
325.1325922696891,200.23738032023803
325.99232296812943,200.75553718172833
326.8520536665699,200.3612733321164
327.7117843650102,200.41818037578912
328.57151506345053,200.47006096180561
329.431245761891,200.51566497805723
330.2909764603313,200.55374231243496
331.15070715877175,202.37764673435507
332.0104378572121,200.6023164871335
332.8701685556524,198.4731621076047
333.72989925409286,200.104647985414
334.5896299525332,201.27694714369966
335.44936065097363,200.55413972125473
336.30909134941396,200.78393622614104
337.1688220478543,201.39436647659545
338.02855274629474,200.35146913955035
338.88828344473507,199.90089168965082
339.7480141431755,200.11648845832164
340.60774484161584,199.9574833591564
341.46747554005617,199.76107930335385
342.3272062384966,199.85690493136985
343.18693693693695,196.27406667450455
344.0466676353774,198.87327670682114
344.9063983338177,198.45308013516828
345.76612903225805,197.9583862622275
346.6258597306985,199.95200639675224
347.4855904291388,197.40819149598858
348.34532112757927,195.95312414637678
349.2050518260196,195.088939567062
350.06478252445993,197.08591378470044
350.9245132229004,193.32589256220118
351.7842439213407,192.41596168302286
352.64397461978115,191.75729190243908
353.5037053182215,190.85780659031678
354.3634360166618,190.38034407852317
355.22316671510225,189.7605055876167
356.0828974135426,190.60607922708604
356.942628111983,188.65163066312525
357.80235881042336,188.16000671562765
358.6620895088637,187.7081857407086
359.52182020730413,187.29280729801533
360.38155090574446,186.31875379131213
361.2412816041849,187.8634726235761
362.10101230262524,186.80834697248497
362.96074300106557,185.91790276525848
363.820473699506,185.62637454257845
364.68020439794634,185.34794372450423
365.5399350963868,186.7578636724082
366.3996657948271,187.16581175223416
367.25939649326745,184.55646470815904
368.1191271917079,184.20454241378502
368.9788578901482,184.06582000660913
369.83858858858866,183.83927610084586
370.698319287029,183.62896469860033
371.5580499854693,184.99990217720566
372.41778068390977,183.55699960082876
373.2775113823501,183.12327706429383
374.13724208079054,183.00574722744304
374.9969727792309,182.06934493908523
375.8567034776712,183.45705627329676
376.71643417611165,182.84524801249825
377.576164874552,183.25979416113944
378.4358955729924,181.70769272485046
379.29562627143275,182.11326529625262
380.1553569698731,183.12681284080537
381.0150876683135,183.26810505812452
381.87481836675386,183.42937514368586
382.7345490651943,183.6064293660459
383.59427976363463,183.79507399376075
384.45401046207496,183.99116607544303
385.3137411605154,185.26434919499255
386.17347185895574,184.93031902743337
387.0332025573962,184.93799210722466
387.8929332558365,184.81639486208275
388.75266395427684,185.02929286061686
389.6123946527173,183.82373854456256
390.4721253511576,185.45806395990508
391.33185604959806,185.71349640985008
392.1915867480384,185.88610294783985
393.0513174464787,186.09808580718217
393.91104814491916,185.68164281508467
394.7707788433595,187.18017701877864
395.63050954179994,186.71742980094479
396.49024024024027,186.9159934802875
397.3499709386806,187.10944554962964
398.20970163712104,187.29819538650304
399.0694323355614,187.4851216741245
399.9291630340018,187.12624832782166
400.78889373244215,187.8663517681707
401.6486244308825,188.067079657875
402.5083551293229,188.2788321648865
403.36808582776325,188.50482133084495
404.2278165262037,186.94558671121314
405.087547224644,187.87044504141022
405.94727792308447,189.30032919879974
406.8070086215248,190.83049033303033
407.66673931996513,189.96073850223365
408.5264700184056,190.33960049630923
409.3862007168459,188.886811826944
410.24593141528635,190.98172904261384
411.1056621137267,191.70936034764742
411.965392812167,191.95818079057392
412.82512351060745,193.89111293466752
413.6848542090478,193.1884709858561
414.54458490748823,193.54729106897648
415.40431560592856,194.7272343757013
416.2640463043689,195.37193511708477
417.12377700280933,196.00781147530913
417.98350770124966,196.1001434001522
418.8432383996901,198.75771219581878
419.70296909813044,200.42860893478382
420.56269979657077,197.3930733857907
421.4224304950112,198.72085903757326
422.28216119345154,199.12099254557094
423.141891891892,199.47366742978684
424.0016225903323,200.59748919282234
424.86135328877265,200.04991761960125
425.7210839872131,200.28013107156397
426.5808146856534,200.4761621924731
427.44054538409387,200.64133005551088
428.3002760825342,202.8016575271179
429.1600067809745,200.89226969462882
430.01973747941497,200.708577902373
430.8794681778553,201.05665282403055
431.73919887629575,201.11275642468405
432.5989295747361,199.27089450506898
433.4586602731764,201.33619865241133
434.31839097161685,201.20693137159773
435.1781216700572,202.0154661968981
436.0378523684976,201.23311479128682
436.89758306693795,201.0050866634444
437.7573137653783,201.2535196425954
438.61704446381873,201.26785010534505
439.47677516225906,201.1025535904177
440.3365058606995,201.31735710551115
441.19623655913983,201.3572000480495
442.05596725758016,202.4163814622628
442.9156979560206,201.46484764500394
443.77542865446094,202.25165737821334
444.6351593529014,201.59563412117058
445.4948900513417,201.66439261186338
446.35462074978204,201.73256162984512
447.2143514482225,201.79801644427792
448.0740821466628,200.4368262638262
448.93381284510326,201.91228453914397
449.7935435435436,201.95684835790132
450.6532742419839,202.44782867926898
451.51300494042437,202.8702967309303
452.3727356388647,202.0147621294142
453.23246633730514,203.41596254021184
454.09219703574547,201.9689759314099
454.9519277341858,199.90580131871062
455.81165843262625,201.83585081366715
456.6713891310666,204.5459326571622
457.531119829507,202.70078944948688
458.39085052794735,202.04063664331926
459.2505812263877,201.32285491336688
460.1103119248281,201.16756839500877
460.97004262326845,201.0107726318464
461.8297733217089,200.9984320452724
462.68950402014923,199.06019273117488
463.54923471858956,200.79954931267497
464.40896541703,199.88229290980826
465.26869611547033,200.36700616288192
466.1284268139108,200.2988655422403
466.9881575123511,200.8025240427729
467.84788821079144,200.2574778515672
468.7076189092319,200.28305758552526
469.5673496076722,198.64201770660762
470.42708030611266,200.40993077252153
471.286811004553,200.50430192861063
472.1465417029933,199.9884414665089
473.00627240143376,200.73760762359777
473.8660030998741,200.21177848149813
474.72573379831454,201.00725683916673
475.58546449675487,201.14705739598298
476.4451951951952,200.80555750741118
477.30492589363564,202.41561213815936
478.16465659207597,200.0779350779938
479.0243872905164,199.6756555392529
479.88411798895675,200.70595352501903
480.7438486873971,201.83747166942862
481.6035793858375,203.613301429301
482.46331008427785,201.9280130286347
483.3230407827183,201.93153415286307
484.1827714811586,201.90260737554223
485.04250217959896,201.8377822264543
485.9022328780394,202.29423598286144
486.76196357647973,201.60284702497475
487.6216942749202,202.2608494570818
488.4814249733605,202.9124998035217
489.34115567180083,201.07099231147677
490.2008863702413,200.59164315660587
491.0606170686816,200.6651435241255
491.92034776712205,200.46441259872967
492.7800784655624,200.27295605742532
493.6398091640027,200.47396600068444
494.49953986244316,200.19225126599778
495.3592705608835,198.41860910431964
496.21900125932393,199.71701708718237
497.07873195776426,199.65659472401794
497.9384626562046,199.62888334291256
498.79819335464504,198.75860173831774
499.65792405308537,199.0207223976109
500.5176547515258,199.70992895354192
501.37738544996614,199.7809753622636
502.23711614840647,199.86868968383968
503.0968468468469,199.9698633044292
503.95657754528725,200.0812876101911
504.8163082437277,200.1997539872846
505.676038942168,202.96380866040593
506.53576964060835,201.60469674812063
507.3955003390488,200.56531940814446
508.2552310374891,200.67986793215437
509.11496173592957,200.785415458291
509.9746924343699,200.87875337271348
510.83442313281023,200.9566730615807
511.6941538312507,201.01596591105178
512.553884529691,201.05342330728578
513.4136152281314,198.6695095355991
514.2733459265718,201.04999728467862
515.1330766250121,201.00269663815567
515.9928073234526,200.9207260830317
516.8525380218929,200.8008770054659
517.7122687203333,200.63994079161728
518.5719994187737,200.4347088276449
519.431730117214,201.93722707438806
520.2914608156544,199.87944110413264
521.1511915140948,199.52611671584242
522.0109222125352,201.30364999398208
522.8706529109755,199.65708267864534
523.7303836094159,195.91202550438445
524.5901143078563,198.32260628047266
525.4498450062966,197.40895669205077
526.3095757047371,196.2930193591492
527.1693064031774,196.73889003784447
528.0290371016177,194.77499636207006
528.8887678000582,195.7272506718314
529.7484984984985,193.13102953986697
530.608229196939,192.32525671940476
531.4679598953793,191.5651864917449
532.3276905938197,190.87699050616922
533.1874212922601,190.34115167674642
534.0471519907004,189.8152997621728
534.9068826891408,189.45337037879042
535.7666133875812,189.18234864188733
536.6263440860216,188.98352519200694
537.486074784462,188.43395220423608
538.3458054829023,188.7276357154892
539.2055361813427,188.63315096993895
540.065266879783,188.01071872713518
540.9249975782235,188.41755466697364
541.7847282766638,188.2590243906458
542.6444589751042,190.38631041420808
543.5041896735446,188.32125584271049
544.3639203719849,188.3002615566323
545.2236510704254,185.2414610073419
546.0833817688657,186.6538874234024
546.943112467306,186.24282919955724
547.8028431657465,186.28942639162273
548.6625738641868,186.39814124356752
549.5223045626273,185.07151803426848
550.3820352610676,185.9826861111034
551.2417659595079,184.47691860678088
552.1014966579484,183.34676907362373
552.9612273563887,184.13232574306326
553.8209580548291,184.86365749552112
554.6806887532695,184.63017262489848
555.5404194517098,183.96023265565844
556.4001501501502,183.94732613635793
557.2598808485906,183.93685655208307
558.119611547031,183.66067149073777
558.9793422454713,183.87669827281454
559.8390729439117,184.03480937307296
560.6988036423521,183.7623621669805
561.5585343407924,185.4245401686301
562.4182650392329,183.70722133122536
563.2779957376732,186.00556952365963
564.1377264361136,184.12876963565319
564.997457134554,184.41956280587877
565.8571878329943,184.2607207541358
566.7169185314348,185.20148590913993
567.5766492298751,184.93972418559406
568.4363799283154,185.34196124414467
569.2961106267559,186.16469030618666
570.1558413251962,186.20528563247126
571.0155720236367,186.16131419309409
571.875302722077,187.05824982987434
572.7350334205174,187.61523615061463
573.5947641189578,187.79426117328532
574.4544948173981,188.08509931753485
575.3142255158385,188.3100812614442
576.1739562142789,188.48145417884263
577.0336869127193,188.4904302360944
577.8934176111596,189.1386317914943
578.7531483096,188.88682552410836
579.6128790080404,189.05672140853318
580.4726097064807,191.85340728961853
581.3323404049212,189.57650956035
582.1920711033615,192.44930437130634
583.0518018018018,190.04602375309994
583.9115325002423,190.51050217707618
584.7712631986826,191.46341362906207
585.6309938971231,192.28449474301064
586.4907245955634,191.1068524974343
587.3504552940037,194.20050060883847
588.2101859924442,194.33329799978267
589.0699166908845,194.99049997746033
589.9296473893249,195.62019529310828
590.7893780877653,196.2161561680791
591.6491087862056,196.7721548237254
592.508839484646,197.28196348139997
593.3685701830864,197.73935436245517
594.2283008815268,196.8523549080802
595.0880315799672,199.34861835498478
595.9477622784075,198.734784683324
596.8074929768479,199.7185643649243
597.6672236752883,197.23497123629014
598.5269543737287,199.18210175880034
599.386685072169,199.7070219144784
600.2464157706094,198.94003112327445
601.1061464690498,196.99846515329168
601.9658771674901,198.88990315223518
602.8256078659306,199.64948229967442
603.6853385643709,199.7325676172663
604.5450692628112,199.8123216621337
605.4047999612517,199.88879833540184
606.264530659692,199.9620515381956
607.1242613581325,200.0321351716401
607.9839920565728,202.24238110434646
608.8437227550131,200.1630093349819
609.7034534534536,199.6219278485404
610.5631841518939,200.28185203442786
611.4229148503343,200.33689633800253
612.2826455487747,200.88212227625715
613.142376247215,203.37902667200746
614.0021069456554,200.4851678776346
614.8618376440958,200.52915093756485
615.7215683425362,201.31817251757087
616.5812990409765,201.87682990143077
617.4410297394169,200.64553237326552
618.3007604378573,200.6793166075526
619.1604911362977,199.0164482378494
620.0202218347381,198.82712022646564
620.8799525331784,199.918015232118
621.7396832316188,200.79084301997088
622.5994139300592,200.81308833979318
623.4591446284995,200.83315202983658
624.31887532694,200.85103851725424
625.1786060253803,200.8667520577816
626.0383367238207,200.88029690715402
626.8980674222611,200.8916773211068
627.7577981207014,201.29679050366065
628.6175288191419,200.90796186569509
629.4772595175822,200.9128745078012
630.3369902160226,200.17052500195177
631.196720914463,200.91626181031432
632.0564516129033,200.91474498219193
632.9161823113437,200.10195770814238
633.7759130097841,203.891365807184
634.6356437082245,200.89740364913354
635.4953744066648,200.88737377433483
636.3551051051052,200.87522627720543
637.2148358035456,202.14388612287325
638.0745665019859,200.640488472148
638.9342972004264,200.82612060918643
639.7940278988667,200.80554518008773
640.653758597307,200.7828838289099
641.5134892957475,200.7582956134444
642.3732199941878,200.73204510650257
643.2329506926283,200.02647130908667
644.0926813910686,200.6756251416587
644.9524120895089,200.6459896454916
645.8121427879494,199.83795609047323
646.6718734863897,200.58520253000356
647.5316041848301,200.55458487241742
648.3913348832705,200.97393557562694
649.2510655817108,200.49423626189764
650.1107962801512,200.4650392706987
650.9705269785916,200.43684979669692
651.830257677032,200.40993482075962
652.6899883754724,200.38456132375413
653.5497190739127,200.36099628654785
654.4094497723531,201.55730191552044
655.2691804707935,200.03070883490162
656.1289111692339,200.73290892730117
656.9886418676742,200.29016035306208
657.8483725661146,200.27964232786223
658.708103264555,200.4822352141452
659.5678339629953,200.26910429333998
660.4275646614358,200.26961778330545
661.2872953598761,201.73200129493927
662.1470260583164,200.28256957641503
663.0067567567569,200.2944473962914
663.8664874551972,199.83406403817315
664.7262181536377,200.32746826584489
665.585948852078,200.3479958687852
666.4456795505183,200.37079128600988
667.3054102489588,200.7475490970965
668.1651409473991,200.42195466983833
669.0248716458395,200.44970718970535
669.8846023442799,200.47849663038278
670.7443330427202,203.31338224606895
671.6040637411606,198.8756781862503
672.463794439601,200.56800924359368
673.3235251380414,200.5978691338286
674.1832558364817,200.43028862722295
675.0429865349221,200.59817504383537
675.9027172333625,200.68320773486857
676.7624479318029,199.57845954039246
677.6221786302433,200.73348867715674
678.4819093286836,200.7557225406739
679.341640027124,197.7848325267848
680.2013707255644,200.79283843561186
681.0611014240047,201.27215574126205
681.9208321224452,200.8182196594595
682.7805628208855,200.825989008406
683.6402935193258,200.83025509674215
684.5000242177663,199.9549619942718
685.3597549162066,200.91671718840928
686.219485614647,199.92348741847778
687.0792163130874,201.7760376560613
687.9389470115277,200.7932027377931
688.7986777099682,200.7729489275823
689.6584084084085,200.74802507846624
690.5181391068489,200.7182645078313
691.3778698052893,200.6835005330639
692.2376005037296,200.64356647155046
693.09733120217,200.59829564067743
693.9570619006104,200.54752135783122
694.8167925990508,200.49107694039833
695.6765232974911,202.27014280995482
696.5362539959315,200.36051097131806
697.3959846943719,199.34440996359132
698.2557153928122,200.20504277549563
699.1154460912527,199.69233695654128
699.975176789693,200.0141182442815
700.8349074881334,199.89838794238673
701.6946381865738,198.98364372363113
702.5543688850141,199.61183230796016
703.4140995834546,199.43518339220367
704.2738302818949,198.34766852402473
705.1335609803352,199.00058440554244
705.9932916787757,198.73681075141306
706.853022377216,198.71279590956442
707.7127530756565,197.0622784142916
708.5724837740968,197.72465164648153
709.4322144725371,197.13685886169733
710.2919451709776,196.68354360447904
711.1516758694179,196.32008770387577
712.0114065678583,195.75111028711086
712.8711372662987,195.12688516637726
713.730867964739,194.44450059943227
714.5905986631794,193.70459151659904
715.4503293616198,192.92096905066447
716.3100600600602,192.11050351853848
717.1697907585005,191.29006523713122
718.0295214569409,190.4185501608398
718.8892521553813,190.5003160266288
719.7489828538216,188.70404095462322
720.6087135522621,188.24599095689103
721.4684442507024,188.06314526131862
722.3281749491427,184.5656751793322
723.1879056475832,186.60449464217552
724.0476363460235,186.19202680324292
724.907367044464,183.1829746073369
725.7670977429043,185.5409229310018
726.6268284413446,185.29287835454286
727.4865591397851,185.0902329890914
728.3462898382254,184.92828256307203
729.2060205366658,184.80232280490966
730.0657512351062,184.70764944302903
730.9254819335465,182.76535705967547
731.785212631987,186.07486783125552
732.6449433304273,185.3703770256131
733.5046740288677,184.54773452681934
734.364404727308,182.34539407640506
735.2241354257484,184.53318438544883
736.0838661241888,184.5257961934339
736.9435968226292,184.51206022509882
737.8033275210696,184.4872722088684
738.6630582195099,184.4467278731674
739.5227889179503,184.38615658585783
740.3825196163907,185.3750872093814
741.242250314831,183.3222832278951
742.1019810132715,184.0945041430273
742.9617117117118,183.96903292144896
743.8214424101521,183.83364556000043
744.6811731085926,183.69086849695003
745.5409038070329,183.5432281705662
746.4006345054734,182.91119242652437
747.2603652039137,183.24346348087133
748.120095902354,183.09639199409705
748.9798266007945,184.34530385949338
749.8395572992348,182.23636034737657
750.6992879976752,182.69673822528696
751.5590186961156,182.58579532708237
752.418749394556,182.490200671691
753.2784800929963,182.41248069738134
754.1382107914367,184.1284527342768
754.9979414898771,182.3207705450802
755.8576721883175,182.3122464322506
756.7174028867579,182.2211209455302
757.5771335851982,182.39277985587552
758.4368642836386,181.6500568271998
759.296594982079,182.639499022537
760.1563256805193,182.83870714610558
761.0160563789598,182.9044483945256
761.8757870774001,181.84780853436635
762.7355177758404,184.2382382117571
763.5952484742809,183.4909942840249
764.4549791727212,184.80969535191284
765.3147098711617,185.37652750016701
766.174440569602,186.81809593276844
767.0341712680423,187.09725845125337
767.8939019664828,187.87787463701775
768.7536326649231,188.8366913214197
769.6133633633635,188.68116652628987
770.4730940618039,191.0059418571628
771.3328247602442,193.23372923509243
772.1925554586846,193.1906263302874
773.052286157125,196.09866503427583
773.9120168555654,195.23856062341974
774.7717475540057,196.4280048328918
775.6314782524461,199.07554423506994
776.4912089508865,196.77662554206978
777.3509396493268,198.27526606263058
778.2106703477673,198.79423982550546
779.0704010462076,199.23781920656992
779.930131744648,199.3456753145398
780.7898624430884,199.94368400430236
781.6495931415287,200.162777730468
782.5093238399692,198.8613532409708
783.3690545384095,200.6545813857356
784.2287852368498,200.8124375903037
785.0885159352903,202.30176927131342
785.9482466337306,200.36943609375723
786.807977332171,201.09163366500925
787.6677080306114,201.13013585041858
788.5274387290517,201.14647028616864
789.3871694274922,203.02291592821624
790.2469001259325,201.12490911689935
791.1066308243729,201.52428217457677
791.9663615228133,201.05149657361846
792.8260922212536,201.00301679185404
793.685822919694,203.79950223256304
794.5455536181344,200.897851718338
795.4052843165748,200.84730303069068
796.2650150150151,198.19412793665037
797.1247457134555,200.76519044044068
797.9844764118959,200.7364492137544
798.8442071103362,202.15972725204026
799.7039378087767,201.32749382004323
800.563668507217,201.48992881714517
801.4233992056573,200.66224206737016
802.2831299040978,202.52260555224686
803.1428606025381,200.69792382866558
804.0025913009786,200.7071957074804
804.8623219994189,200.7190576501489
805.7220526978592,200.73279956172374
806.5817833962997,200.7477113472577
807.44151409474,200.76308291180325
808.3012447931804,200.77820416041325
809.1609754916208,200.7923649981402
810.0207061900611,199.11091657686043
810.8804368885015,200.86310702898368
811.7401675869419,200.82533972767018
812.5998982853823,200.83401503164254
813.4596289838227,200.4297144938888
814.319359682263,199.16314627320327
815.1790903807034,200.17919892118124
816.0388210791438,200.867570254694
816.8985517775842,200.87763201260353
817.7582824760245,200.25545175814796
818.6180131744649,200.90250630149697
819.4777438729053,200.9181026126235
820.3374745713456,202.22601210537428
821.1972052697861,200.94420758712758
822.0569359682264,200.98223089357643
822.9166666666667,201.0106930699893
823.7763973651072,200.87589970393518
824.6361280635475,201.0805978873853
825.495858761988,203.4822583170467
826.3555894604283,200.7757742741072
827.2153201588686,201.2237846259731
828.0750508573091,199.290667689399
828.9347815557494,201.34935592932186
829.7945122541898,201.95594612433348
830.6542429526302,201.49934234486528
831.5139736510705,201.58103794689615
832.373704349511,201.66566442742783
833.2334350479513,201.7520687482062
834.0931657463917,201.83909787097735
834.952896444832,203.65551151731705
835.8126271432724,201.6637137108079
836.6723578417128,202.09240366870668
837.5320885401532,202.17040161690835
838.3918192385936,201.77808525053894
839.2515499370339,202.3098233072255
840.1112806354743,200.91610808008528
840.9710113339147,202.4194591344007
841.830742032355,202.6456215370607
842.6904727307955,202.49008479240186
843.5502034292358,202.5078862123271
844.4099341276761,203.75735709124808
845.2696648261166,202.46149679388904
846.1293955245569,202.47740837675312
846.9891262229974,203.05559678516528
847.8488569214377,202.3756579980045
848.708587619878,201.62200024407903
849.5683183183185,202.20392037892665
850.4280490167588,202.09706940215872
851.2877797151992,203.7417373376006
852.1475104136396,201.85544854909952
853.0072411120799,201.72629684678216
853.8669718105203,200.4419852789708
854.7267025089607,200.31139987129833
855.5864332074011,201.3391856805231
856.4461639058414,201.2196268952909
857.3058946042818,201.10948905679749
858.1656253027222,201.59158172488
859.0253560011625,200.2059840618541
859.885086699603,200.8636920916192
860.7448173980433,200.0755230044851
861.6045480964837,200.79843210995512
862.4642787949241,200.80343147872964
863.3240094933644,200.58127999864334
864.1837401918049,200.87996624263974
865.0434708902452,200.94147950279412
865.9032015886855,201.01177492265293
866.762932287126,201.08581618289463
867.6226629855663,201.19324274092688
868.4823936840068,201.22499094724088
869.3421243824471,201.53123455373353
870.2018550808874,201.3187132412612
871.0615857793279,198.55494284819716
871.9213164777682,201.32669251038405
872.7810471762086,201.28736078660353
873.640777874649,202.21365000327563
874.5005085730893,201.13361888533424
875.3602392715297,201.02991913999222
876.2199699699701,200.91547411358383
877.0797006684105,201.11129059066346
877.9394313668508,198.08319267952143
878.7991620652913,201.92409868724584
879.6588927637316,200.08375901503874
880.518623462172,200.36951004493227
881.3783541606124,201.34245444227795
882.2380848590527,200.8118673469947
883.0978155574932,200.25322455100417
883.9575462559335,201.1490800246333
884.8172769543738,202.37472966497876
885.6770076528143,200.3734917729824
886.5367383512546,199.17604446440575
887.396469049695,200.54792376387957
888.2561997481354,200.65404287103556
889.1159304465757,200.76859825658934
889.9756611450161,203.0666688571287
890.8353918434565,201.44904746754295
891.6951225418969,201.1316386130843
892.5548532403373,201.24869564167588
893.4145839387776,201.35858361296488
894.274314637218,201.4593362086204
895.1340453356584,201.55085378376887
895.9937760340988,201.63320918453724
896.8535067325391,202.4386652735791
897.7132374309795,201.770724847442
898.5729681294199,202.05977708627051
899.4326988278602,201.87246596635143
900.2924295263007,201.95479650066233
901.152160224741,201.9390153102818
902.0118909231813,201.95927518194753
902.8716216216218,201.9709556482496
903.7313523200621,201.97412955531527
904.5910830185026,201.96886974927145
905.4508137169429,201.95524907624525
906.3105444153832,201.93334038236375
907.1702751138237,202.8480248587547
908.030005812264,201.86495031654286
908.8897365107044,200.9657566052662
909.7494672091448,201.76428232082537
910.6091979075851,201.7020262145731
911.4689286060255,201.63191916422778
912.3286593044659,200.7069103375739
913.1883900029063,202.0270506040365
914.0481207013466,203.04233331876915
914.907851399787,201.46267333780514
915.7675820982274,198.49390449620304
916.6273127966678,201.05048641931887
917.4870434951082,200.9274624518804
918.3467741935485,200.79717030936547
