59.4758064516129,202.5052022295609
60.33553715005327,199.91059868272194
61.19526784849365,201.25674269634865
62.05499854693402,204.0521401710318
62.9147292453744,201.17596411217005
63.774459943814776,201.28796408707365
64.63419064225515,201.08548101029572
65.49392134069552,201.03744998280732
66.35365203913591,200.98801248699627
67.21338273757628,200.93750840989662
68.07311343601665,200.88627763854208
68.93284413445703,200.83466005996655
69.7925748328974,200.7829955612038
70.65230553133779,200.7316240292876
71.51203622977816,200.68088535125176
72.37176692821853,202.56069131545877
73.2314976266589,200.58266610495656
74.0912283250993,200.7705480788167
74.95095902353967,200.47915335832442
75.81068972198004,200.44858081546212
76.67042042042041,201.4549566844875
77.5301511188608,200.37198502449243
78.38988181730117,199.00198515460403
79.24961251574155,198.37268439206346
80.10934321418192,198.87374501899333
80.96907391262229,200.26172965732573
81.82880461106268,200.24479610120522
82.68853530950305,199.34962998297547
83.54826600794343,200.22280656469653
84.4079967063838,200.21702050703436
85.26772740482417,197.7143241992635
86.12745810326456,202.2874549785058
86.98718880170493,200.78140631245225
87.8469195001453,200.22008344547302
88.70665019858568,200.84101525064776
89.56638089702605,202.9370859271666
90.42611159546644,200.23967709500968
91.28584229390681,200.2475559998788
92.14557299234718,202.0444692533146
93.00530369078756,200.26314511033104
93.86503438922793,200.27012539673612
94.72476508766832,200.27617188914542
95.58449578610869,200.79722968696018
96.44422648454906,200.28545859202103
97.30395718298945,200.28876069033362
98.16368788142981,200.29120987846014
99.0234185798702,200.75092764650313
99.88314927831057,200.26120828093684
100.74287997675094,200.29374942095512
101.60261067519133,200.293096407569
102.46234137363169,200.15247594662074
103.32207207207207,201.15229358821577
104.18180277051245,200.28707199968088
105.04153346895282,200.28381188755202
105.90126416739321,199.61562607897338
106.76099486583357,198.9213521538329
107.62072556427395,200.27070883759086
108.48045626271433,200.26534740577318
109.3401869611547,200.2596601289229
110.19991765959509,200.25385014375647
111.05964835803545,200.5754951486789
111.91937905647583,200.2426771708289
112.7791097549162,200.23772174424462
113.63884045335658,200.23345873169802
114.49857115179697,200.23009191377756
115.35830185023732,200.6454924082972
116.21803254867771,199.4856903099237
117.07776324711809,200.2274064336569
117.93749394555846,201.17545929760638
118.79722464399885,200.23383306416181
119.65695534243922,200.24012280635523
120.51668604087959,200.33178760221375
121.37641673931996,200.25987404756623
122.23614743776034,200.27374100702045
123.09587813620072,201.2606385234039
123.9556088346411,200.309563141596
124.81533953308147,200.33104366695662
125.67507023152184,200.35457030631449
126.53480092996222,200.37989291613093
127.3945316284026,200.40676135286725
128.254262326843,200.43492547298504
129.11399302528335,200.4641351329455
129.9737237237237,199.62999812586798
130.8334544221641,200.5246904982404
131.69318512060448,200.5555359164976
132.55291581904487,200.58642630044318
133.41264651748523,200.6171115065385
134.2723772159256,197.6958738297807
135.13210791436597,200.67686581102413
135.99183861280636,200.70543462233718
136.85156931124675,200.73279768164556
137.7113000096871,200.7587048454108
138.57103070812747,200.78290597009413
139.43076140656785,200.80514420880328
140.29049210500824,200.8248486704039
141.15022280344863,202.3980074479856
142.009953501889,202.37382492657838
142.86968420032935,200.8584987366261
143.72941489876973,200.85774101165097
144.58914559721012,200.8492527593899
145.4488762956505,200.8319879875862
146.30860699409087,201.8859026448288
147.16833769253125,202.58245730791626
148.0280683909716,200.2420746680858
148.887799089412,201.31936466629827
149.7475297878524,200.57740660643998
150.60726048629274,200.48551687998778
151.46699118473313,200.37752868819547
152.3267218831735,200.25239591206014
153.18645258161388,200.1089839217433
154.04618328005427,200.7328827091144
154.90591397849462,200.36776824536764
155.765644676935,199.5551277142637
156.62537537537537,200.32897635156613
157.48510607381576,199.0686798089702
158.34483677225614,198.78603465527155
159.2045674706965,198.47521622488938
160.0642981691369,198.13480516083717
160.92402886757725,197.0939942924115
161.78375956601764,197.2076105190642
162.64349026445802,196.92205015712392
163.5032209628984,197.25238020297374
164.36295166133877,195.9879059647699
165.22268235977913,195.52986598796275
166.08241305821952,195.1041016171901
166.9421437566599,194.72798933745113
167.8018744551003,194.39593318243462
168.66160515354065,194.08919120066082
169.521335851981,192.24658845664368
170.3810665504214,193.47606273688487
171.24079724886178,193.13188274490463
172.10052794730217,192.7374299062107
172.96025864574253,192.27380746581403
173.8199893441829,191.72211866872553
174.67972004262327,189.8414229590911
175.53945074106366,190.3046421817277
176.39918143950405,189.48766631678677
177.2589121379444,188.65940278542266
178.11864283638477,187.86632018265203
178.97837353482515,187.15253482560703
179.83810423326554,186.53208713666174
180.69783493170593,185.99823312406417
181.55756563014629,185.54381472490795
182.41729632858664,185.1616738762871
183.27702702702703,184.8446525152953
184.13675772546742,185.14873965919261
184.9964884239078,183.16557400328702
185.85621912234816,184.2127247290323
186.71594982078852,184.08460068949483
187.5756805192289,183.98580582305547
188.4354112176693,183.909182066808
189.29514191610966,183.84757143982685
190.15487261455004,183.79381638417368
191.01460331299043,184.03741264208432
191.8743340114308,183.6812432992649
192.73406470987118,183.60811042631272
193.59379540831154,183.51420343723103
194.45352610675192,180.9820521178373
195.3132568051923,183.04482270624413
196.17298750363267,183.074055064395
197.03271820207306,182.60205116707343
197.89244890051341,182.81443258193698
198.7521795989538,182.76122077856112
199.6119102973942,182.7607720339894
200.47164099583455,184.03186791774428
201.33137169427494,182.74683938475553
202.19110239271532,180.58230837837033
203.05083309115568,182.5078256443915
203.91056378959607,181.1908788397622
204.77029448803643,183.6154916041895
205.63002518647681,182.20733044885768
206.4897558849172,182.5243238606496
207.34948658335756,183.48583966754947
208.20921728179795,182.40561080652697
209.0689479802383,185.17375993718318
209.9286786786787,185.24192640368074
210.78840937711908,185.52015493484598
211.64814007555944,185.79039664671842
212.50787077399983,186.05540322795505
213.36760147244019,187.59929273535036
214.22733217088057,186.58442575070723
215.08706286932096,186.85579906831614
215.94679356776132,187.13665200747582
216.8065242662017,187.43066325623292
217.66625496464206,187.74151150263407
218.52598566308245,188.072875434726
219.38571636152284,188.42843374055528
220.2454470599632,188.29113828127157
221.10517775840358,189.22684822561274
221.96490845684394,188.71741828157647
222.82463915528433,190.16618446217973
223.68436985372472,189.53730046222478
224.54410055216508,189.24611178328263
225.40383125060546,191.0460505245229
226.26356194904582,192.5353543415668
227.1232926474862,193.20185601361246
227.9830233459266,193.88050111664734
228.84275404436696,194.562370753075
229.70248474280734,195.23854602529917
230.5622154412477,195.9001080357234
231.4219461396881,198.43185203695205
232.28167683812848,197.1437166807866
233.14140753656883,197.70792552023278
234.00113823500922,198.2218455074935
234.8608689334496,198.67655774497243
235.72059963188997,201.09336494853602
236.58033033033036,199.39028793471695
237.4400610287707,199.65631094213356
238.2997917272111,199.86805512991077
239.1595224256515,199.41871776116358
240.01925312409185,200.1475547839626
240.87898382253223,200.224734118945
241.7387145209726,200.2664823717037
242.59844521941298,200.27751147659248
243.45817591785337,200.26253336796537
244.31790661629373,200.22625998017614
245.1776373147341,199.56356818058336
246.03736801317447,200.10867510452718
246.89709871161486,198.17044708904214
247.75682941005525,199.96245232447686
248.6165601084956,199.890381556186
249.476290806936,199.82528711485645
250.33602150537635,199.77188093484224
251.19575220381674,198.1460870438669
252.05548290225713,199.7169029861402
252.91521360069748,198.60647175180065
253.77494429913787,200.1666490403597
254.63467499757823,197.86829155121993
255.49440569601862,199.79746616653395
256.35413639445903,199.84479146415083
257.21386709289936,199.89862404272418
258.07359779133975,199.95678064222855
258.93332848978014,199.3469642529908
259.79305918822047,199.94813734862058
260.6527898866609,200.13536196607274
261.51252058510124,200.18898204904627
262.37225128354163,197.72824781052302
263.231981981982,199.3538588854474
264.09171268042235,200.30241224839577
264.9514433788628,200.321319381899
265.8111740773031,200.3322004143372
266.6709047757435,201.96951383392215
267.5306354741839,200.3277667921453
268.3903661726242,200.3288375505522
269.25009687106467,200.31976482402072
270.109827569505,200.28754520023534
270.9695582679454,199.5421207376332
271.8292889663858,199.3444648428596
272.6890196648261,200.27611677898688
273.54875036326655,200.26944080564658
274.4084810617069,200.26688937653162
275.26821176014727,201.47458687710613
276.12794245858765,200.13586362046078
276.987673157028,199.70587401921452
277.84740385546843,200.3132223291399
278.70713455390876,200.33757578086076
279.56686525234915,200.36578291317622
280.42659595078953,200.39720439059053
281.28632664922986,200.4312008776081
282.1460573476703,199.53123106157335
283.00578804611064,200.50436153847
283.865518744551,200.542247041323
284.7252494429914,200.58015021179645
285.58498014143174,200.61743171439483
286.4447108398722,200.65345221362224
287.3044415383125,200.6875723739831
288.1641722367529,200.7191528599818
289.0239029351933,200.7475543361225
289.8836336336336,200.45098976885038
290.74336433207407,200.7922629168475
291.6030950305144,200.80729135044047
292.4628257289548,200.81658343219274
293.32255642739517,200.81949982660876
294.1822871258355,200.81540119819277
295.04201782427594,200.80364821144914
295.9017485227163,200.7836606991242
296.76147922115666,200.36375477688878
297.62120991959705,200.7204253177365
298.4809406180374,200.67877008098574
299.3406713164778,200.63149323193022
300.20040201491815,201.55877615760036
301.06013271335854,200.5232849521039
301.91986341179893,200.46395864893267
302.77959411023926,200.4022209886559
303.6393248086797,200.33887453507327
304.49905550712003,200.2747218519846
305.3587862055604,200.21056550318983
306.2185169040008,202.33054921406162
307.07824760244114,198.30450443439202
307.9379783008816,200.02610010056625
308.7977089993219,200.461687251108
309.6574396977623,199.91781850661584
310.5171703962027,199.87049400337983
311.376901094643,199.82878378103607
312.23663179308346,199.79349040338468
313.0963624915238,199.76541643422524
313.9560931899642,199.7453644373577
314.81582388840457,199.73413697658182
315.6755545868449,199.7325366156974
316.53528528528534,198.83756583121357
317.39501598372567,199.48197818136782
318.2547466821661,199.79077238825045
319.11447738060644,199.8291878424974
319.9742080790468,200.7736060400796
320.8339387774872,199.92719262917973
321.69366947592755,199.97352919048686
322.553400174368,200.0450951727209
323.4131308728083,200.10838282304138
324.27286157124865,200.1728945762501
325.1325922696891,200.23738032023803
325.99232296812943,200.3005899428964
326.8520536665699,200.3612733321164
327.7117843650102,200.41818037578912
328.57151506345053,200.47006096180561
329.431245761891,200.51566497805723
330.2909764603313,200.55374231243496
331.15070715877175,200.58304285283003
332.0104378572121,199.6071559380822
332.8701685556524,200.6103131032365
333.72989925409286,200.60578258903033
334.5896299525332,197.91733027243788
335.44936065097363,200.55413972125473
336.30909134941396,200.50452714346756
337.1688220478543,200.43738698693573
338.02855274629474,200.35146913955035
338.88828344473507,200.24551426977976
339.7480141431755,197.77866304284584
340.60774484161584,200.29969475067728
341.46747554005617,199.76107930335385
342.3272062384966,198.7236046475999
343.18693693693695,199.22639564611637
344.0466676353774,198.87327670682114
344.9063983338177,201.21155444378584
345.76612903225805,197.70026057182662
346.6258597306985,197.3817754190687
347.4855904291388,196.71582793676188
348.34532112757927,196.61645332301765
349.2050518260196,194.1047345222418
350.06478252445993,194.1852970979153
350.9245132229004,193.32589256220118
351.7842439213407,192.51698874936122
352.64397461978115,192.23296943503976
353.5037053182215,191.0455082644785
354.3634360166618,190.38034407852317
355.22316671510225,189.7605055876167
356.0828974135426,189.18469903480286
356.942628111983,188.65163066312525
357.80235881042336,187.8464443000594
358.6620895088637,187.7081857407086
359.52182020730413,187.29280729801533
360.38155090574446,186.90998065892268
361.2412816041849,184.3340895617978
362.10101230262524,186.53970049764962
362.96074300106557,187.45906337880857
363.820473699506,185.36077341247426
364.68020439794634,185.34794372450423
365.5399350963868,185.07871943123678
366.3996657948271,184.81499519368091
367.25939649326745,184.55646470815904
368.1191271917079,184.6590980506382
368.9788578901482,184.06582000660913
369.83858858858866,183.83927610084586
370.698319287029,183.62896469860033
371.5580499854693,184.86131003765033
372.41778068390977,183.26818002519187
373.2775113823501,183.12327706429383
374.13724208079054,183.98738163369705
374.9969727792309,182.91837566977185
375.8567034776712,184.277632580428
376.71643417611165,182.84524801249825
377.576164874552,183.4324182916528
378.4358955729924,182.920936936669
379.29562627143275,182.32456372445031
380.1553569698731,183.12681284080537
381.0150876683135,183.26810505812452
381.87481836675386,183.42937514368586
382.7345490651943,183.6064293660459
383.59427976363463,183.79507399376075
384.45401046207496,183.99116607544303
385.3137411605154,183.42871573356982
386.17347185895574,184.39709815296956
387.0332025573962,184.60542834715133
387.8929332558365,184.81639486208275
388.75266395427684,185.80070713887287
389.6123946527173,185.2434175056067
390.4721253511576,185.45806395990508
391.33185604959806,186.5592073103728
392.1915867480384,186.50139230861942
393.0513174464787,186.09808580718217
393.91104814491916,186.3077711272451
394.7707788433595,186.51445407088164
395.63050954179994,186.71742980094479
396.49024024024027,186.9159934802875
397.3499709386806,187.10944554962964
398.20970163712104,187.29819538650304
399.0694323355614,187.4851216741245
399.9291630340018,187.67343645413385
400.78889373244215,187.8663517681707
401.6486244308825,188.067079657875
402.5083551293229,188.2788321648865
403.36808582776325,188.50482133084495
404.2278165262037,188.82672623806022
405.087547224644,186.19437832023783
405.94727792308447,189.19220270988882
406.8070086215248,189.6153854169438
407.66673931996513,189.52710633041687
408.5264700184056,189.8235643952386
409.3862007168459,190.75518344081016
410.24593141528635,190.8173266577499
411.1056621137267,191.70936034764742
411.965392812167,192.8477887328875
412.82512351060745,192.83676204708848
413.6848542090478,195.38969715406685
414.54458490748823,194.0833668706079
415.40431560592856,194.7272343757013
416.2640463043689,195.37193511708477
417.12377700280933,195.75615577223405
417.98350770124966,197.62277838972577
418.8432383996901,196.2511724842936
419.70296909813044,199.0750331822622
420.56269979657077,198.26994783261145
421.4224304950112,198.72085903757326
422.28216119345154,202.05970297733467
423.141891891892,199.47366742978684
424.0016225903323,197.80572568529325
424.86135328877265,199.41264376556657
425.7210839872131,200.28013107156397
426.5808146856534,200.4761621924731
427.44054538409387,200.64133005551088
428.3002760825342,200.7789537338592
429.1600067809745,202.73131844788333
430.01973747941497,200.9839965807105
430.8794681778553,201.05665282403055
431.73919887629575,201.11275642468405
432.5989295747361,201.1548253827662
433.4586602731764,201.77404272343864
434.31839097161685,201.20693137159773
435.1781216700572,201.22200440253752
436.0378523684976,201.23311479128682
436.89758306693795,201.2427805379411
437.7573137653783,201.2535196425954
438.61704446381873,202.1940888887453
439.47677516225906,202.97463993442688
440.3365058606995,201.31735710551115
441.19623655913983,201.3572000480495
442.05596725758016,201.4070691212062
442.9156979560206,201.46484764500394
443.77542865446094,201.52841088860478
444.6351593529014,201.59563412117058
445.4948900513417,199.98581742448945
446.35462074978204,201.73256162984512
447.2143514482225,201.79801644427792
448.0740821466628,201.272733048832
448.93381284510326,201.91228453914397
449.7935435435436,201.95684835790132
450.6532742419839,201.99019904975754
451.51300494042437,202.01021188387446
452.3727356388647,202.0147621294142
453.23246633730514,202.0017250555387
454.09219703574547,201.9689759314099
454.9519277341858,203.34630679263444
455.81165843262625,201.83585081366715
456.6713891310666,201.648775599294
457.531119829507,201.6102886706526
458.39085052794735,201.4719793006664
459.2505812263877,201.43125165906537
460.1103119248281,201.6521371338448
460.97004262326845,201.0107726318464
461.8297733217089,200.8571205101345
462.68950402014923,200.71126491612756
463.54923471858956,200.5778587360801
464.40896541703,201.1416875950472
465.26869611547033,200.36700616288192
466.1284268139108,200.5516642647329
466.9881575123511,200.26175088860185
467.84788821079144,199.251417385417
468.7076189092319,200.28305758552526
469.5673496076722,200.33502894200154
470.42708030611266,202.00074376033064
471.286811004553,200.50430192861063
472.1465417029933,200.01909227769352
473.00627240143376,201.1911924820116
473.8660030998741,200.86961986554678
474.72573379831454,201.00725683916673
475.58546449675487,201.14705739598298
476.4451951951952,200.36454148262044
477.30492589363564,201.41930466530633
478.16465659207597,201.54482908086422
479.0243872905164,201.65867248572033
479.88411798895675,201.39932091259683
480.7438486873971,201.83747166942862
481.6035793858375,201.89550515133166
482.46331008427785,201.9280130286347
483.3230407827183,201.93153415286307
484.1827714811586,201.90260737554223
485.04250217959896,201.8377822264543
485.9022328780394,204.17864759250313
486.76196357647973,200.29442066221912
487.6216942749202,200.38669819915134
488.4814249733605,201.2643920655752
489.34115567180083,201.07099231147677
490.2008863702413,200.869289779684
491.0606170686816,200.6651435241255
491.92034776712205,200.46441259872967
492.7800784655624,200.27295605742532
493.6398091640027,200.0966329541408
494.49953986244316,199.94130234280473
495.3592705608835,199.81282327734573
496.21900125932393,199.71701708718237
497.07873195776426,200.5273590860052
497.9384626562046,200.5289459520023
498.79819335464504,200.76049905272066
499.65792405308537,199.4158312973152
500.5176547515258,199.70992895354192
501.37738544996614,199.7809753622636
502.23711614840647,199.86868968383968
503.0968468468469,199.9698633044292
503.95657754528725,199.50848205000773
504.8163082437277,200.1997539872846
505.676038942168,200.3220538218686
506.53576964060835,202.0234068666617
507.3955003390488,200.56531940814446
508.2552310374891,200.67986793215437
509.11496173592957,201.89493297709996
509.9746924343699,200.87875337271348
510.83442313281023,200.9566730615807
511.6941538312507,201.01596591105178
512.553884529691,201.92405102921626
513.4136152281314,201.06583663644173
514.2733459265718,201.04999728467862
515.1330766250121,200.65581294476576
515.9928073234526,200.9207260830317
516.8525380218929,201.19887069354704
517.7122687203333,200.63994079161728
518.5719994187737,200.4347088276449
519.431730117214,200.18198594592505
520.2914608156544,201.14321951948565
521.1511915140948,197.71992321921851
522.0109222125352,199.81822105129805
522.8706529109755,196.30323648247304
523.7303836094159,198.15311260225323
524.5901143078563,197.58831635824004
525.4498450062966,196.72216879978185
526.3095757047371,195.47874553161031
527.1693064031774,195.56084787012526
528.0290371016177,194.77499636207006
528.8887678000582,195.72149174255614
529.7484984984985,193.13102953986697
530.608229196939,192.32525671940476
531.4679598953793,190.02509779719946
532.3276905938197,191.40511307630635
533.1874212922601,190.28684041196004
534.0471519907004,190.4071526915334
534.9068826891408,188.44643674712086
535.7666133875812,188.39977663207384
536.6263440860216,188.98352519200694
537.486074784462,188.8381906696931
538.3458054829023,188.7276357154892
539.2055361813427,188.63315096993895
540.065266879783,188.5360270735859
540.9249975782235,188.41755466697364
541.7847282766638,189.51857142974725
542.6444589751042,188.04196813364138
543.5041896735446,187.7603151360194
544.3639203719849,187.42610256771673
545.2236510704254,187.05280260481666
546.0833817688657,187.43634576442741
546.943112467306,186.24282919955724
547.8028431657465,183.80273237262733
548.6625738641868,185.438172328907
549.5223045626273,185.07151803426848
550.3820352610676,185.5605625594594
551.2417659595079,184.47691860678088
552.1014966579484,184.27373192181605
552.9612273563887,183.850912097244
553.8209580548291,184.04085726707606
554.6806887532695,183.98745130191946
555.5404194517098,183.96023265565844
556.4001501501502,183.94732613635793
557.2598808485906,183.93685655208307
558.119611547031,183.91694871089885
558.9793422454713,183.87669827281454
559.8390729439117,183.82001516033702
560.6988036423521,183.7623621669805
561.5585343407924,181.19069251763952
562.4182650392329,183.70722133122536
563.2779957376732,183.7412708856245
564.1377264361136,183.8374253527398
564.997457134554,184.0106025469954
565.8571878329943,184.2607207541358
566.7169185314348,182.120970638031
567.5766492298751,184.45129257325223
568.4363799283154,185.34196124414467
569.2961106267559,185.78773246006574
570.1558413251962,186.20528563247126
571.0155720236367,186.63972479648007
571.875302722077,187.9955626814603
572.7350334205174,189.2399843475041
573.5947641189578,187.79426117328532
574.4544948173981,188.08509931753485
575.3142255158385,187.0491501464653
576.1739562142789,189.53211217627495
577.0336869127193,190.54412808180567
577.8934176111596,188.74851993868091
578.7531483096,188.7404856535028
579.6128790080404,189.05672140853318
580.4726097064807,188.50500334393703
581.3323404049212,189.54773918217333
582.1920711033615,189.96743416683665
583.0518018018018,189.25075178765235
583.9115325002423,190.21515420333967
584.7712631986826,191.6264395237753
585.6309938971231,192.28449474301064
586.4907245955634,193.76845235567583
587.3504552940037,193.6549418337442
588.2101859924442,194.33329799978267
589.0699166908845,194.99049997746033
589.9296473893249,195.62019529310828
590.7893780877653,196.2161561680791
591.6491087862056,196.7721548237254
592.508839484646,196.57967006599583
593.3685701830864,197.7995866297805
594.2283008815268,198.13809968824373
595.0880315799672,198.47197168011826
595.9477622784075,198.734784683324
596.8074929768479,198.92812326003244
597.6672236752883,199.07037059389606
598.5269543737287,199.18210175880034
599.386685072169,199.2827502795608
600.2464157706094,199.37969969930126
601.1061464690498,199.473102241817
601.9658771674901,199.56301180823306
602.8256078659306,199.28086209108633
603.6853385643709,199.7325676172663
604.5450692628112,198.53682219422166
605.4047999612517,199.88879833540184
606.264530659692,199.9620515381956
607.1242613581325,200.0321351716401
607.9839920565728,200.09910313686055
608.8437227550131,200.1630093349819
609.7034534534536,200.07981420621203
610.5631841518939,200.28185203442786
611.4229148503343,200.33689633800253
612.2826455487747,200.3890944789785
613.142376247215,200.43850035848087
614.0021069456554,200.4851678776346
614.8618376440958,200.52915093756485
615.7215683425362,200.5705034393967
616.5812990409765,199.78320815216077
617.4410297394169,200.64553237326552
618.3007604378573,200.6793166075526
619.1604911362977,200.71068588824158
620.0202218347381,200.73969411645763
620.8799525331784,200.7663951933257
621.7396832316188,200.79084301997088
622.5994139300592,200.81308833979318
623.4591446284995,200.83315202983658
624.31887532694,200.85103851725424
625.1786060253803,200.8667520577816
626.0383367238207,200.88029690715402
626.8980674222611,200.8916773211068
627.7577981207014,200.9008975553754
628.6175288191419,200.5031853453338
629.4772595175822,200.9128745078012
630.3369902160226,200.9156397374292
631.196720914463,198.61292854096584
632.0564516129033,200.66733388529133
632.9161823113437,201.84776779156115
633.7759130097841,200.90531164586622
634.6356437082245,200.89740364913354
635.4953744066648,200.88737377433483
636.3551051051052,201.14283333015769
637.2148358035456,200.05904665691546
638.0745665019859,200.84459543889588
638.9342972004264,201.2372739659389
639.7940278988667,203.77548876909975
640.653758597307,200.7828838289099
641.5134892957475,201.4275655950742
642.3732199941878,201.48143531187117
643.2329506926283,200.7043992889515
644.0926813910686,200.92844083549767
644.9524120895089,200.6459896454916
645.8121427879494,200.61575978131742
646.6718734863897,200.58520253000356
647.5316041848301,197.88539117420103
648.3913348832705,200.5241737894263
649.2510655817108,200.49423626189764
650.1107962801512,200.4650392706987
650.9705269785916,199.9988453587588
651.830257677032,200.90558202386583
652.6899883754724,200.61973456594257
653.5497190739127,200.36099628654785
654.4094497723531,200.33950669000816
655.2691804707935,200.32035951500242
656.1289111692339,200.42458467388715
656.9886418676742,200.34052960234735
657.8483725661146,200.27964232786223
658.708103264555,200.19581671596322
659.5678339629953,200.26910429333998
660.4275646614358,200.26961778330545
661.2872953598761,200.27419046429694
662.1470260583164,199.31317643988078
663.0067567567569,200.2944473962914
663.8664874551972,200.3095162005575
664.7262181536377,203.30539972642552
665.585948852078,200.3479958687852
666.4456795505183,200.37079128600988
667.3054102489588,200.39554679415036
668.1651409473991,202.70568567864515
669.0248716458395,199.46896621185203
669.8846023442799,200.47849663038278
670.7443330427202,200.25236904600726
671.6040637411606,201.71594939752717
672.463794439601,200.56800924359368
673.3235251380414,200.5978691338286
674.1832558364817,200.7227519705443
675.0429865349221,200.5712362554964
675.9027172333625,199.51417695860664
676.7624479318029,201.59659142998336
677.6221786302433,200.73348867715674
678.4819093286836,200.7557225406739
679.341640027124,200.5999119070476
680.2013707255644,200.79283843561186
681.0611014240047,202.76182737292567
681.9208321224452,199.9662810112497
682.7805628208855,201.73616847127903
683.6402935193258,200.83025509674215
684.5000242177663,200.83085124185445
685.3597549162066,199.89238560494442
686.219485614647,200.55530449123364
687.0792163130874,200.2006309695596
687.9389470115277,200.7932027377931
688.7986777099682,200.7729489275823
689.6584084084085,200.74802507846624
690.5181391068489,200.7182645078313
691.3778698052893,200.39847707261887
692.2376005037296,198.90373917949003
693.09733120217,200.59829564067743
693.9570619006104,202.095239992193
694.8167925990508,200.49107694039833
695.6765232974911,202.29887382741745
696.5362539959315,200.36051097131806
697.3959846943719,200.3064243649841
698.2557153928122,200.20504277549563
699.1154460912527,200.53678938697135
699.975176789693,200.4643684205748
700.8349074881334,199.89838794238673
701.6946381865738,199.76526322748373
702.5543688850141,199.61183230796016
703.4140995834546,199.43518339220367
704.2738302818949,199.2324046886019
705.1335609803352,199.00058440554244
705.9932916787757,198.73681075141306
706.853022377216,199.88018119465963
707.7127530756565,198.10175616349485
708.5724837740968,197.72465164648153
709.4322144725371,197.30394659194877
710.2919451709776,196.83672920828428
711.1516758694179,196.32008770387577
712.0114065678583,196.57795261352766
712.8711372662987,195.12688516637726
713.730867964739,194.44450059943227
714.5905986631794,193.70459151659904
715.4503293616198,192.92096905066447
716.3100600600602,192.11050351853848
717.1697907585005,191.29006523713122
718.0295214569409,190.4765245233528
718.8892521553813,189.6867516941132
719.7489828538216,188.93761706632267
720.6087135522621,185.8230234609695
721.4684442507024,187.62678348354112
722.3281749491427,187.0811787784166
723.1879056475832,186.60449464217552
724.0476363460235,186.19202680324292
724.907367044464,187.65492565808967
725.7670977429043,187.311801485377
726.6268284413446,185.29287835454286
727.4865591397851,185.0902329890914
728.3462898382254,185.06708087500022
729.2060205366658,184.80232280490966
730.0657512351062,183.77907414477548
730.9254819335465,184.639558205855
731.785212631987,184.59334482181214
732.6449433304273,184.56430501932533
733.5046740288677,184.54773452681934
734.364404727308,184.53892907271893
735.2241354257484,186.62261843830495
736.0838661241888,184.26103812228368
736.9435968226292,184.3612565322011
737.8033275210696,184.40715599365782
738.6630582195099,184.4467278731674
739.5227889179503,184.38615658585783
740.3825196163907,184.30559241350008
741.242250314831,183.5886018730158
742.1019810132715,184.2428067950271
742.9617117117118,183.96903292144896
743.8214424101521,183.6384477782973
744.6811731085926,183.69086849695003
745.5409038070329,183.5432281705662
746.4006345054734,184.4963708409457
747.2603652039137,183.06506243096246
748.120095902354,182.19560160836392
748.9798266007945,182.95456299706265
749.8395572992348,182.0346514542216
750.6992879976752,182.69673822528696
751.5590186961156,182.58579532708237
752.418749394556,182.490200671691
753.2784800929963,182.41248069738134
754.1382107914367,182.35516184242164
754.9979414898771,183.23674023312105
755.8576721883175,182.3122464322506
756.7174028867579,182.33444570350326
757.5771335851982,182.39277985587552
758.4368642836386,181.2663070655536
759.296594982079,182.639499022537
760.1563256805193,182.62193104765754
761.0160563789598,183.09569636935228
761.8757870774001,182.3221730650222
762.7355177758404,183.32211017960793
763.5952484742809,184.2674661835574
764.4549791727212,184.80969535191284
765.3147098711617,186.22266419405284
766.174440569602,186.15408186189265
767.0341712680423,186.96706231279606
767.8939019664828,187.87787463701775
768.7536326649231,188.87006377590848
769.6133633633635,189.92053569920566
770.4730940618039,191.0061882223843
771.3328247602442,192.1039191609197
772.1925554586846,193.1906263302874
773.052286157125,196.56991440118054
773.9120168555654,195.23856062341974
774.7717475540057,194.60586805966045
775.6314782524461,196.96589057119968
776.4912089508865,196.7576837282704
777.3509396493268,198.27526606263058
778.2106703477673,198.79423982550546
779.0704010462076,199.23781920656992
779.930131744648,199.61731541088653
780.7898624430884,199.94368400430236
781.6495931415287,200.22327289478702
782.5093238399692,200.4592159212474
783.3690545384095,200.6545813857356
784.2287852368498,200.7359333341873
785.0885159352903,200.93585283700395
785.9482466337306,201.02789542788838
786.807977332171,201.09163366500925
787.6677080306114,201.13013585041858
788.5274387290517,201.14647028616864
789.3871694274922,201.1437052743115
790.2469001259325,201.12490911689935
791.1066308243729,200.74922702207124
791.9663615228133,202.92017778711383
792.8260922212536,201.00301679185404
793.685822919694,200.40472400058957
794.5455536181344,198.2857980233818
795.4052843165748,200.84730303069068
796.2650150150151,200.8022013118533
797.1247457134555,200.76519044044068
797.9844764118959,200.7364492137544
798.8442071103362,200.71526871555318
799.7039378087767,197.73513605108454
800.563668507217,200.41223180830914
801.4233992056573,200.68999064238628
802.2831299040978,200.69195210865172
803.1428606025381,201.24831448167456
804.0025913009786,200.7071957074804
804.8623219994189,201.7048987501672
805.7220526978592,200.73279956172374
806.5817833962997,200.7477113472577
807.44151409474,200.76308291180325
808.3012447931804,201.10302001038522
809.1609754916208,202.0676788874394
810.0207061900611,200.80490209137542
810.8804368885015,200.81576604427158
811.7401675869419,200.82533972767018
812.5998982853823,200.83401503164254
813.4596289838227,200.84218384625987
814.319359682263,200.85023806159344
815.1790903807034,200.8585695677144
816.0388210791438,200.867570254694
816.8985517775842,200.87763201260353
817.7582824760245,200.88914673151413
818.6180131744649,200.90250630149697
819.4777438729053,200.9181026126235
820.3374745713456,200.93632755496472
821.1972052697861,200.95757301859197
822.0569359682264,199.99056476041295
822.9166666666667,200.4326821537762
823.7763973651072,201.0433514379018
824.6361280635475,201.35383045224182
825.495858761988,202.54480957600484
826.3555894604283,201.17042259134968
827.2153201588686,201.2237846259731
828.0750508573091,199.0941198289426
828.9347815557494,199.7074157330243
829.7945122541898,201.42173065958923
830.6542429526302,201.49934234486528
831.5139736510705,200.0222618359777
832.373704349511,201.66566442742783
833.2334350479513,203.7181655789899
834.0931657463917,204.04037515380108
834.952896444832,201.9255987574871
835.8126271432724,199.29841524679694
836.6723578417128,202.09240366870668
837.5320885401532,202.17040161690835
838.3918192385936,202.24325917583266
839.2515499370339,202.3098233072255
840.1112806354743,202.36894097283286
840.9710113339147,202.4194591344007
841.830742032355,202.46022475367508
842.6904727307955,202.49008479240186
843.5502034292358,202.5078862123271
844.4099341276761,202.51247597519674
845.2696648261166,202.5027010427567
846.1293955245569,204.26884430459114
846.9891262229974,202.43544493893174
847.8488569214377,201.57174541749976
848.708587619878,202.29771960653767
849.5683183183185,202.20392037892665
850.4280490167588,202.09706940215872
851.2877797151992,201.97997576322066
852.1475104136396,199.7351468803073
853.0072411120799,202.58390362501174
853.8669718105203,199.8131348243373
854.7267025089607,199.56385563395767
855.5864332074011,201.3391856805231
856.4461639058414,201.2196268952909
857.3058946042818,201.10948905679749
858.1656253027222,201.0115812520297
859.0253560011625,200.3034295873595
859.885086699603,199.59498970868162
860.7448173980433,198.03293927525104
861.6045480964837,202.82462979193366
862.4642787949241,198.9834456299779
863.3240094933644,202.4340474439174
864.1837401918049,202.19729552968946
865.0434708902452,201.5393702931634
865.9032015886855,201.01177492265293
866.762932287126,200.12767114547458
867.6226629855663,201.46034863280656
868.4823936840068,202.81297286708622
869.3421243824471,202.92306787455684
870.2018550808874,201.3187132412612
871.0615857793279,201.33593891359556
871.9213164777682,201.17216277560019
872.7810471762086,200.44191642664765
873.640777874649,201.22121791305594
874.5005085730893,201.89123098034582
875.3602392715297,201.02991913999222
876.2199699699701,199.3931079433697
877.0797006684105,200.795639242663
877.9394313668508,200.67576996378352
878.7991620652913,200.56122171349926
879.6588927637316,200.45734992836424
880.518623462172,203.07161476900114
881.3783541606124,200.02424315242473
882.2380848590527,200.2633344023975
883.0978155574932,200.25322455100417
883.9575462559335,200.27029706034077
884.8172769543738,200.31142758335196
885.6770076528143,200.3734917729824
886.5367383512546,200.4533652821767
887.396469049695,200.72438078420112
888.2561997481354,200.65404287103556
889.1159304465757,200.76859825658934
889.9756611450161,199.81512418440525
890.8353918434565,201.01052047466914
891.6951225418969,201.1316386130843
892.5548532403373,201.24869564167588
893.4145839387776,200.52721043596108
894.274314637218,201.4593362086204
895.1340453356584,202.36107482074752
895.9937760340988,201.63320918453724
896.8535067325391,201.70647525705257
897.7132374309795,199.09596669271804
898.5729681294199,203.65974413088912
899.4326988278602,202.5439240513139
900.2924295263007,199.3582131067117
901.152160224741,201.9390153102818
902.0118909231813,201.95927518194753
902.8716216216218,201.9709556482496
903.7313523200621,201.97412955531527
904.5910830185026,201.96886974927145
905.4508137169429,201.71685029837417
906.3105444153832,200.92311776627972
907.1702751138237,202.21949712758612
908.030005812264,201.86495031654286
908.8897365107044,201.81861463685763
909.7494672091448,199.50159288129512
910.6091979075851,201.7020262145731
911.4689286060255,199.89329165280583
912.3286593044659,201.55403401591656
913.1883900029063,201.46844361576655
914.0481207013466,201.59040992198973
914.907851399787,202.03747169782093
915.7675820982274,200.76032236743018
916.6273127966678,200.85756214244176
917.4870434951082,200.9274624518804
918.3467741935485,200.79717030936547
