59.4758064516129,201.3250976665611
60.33553715005327,201.29264307671758
61.19526784849365,202.3224211920931
62.05499854693402,199.50141838775008
62.9147292453744,203.84477126272608
63.774459943814776,200.29103317827713
64.63419064225515,201.08548101029572
65.49392134069552,200.45584208711188
66.35365203913591,200.36109473497768
67.21338273757628,200.93750840989662
68.07311343601665,201.08386974071132
68.93284413445703,200.83466005996655
69.7925748328974,200.7829955612038
70.65230553133779,200.7316240292876
71.51203622977816,200.98739939067474
72.37176692821853,200.63111941413018
73.2314976266589,200.58266610495656
74.0912283250993,200.53586531076488
74.95095902353967,200.49105691858875
75.81068972198004,200.04636507060016
76.67042042042041,200.40877688841869
77.5301511188608,199.61553734100372
78.38988181730117,202.60446315550197
79.24961251574155,200.74606623657596
80.10934321418192,200.28308068175414
80.96907391262229,200.26172965732573
81.82880461106268,200.24479610120522
82.68853530950305,199.78966879812936
83.54826600794343,202.1030545744134
84.4079967063838,200.21702050703436
85.26772740482417,201.09993979961718
86.12745810326456,199.9134744208557
86.98718880170493,200.2161167127741
87.8469195001453,201.1886570349285
88.70665019858568,200.22557577916982
89.56638089702605,200.2322286752277
90.42611159546644,197.8169560206748
91.28584229390681,200.2475559998788
92.14557299234718,201.0038240960514
93.00530369078756,200.26314511033104
93.86503438922793,200.27012539673612
94.72476508766832,200.00099943181874
95.58449578610869,200.28127263959934
96.44422648454906,200.28545859202103
97.30395718298945,200.28876069033362
98.16368788142981,197.9691416485495
99.0234185798702,200.29283710032385
99.88314927831057,202.5489942533307
100.74287997675094,200.29374942095512
101.60261067519133,200.293096407569
102.46234137363169,200.29174520361246
103.32207207207207,200.28972675300872
104.18180277051245,199.83993661015074
105.04153346895282,200.28381188755202
105.90126416739321,198.39662202327452
106.76099486583357,200.2755993625839
107.62072556427395,200.27070883759086
108.48045626271433,200.26534740577318
109.3401869611547,200.2596601289229
110.19991765959509,200.25385014375647
111.05964835803545,200.24812123086232
111.91937905647583,199.879960573881
112.7791097549162,200.23772174424462
113.63884045335658,200.03316710392738
114.49857115179697,200.23009191377756
115.35830185023732,200.22782507107152
116.21803254867771,200.22686198416847
117.07776324711809,201.8466105105928
117.93749394555846,200.2296622001252
118.79722464399885,202.35853661879315
119.65695534243922,200.24012280635523
120.51668604087959,200.24873520729383
121.37641673931996,201.01272380475777
122.23614743776034,199.07849302907678
123.09587813620072,200.290378873771
123.9556088346411,202.24260903720372
124.81533953308147,200.33104366695662
125.67507023152184,200.35457030631449
126.53480092996222,200.37989291613093
127.3945316284026,201.93601542472388
128.254262326843,199.46515234733266
129.11399302528335,200.4641351329455
129.9737237237237,200.49414018921013
130.8334544221641,201.08639334359916
131.69318512060448,200.5555359164976
132.55291581904487,200.58642630044318
133.41264651748523,198.37754995822795
134.2723772159256,201.90763737557535
135.13210791436597,200.00133326663544
135.99183861280636,200.70543462233718
136.85156931124675,198.90974703056307
137.7113000096871,200.7587048454108
138.57103070812747,200.78290597009413
139.43076140656785,199.29170179040764
140.29049210500824,200.8248486704039
141.15022280344863,200.84100657374577
142.009953501889,202.816928612725
142.86968420032935,200.8584987366261
143.72941489876973,200.85774101165097
144.58914559721012,202.28098281107552
145.4488762956505,199.57398391997464
146.30860699409087,200.14206774637356
147.16833769253125,202.9403620131198
148.0280683909716,201.72566366915004
148.887799089412,202.49099716966444
149.7475297878524,200.57740660643998
150.60726048629274,200.48551687998778
151.46699118473313,200.37752868819547
152.3267218831735,200.25239591206014
153.18645258161388,200.1089839217433
154.04618328005427,199.94591479666275
154.90591397849462,199.76176917983173
155.765644676935,199.5551277142637
156.62537537537537,198.59691464203095
157.48510607381576,198.62430356206323
158.34483677225614,197.205093906011
159.2045674706965,198.47521622488938
160.0642981691369,197.74747579019737
160.92402886757725,198.19051740376304
161.78375956601764,198.34505989634695
162.64349026445802,196.92205015712392
163.5032209628984,195.22397547227857
164.36295166133877,196.0911886483923
165.22268235977913,196.80529647914682
166.08241305821952,195.1041016171901
166.9421437566599,194.95171698998425
167.8018744551003,195.65337624445533
168.66160515354065,194.48426369753673
169.521335851981,196.16183301537586
170.3810665504214,191.90496667652866
171.24079724886178,193.5658882461595
172.10052794730217,192.7374299062107
172.96025864574253,192.27380746581403
173.8199893441829,190.72858948808496
174.67972004262327,191.0638617852285
175.53945074106366,190.3046421817277
176.39918143950405,189.48766631678677
177.2589121379444,187.677869496453
178.11864283638477,187.86632018265203
178.97837353482515,186.7240067329553
179.83810423326554,185.18507732020848
180.69783493170593,185.99823312406417
181.55756563014629,185.54381472490795
182.41729632858664,185.1616738762871
183.27702702702703,184.8446525152953
184.13675772546742,184.58559257902633
184.9964884239078,184.37733600457406
185.85621912234816,186.56410657042926
186.71594982078852,183.19006575526075
187.5756805192289,183.98580582305547
188.4354112176693,183.909182066808
189.29514191610966,186.8052799207416
190.15487261455004,184.19540067768665
191.01460331299043,183.74075947793585
191.8743340114308,182.40099650059818
192.73406470987118,183.60811042631272
193.59379540831154,183.74296431008833
194.45352610675192,183.39236491017138
195.3132568051923,183.2393152687325
196.17298750363267,183.074055064395
197.03271820207306,184.32208389133328
197.89244890051341,182.81443258193698
198.7521795989538,182.76122077856112
199.6119102973942,182.7607720339894
200.47164099583455,182.80861113041374
201.33137169427494,182.90026285002588
202.19110239271532,183.0312519750177
203.05083309115568,183.9793102452211
203.91056378959607,185.78659493691802
204.77029448803643,183.6154916041895
205.63002518647681,183.3945647399243
206.4897558849172,184.11962605738583
207.34948658335756,185.90126968734313
208.20921728179795,184.18976762310535
209.0689479802383,183.82548195621305
209.9286786786787,183.89833448895436
210.78840937711908,185.52015493484598
211.64814007555944,184.939895699163
212.50787077399983,186.4710873209066
213.36760147244019,186.48453781654987
214.22733217088057,187.39081700893578
215.08706286932096,184.12952851531398
215.94679356776132,187.13665200747582
216.8065242662017,187.6321824666479
217.66625496464206,190.2834575413108
218.52598566308245,188.072875434726
219.38571636152284,188.42843374055528
220.2454470599632,188.8118651081687
221.10517775840358,187.45120216696958
221.96490845684394,189.45703120639575
222.82463915528433,190.54044176447618
223.68436985372472,190.69789495739593
224.54410055216508,191.27445688082886
225.40383125060546,191.37355566565734
226.26356194904582,192.5353543415668
227.1232926474862,194.04685589084883
227.9830233459266,193.88050111664734
228.84275404436696,194.562370753075
229.70248474280734,195.23854602529917
230.5622154412477,195.9001080357234
231.4219461396881,196.53813788675137
232.28167683812848,197.1437166807866
233.14140753656883,197.70792552023278
234.00113823500922,198.2218455074935
234.8608689334496,199.94109660750883
235.72059963188997,199.065274173307
236.58033033033036,199.82203315412008
237.4400610287707,199.3964654999253
238.2997917272111,199.86805512991077
239.1595224256515,200.03023243240247
240.01925312409185,199.46777803017991
240.87898382253223,200.224734118945
241.7387145209726,200.2664823717037
242.59844521941298,200.27751147659248
243.45817591785337,200.9594743279129
244.31790661629373,200.22625998017614
245.1776373147341,200.17340324757876
246.03736801317447,200.10867510452718
246.89709871161486,199.4783971111495
247.75682941005525,199.96245232447686
248.6165601084956,199.25191807839056
249.476290806936,198.51026309696877
250.33602150537635,199.77188093484224
251.19575220381674,199.7348629936877
252.05548290225713,199.7169029861402
252.91521360069748,199.71636655967657
253.77494429913787,199.73107045427133
254.63467499757823,197.30327944138298
255.49440569601862,200.5252720312866
256.35413639445903,199.84479146415083
257.21386709289936,199.89862404272418
258.07359779133975,199.95678064222855
258.93332848978014,200.0170780026384
259.79305918822047,200.0773328639283
260.6527898866609,200.13536196607274
261.51252058510124,198.24204960000338
262.37225128354163,201.11166073809272
263.231981981982,201.06358328727086
264.09171268042235,200.30241224839577
264.9514433788628,202.30862078253372
265.8111740773031,200.0092724414797
266.6709047757435,199.5744364452324
267.5306354741839,200.3946670229575
268.3903661726242,200.11053102953116
269.25009687106467,200.31976482402072
270.109827569505,200.30874131906944
270.9695582679454,200.29698210022732
271.8292889663858,198.5663014193041
272.6890196648261,199.95891747194148
273.54875036326655,200.26944080564658
274.4084810617069,200.26688937653162
275.26821176014727,200.2696774125013
276.12794245858765,201.59611944949526
276.987673157028,201.04473776595552
277.84740385546843,200.33200420876466
278.70713455390876,200.7059501788076
279.56686525234915,200.36578291317622
280.42659595078953,200.39720439059053
281.28632664922986,200.4312008776081
282.1460573476703,200.4671330387331
283.00578804611064,201.92132960779875
283.865518744551,200.542247041323
284.7252494429914,200.58015021179645
285.58498014143174,200.61743171439483
286.4447108398722,200.65345221362224
287.3044415383125,201.00738950847608
288.1641722367529,200.7191528599818
289.0239029351933,200.7475543361225
289.8836336336336,202.09169110142085
290.74336433207407,200.7922629168475
291.6030950305144,200.48084329048058
292.4628257289548,199.14718660178684
293.32255642739517,200.81949982660876
294.1822871258355,200.81540119819277
295.04201782427594,200.80364821144914
295.9017485227163,200.82516447219038
296.76147922115666,200.75565637838255
297.62120991959705,201.8997223468608
298.4809406180374,201.7914709426255
299.3406713164778,197.89939279562844
300.20040201491815,200.57939733436967
301.06013271335854,200.5232849521039
301.91986341179893,200.46395864893267
302.77959411023926,200.4022209886559
303.6393248086797,200.33887453507327
304.49905550712003,199.3266837875872
305.3587862055604,200.21056550318983
306.2185169040008,200.14720805248857
307.07824760244114,198.19666075902902
307.9379783008816,200.02610010056625
308.7977089993219,199.96995472694465
309.6574396977623,199.91781850661584
310.5171703962027,200.91694317837246
311.376901094643,198.88629635651182
312.23663179308346,199.59689960918521
313.0963624915238,199.76541643422524
313.9560931899642,199.40466481903684
314.81582388840457,199.73413697658182
315.6755545868449,202.45701614933853
316.53528528528534,199.7413659184892
317.39501598372567,199.95491457305775
318.2547466821661,199.77458892445188
319.11447738060644,199.8291878424974
319.9742080790468,200.5284084538201
320.8339387774872,199.92719262917973
321.69366947592755,199.98428173739737
322.553400174368,200.0450951727209
323.4131308728083,201.09676600216827
324.27286157124865,200.1728945762501
325.1325922696891,200.17651794155148
325.99232296812943,198.82498643172926
326.8520536665699,200.3612733321164
327.7117843650102,199.54220615711304
328.57151506345053,200.47006096180561
329.431245761891,200.51566497805723
330.2909764603313,200.55374231243496
331.15070715877175,200.58304285283003
332.0104378572121,200.6023164871335
332.8701685556524,199.1677217128344
333.72989925409286,202.39822828056623
334.5896299525332,200.587474832406
335.44936065097363,197.7060979942095
336.30909134941396,200.50452714346756
337.1688220478543,199.93042001426295
338.02855274629474,200.32524709549247
338.88828344473507,199.43297448060832
339.7480141431755,200.11648845832164
340.60774484161584,199.9574833591564
341.46747554005617,199.76107930335385
342.3272062384966,200.35618499041735
343.18693693693695,199.22639564611637
344.0466676353774,198.87327670682114
344.9063983338177,198.45308013516828
345.76612903225805,197.9583862622275
346.6258597306985,197.3817754190687
347.4855904291388,194.64887895712596
348.34532112757927,195.95312414637678
349.2050518260196,195.088939567062
350.06478252445993,194.1852970979153
350.9245132229004,192.79652136738466
351.7842439213407,192.51698874936122
352.64397461978115,191.75729190243908
353.5037053182215,191.0455082644785
354.3634360166618,192.14583774987668
355.22316671510225,189.67419657656916
356.0828974135426,187.9972377261682
356.942628111983,188.65163066312525
357.80235881042336,187.43775690982554
358.6620895088637,187.92588683657007
359.52182020730413,187.24220086752155
360.38155090574446,186.90998065892268
361.2412816041849,186.5558149436316
362.10101230262524,186.2099660542724
362.96074300106557,185.91790276525848
363.820473699506,185.62637454257845
364.68020439794634,185.90638155704718
365.5399350963868,185.07871943123678
366.3996657948271,184.81499519368091
367.25939649326745,184.72087017175147
368.1191271917079,183.9588452429927
368.9788578901482,184.9559129410458
369.83858858858866,183.83927610084586
370.698319287029,183.62896469860033
371.5580499854693,183.64831182524492
372.41778068390977,183.26818002519187
373.2775113823501,183.12327706429383
374.13724208079054,183.00574722744304
374.9969727792309,182.91837566977185
375.8567034776712,182.7690291123117
376.71643417611165,182.84524801249825
377.576164874552,183.53655875996458
378.4358955729924,182.920936936669
379.29562627143275,185.0802616712377
380.1553569698731,183.12681284080537
381.0150876683135,183.26810505812452
381.87481836675386,183.42937514368586
382.7345490651943,183.6064293660459
383.59427976363463,183.79507399376075
384.45401046207496,183.99116607544303
385.3137411605154,184.33686269933537
386.17347185895574,184.39709815296956
387.0332025573962,184.60542834715133
387.8929332558365,184.81639486208275
388.75266395427684,185.35168627585836
389.6123946527173,185.2434175056067
390.4721253511576,185.45806395990508
391.33185604959806,185.67252738636518
392.1915867480384,185.88610294783985
393.0513174464787,185.64447501099824
393.91104814491916,187.15581938639684
394.7707788433595,186.1751718862283
395.63050954179994,186.71742980094479
396.49024024024027,186.9159934802875
397.3499709386806,187.61667530163123
398.20970163712104,187.29819538650304
399.0694323355614,187.4851216741245
399.9291630340018,187.62201003689572
400.78889373244215,187.8663517681707
401.6486244308825,188.067079657875
402.5083551293229,188.1320290118006
403.36808582776325,187.60020301087962
404.2278165262037,188.74825919739015
405.087547224644,189.0123578061618
405.94727792308447,189.30032919879974
406.8070086215248,189.6153854169438
407.66673931996513,190.39691770552335
408.5264700184056,190.99199810417363
409.3862007168459,191.09238830424587
410.24593141528635,191.82521279652315
411.1056621137267,191.70936034764742
411.965392812167,192.25333996756095
412.82512351060745,191.26174976144992
413.6848542090478,192.67238637347157
414.54458490748823,194.0833668706079
415.40431560592856,195.71662881556506
416.2640463043689,195.37193511708477
417.12377700280933,196.00781147530913
417.98350770124966,196.62520583092507
418.8432383996901,198.98622318178045
419.70296909813044,196.05387273906956
420.56269979657077,199.22866541864136
421.4224304950112,198.72085903757326
422.28216119345154,200.30265133594534
423.141891891892,199.47366742978684
424.0016225903323,199.78220276340292
424.86135328877265,200.04991761960125
425.7210839872131,200.28013107156397
426.5808146856534,200.4761621924731
427.44054538409387,200.64133005551088
428.3002760825342,200.7789537338592
429.1600067809745,201.5011405339069
430.01973747941497,200.9839965807105
430.8794681778553,201.05665282403055
431.73919887629575,201.11275642468405
432.5989295747361,201.1548253827662
433.4586602731764,199.30997568408043
434.31839097161685,201.20693137159773
435.1781216700572,199.2124197345398
436.0378523684976,201.79487456403714
436.89758306693795,201.2427805379411
437.7573137653783,200.53541285397668
438.61704446381873,201.26785010534505
439.47677516225906,201.28828992628524
440.3365058606995,201.9444666289995
441.19623655913983,201.3572000480495
442.05596725758016,200.41447782397265
442.9156979560206,201.46484764500394
443.77542865446094,201.52841088860478
444.6351593529014,200.39735869980953
445.4948900513417,201.66439261186338
446.35462074978204,200.97486517036126
447.2143514482225,201.79801644427792
448.0740821466628,199.11380963721942
448.93381284510326,201.91228453914397
449.7935435435436,201.95684835790132
450.6532742419839,204.45992945480614
451.51300494042437,202.01021188387446
452.3727356388647,202.0147621294142
453.23246633730514,202.0017250555387
454.09219703574547,201.9689759314099
454.9519277341858,201.9143900261898
455.81165843262625,201.1660308042112
456.6713891310666,201.73313013707102
457.531119829507,201.07408854695015
458.39085052794735,201.12979909541517
459.2505812263877,201.32285491336688
460.1103119248281,201.16756839500877
460.97004262326845,201.0107726318464
461.8297733217089,200.8571205101345
462.68950402014923,200.71126491612756
463.54923471858956,199.2768990961278
464.40896541703,201.47040477227122
465.26869611547033,200.36700616288192
466.1284268139108,200.2988655422403
466.9881575123511,200.26175088860185
467.84788821079144,200.97684325506629
468.7076189092319,200.28305758552526
469.5673496076722,200.33502894200154
470.42708030611266,200.15576580234347
471.286811004553,200.50430192861063
472.1465417029933,201.1263178506978
473.00627240143376,200.73760762359777
473.8660030998741,200.86961986554678
474.72573379831454,200.60561654610555
475.58546449675487,201.14705739598298
476.4451951951952,202.79149579190738
477.30492589363564,201.41930466530633
478.16465659207597,199.59381180156615
479.0243872905164,201.69334729429863
479.88411798895675,200.01161634463097
480.7438486873971,200.07414822837936
481.6035793858375,201.39608552464452
482.46331008427785,201.9280130286347
483.3230407827183,202.34799000197162
484.1827714811586,202.05600884125684
485.04250217959896,202.77682950112722
485.9022328780394,201.73618412241888
486.76196357647973,201.60284702497475
487.6216942749202,201.44362998805073
488.4814249733605,201.2643920655752
489.34115567180083,201.07099231147677
490.2008863702413,200.7591135298857
491.0606170686816,200.6651435241255
491.92034776712205,200.46441259872967
492.7800784655624,200.27295605742532
493.6398091640027,200.0966329541408
494.49953986244316,199.94130234280473
495.3592705608835,199.81282327734573
496.21900125932393,199.71701708718237
497.07873195776426,199.65659472401794
497.9384626562046,199.62888334291256
498.79819335464504,200.47163387922276
499.65792405308537,199.65875907151553
500.5176547515258,197.75719151911525
501.37738544996614,202.74500762879384
502.23711614840647,202.4636170825034
503.0968468468469,199.9698633044292
503.95657754528725,200.0812876101911
504.8163082437277,200.1997539872846
505.676038942168,200.3220538218686
506.53576964060835,199.97744706466605
507.3955003390488,200.56531940814446
508.2552310374891,201.48732834021126
509.11496173592957,198.9882410184175
509.9746924343699,198.92969994421932
510.83442313281023,199.75319865585664
511.6941538312507,200.87554144645128
512.553884529691,201.05342330728578
513.4136152281314,201.06583663644173
514.2733459265718,200.53965885243318
515.1330766250121,201.00269663815567
515.9928073234526,199.76015966793815
516.8525380218929,201.68218465529128
517.7122687203333,200.57561860320084
518.5719994187737,198.79520879392624
519.431730117214,198.22713072047995
520.2914608156544,199.87944110413264
521.1511915140948,199.52611671584242
522.0109222125352,199.12117741408127
522.8706529109755,198.66378783187596
523.7303836094159,198.15311260225323
524.5901143078563,197.3935173269228
525.4498450062966,196.96856373286312
526.3095757047371,196.2930193591492
527.1693064031774,195.56084787012526
528.0290371016177,196.3102754244659
528.8887678000582,196.95034505818126
529.7484984984985,193.13102953986697
530.608229196939,192.32525671940476
531.4679598953793,190.33348879041912
532.3276905938197,191.71789146347234
533.1874212922601,189.93475577498748
534.0471519907004,189.8152997621728
534.9068826891408,189.37566117334012
535.7666133875812,189.18234864188733
536.6263440860216,187.1399106249197
537.486074784462,186.21156339162007
538.3458054829023,188.7276357154892
539.2055361813427,188.63315096993895
540.065266879783,188.5360270735859
540.9249975782235,188.92355203657664
541.7847282766638,188.27977804379833
542.6444589751042,190.0278817771075
543.5041896735446,187.7603151360194
544.3639203719849,187.42610256771673
545.2236510704254,185.8063392136783
546.0833817688657,186.6538874234024
546.943112467306,185.34137265212954
547.8028431657465,185.8331001093643
548.6625738641868,185.438172328907
549.5223045626273,182.3592149125151
550.3820352610676,183.93044018946694
551.2417659595079,184.47691860678088
552.1014966579484,184.27373192181605
552.9612273563887,184.13232574306326
553.8209580548291,184.04085726707606
554.6806887532695,182.8609299927256
555.5404194517098,185.42830661817328
556.4001501501502,184.94207279138834
557.2598808485906,182.7524112928237
558.119611547031,182.55567803701953
558.9793422454713,183.87669827281454
559.8390729439117,183.82001516033702
560.6988036423521,183.7623621669805
561.5585343407924,183.71950799114362
562.4182650392329,183.70722133122536
563.2779957376732,183.7412708856245
564.1377264361136,183.8374253527398
564.997457134554,184.0106025469954
565.8571878329943,183.02353778049147
566.7169185314348,184.57486932796326
567.5766492298751,184.93972418559406
568.4363799283154,185.34196124414467
569.2961106267559,185.10453651947253
570.1558413251962,187.0027104036889
571.0155720236367,186.63972479648007
571.875302722077,185.7819545513529
572.7350334205174,187.44753664977063
573.5947641189578,187.79426117328532
574.4544948173981,186.76055742649103
575.3142255158385,188.3100812614442
576.1739562142789,188.48145417884263
577.0336869127193,189.52899110733415
577.8934176111596,188.74851993868091
578.7531483096,188.67250884101918
579.6128790080404,189.3149861490943
580.4726097064807,189.27951396344906
581.3323404049212,188.3074913485407
582.1920711033615,188.0493894878782
583.0518018018018,190.06487756580674
583.9115325002423,193.56089993358881
584.7712631986826,191.28687040618948
585.6309938971231,191.03465376133602
586.4907245955634,192.96639792956248
587.3504552940037,193.3570894061015
588.2101859924442,194.57027186441562
589.0699166908845,194.99049997746033
589.9296473893249,195.62019529310828
590.7893780877653,196.2161561680791
591.6491087862056,198.29823401589923
592.508839484646,198.58891962262632
593.3685701830864,198.48891217018704
594.2283008815268,198.13809968824373
595.0880315799672,198.71284285201548
595.9477622784075,198.9981815571678
596.8074929768479,197.4981380304735
597.6672236752883,199.07037059389606
598.5269543737287,199.18210175880034
599.386685072169,199.2827502795608
600.2464157706094,199.37969969930126
601.1061464690498,199.473102241817
601.9658771674901,199.56301180823306
602.8256078659306,201.13453520154928
603.6853385643709,199.581719325849
604.5450692628112,199.8123216621337
605.4047999612517,199.21066915574434
606.264530659692,199.8780994613459
607.1242613581325,200.0321351716401
607.9839920565728,200.07738324640383
608.8437227550131,200.1630093349819
609.7034534534536,200.2239076671294
610.5631841518939,200.28185203442786
611.4229148503343,200.33689633800253
612.2826455487747,200.3890944789785
613.142376247215,200.64874682396945
614.0021069456554,200.4851678776346
614.8618376440958,200.52915093756485
615.7215683425362,201.2945516585705
616.5812990409765,200.34418677356766
617.4410297394169,198.91694743354466
618.3007604378573,199.87486689729687
619.1604911362977,201.03979661910114
620.0202218347381,200.73969411645763
620.8799525331784,199.01546952838078
621.7396832316188,200.79084301997088
622.5994139300592,199.3700791922914
623.4591446284995,200.1337620534277
624.31887532694,200.85103851725424
625.1786060253803,200.8667520577816
626.0383367238207,199.78443660614434
626.8980674222611,200.91104875341742
627.7577981207014,200.9008975553754
628.6175288191419,203.90357622335546
629.4772595175822,200.9128745078012
630.3369902160226,200.9156397374292
631.196720914463,198.36006256219673
632.0564516129033,200.91474498219193
632.9161823113437,200.9110935087975
633.7759130097841,202.874130932853
634.6356437082245,200.89740364913354
635.4953744066648,200.88737377433483
636.3551051051052,203.35301730938176
637.2148358035456,200.86096541348064
638.0745665019859,200.84459543889588
638.9342972004264,199.74765627438455
639.7940278988667,201.97447707232104
640.653758597307,200.7828838289099
641.5134892957475,198.78856079018615
642.3732199941878,200.36078639463955
643.2329506926283,199.98289219315902
644.0926813910686,198.7677484667736
644.9524120895089,200.6459896454916
645.8121427879494,199.66283165151637
646.6718734863897,201.72089961700433
647.5316041848301,200.55458487241742
648.3913348832705,201.18292319572777
649.2510655817108,200.49423626189764
650.1107962801512,200.4650392706987
650.9705269785916,200.43684979669692
651.830257677032,200.40993482075962
652.6899883754724,200.38456132375413
653.5497190739127,200.36099628654785
654.4094497723531,200.33950669000816
655.2691804707935,201.14973896962422
656.1289111692339,200.3038217423979
656.9886418676742,200.29016035306208
657.8483725661146,200.61976073295554
658.708103264555,200.27253464766576
659.5678339629953,200.50530098629136
660.4275646614358,201.4808978953501
661.2872953598761,200.27419046429694
662.1470260583164,200.856086706264
663.0067567567569,201.95128910661757
663.8664874551972,201.03784536324872
664.7262181536377,201.98342424403594
665.585948852078,200.10758115627263
666.4456795505183,200.420086843247
667.3054102489588,200.39554679415036
668.1651409473991,200.42195466983833
669.0248716458395,200.44970718970535
669.8846023442799,200.85281462614506
670.7443330427202,200.50801526850228
671.6040637411606,200.53795538069548
672.463794439601,201.53245232980362
673.3235251380414,200.2387694599069
674.1832558364817,198.85877856370297
675.0429865349221,201.97048908357704
675.9027172333625,200.68320773486857
676.7624479318029,199.3859812289859
677.6221786302433,200.73348867715674
678.4819093286836,200.7557225406739
679.341640027124,203.7537302748122
680.2013707255644,201.0966021122981
681.0611014240047,200.80711373251626
681.9208321224452,200.8182196594595
682.7805628208855,201.00608157579143
683.6402935193258,200.83025509674215
684.5000242177663,200.5716427709683
685.3597549162066,200.82761076112922
686.219485614647,200.820366971953
687.0792163130874,199.4375297659225
687.9389470115277,201.46719348294596
688.7986777099682,199.78697004703614
689.6584084084085,200.74802507846624
690.5181391068489,203.5624819192342
691.3778698052893,200.6835005330639
692.2376005037296,201.26038487537843
693.09733120217,200.59829564067743
693.9570619006104,200.54752135783122
694.8167925990508,200.49107694039833
695.6765232974911,200.4287957057651
696.5362539959315,200.36051097131806
697.3959846943719,200.13880584065797
698.2557153928122,200.20504277549563
699.1154460912527,200.11536592478032
699.975176789693,199.70978725050512
700.8349074881334,199.3545630102747
701.6946381865738,199.76526322748373
702.5543688850141,200.95395587066474
703.4140995834546,199.43518339220367
704.2738302818949,199.2324046886019
705.1335609803352,201.45398564488931
705.9932916787757,198.8372202726378
706.853022377216,197.13422906904
707.7127530756565,198.10175616349485
708.5724837740968,197.72465164648153
709.4322144725371,196.65615013547108
710.2919451709776,196.83672920828428
711.1516758694179,196.32008770387577
712.0114065678583,193.76939918843328
712.8711372662987,195.12688516637726
713.730867964739,194.44450059943227
714.5905986631794,193.70459151659904
715.4503293616198,192.92096905066447
716.3100600600602,192.62403051696543
717.1697907585005,191.29006523713122
718.0295214569409,190.4765245233528
718.8892521553813,188.59669471762658
719.7489828538216,188.93761706632267
720.6087135522621,189.78893592191963
721.4684442507024,187.62678348354112
722.3281749491427,186.7636383142503
723.1879056475832,186.60449464217552
724.0476363460235,187.7948155233949
724.907367044464,184.84822986805443
725.7670977429043,185.5409229310018
726.6268284413446,185.29287835454286
727.4865591397851,185.0902329890914
728.3462898382254,181.99872489759008
729.2060205366658,182.95326982714366
730.0657512351062,185.6504675082006
730.9254819335465,185.4147560014342
731.785212631987,184.59334482181214
732.6449433304273,184.56430501932533
733.5046740288677,184.54773452681934
734.364404727308,184.53892907271893
735.2241354257484,184.53318438544883
736.0838661241888,184.5257961934339
736.9435968226292,184.51206022509882
737.8033275210696,185.7115033407964
738.6630582195099,184.0283174619037
739.5227889179503,184.38615658585783
740.3825196163907,183.04933968529065
741.242250314831,184.20753278646723
742.1019810132715,183.22466610161737
742.9617117117118,184.57826940238644
743.8214424101521,183.83364556000043
744.6811731085926,184.06025111877813
745.5409038070329,183.5432281705662
746.4006345054734,183.39325101911706
747.2603652039137,183.24346348087133
748.120095902354,183.09639199409705
748.9798266007945,182.95456299706265
749.8395572992348,184.1064097019821
750.6992879976752,182.69673822528696
751.5590186961156,184.5362077093818
752.418749394556,182.44150979317297
753.2784800929963,182.41248069738134
754.1382107914367,182.35516184242164
754.9979414898771,181.89220926519985
755.8576721883175,181.09933846530478
756.7174028867579,183.95551645926156
757.5771335851982,182.39277985587552
758.4368642836386,182.49266044400684
759.296594982079,182.639499022537
760.1563256805193,182.83870714610558
761.0160563789598,183.09569636935228
761.8757870774001,183.41587824691672
762.7355177758404,183.1803356110077
763.5952484742809,184.2674661835574
764.4549791727212,184.80969535191284
765.3147098711617,185.4367633931448
766.174440569602,186.15408186189265
767.0341712680423,186.96706231279606
767.8939019664828,187.87787463701775
768.7536326649231,188.87006377590848
769.6133633633635,189.92053569920566
770.4730940618039,192.55482532042961
771.3328247602442,192.1039191609197
772.1925554586846,193.1906263302874
773.052286157125,194.24320754596215
773.9120168555654,194.31186349326148
774.7717475540057,196.15358337813498
775.6314782524461,197.14890167794772
776.4912089508865,197.6695867128829
777.3509396493268,198.7343467777659
778.2106703477673,198.79423982550546
779.0704010462076,199.57144732362514
779.930131744648,199.61731541088653
780.7898624430884,197.03506230540486
781.6495931415287,200.22327289478702
782.5093238399692,200.4592159212474
783.3690545384095,200.6545813857356
784.2287852368498,199.88839522919386
785.0885159352903,200.93585283700395
785.9482466337306,201.02789542788838
786.807977332171,200.73264791690949
787.6677080306114,201.13013585041858
788.5274387290517,200.27081868831868
789.3871694274922,201.44006458680352
790.2469001259325,202.7116662302681
791.1066308243729,203.48838425387189
791.9663615228133,201.05149657361846
792.8260922212536,201.00301679185404
793.685822919694,200.24863858148726
794.5455536181344,200.897851718338
795.4052843165748,200.28104219917986
796.2650150150151,200.8022013118533
797.1247457134555,200.76519044044068
797.9844764118959,201.67696475353137
798.8442071103362,200.71526871555318
799.7039378087767,199.64495851096308
800.563668507217,200.69274952481646
801.4233992056573,200.68999064238628
802.2831299040978,199.93678374216537
803.1428606025381,200.69792382866558
804.0025913009786,201.18783677725185
804.8623219994189,200.7190576501489
805.7220526978592,201.91886292042486
806.5817833962997,200.8390551048506
807.44151409474,202.11816443206422
808.3012447931804,200.6857744603073
809.1609754916208,200.7923649981402
810.0207061900611,200.6054072795795
810.8804368885015,200.10546911749017
811.7401675869419,201.60226595111845
812.5998982853823,200.83401503164254
813.4596289838227,200.84218384625987
814.319359682263,200.85023806159344
815.1790903807034,200.722346854451
816.0388210791438,199.86161611544028
816.8985517775842,201.35978340677403
817.7582824760245,200.88914673151413
818.6180131744649,200.69973944844983
819.4777438729053,200.9181026126235
820.3374745713456,200.93632755496472
821.1972052697861,200.95757301859197
822.0569359682264,200.98223089357643
822.9166666666667,200.7107111741134
823.7763973651072,201.0433514379018
824.6361280635475,201.0805978873853
825.495858761988,199.8904142953565
826.3555894604283,201.17042259134968
827.2153201588686,201.2237846259731
828.0750508573091,201.4208873549844
828.9347815557494,201.7392990700089
829.7945122541898,202.27794959821455
830.6542429526302,200.88044146287078
831.5139736510705,201.58103794689615
832.373704349511,204.21627720787336
833.2334350479513,200.88530426275818
834.0931657463917,201.53957571900102
834.952896444832,201.9255987574871
835.8126271432724,201.9086909832271
836.6723578417128,202.09240366870668
837.5320885401532,203.00863014699246
838.3918192385936,202.24325917583266
839.2515499370339,201.80943737696415
840.1112806354743,201.636476628009
840.9710113339147,202.4194591344007
841.830742032355,201.68491093128785
842.6904727307955,202.49008479240186
843.5502034292358,202.5078862123271
844.4099341276761,202.27981182646815
845.2696648261166,202.5027010427567
846.1293955245569,202.47740837675312
846.9891262229974,202.43544493893174
847.8488569214377,202.32277647330238
848.708587619878,202.29771960653767
849.5683183183185,202.1549255109163
850.4280490167588,202.09706940215872
851.2877797151992,201.97997576322066
852.1475104136396,202.87861066301656
853.0072411120799,201.611879699007
853.8669718105203,202.10863536831675
854.7267025089607,201.465356325507
855.5864332074011,201.3391856805231
856.4461639058414,203.19151441529593
857.3058946042818,201.10948905679749
858.1656253027222,202.02158470003317
859.0253560011625,199.9405492430514
859.885086699603,203.56833706529196
860.7448173980433,202.31898438124773
861.6045480964837,200.79843210995512
862.4642787949241,200.80343147872964
863.3240094933644,200.83227146151106
864.1837401918049,200.18065846217502
865.0434708902452,201.96601801517969
865.9032015886855,201.01177492265293
866.762932287126,201.24893245669344
867.6226629855663,201.15856696419772
868.4823936840068,202.40640983206424
869.3421243824471,201.28005181270245
870.2018550808874,201.3187132412612
871.0615857793279,201.33593891359556
871.9213164777682,199.00321538826142
872.7810471762086,201.85107133574851
873.640777874649,201.22121791305594
874.5005085730893,201.2192722997676
875.3602392715297,201.02991913999222
876.2199699699701,200.91547411358383
877.0797006684105,200.795639242663
877.9394313668508,198.83750905111037
878.7991620652913,201.5346073260138
879.6588927637316,200.57529107470913
880.518623462172,200.36951004493227
881.3783541606124,200.30305749975722
882.2380848590527,200.2633344023975
883.0978155574932,200.25322455100417
883.9575462559335,200.27029706034077
884.8172769543738,200.31142758335196
885.6770076528143,200.3734917729824
886.5367383512546,200.4533652821767
887.396469049695,200.54792376387957
888.2561997481354,200.811048495714
889.1159304465757,200.76859825658934
889.9756611450161,201.39632788234624
890.8353918434565,201.01052047466914
891.6951225418969,201.1316386130843
892.5548532403373,200.27141487238652
893.4145839387776,201.35858361296488
894.274314637218,201.4593362086204
895.1340453356584,199.8910495330452
895.9937760340988,201.63320918453724
896.8535067325391,201.70647525705257
897.7132374309795,200.8961438356564
898.5729681294199,201.82603080183264
899.4326988278602,201.87246596635143
900.2924295263007,201.91010318712546
901.152160224741,201.36552614920697
902.0118909231813,201.95927518194753
902.8716216216218,201.9709556482496
903.7313523200621,203.3423318291541
904.5910830185026,201.96886974927145
905.4508137169429,201.95524907624525
906.3105444153832,200.25914960675797
907.1702751138237,202.27908680137244
908.030005812264,204.05729193757682
908.8897365107044,200.53832299352433
909.7494672091448,201.76428232082537
910.6091979075851,202.06275618525592
911.4689286060255,200.8422352728047
912.3286593044659,202.88544684208654
913.1883900029063,200.32620947116948
914.0481207013466,201.37522080990465
914.907851399787,201.27443844445804
915.7675820982274,201.16616936555377
916.6273127966678,201.05048641931887
917.4870434951082,201.45004975286275
918.3467741935485,203.42229370615811
