59.4758064516129,201.3250976665611
60.33553715005327,202.09325187667446
61.19526784849365,199.76564677242337
62.05499854693402,201.21773641248825
62.9147292453744,201.17596411217005
63.774459943814776,201.1317656824279
64.63419064225515,200.18073978613205
65.49392134069552,201.03744998280732
66.35365203913591,200.98801248699627
67.21338273757628,200.93750840989662
68.07311343601665,200.88627763854208
68.93284413445703,200.83466005996655
69.7925748328974,200.7829955612038
70.65230553133779,200.7316240292876
71.51203622977816,200.62365610906917
72.37176692821853,200.241512871284
73.2314976266589,200.58266610495656
74.0912283250993,200.53586531076488
74.95095902353967,200.2936352815616
75.81068972198004,199.8491553620165
76.67042042042041,201.806198456082
77.5301511188608,199.98884289748392
78.38988181730117,200.338545110717
79.24961251574155,200.30879703412631
80.10934321418192,198.67829104549182
80.96907391262229,200.26172965732573
81.82880461106268,200.24479610120522
82.68853530950305,200.23194341654118
83.54826600794343,200.4772779605622
84.4079967063838,200.21702050703436
85.26772740482417,200.21422020491786
86.12745810326456,200.21867904315525
86.98718880170493,200.2161167127741
87.8469195001453,200.22008344547302
88.70665019858568,200.22557577916982
89.56638089702605,200.2322286752277
90.42611159546644,200.23967709500968
91.28584229390681,200.2475559998788
92.14557299234718,200.43992380203815
93.00530369078756,200.26314511033104
93.86503438922793,199.6555604326451
94.72476508766832,200.27617188914542
95.58449578610869,200.28127263959934
96.44422648454906,200.28545859202103
97.30395718298945,200.28876069033362
98.16368788142981,200.29120987846014
99.0234185798702,200.29283710032385
99.88314927831057,200.2936732998478
100.74287997675094,200.29374942095512
101.60261067519133,200.6910386424582
102.46234137363169,201.4388741729032
103.32207207207207,200.28972675300872
104.18180277051245,200.28707199968088
105.04153346895282,200.28381188755202
105.90126416739321,200.2799773605453
106.76099486583357,200.2755993625839
107.62072556427395,200.27070883759086
108.48045626271433,200.26534740577318
109.3401869611547,200.2596601289229
110.19991765959509,200.25385014375647
111.05964835803545,200.24812123086232
111.91937905647583,200.2426771708289
112.7791097549162,199.21043019609908
113.63884045335658,200.23345873169802
114.49857115179697,200.23009191377756
115.35830185023732,200.22782507107152
116.21803254867771,200.22686198416847
117.07776324711809,200.2274064336569
117.93749394555846,200.2296622001252
118.79722464399885,199.29124370971195
119.65695534243922,200.24012280635523
120.51668604087959,200.24873520729383
121.37641673931996,200.25987404756623
122.23614743776034,199.1359443498648
123.09587813620072,200.290378873771
123.9556088346411,200.309563141596
124.81533953308147,200.33104366695662
125.67507023152184,200.35457030631449
126.53480092996222,200.17889117187647
127.3945316284026,200.40676135286725
128.254262326843,200.43492547298504
129.11399302528335,200.4641351329455
129.9737237237237,200.26609082016952
130.8334544221641,200.5246904982404
131.69318512060448,200.5555359164976
132.55291581904487,200.58642630044318
133.41264651748523,202.27098353958465
134.2723772159256,200.64734139124502
135.13210791436597,200.67686581102413
135.99183861280636,200.70543462233718
136.85156931124675,200.73279768164556
137.7113000096871,201.0292804450973
138.57103070812747,200.78290597009413
139.43076140656785,200.80514420880328
140.29049210500824,200.8248486704039
141.15022280344863,200.84100657374577
142.009953501889,200.85257192657215
142.86968420032935,200.8584987366261
143.72941489876973,198.20854224605185
144.58914559721012,200.8492527593899
145.4488762956505,199.44807869931594
146.30860699409087,200.80490070398304
147.16833769253125,200.76694491632355
148.0280683909716,202.29923160233383
148.887799089412,201.64412282162056
149.7475297878524,200.57740660643998
150.60726048629274,200.48551687998778
151.46699118473313,199.76792404964777
152.3267218831735,200.25239591206014
153.18645258161388,200.1089839217433
154.04618328005427,199.94591479666275
154.90591397849462,199.76176917983173
155.765644676935,199.5551277142637
156.62537537537537,199.32457104297208
157.48510607381576,199.15934075170372
158.34483677225614,198.78603465527155
159.2045674706965,198.47521622488938
160.0642981691369,198.13480516083717
160.92402886757725,197.7633821061283
161.78375956601764,197.35952770377622
162.64349026445802,195.52154687976306
163.5032209628984,196.4585309027707
164.36295166133877,195.88532200512074
165.22268235977913,195.52986598796275
166.08241305821952,196.30498973174952
166.9421437566599,194.72798933745113
167.8018744551003,194.39593318243462
168.66160515354065,194.08919120066082
169.521335851981,193.78886663714056
170.3810665504214,192.92475877607905
171.24079724886178,193.13188274490463
172.10052794730217,194.65753092687058
172.96025864574253,192.27380746581403
173.8199893441829,191.72211866872553
174.67972004262327,191.0638617852285
175.53945074106366,190.3046421817277
176.39918143950405,187.92814048529823
177.2589121379444,188.65940278542266
178.11864283638477,187.86632018265203
178.97837353482515,188.48370939837764
179.83810423326554,186.53208713666174
180.69783493170593,185.99823312406417
181.55756563014629,185.54381472490795
182.41729632858664,185.1616738762871
183.27702702702703,184.8446525152953
184.13675772546742,184.58559257902633
184.9964884239078,184.37733600457406
185.85621912234816,184.2127247290323
186.71594982078852,184.08460068949483
187.5756805192289,183.98580582305547
188.4354112176693,183.909182066808
189.29514191610966,183.84757143982685
190.15487261455004,183.79381638417368
191.01460331299043,183.99441564065077
191.8743340114308,184.31287243351076
192.73406470987118,183.60811042631272
193.59379540831154,183.51420343723103
194.45352610675192,183.39236491017138
195.3132568051923,183.2393152687325
196.17298750363267,183.074055064395
197.03271820207306,181.10538809106583
197.89244890051341,181.87680356976693
198.7521795989538,181.88701631687098
199.6119102973942,184.44655045559335
200.47164099583455,182.80861113041374
201.33137169427494,182.10612565933735
202.19110239271532,183.0312519750177
203.05083309115568,183.19710328758106
203.91056378959607,183.39334156990768
204.77029448803643,183.6154916041895
205.63002518647681,183.8590781726183
206.4897558849172,184.11962605738583
207.34948658335756,184.3926600406841
208.20921728179795,184.67370490470472
209.0689479802383,184.95828543163972
209.9286786786787,185.24192640368074
210.78840937711908,185.52015493484598
211.64814007555944,185.20236809320855
212.50787077399983,187.93440064688895
213.36760147244019,187.04908756380374
214.22733217088057,186.58442575070723
215.08706286932096,186.85579906831614
215.94679356776132,187.13665200747582
216.8065242662017,187.43066325623292
217.66625496464206,187.74151150263407
218.52598566308245,188.072875434726
219.38571636152284,188.42843374055528
220.2454470599632,188.8118651081687
221.10517775840358,189.22684822561274
221.96490845684394,189.67706178093422
222.82463915528433,189.3695158955763
223.68436985372472,190.69789495739593
224.54410055216508,192.11357869570722
225.40383125060546,191.8899149981069
226.26356194904582,192.5353543415668
227.1232926474862,192.45842022325223
227.9830233459266,193.88050111664734
228.84275404436696,194.562370753075
229.70248474280734,195.82860988073313
230.5622154412477,195.9001080357234
231.4219461396881,196.53813788675137
232.28167683812848,197.1437166807866
233.14140753656883,197.70792552023278
234.00113823500922,198.2218455074935
234.8608689334496,198.67655774497243
235.72059963188997,199.065274173307
236.58033033033036,199.39028793471695
237.4400610287707,199.65631094213356
238.2997917272111,199.86805512991077
239.1595224256515,200.03023243240247
240.01925312409185,200.1475547839626
240.87898382253223,200.224734118945
241.7387145209726,199.86025676870122
242.59844521941298,200.9167861298508
243.45817591785337,200.26253336796537
244.31790661629373,200.22625998017614
245.1776373147341,200.17340324757876
246.03736801317447,200.10867510452718
246.89709871161486,199.93585101721868
247.75682941005525,199.96245232447686
248.6165601084956,199.890381556186
249.476290806936,199.82528711485645
250.33602150537635,199.2924530619148
251.19575220381674,200.7067540626944
252.05548290225713,199.7169029861402
252.91521360069748,199.71636655967657
253.77494429913787,199.73107045427133
254.63467499757823,199.7588314098989
255.49440569601862,199.79746616653395
256.35413639445903,199.84479146415083
257.21386709289936,199.89862404272418
258.07359779133975,199.93312750513113
258.93332848978014,199.54221111494962
259.79305918822047,200.86384963143237
260.6527898866609,200.13536196607274
261.51252058510124,200.18898204904627
262.37225128354163,200.23600985282346
263.231981981982,200.27426394929853
264.09171268042235,200.30241224839577
264.9514433788628,200.321319381899
265.8111740773031,200.3322004143372
266.6709047757435,197.84307014516918
267.5306354741839,200.3347444341348
268.3903661726242,200.94980625335376
269.25009687106467,199.07005898857457
270.109827569505,200.30874131906944
270.9695582679454,200.29698210022732
271.8292889663858,200.28570223202345
272.6890196648261,200.01019414578306
273.54875036326655,201.21346909820775
274.4084810617069,200.09189390436202
275.26821176014727,200.2696774125013
276.12794245858765,200.2786338094645
276.987673157028,200.2933618935092
277.84740385546843,200.3132223291399
278.70713455390876,200.33757578086076
279.56686525234915,200.36578291317622
280.42659595078953,200.39720439059053
281.28632664922986,200.4312008776081
282.1460573476703,200.4671330387331
283.00578804611064,200.50436153847
283.865518744551,201.9191177698209
284.7252494429914,200.58015021179645
285.58498014143174,200.61743171439483
286.4447108398722,200.65345221362224
287.3044415383125,200.6875723739831
288.1641722367529,200.7191528599818
289.0239029351933,200.7475543361225
289.8836336336336,200.04062837736166
290.74336433207407,201.9581042787495
291.6030950305144,200.80729135044047
292.4628257289548,198.46789815299493
293.32255642739517,200.81949982660876
294.1822871258355,200.81540119819277
295.04201782427594,200.80364821144914
295.9017485227163,200.13376236486485
296.76147922115666,200.75565637838255
297.62120991959705,200.37293694587757
298.4809406180374,200.67877008098574
299.3406713164778,200.63149323193022
300.20040201491815,200.57939733436967
301.06013271335854,200.5232849521039
301.91986341179893,200.46395864893267
302.77959411023926,200.4022209886559
303.6393248086797,200.33887453507327
304.49905550712003,201.67786255110283
305.3587862055604,200.21056550318983
306.2185169040008,200.5684839552866
307.07824760244114,200.0854520636808
307.9379783008816,200.02610010056625
308.7977089993219,199.96995472694465
309.6574396977623,199.97301525083145
310.5171703962027,199.33291024149267
311.376901094643,200.3622516916684
312.23663179308346,199.79349040338468
313.0963624915238,198.91595414891418
313.9560931899642,199.7453644373577
314.81582388840457,199.73413697658182
315.6755545868449,199.13221839306402
316.53528528528534,199.7413659184892
317.39501598372567,199.0655770501971
318.2547466821661,199.02957800922835
319.11447738060644,199.8291878424974
319.9742080790468,199.87507796017675
320.8339387774872,200.00339394193182
321.69366947592755,199.98428173739737
322.553400174368,200.0450951727209
323.4131308728083,200.12731683313916
324.27286157124865,200.1728945762501
325.1325922696891,200.23738032023803
325.99232296812943,200.3005899428964
326.8520536665699,200.3612733321164
327.7117843650102,199.56331351751805
328.57151506345053,203.07089516870596
329.431245761891,200.51566497805723
330.2909764603313,200.55374231243496
331.15070715877175,200.58304285283003
332.0104378572121,200.6023164871335
332.8701685556524,200.6103131032365
333.72989925409286,197.93106265788293
334.5896299525332,200.587474832406
335.44936065097363,200.55413972125473
336.30909134941396,200.50452714346756
337.1688220478543,200.43738698693573
338.02855274629474,197.6296410760448
338.88828344473507,200.24551426977976
339.7480141431755,200.11648845832164
340.60774484161584,199.9574833591564
341.46747554005617,199.76107930335385
342.3272062384966,197.20409619756595
343.18693693693695,199.22639564611637
344.0466676353774,198.1722208534716
344.9063983338177,198.45308013516828
345.76612903225805,197.9583862622275
346.6258597306985,197.3817754190687
347.4855904291388,194.50617723625197
348.34532112757927,195.95312414637678
349.2050518260196,195.088939567062
350.06478252445993,194.1852970979153
350.9245132229004,193.32589256220118
351.7842439213407,192.51698874936122
352.64397461978115,191.75729190243908
353.5037053182215,191.0455082644785
354.3634360166618,190.38034407852317
355.22316671510225,189.7605055876167
356.0828974135426,187.249438952884
356.942628111983,189.60912584837067
357.80235881042336,188.16000671562765
358.6620895088637,187.7081857407086
359.52182020730413,187.29280729801533
360.38155090574446,186.90998065892268
361.2412816041849,186.5558149436316
362.10101230262524,186.22641927234315
362.96074300106557,185.91790276525848
363.820473699506,185.4254105876671
364.68020439794634,185.34794372450423
365.5399350963868,185.07871943123678
366.3996657948271,184.81499519368091
367.25939649326745,184.55646470815904
368.1191271917079,184.30581126075762
368.9788578901482,185.8243614826114
369.83858858858866,183.83927610084586
370.698319287029,183.62896469860033
371.5580499854693,183.4376709550049
372.41778068390977,183.26818002519187
373.2775113823501,183.12327706429383
374.13724208079054,183.00574722744304
374.9969727792309,182.91837566977185
375.8567034776712,182.86394754641282
376.71643417611165,182.84524801249825
377.576164874552,182.6499931293014
378.4358955729924,182.920936936669
379.29562627143275,183.00969222317232
380.1553569698731,183.14077446236854
381.0150876683135,183.85072802430247
381.87481836675386,183.48688729127161
382.7345490651943,184.06530460481628
383.59427976363463,183.79507399376075
384.45401046207496,181.93813119664895
385.3137411605154,184.19210911668446
386.17347185895574,184.39709815296956
387.0332025573962,184.60542834715133
387.8929332558365,184.81639486208275
388.75266395427684,185.02929286061686
389.6123946527173,184.7275248984964
390.4721253511576,185.45806395990508
391.33185604959806,185.67252738636518
392.1915867480384,185.88610294783985
393.0513174464787,186.09808580718217
393.91104814491916,186.3077711272451
394.7707788433595,186.51445407088164
395.63050954179994,186.71742980094479
396.49024024024027,186.9159934802875
397.3499709386806,187.10944554962964
398.20970163712104,187.29819538650304
399.0694323355614,187.91500059466946
399.9291630340018,187.67343645413385
400.78889373244215,187.8663517681707
401.6486244308825,188.067079657875
402.5083551293229,188.2788321648865
403.36808582776325,188.50482133084495
404.2278165262037,191.34316026722254
405.087547224644,189.0123578061618
405.94727792308447,189.30032919879974
406.8070086215248,189.6153854169438
407.66673931996513,189.96073850223365
408.5264700184056,188.99119104105543
409.3862007168459,190.75518344081016
410.24593141528635,190.9834272305311
411.1056621137267,189.01221262945904
411.965392812167,192.25333996756095
412.82512351060745,192.83676204708848
413.6848542090478,193.44999022125384
414.54458490748823,194.0833668706079
415.40431560592856,195.1997368774446
416.2640463043689,195.43522020066925
417.12377700280933,195.95113070447127
417.98350770124966,196.12653901571295
418.8432383996901,197.21446056448332
419.70296909813044,197.7659180565346
420.56269979657077,198.26994783261145
421.4224304950112,197.77126650481733
422.28216119345154,200.14046630432884
423.141891891892,199.47366742978684
424.0016225903323,199.92346486653534
424.86135328877265,200.04991761960125
425.7210839872131,199.89257792638267
426.5808146856534,200.4761621924731
427.44054538409387,200.64133005551088
428.3002760825342,200.7789537338592
429.1600067809745,200.89226969462882
430.01973747941497,200.9839965807105
430.8794681778553,201.05665282403055
431.73919887629575,201.11275642468405
432.5989295747361,201.1548253827662
433.4586602731764,201.18537769837232
434.31839097161685,201.20693137159773
435.1781216700572,201.22200440253752
436.0378523684976,201.23311479128682
436.89758306693795,201.2427805379411
437.7573137653783,201.67326749665338
438.61704446381873,202.96651298702608
439.47677516225906,201.91895718311892
440.3365058606995,201.31735710551115
441.19623655913983,201.867004007226
442.05596725758016,201.4070691212062
442.9156979560206,201.46484764500394
443.77542865446094,201.52841088860478
444.6351593529014,201.59563412117058
445.4948900513417,201.66439261186338
446.35462074978204,201.9480979318654
447.2143514482225,201.79801644427792
448.0740821466628,201.8586323243235
448.93381284510326,201.91228453914397
449.7935435435436,204.73218666654802
450.6532742419839,201.99019904975754
451.51300494042437,202.01021188387446
452.3727356388647,201.66602700774894
453.23246633730514,202.0017250555387
454.09219703574547,200.14358913033035
454.9519277341858,201.9143900261898
455.81165843262625,201.83585081366715
456.6713891310666,201.73313013707102
457.531119829507,201.6102886706526
458.39085052794735,201.4719793006664
459.2505812263877,200.69405412427528
460.1103119248281,203.87305448778272
460.97004262326845,202.27805153653765
461.8297733217089,200.04491100115746
462.68950402014923,200.71126491612756
463.54923471858956,200.5778587360801
464.40896541703,200.46155485624672
465.26869611547033,200.36700616288192
466.1284268139108,200.2988655422403
466.9881575123511,200.26175088860185
467.84788821079144,201.66859501842958
468.7076189092319,200.28305758552526
469.5673496076722,200.33502894200154
470.42708030611266,200.40993077252153
471.286811004553,200.64302082498438
472.1465417029933,200.61468126179415
473.00627240143376,200.73760762359777
473.8660030998741,200.86961986554678
474.72573379831454,201.00725683916673
475.58546449675487,201.14705739598298
476.4451951951952,201.28556038752103
477.30492589363564,201.41930466530633
478.16465659207597,202.02397853577918
479.0243872905164,201.65867248572033
479.88411798895675,201.75737373139992
480.7438486873971,201.83747166942862
481.6035793858375,201.89550515133166
482.46331008427785,201.9280130286347
483.3230407827183,201.93153415286307
484.1827714811586,201.9013009656688
485.04250217959896,201.25930406839873
485.9022328780394,201.8626078042767
486.76196357647973,201.60284702497475
487.6216942749202,199.4548688066025
488.4814249733605,201.2643920655752
489.34115567180083,199.23993314968578
490.2008863702413,200.869289779684
491.0606170686816,200.6651435241255
491.92034776712205,200.46441259872967
492.7800784655624,201.18051754174385
493.6398091640027,200.0966329541408
494.49953986244316,201.3247501341817
495.3592705608835,199.81282327734573
496.21900125932393,199.71701708718237
497.07873195776426,200.02940746388663
497.9384626562046,201.03697221946635
498.79819335464504,198.7300841270476
499.65792405308537,199.65875907151553
500.5176547515258,199.70992895354192
501.37738544996614,201.32524062236453
502.23711614840647,199.86868968383968
503.0968468468469,199.9698633044292
503.95657754528725,200.0812876101911
504.8163082437277,200.7487551206884
505.676038942168,201.54598062727075
506.53576964060835,198.74113553474612
507.3955003390488,200.56531940814446
508.2552310374891,200.67986793215437
509.11496173592957,202.02021763200608
509.9746924343699,202.50052025488537
510.83442313281023,200.9566730615807
511.6941538312507,201.01596591105178
512.553884529691,201.05342330728578
513.4136152281314,201.06583663644173
514.2733459265718,201.19056136090725
515.1330766250121,201.00269663815567
515.9928073234526,200.9207260830317
516.8525380218929,200.8008770054659
517.7122687203333,200.63994079161728
518.5719994187737,201.92297308060273
519.431730117214,200.18198594592505
520.2914608156544,198.33492757089059
521.1511915140948,198.35768916383014
522.0109222125352,198.6253281510386
522.8706529109755,198.66378783187596
523.7303836094159,198.01644501397345
524.5901143078563,197.59602602698317
525.4498450062966,196.96856373286312
526.3095757047371,196.2930193591492
527.1693064031774,195.56084787012526
528.0290371016177,197.1713392282181
528.8887678000582,194.76896973180536
529.7484984984985,193.13102953986697
530.608229196939,192.93424037016229
531.4679598953793,190.99249048052405
532.3276905938197,190.69496050014715
533.1874212922601,190.28684041196004
534.0471519907004,189.8152997621728
534.9068826891408,189.01905711608052
535.7666133875812,191.986730132423
536.6263440860216,188.98352519200694
537.486074784462,188.8381906696931
538.3458054829023,189.5947415177946
539.2055361813427,188.24030215902283
540.065266879783,188.5360270735859
540.9249975782235,188.41755466697364
541.7847282766638,188.5183856899853
542.6444589751042,188.04196813364138
543.5041896735446,187.7603151360194
544.3639203719849,187.42610256771673
545.2236510704254,187.05280260481666
546.0833817688657,186.6538874234024
546.943112467306,185.72538871042576
547.8028431657465,185.8331001093643
548.6625738641868,187.05060842623405
549.5223045626273,185.07151803426848
550.3820352610676,184.746609401532
551.2417659595079,184.47691860678088
552.1014966579484,184.27373192181605
552.9612273563887,184.13232574306326
553.8209580548291,184.04085726707606
554.6806887532695,183.98745130191946
555.5404194517098,183.96023265565844
556.4001501501502,183.94732613635793
557.2598808485906,186.56940764701898
558.119611547031,183.91694871089885
558.9793422454713,183.87669827281454
559.8390729439117,183.82001516033702
560.6988036423521,183.7623621669805
561.5585343407924,181.797262145162
562.4182650392329,183.70722133122536
563.2779957376732,183.83352039380804
564.1377264361136,186.17133664500867
564.997457134554,184.0106025469954
565.8571878329943,184.2607207541358
566.7169185314348,184.57486932796326
567.5766492298751,184.93972418559406
568.4363799283154,186.88502924359662
569.2961106267559,186.66770476622494
570.1558413251962,186.20528563247126
571.0155720236367,186.63972479648007
571.875302722077,187.05824982987434
572.7350334205174,187.44753664977063
573.5947641189578,187.79426117328532
574.4544948173981,188.08509931753485
575.3142255158385,190.34480981753373
576.1739562142789,188.48145417884263
577.0336869127193,188.1902342891813
577.8934176111596,190.8854835809744
578.7531483096,188.88682552410836
579.6128790080404,189.05672140853318
580.4726097064807,189.07332069870594
581.3323404049212,190.19566782937065
582.1920711033615,189.96743416683665
583.0518018018018,190.45070198600158
583.9115325002423,191.00943952154344
584.7712631986826,191.6264395237753
585.6309938971231,190.61335984049265
586.4907245955634,192.96639792956248
587.3504552940037,195.14788040018541
588.2101859924442,194.28624083618425
589.0699166908845,195.216946939369
589.9296473893249,195.82739545378178
590.7893780877653,198.02651623118265
591.6491087862056,196.7721548237254
592.508839484646,197.28196348139997
593.3685701830864,197.73935436245517
594.2283008815268,198.13809968824373
595.0880315799672,198.47197168011826
595.9477622784075,198.734784683324
596.8074929768479,198.92812326003244
597.6672236752883,199.07037059389606
598.5269543737287,197.29987021060708
599.386685072169,199.2827502795608
600.2464157706094,199.37969969930126
601.1061464690498,201.17568004623806
601.9658771674901,200.30238744389027
602.8256078659306,196.74607950367025
603.6853385643709,198.7829634125581
604.5450692628112,201.39165052875697
605.4047999612517,199.88879833540184
606.264530659692,199.9620515381956
607.1242613581325,200.0321351716401
607.9839920565728,200.09910313686055
608.8437227550131,200.1630093349819
609.7034534534536,200.2239076671294
610.5631841518939,199.34215085408263
611.4229148503343,200.33689633800253
612.2826455487747,200.3890944789785
613.142376247215,199.4924341879331
614.0021069456554,200.4851678776346
614.8618376440958,200.52915093756485
615.7215683425362,200.5705034393967
616.5812990409765,200.60927928425522
617.4410297394169,200.64553237326552
618.3007604378573,200.12753107631454
619.1604911362977,200.71068588824158
620.0202218347381,200.73969411645763
620.8799525331784,200.7663951933257
621.7396832316188,201.81043033045444
622.5994139300592,200.81308833979318
623.4591446284995,200.83315202983658
624.31887532694,200.85103851725424
625.1786060253803,200.8667520577816
626.0383367238207,200.66771890826095
626.8980674222611,202.5287828269621
627.7577981207014,200.9008975553754
628.6175288191419,201.15361224994334
629.4772595175822,200.9128745078012
630.3369902160226,200.07332240228592
631.196720914463,200.91626181031432
632.0564516129033,200.91474498219193
632.9161823113437,201.7948458091207
633.7759130097841,200.90531164586622
634.6356437082245,201.66132402224866
635.4953744066648,200.88737377433483
636.3551051051052,200.87522627720543
637.2148358035456,200.86096541348064
638.0745665019859,201.4592308814398
638.9342972004264,200.82612060918643
639.7940278988667,203.0499757063972
640.653758597307,200.7828838289099
641.5134892957475,200.2607591293944
642.3732199941878,200.73204510650257
643.2329506926283,200.7043992889515
644.0926813910686,200.6756251416587
644.9524120895089,200.61244588878867
645.8121427879494,199.88845837192693
646.6718734863897,201.29420277151092
647.5316041848301,200.55458487241742
648.3913348832705,200.5241737894263
649.2510655817108,200.49423626189764
650.1107962801512,200.4650392706987
650.9705269785916,200.43684979669692
651.830257677032,200.61244950513688
652.6899883754724,200.38456132375413
653.5497190739127,200.36099628654785
654.4094497723531,200.33950669000816
655.2691804707935,200.32035951500242
656.1289111692339,200.3038217423979
656.9886418676742,197.3540153042425
657.8483725661146,200.27964232786223
658.708103264555,200.27253464766576
659.5678339629953,200.26910429333998
660.4275646614358,200.26961778330545
661.2872953598761,200.27419046429694
662.1470260583164,200.28256957641503
663.0067567567569,200.2944473962914
663.8664874551972,200.3095162005575
664.7262181536377,200.32746826584489
665.585948852078,200.3479958687852
666.4456795505183,200.37079128600988
667.3054102489588,199.412149694699
668.1651409473991,200.42195466983833
669.0248716458395,200.44970718970535
669.8846023442799,198.17391634055866
670.7443330427202,201.3135439859207
671.6040637411606,200.53795538069548
672.463794439601,200.56800924359368
673.3235251380414,199.41062693037495
674.1832558364817,200.6272273280317
675.0429865349221,199.8795676530288
675.9027172333625,200.68320773486857
676.7624479318029,200.7092145007655
677.6221786302433,200.73348867715674
678.4819093286836,200.7557225406739
679.341640027124,200.7756083679484
680.2013707255644,201.45753431029524
681.0611014240047,200.80711373251626
681.9208321224452,200.8182196594595
682.7805628208855,200.825989008406
683.6402935193258,198.95643129339166
684.5000242177663,202.74481176215227
685.3597549162066,200.82761076112922
686.219485614647,200.30399300343714
687.0792163130874,200.80895319171216
687.9389470115277,200.7932027377931
688.7986777099682,200.7729489275823
689.6584084084085,200.74802507846624
690.5181391068489,200.7182645078313
691.3778698052893,202.09209391176378
692.2376005037296,200.64356647155046
693.09733120217,200.59829564067743
693.9570619006104,200.54752135783122
694.8167925990508,200.49107694039833
695.6765232974911,201.73241604443606
696.5362539959315,200.36051097131806
697.3959846943719,200.28605605444355
698.2557153928122,200.20504277549563
699.1154460912527,200.11536592478032
699.975176789693,200.0141182442815
700.8349074881334,199.89838794238673
701.6946381865738,199.76526322748373
702.5543688850141,199.61183230796016
703.4140995834546,201.05801388583959
704.2738302818949,199.0619617020248
705.1335609803352,199.00058440554244
705.9932916787757,200.92889213249086
706.853022377216,198.0102916645996
707.7127530756565,198.10175616349485
708.5724837740968,197.72465164648153
709.4322144725371,197.30394659194877
710.2919451709776,195.7652813130201
711.1516758694179,196.32008770387577
712.0114065678583,195.75111028711086
712.8711372662987,195.12688516637726
713.730867964739,194.44450059943227
714.5905986631794,193.70459151659904
715.4503293616198,192.87150750959455
716.3100600600602,195.05675311179732
717.1697907585005,190.69291628186062
718.0295214569409,191.12866430424367
718.8892521553813,189.6867516941132
719.7489828538216,188.93761706632267
720.6087135522621,188.24599095689103
721.4684442507024,188.21768753997264
722.3281749491427,187.0811787784166
723.1879056475832,186.60449464217552
724.0476363460235,185.21757238300958
724.907367044464,185.8390709900434
725.7670977429043,185.5409229310018
726.6268284413446,185.29287835454286
727.4865591397851,185.0902329890914
728.3462898382254,182.39997466897614
729.2060205366658,183.3576061377483
730.0657512351062,184.70764944302903
730.9254819335465,184.639558205855
731.785212631987,184.59334482181214
732.6449433304273,186.8655507988757
733.5046740288677,184.54773452681934
734.364404727308,184.53892907271893
735.2241354257484,184.53318438544883
736.0838661241888,184.5257961934339
736.9435968226292,184.51206022509882
737.8033275210696,184.4872722088684
738.6630582195099,184.4467278731674
739.5227889179503,185.889414175769
740.3825196163907,184.30559241350008
741.242250314831,184.20753278646723
742.1019810132715,183.63447465021125
742.9617117117118,183.96903292144896
743.8214424101521,183.83364556000043
744.6811731085926,183.69086849695003
745.5409038070329,183.5432281705662
746.4006345054734,183.39325101911706
747.2603652039137,181.3759245647354
748.120095902354,183.09639199409705
748.9798266007945,182.10559296894402
749.8395572992348,182.82050292803655
750.6992879976752,181.76792823296316
751.5590186961156,182.58579532708237
752.418749394556,183.74395416688563
753.2784800929963,182.41248069738134
754.1382107914367,182.35516184242164
754.9979414898771,182.3207705450802
755.8576721883175,182.07320247501892
756.7174028867579,182.33444570350326
757.5771335851982,182.39277985587552
758.4368642836386,182.49266044400684
759.296594982079,182.639499022537
760.1563256805193,182.83870714610558
761.0160563789598,183.09569636935228
761.8757870774001,183.41587824691672
762.7355177758404,183.8046643334385
763.5952484742809,184.2674661835574
764.4549791727212,184.80969535191284
765.3147098711617,185.58761133882592
766.174440569602,186.15408186189265
767.0341712680423,186.96706231279606
767.8939019664828,187.87787463701775
768.7536326649231,188.87006377590848
769.6133633633635,189.92053569920566
770.4730940618039,191.0061882223843
771.3328247602442,192.1039191609197
772.1925554586846,194.3892371754407
773.052286157125,194.24320754596215
773.9120168555654,193.4821676255326
774.7717475540057,196.15358337813498
775.6314782524461,196.78271997503953
776.4912089508865,197.6695867128829
777.3509396493268,198.27526606263058
778.2106703477673,198.79423982550546
779.0704010462076,199.23781920656992
779.930131744648,199.61731541088653
780.7898624430884,199.94368400430236
781.6495931415287,200.22327289478702
782.5093238399692,200.4592159212474
783.3690545384095,200.6545813857356
784.2287852368498,200.8124375903037
785.0885159352903,202.64950320129276
785.9482466337306,201.02789542788838
786.807977332171,201.09163366500925
787.6677080306114,201.13013585041858
788.5274387290517,201.14647028616864
789.3871694274922,201.1437052743115
790.2469001259325,201.12490911689935
791.1066308243729,201.09315011598426
791.9663615228133,201.05149657361846
792.8260922212536,201.00301679185404
793.685822919694,200.95077907274316
794.5455536181344,201.6778660572214
795.4052843165748,198.92214279514747
796.2650150150151,200.8022013118533
797.1247457134555,200.81890216907328
797.9844764118959,200.7364492137544
798.8442071103362,200.71526871555318
799.7039378087767,200.70093885088966
800.563668507217,201.58186943816503
801.4233992056573,200.68999064238628
802.2831299040978,200.8344280116432
803.1428606025381,200.69792382866558
804.0025913009786,200.5651693934473
804.8623219994189,200.7190576501489
805.7220526978592,200.70033640972036
806.5817833962997,200.7477113472577
807.44151409474,199.24088207378645
808.3012447931804,200.77820416041325
809.1609754916208,200.7923649981402
810.0207061900611,200.80490209137542
810.8804368885015,200.81576604427158
811.7401675869419,200.82533972767018
812.5998982853823,200.83401503164254
813.4596289838227,200.84218384625987
814.319359682263,200.85023806159344
815.1790903807034,200.8585695677144
816.0388210791438,201.6488750863491
816.8985517775842,200.87763201260353
817.7582824760245,199.32708370862645
818.6180131744649,200.90250630149697
819.4777438729053,201.86961883236307
820.3374745713456,203.44352790194924
821.1972052697861,200.95757301859197
822.0569359682264,200.98223089357643
822.9166666666667,201.0106930699893
823.7763973651072,201.171852221341
824.6361280635475,201.0805978873853
825.495858761988,201.1228243085108
826.3555894604283,201.17042259134968
827.2153201588686,201.2237846259731
828.0750508573091,201.28330230245228
828.9347815557494,201.34935592932186
829.7945122541898,201.42173065958923
830.6542429526302,201.49934234486528
831.5139736510705,201.58103794689615
832.373704349511,199.90270536896355
833.2334350479513,201.41676045085586
834.0931657463917,201.83909787097735
834.952896444832,201.9255987574871
835.8126271432724,204.65110299879953
836.6723578417128,202.09240366870668
837.5320885401532,201.65005404751966
838.3918192385936,202.24325917583266
839.2515499370339,202.3098233072255
840.1112806354743,202.36894097283286
840.9710113339147,202.99735605855477
841.830742032355,202.46022475367508
842.6904727307955,202.49008479240186
843.5502034292358,202.5078862123271
844.4099341276761,202.51247597519674
845.2696648261166,202.5027010427567
846.1293955245569,202.47740837675312
846.9891262229974,202.43544493893174
847.8488569214377,202.3756579980045
848.708587619878,202.29771960653767
849.5683183183185,202.20392037892665
850.4280490167588,202.09706940215872
851.2877797151992,201.97997576322066
852.1475104136396,201.85544854909952
853.0072411120799,201.72629684678216
853.8669718105203,201.59532974325566
854.7267025089607,201.465356325507
855.5864332074011,201.3391856805231
856.4461639058414,201.2196268952909
857.3058946042818,198.53368802477587
858.1656253027222,201.0115812520297
859.0253560011625,202.55427880482856
859.885086699603,200.8636920916192
860.7448173980433,200.8193289099504
861.6045480964837,199.8762940705728
862.4642787949241,200.80343147872964
863.3240094933644,200.83227146151106
864.1837401918049,200.87996624263974
865.0434708902452,200.94147950279412
865.9032015886855,201.01177492265293
866.762932287126,201.08581618289463
867.6226629855663,201.15856696419772
868.4823936840068,201.22499094724088
869.3421243824471,200.67633832351925
870.2018550808874,201.3187132412612
871.0615857793279,203.03325159144194
871.9213164777682,201.32669251038405
872.7810471762086,202.16630255366042
873.640777874649,201.22121791305594
874.5005085730893,201.42868330439183
875.3602392715297,201.02991913999222
876.2199699699701,201.07070305503134
877.0797006684105,200.795639242663
877.9394313668508,200.67576996378352
878.7991620652913,200.56122171349926
879.6588927637316,201.19477510234861
880.518623462172,198.75074492410695
881.3783541606124,200.30305749975722
882.2380848590527,200.2633344023975
883.0978155574932,200.25322455100417
883.9575462559335,200.42550741957635
884.8172769543738,200.31142758335196
885.6770076528143,200.3734917729824
886.5367383512546,198.18327620550704
887.396469049695,201.45026268767307
888.2561997481354,200.65404287103556
889.1159304465757,200.76859825658934
889.9756611450161,200.88846557348566
890.8353918434565,201.01052047466914
891.6951225418969,201.1316386130843
892.5548532403373,201.24869564167588
893.4145839387776,201.4640564546105
894.274314637218,201.4593362086204
895.1340453356584,201.55085378376887
895.9937760340988,201.63320918453724
896.8535067325391,201.70647525705257
897.7132374309795,201.770724847442
898.5729681294199,201.82603080183264
899.4326988278602,201.87246596635143
900.2924295263007,201.91010318712546
901.152160224741,201.9390153102818
902.0118909231813,201.95927518194753
902.8716216216218,201.9709556482496
903.7313523200621,201.97412955531527
904.5910830185026,201.96886974927145
905.4508137169429,201.95524907624525
906.3105444153832,201.93334038236375
907.1702751138237,201.21452254440254
908.030005812264,201.86495031654286
908.8897365107044,201.81861463685763
909.7494672091448,201.76428232082537
910.6091979075851,201.7020262145731
911.4689286060255,201.63191916422778
912.3286593044659,201.10566577341592
913.1883900029063,201.46844361576655
914.0481207013466,201.37522080990465
914.907851399787,201.27443844445804
915.7675820982274,201.16616936555377
916.6273127966678,201.05048641931887
917.4870434951082,199.64368183477754
918.3467741935485,200.79717030936547
