50.403225806451616,237.34214027991803
59.28233952427501,240.52320240151832
68.1614532420984,241.16042515004764
77.0405669599218,241.11074467898595
85.91968067774519,241.65821143609492
94.79879439556859,241.04421988149178
103.677908113392,241.339251687389
112.5570218312154,240.9555418924766
121.43613554903878,239.73303317717395
130.31524926686217,239.90376214647887
139.19436298468557,239.30133206937194
148.07347670250897,238.69163510551192
156.95259042033237,238.107491191888
165.83170413815577,237.58172026548937
174.71081785597914,238.0740643309045
183.58993157380255,237.69203490414915
192.46904529162595,236.6828447795374
201.34815900944935,236.71876517193203
210.22727272727275,236.97640421162507
219.10638644509612,237.42393514989078
227.98550016291952,237.91795768780636
236.86461388074292,238.30384206009396
245.74372759856632,238.42695850147607
254.62284131638972,240.05282070555984
263.5019550342131,237.26636853041293
272.3810687520365,235.0641475517228
281.2601824698599,232.92467944219578
290.13929618768327,231.8607618233507
299.0184099055067,229.00424575233336
307.89752362333013,229.79438897568343
316.77663734115345,229.5288260108921
325.6557510589769,229.5837626304887
334.5348647768003,229.81535128527577
343.4139784946236,230.07974442605575
352.29309221244705,230.2504954732786
361.1722059302705,229.77391525901808
370.0513196480939,230.289437667577
378.9304333659172,230.21150663824878
387.80954708374065,230.88152060598387
396.6886608015641,230.0030593138264
405.5677745193874,230.10584100173628
414.4468882372108,230.8748066703721
423.32600195503426,230.33623931912675
432.2051156728576,231.81901881854043
441.084229390681,232.70803791287685
449.96334310850443,235.27976430280484
458.84245682632786,237.57962224667838
467.7215705441512,238.75565301901082
476.6006842619746,239.0646096031371
485.47979797979804,238.84965834134192
494.35891169762135,238.17485295344406
503.2380254154448,238.22046785727954
512.1171391332682,238.3632055995498
520.9962528510916,238.17234404413676
529.875366568915,239.20353246875155
538.7544802867384,239.52936679387767
547.6335940045618,239.55722977637478
556.5127077223851,239.30759274948048
565.3918214402086,238.9514043229373
574.2709351580319,238.63903119399384
583.1500488758553,236.88889859446107
592.0291625936787,239.1734343266853
600.9082763115022,239.34941843337538
609.7873900293255,237.40824533491636
618.6665037471489,236.82198931913612
627.5456174649723,235.89030322688234
636.4247311827957,234.61899795495063
645.3038449006191,233.3147143891869
654.1829586184425,232.30063497195528
663.0620723362659,231.65569173196627
671.9411860540893,232.18825759911553
680.8202997719127,231.74532622218385
689.6994134897361,230.51637681150774
698.5785272075594,230.23678681798074
707.4576409253829,229.85823034500214
716.3367546432063,229.13403791001997
725.2158683610296,229.42935578357108
734.094982078853,229.47947294124862
742.9740957966765,229.61562725446902
751.8532095144999,229.72000825335488
760.7323232323232,229.78266880301993
769.6114369501466,229.9017800335736
778.4905506679701,228.87619726240493
787.3696643857934,228.79501801584414
796.2487781036168,229.32156356929684
805.1278918214402,230.2842131171675
814.0070055392636,231.50029103362226
822.886119257087,232.78712169282758
831.7652329749104,233.96202946894954
840.6443466927338,234.84233873615455
849.5234604105572,235.3562275016932
858.4025741283806,235.86344855450716
867.281687846204,234.61353897271786
876.1608015640273,236.79039401002368
885.0399152818508,237.93767195274515
893.9190289996742,238.53737632538295
902.7981427174976,240.9316980940472
911.6772564353209,239.93914027975265
920.5563701531444,240.0498357415074
929.4354838709678,237.94252797945194
