50.403225806451616,240.26602744356958
59.28233952427501,240.52320240151832
68.1614532420984,241.16042515004764
77.0405669599218,241.52782151590992
85.91968067774519,241.65821143609492
94.79879439556859,243.01390674416712
103.677908113392,241.339251687389
112.5570218312154,240.9555418924766
121.43613554903878,240.46610539984349
130.31524926686217,239.90376214647887
139.19436298468557,239.30133206937194
148.07347670250897,238.69163510551192
156.95259042033237,238.107491191888
165.83170413815577,237.58172026548937
174.71081785597914,236.6669071804439
183.58993157380255,235.99105168073802
192.46904529162595,236.6828447795374
201.34815900944935,236.4086328078524
210.22727272727275,236.97640421162507
219.10638644509612,238.50434657591265
227.98550016291952,237.91795768780636
236.86461388074292,239.20330201022833
245.74372759856632,238.42695850147607
254.62284131638972,238.13267724667492
263.5019550342131,236.4646595066679
272.3810687520365,235.71174592498818
281.2601824698599,233.74270181498116
290.13929618768327,231.8607618233507
299.0184099055067,228.96874093641725
307.89752362333013,230.2218952988255
316.77663734115345,229.5288260108921
325.6557510589769,232.33456823968334
334.5348647768003,230.47828049076324
343.4139784946236,230.67648480422187
352.29309221244705,230.2504954732786
361.1722059302705,230.31143004390648
370.0513196480939,230.289437667577
378.9304333659172,230.21150663824878
387.80954708374065,230.10462823612033
396.6886608015641,231.45801115104186
405.5677745193874,229.9639333363481
414.4468882372108,230.04887487821517
423.32600195503426,230.28824292818092
432.2051156728576,233.74839793809676
441.084229390681,232.70803791287685
449.96334310850443,235.27976430280484
458.84245682632786,237.57962224667838
467.7215705441512,236.8045325353817
476.6006842619746,240.6293264874674
485.47979797979804,238.84965834134192
494.35891169762135,238.4539655759101
503.2380254154448,238.22046785727954
512.1171391332682,238.3632055995498
520.9962528510916,238.752852937008
529.875366568915,239.20353246875155
538.7544802867384,239.52936679387767
547.6335940045618,240.02739964509885
556.5127077223851,239.30759274948048
565.3918214402086,238.9514043229373
574.2709351580319,238.63903119399384
583.1500488758553,238.19247003829318
592.0291625936787,237.35584681113244
600.9082763115022,237.8084608090219
609.7873900293255,237.40824533491636
618.6665037471489,236.82198931913612
627.5456174649723,235.18612293940276
636.4247311827957,234.61899795495063
645.3038449006191,233.3147143891869
654.1829586184425,232.30063497195528
663.0620723362659,231.65569173196627
671.9411860540893,231.2510392658857
680.8202997719127,230.95120988650342
689.6994134897361,230.62449393349303
698.5785272075594,230.23678681798074
707.4576409253829,229.85823034500214
716.3367546432063,228.43032181962238
725.2158683610296,229.42935578357108
734.094982078853,229.47947294124862
742.9740957966765,229.61562725446902
751.8532095144999,229.72000825335488
760.7323232323232,230.76294531185286
769.6114369501466,229.36281142266378
778.4905506679701,226.0656484782868
787.3696643857934,228.79501801584414
796.2487781036168,229.32156356929684
805.1278918214402,230.2842131171675
814.0070055392636,229.76573846169012
822.886119257087,232.78712169282758
831.7652329749104,233.96202946894954
840.6443466927338,235.18304959173489
849.5234604105572,235.24694288146432
858.4025741283806,235.86344855450716
867.281687846204,236.62902371243973
876.1608015640273,237.23593693668144
885.0399152818508,239.38247120222826
893.9190289996742,237.648633335354
902.7981427174976,238.8088056918836
911.6772564353209,239.9741517892153
920.5563701531444,238.881621632163
929.4354838709678,238.6190500203067
