50.403225806451616,242.53967607614825
59.28233952427501,240.92571819149074
68.1614532420984,243.2567180271754
77.0405669599218,241.52782151590992
85.91968067774519,241.65821143609492
94.79879439556859,241.58441484759155
103.677908113392,241.339251687389
112.5570218312154,240.9555418924766
121.43613554903878,240.46610539984349
130.31524926686217,239.90376214647887
139.19436298468557,239.30133206937194
148.07347670250897,238.69163510551192
156.95259042033237,238.107491191888
165.83170413815577,237.58172026548937
174.71081785597914,237.14714226330523
183.58993157380255,235.84356821067232
192.46904529162595,236.6828447795374
201.34815900944935,236.71876517193203
210.22727272727275,237.60475932984832
219.10638644509612,237.42393514989078
227.98550016291952,237.91795768780636
236.86461388074292,239.73709675678717
245.74372759856632,238.42695850147607
254.62284131638972,238.6557682059082
263.5019550342131,237.26636853041293
272.3810687520365,236.14352888193213
281.2601824698599,233.74270181498116
290.13929618768327,231.8607618233507
299.0184099055067,230.52429907406022
307.89752362333013,229.79438897568343
316.77663734115345,230.39435096147454
325.6557510589769,229.5837626304887
334.5348647768003,229.81535128527577
343.4139784946236,230.13411455612828
352.29309221244705,233.0516553681049
361.1722059302705,228.15652217097738
370.0513196480939,230.02355658085474
378.9304333659172,230.21150663824878
387.80954708374065,230.10462823612033
396.6886608015641,230.0030593138264
405.5677745193874,229.9639333363481
414.4468882372108,229.79041683858935
423.32600195503426,230.33623931912675
432.2051156728576,231.09357878144687
441.084229390681,232.70803791287685
449.96334310850443,236.45373080169114
458.84245682632786,237.57962224667838
467.7215705441512,238.1931635081503
476.6006842619746,240.74837281503892
485.47979797979804,238.85652618357125
494.35891169762135,238.4539655759101
503.2380254154448,238.31803793741
512.1171391332682,238.3632055995498
520.9962528510916,238.752852937008
529.875366568915,238.3244289700106
538.7544802867384,239.4165088040032
547.6335940045618,239.55722977637478
556.5127077223851,239.30759274948048
565.3918214402086,239.25272725604492
574.2709351580319,238.63903119399384
583.1500488758553,238.37602368277726
592.0291625936787,235.88554451547708
600.9082763115022,239.08057613053842
609.7873900293255,237.40824533491636
618.6665037471489,236.82198931913612
627.5456174649723,235.89030322688234
636.4247311827957,235.51819169255413
645.3038449006191,233.3147143891869
654.1829586184425,232.30063497195528
663.0620723362659,231.88567682659576
671.9411860540893,231.2510392658857
680.8202997719127,231.15800744429905
689.6994134897361,230.62449393349303
698.5785272075594,230.23678681798074
707.4576409253829,229.94675299733518
716.3367546432063,228.33291729151733
725.2158683610296,229.42935578357108
734.094982078853,229.47947294124862
742.9740957966765,229.61562725446902
751.8532095144999,229.72000825335488
760.7323232323232,229.9835527988097
769.6114369501466,229.84359453999667
778.4905506679701,228.87619726240493
787.3696643857934,228.79501801584414
796.2487781036168,229.32156356929684
805.1278918214402,229.51631902121576
814.0070055392636,231.50029103362226
822.886119257087,232.78712169282758
831.7652329749104,233.96202946894954
840.6443466927338,234.6014807062093
849.5234604105572,234.82965784988642
858.4025741283806,235.86344855450716
867.281687846204,238.48642504614196
876.1608015640273,234.97828626521616
885.0399152818508,237.93767195274515
893.9190289996742,235.72652803575818
902.7981427174976,238.95078165953697
911.6772564353209,239.0936195601496
920.5563701531444,238.3029401934161
929.4354838709678,238.23051948051943
