50.403225806451616,237.7797253863964
59.28233952427501,240.52320240151832
68.1614532420984,241.16042515004764
77.0405669599218,240.6432107594457
85.91968067774519,241.65821143609492
94.79879439556859,241.58441484759155
103.677908113392,241.339251687389
112.5570218312154,240.9555418924766
121.43613554903878,238.72138012045005
130.31524926686217,239.57090586898263
139.19436298468557,239.30133206937194
148.07347670250897,238.69163510551192
156.95259042033237,237.24828459965664
165.83170413815577,237.58172026548937
174.71081785597914,237.14714226330523
183.58993157380255,236.83433358693338
192.46904529162595,236.6828447795374
201.34815900944935,236.71876517193203
210.22727272727275,234.63188179156217
219.10638644509612,237.42393514989078
227.98550016291952,237.91795768780636
236.86461388074292,238.30384206009396
245.74372759856632,238.16655247810536
254.62284131638972,236.9597582166495
263.5019550342131,237.26636853041293
272.3810687520365,235.71174592498818
281.2601824698599,234.4647246201216
290.13929618768327,231.8607618233507
299.0184099055067,230.52429907406022
307.89752362333013,229.79438897568343
316.77663734115345,229.5288260108921
325.6557510589769,229.5837626304887
334.5348647768003,229.81535128527577
343.4139784946236,230.07974442605575
352.29309221244705,227.42435567258116
361.1722059302705,231.77637057742118
370.0513196480939,232.2897891120475
378.9304333659172,230.21150663824878
387.80954708374065,230.10462823612033
396.6886608015641,230.0030593138264
405.5677745193874,229.9639333363481
414.4468882372108,230.04887487821517
423.32600195503426,230.33623931912675
432.2051156728576,232.77707188405978
441.084229390681,232.70803791287685
449.96334310850443,235.27976430280484
458.84245682632786,237.57962224667838
467.7215705441512,238.75565301901082
476.6006842619746,239.0646096031371
485.47979797979804,238.84965834134192
494.35891169762135,238.0205382801647
503.2380254154448,238.22046785727954
512.1171391332682,238.3632055995498
520.9962528510916,238.752852937008
529.875366568915,238.77320730878142
538.7544802867384,239.52936679387767
547.6335940045618,239.55722977637478
556.5127077223851,239.7740966780493
565.3918214402086,238.9514043229373
574.2709351580319,238.63903119399384
583.1500488758553,238.37602368277726
592.0291625936787,238.11499024573402
600.9082763115022,237.8084608090219
609.7873900293255,237.40824533491636
618.6665037471489,236.82198931913612
627.5456174649723,235.89030322688234
636.4247311827957,234.61899795495063
645.3038449006191,233.7511497954273
654.1829586184425,232.30063497195528
663.0620723362659,231.65569173196627
671.9411860540893,232.3328915723326
680.8202997719127,230.95120988650342
689.6994134897361,230.62449393349303
698.5785272075594,230.23678681798074
707.4576409253829,229.85823034500214
716.3367546432063,229.56405441555063
725.2158683610296,229.43426784629312
734.094982078853,229.47947294124862
742.9740957966765,231.28168151054498
751.8532095144999,230.3515874988406
760.7323232323232,229.18276936161908
769.6114369501466,230.02782997320523
778.4905506679701,228.3091142830377
787.3696643857934,228.79501801584414
796.2487781036168,229.32156356929684
805.1278918214402,230.15263122179437
814.0070055392636,231.50029103362226
822.886119257087,232.78712169282758
831.7652329749104,233.96202946894954
840.6443466927338,234.784819521989
849.5234604105572,235.3562275016932
858.4025741283806,235.86344855450716
867.281687846204,236.51643967224953
876.1608015640273,236.65780934487108
885.0399152818508,238.98556129455895
893.9190289996742,238.53737632538295
902.7981427174976,240.25855877516983
911.6772564353209,239.0936195601496
920.5563701531444,238.881621632163
929.4354838709678,238.23051948051943
