50.403225806451616,239.58333333333326
59.28233952427501,240.52320240151832
68.1614532420984,241.16042515004764
77.0405669599218,241.30889260306114
85.91968067774519,241.65821143609492
94.79879439556859,242.87830530139337
103.677908113392,241.339251687389
112.5570218312154,240.46862554361957
121.43613554903878,240.46610539984349
130.31524926686217,241.6053647538041
139.19436298468557,239.30133206937194
148.07347670250897,237.92288289290502
156.95259042033237,238.107491191888
165.83170413815577,237.58172026548937
174.71081785597914,237.14714226330523
183.58993157380255,236.83657712232483
192.46904529162595,236.6828447795374
201.34815900944935,236.71876517193203
210.22727272727275,237.93499239704678
219.10638644509612,239.96921950111283
227.98550016291952,237.40968630273505
236.86461388074292,238.8022357025447
245.74372759856632,238.42695850147607
254.62284131638972,238.55764298770274
263.5019550342131,237.26636853041293
272.3810687520365,235.71174592498818
281.2601824698599,233.74270181498116
290.13929618768327,231.8607618233507
299.0184099055067,231.70083528396822
307.89752362333013,229.79438897568343
316.77663734115345,229.5288260108921
325.6557510589769,229.5837626304887
334.5348647768003,229.81535128527577
343.4139784946236,230.07974442605575
352.29309221244705,228.57832536722503
361.1722059302705,230.31143004390648
370.0513196480939,230.289437667577
378.9304333659172,230.21150663824878
387.80954708374065,230.10462823612033
396.6886608015641,230.89487852891796
405.5677745193874,229.60414910006568
414.4468882372108,230.04887487821517
423.32600195503426,228.21656097850152
432.2051156728576,231.09357878144687
441.084229390681,232.70803791287685
449.96334310850443,235.27976430280484
458.84245682632786,237.57962224667838
467.7215705441512,237.01381029564024
476.6006842619746,238.91996002702018
485.47979797979804,238.84965834134192
494.35891169762135,238.4539655759101
503.2380254154448,238.22046785727954
512.1171391332682,238.3632055995498
520.9962528510916,238.752852937008
529.875366568915,240.395103330306
538.7544802867384,239.52936679387767
547.6335940045618,239.55722977637478
556.5127077223851,239.3038473976116
565.3918214402086,238.9514043229373
574.2709351580319,237.81993325275678
583.1500488758553,237.31150138208858
592.0291625936787,238.4200790256349
600.9082763115022,238.04626535440113
609.7873900293255,237.40824533491636
618.6665037471489,236.82198931913612
627.5456174649723,235.52745074391248
636.4247311827957,233.92107691955664
645.3038449006191,233.3147143891869
654.1829586184425,231.74785939658878
663.0620723362659,231.65569173196627
671.9411860540893,231.2510392658857
680.8202997719127,232.6578275521584
689.6994134897361,230.62449393349303
698.5785272075594,230.23678681798074
707.4576409253829,229.85823034500214
716.3367546432063,229.56405441555063
725.2158683610296,229.42935578357108
734.094982078853,229.47947294124862
742.9740957966765,229.61562725446902
751.8532095144999,229.72000825335488
760.7323232323232,229.67480546802875
769.6114369501466,229.36281142266378
778.4905506679701,228.1536299163062
787.3696643857934,226.73873927295554
796.2487781036168,228.9331084263835
805.1278918214402,227.7502970432709
814.0070055392636,231.50029103362226
822.886119257087,232.4548745056612
831.7652329749104,234.0993246047399
840.6443466927338,234.84233873615455
849.5234604105572,232.59567987917706
858.4025741283806,235.86344855450716
867.281687846204,237.15051473170325
876.1608015640273,237.23593693668144
885.0399152818508,236.95316766096283
893.9190289996742,238.53737632538295
902.7981427174976,238.95078165953697
911.6772564353209,237.95867721195944
920.5563701531444,237.81401897122703
929.4354838709678,238.23051948051943
