50.403225806451616,239.58333333333326
59.28233952427501,240.52320240151832
68.1614532420984,241.16042515004764
77.0405669599218,241.52782151590992
85.91968067774519,241.65821143609492
94.79879439556859,241.58441484759155
103.677908113392,240.68482673962043
112.5570218312154,240.9555418924766
121.43613554903878,240.46610539984349
130.31524926686217,239.2632422361814
139.19436298468557,240.27591958262073
148.07347670250897,238.69163510551192
156.95259042033237,238.107491191888
165.83170413815577,237.58172026548937
174.71081785597914,236.35312039364052
183.58993157380255,236.83657712232483
192.46904529162595,236.6828447795374
201.34815900944935,236.71876517193203
210.22727272727275,237.3219936525596
219.10638644509612,236.21983237804244
227.98550016291952,237.91795768780636
236.86461388074292,238.30384206009396
245.74372759856632,238.42695850147607
254.62284131638972,237.34955880475835
263.5019550342131,238.60349778683897
272.3810687520365,235.71174592498818
281.2601824698599,233.74270181498116
290.13929618768327,231.8607618233507
299.0184099055067,228.5250241573575
307.89752362333013,231.49431808528354
316.77663734115345,229.5288260108921
325.6557510589769,229.5837626304887
334.5348647768003,229.81535128527577
343.4139784946236,229.104891337937
352.29309221244705,230.2504954732786
361.1722059302705,230.31143004390648
370.0513196480939,230.289437667577
378.9304333659172,230.21150663824878
387.80954708374065,231.19755075776888
396.6886608015641,230.0030593138264
405.5677745193874,229.9639333363481
414.4468882372108,230.04887487821517
423.32600195503426,230.33623931912675
432.2051156728576,231.09357878144687
441.084229390681,234.0081444033709
449.96334310850443,235.8777085359584
458.84245682632786,237.57962224667838
467.7215705441512,236.57697759863046
476.6006842619746,241.97114478874977
485.47979797979804,239.03880250368576
494.35891169762135,238.4539655759101
503.2380254154448,238.22046785727954
512.1171391332682,238.3632055995498
520.9962528510916,238.752852937008
529.875366568915,239.20353246875155
538.7544802867384,239.52936679387767
547.6335940045618,237.70924921383153
556.5127077223851,239.30759274948048
565.3918214402086,238.9514043229373
574.2709351580319,238.63903119399384
583.1500488758553,238.37602368277726
592.0291625936787,238.11499024573402
600.9082763115022,237.8084608090219
609.7873900293255,237.40824533491636
618.6665037471489,238.1710055407515
627.5456174649723,235.89030322688234
636.4247311827957,234.61899795495063
645.3038449006191,233.3147143891869
654.1829586184425,232.30063497195528
663.0620723362659,231.5747936943598
671.9411860540893,229.40541436866798
680.8202997719127,229.1200151058062
689.6994134897361,230.62449393349303
698.5785272075594,230.23678681798074
707.4576409253829,229.85823034500214
716.3367546432063,226.67058625123036
725.2158683610296,231.75019884312877
734.094982078853,229.47947294124862
742.9740957966765,229.61562725446902
751.8532095144999,229.72000825335488
760.7323232323232,229.67480546802875
769.6114369501466,229.36281142266378
778.4905506679701,228.87619726240493
787.3696643857934,228.79501801584414
796.2487781036168,231.8303331252173
805.1278918214402,229.60050469624068
814.0070055392636,231.8919081056535
822.886119257087,232.51277491615923
831.7652329749104,232.67899390470134
840.6443466927338,234.84233873615455
849.5234604105572,235.3562275016932
858.4025741283806,235.86344855450716
867.281687846204,236.51643967224953
876.1608015640273,237.05794378908934
885.0399152818508,237.93767195274515
893.9190289996742,238.42117434215865
902.7981427174976,237.8555898632594
911.6772564353209,238.95329370120376
920.5563701531444,240.10639607861248
929.4354838709678,238.23051948051943
