50.403225806451616,241.79204866139443
59.28233952427501,240.52320240151832
68.1614532420984,241.16042515004764
77.0405669599218,240.3536362090849
85.91968067774519,239.80812162468388
94.79879439556859,241.58441484759155
103.677908113392,241.339251687389
112.5570218312154,242.43173617631157
121.43613554903878,241.08456079991063
130.31524926686217,239.90376214647887
139.19436298468557,240.23289516757282
148.07347670250897,237.4946628099694
156.95259042033237,237.45953766497323
165.83170413815577,237.58172026548937
174.71081785597914,237.14714226330523
183.58993157380255,236.83657712232483
192.46904529162595,235.7787193652633
201.34815900944935,236.24731081350396
210.22727272727275,236.97640421162507
219.10638644509612,237.42393514989078
227.98550016291952,237.91795768780636
236.86461388074292,236.97934521367714
245.74372759856632,236.92618600939295
254.62284131638972,238.13267724667492
263.5019550342131,237.26636853041293
272.3810687520365,235.62528808603335
281.2601824698599,233.74270181498116
290.13929618768327,231.8607618233507
299.0184099055067,230.9759559135269
307.89752362333013,229.79438897568343
316.77663734115345,229.5288260108921
325.6557510589769,229.5837626304887
334.5348647768003,229.64469595594846
343.4139784946236,229.24771851126997
352.29309221244705,230.2504954732786
361.1722059302705,230.31143004390648
370.0513196480939,228.3618240739548
378.9304333659172,231.5516442376373
387.80954708374065,230.51197457010284
396.6886608015641,229.29624048025568
405.5677745193874,229.46890090024965
414.4468882372108,230.04887487821517
423.32600195503426,230.33623931912675
432.2051156728576,231.09357878144687
441.084229390681,234.18870115962076
449.96334310850443,234.2263746242345
458.84245682632786,235.07364913298707
467.7215705441512,238.73980764078712
476.6006842619746,239.0646096031371
485.47979797979804,238.84965834134192
494.35891169762135,238.11713470271818
503.2380254154448,238.22046785727954
512.1171391332682,238.3632055995498
520.9962528510916,238.752852937008
529.875366568915,241.69411018744984
538.7544802867384,239.52936679387767
547.6335940045618,239.55722977637478
556.5127077223851,240.37991299938165
565.3918214402086,240.91944091745606
574.2709351580319,238.63903119399384
583.1500488758553,238.37602368277726
592.0291625936787,238.11499024573402
600.9082763115022,237.8084608090219
609.7873900293255,237.40824533491636
618.6665037471489,236.82198931913612
627.5456174649723,235.89030322688234
636.4247311827957,234.61899795495063
645.3038449006191,233.3147143891869
654.1829586184425,232.30063497195528
663.0620723362659,231.65569173196627
671.9411860540893,231.2510392658857
680.8202997719127,229.9602164599825
689.6994134897361,230.62449393349303
698.5785272075594,230.23678681798074
707.4576409253829,229.85823034500214
716.3367546432063,227.63529027445585
725.2158683610296,229.42935578357108
734.094982078853,230.27175807300293
742.9740957966765,229.61562725446902
751.8532095144999,229.72000825335488
760.7323232323232,230.60207531472707
769.6114369501466,229.11847696047914
778.4905506679701,227.54252711840306
787.3696643857934,230.20095880932027
796.2487781036168,229.32156356929684
805.1278918214402,230.2842131171675
814.0070055392636,231.50029103362226
822.886119257087,231.055419138832
831.7652329749104,233.96202946894954
840.6443466927338,234.84233873615455
849.5234604105572,235.39497494563642
858.4025741283806,235.86344855450716
867.281687846204,236.51643967224953
876.1608015640273,237.23593693668144
885.0399152818508,237.53403796829068
893.9190289996742,238.53737632538295
902.7981427174976,238.95078165953697
911.6772564353209,239.0936195601496
920.5563701531444,238.881621632163
929.4354838709678,239.93685071614104
