100.80645161290323,149.83619806990077
101.5794019826278,150.1011942666995
102.35235235235236,152.00631509766862
103.12530272207692,152.73117900582972
103.89825309180148,155.89682031224353
104.67120346152605,150.60086996491995
105.44415383125062,147.62642283447312
106.21710420097517,149.70733368910442
106.99005457069974,153.51904123833984
107.76300494042431,158.35463734870507
108.53595531014886,155.32653830740938
109.30890567987343,157.23765419707854
110.08185604959799,152.19639497481546
110.85480641932256,160.08319997154578
111.62775678904713,153.81342580224918
112.40070715877168,152.61332180128952
113.17365752849625,154.78809702902544
113.9466078982208,148.4238853156386
114.71955826794537,159.00447953992872
115.49250863766994,147.77584020880067
116.2654590073945,155.82900827863284
117.03840937711907,157.72888558086197
117.81135974684364,153.09938822787683
118.58431011656819,160.68646297621257
119.35726048629276,157.12278050639978
120.13021085601733,157.08407700852987
120.90316122574188,158.69087027004383
121.67611159546645,157.0880669117042
122.449061965191,157.8125193850413
123.22201233491558,155.73959143938538
123.99496270464013,158.28788838210943
124.7679130743647,158.5224933533596
125.54086344408927,158.7550445281528
126.31381381381382,157.42772692988495
127.08676418353839,158.02778874876648
127.85971455326296,162.65033800012415
128.63266492298752,156.46494088589318
129.40561529271207,158.5961326988731
130.17856566243665,158.35018142251303
130.9515160321612,164.34892802350512
131.72446640188576,161.16881284792697
132.49741677161035,157.2576820144383
133.2703671413349,164.1197052272232
134.04331751105946,161.1773899463232
134.81626788078404,161.38525003497912
135.5892182505086,155.88851047750367
136.36216862023315,165.7301577535117
137.13511898995773,155.33984648956337
137.9080693596823,162.3795124945047
138.68101972940684,162.39361803575488
139.45397009913142,161.00376868323602
140.22692046885598,163.8532930206972
140.99987083858053,162.4022840204313
141.7728212083051,165.6086464632082
142.54577157802967,163.35037845979346
143.31872194775423,164.52053711259924
144.09167231747878,168.48865741604806
144.86462268720334,165.94501684640923
145.63757305692792,163.11045593856102
146.41052342665247,160.79840520661764
147.18347379637703,164.43026623602364
147.9564241661016,157.28655085523718
148.72937453582617,164.77366926402374
149.50232490555072,163.61796288290785
150.2752752752753,165.10878472730948
151.04822564499986,158.68541024654803
151.82117601472441,163.3345008675717
152.594126384449,164.65808307782166
153.36707675417355,165.75413428131563
154.1400271238981,166.74341468347757
154.9129774936227,168.1646759084452
155.68592786334725,165.4412039610746
156.4588782330718,166.36627754119732
157.23182860279638,170.7418537376229
158.00477897252094,166.65988513682746
158.7777293422455,171.53529495240474
159.55067971197008,162.18159405542085
160.32363008169463,165.36035762968254
161.0965804514192,163.94598516669254
161.86953082114377,168.62055558312076
162.64248119086832,167.49079575120828
163.41543156059288,167.6219958662567
164.18838193031743,167.75111299981327
164.961332300042,165.1996997334351
165.73428266976657,163.06015646098618
166.50723303949113,168.7807454505612
167.28018340921568,168.24674004510686
168.05313377894026,168.3654335156936
168.82608414866482,172.3823087657127
169.59903451838937,168.59656042207814
170.37198488811396,163.93483379863918
171.1449352578385,167.89864395606912
171.91788562756307,167.45946889944275
172.69083599728765,173.0275603421576
173.4637863670122,169.13783357907153
174.23673673673676,167.98806896255542
175.00968710646134,169.33971294056707
175.7826374761859,165.9911834397485
176.55558784591045,165.73807060378684
177.32853821563504,169.4548673409198
178.1014885853596,167.38674304950376
178.87443895508414,167.58201666953846
179.64738932480873,169.42015122197546
180.42033969453328,174.28876321438526
181.19329006425784,171.5762855188856
181.96624043398242,170.3312704993905
182.73919080370695,166.3415127891354
183.51214117343153,170.30036502932327
184.2850915431561,172.4774060947588
185.05804191288064,170.93547508568474
185.83099228260522,169.06931616697295
186.6039426523298,175.40564690644442
187.37689302205433,172.74551624577035
188.14984339177892,169.15305128526032
188.92279376150347,174.9117485408419
189.69574413122803,168.3804620557415
190.4686945009526,170.10657055860082
191.24164487067716,170.94276227406104
192.01459524040172,171.00714003516225
192.7875456101263,170.48687544982468
193.56049597985086,173.12432971263712
194.3334463495754,171.15573339540288
195.1063967193,171.14610079371727
195.87934708902455,172.20264027591173
196.6522974587491,173.54696175400187
197.4252478284737,166.3655534912531
198.19819819819824,169.3941282548938
198.9711485679228,173.70673746427653
199.74409893764738,168.47857753860578
200.51704930737193,172.927468779936
201.2899996770965,169.57892046232772
202.06295004682107,169.13592758856967
202.8359004165456,171.53826849004622
203.60885078627018,167.1726754707493
204.38180115599476,169.6402561700891
205.1547515257193,166.99130550625964
205.92770189544387,166.7618361054334
206.70065226516846,171.53285207604097
207.47360263489298,177.29200505807538
208.24655300461757,171.64864568043342
209.01950337434212,171.6559511755646
209.79245374406668,171.66113925086256
210.56540411379126,171.66420932262676
211.33835448351581,171.66516080715635
212.11130485324037,167.47763985948555
212.88425522296495,168.36655670609917
213.6572055926895,171.65529790033094
214.43015596241406,171.6477691989154
215.20310633213865,168.51669105548507
215.9760567018632,171.62634669516945
216.74900707158776,165.4557184138273
217.52195744131234,171.94052594787377
218.2949078110369,168.4843217809467
219.06785818076145,171.5580249403987
219.84080855048603,173.71454653584132
220.61375892021059,171.6526773946676
221.38670928993514,170.5209316514654
222.15965965965972,169.92867651109447
222.93261002938428,171.41755130218505
223.70556039910883,171.39178039596155
224.47851076883342,167.19192815642316
225.25146113855794,174.9084569675564
226.02441150828253,172.98617720718735
226.7973618780071,171.02689862709957
227.57031224773164,171.19471459716002
228.34326261745622,171.1489094862527
229.11621298718077,171.10097236299475
229.88916335690536,170.29267264232115
230.6621137266299,168.91127762598774
231.43506409635447,174.45351372378337
232.20801446607902,170.88789207244275
232.9809648358036,172.2445706314759
233.75391520552816,171.8119621663933
234.5268655752527,168.48161964182313
235.2998159449773,177.51148665696672
236.07276631470185,168.9535127381539
236.8457166844264,171.21293391854155
237.618667054151,165.68178476152363
238.39161742387554,169.01919493378313
239.1645677936001,167.4295613090234
239.93751816332468,165.68541606427544
240.71046853304924,169.79296325964322
241.4834189027738,169.64974806689878
242.25636927249835,169.12772212046184
243.02931964222293,173.82340918977832
243.80227001194748,174.77549347686596
244.57522038167204,170.80355501271694
245.34817075139662,169.59055962806272
246.12112112112118,168.57711040181013
246.89407149084573,163.4065947414754
247.66702186057032,168.6811735411915
248.43997223029487,169.18409863155932
249.21292260001943,176.01674269574704
249.985872969744,168.9648676018526
250.75882333946856,164.73210933587268
251.53177370919312,172.03679962869796
252.30472407891767,170.48497845563406
253.07767444864226,172.56217388868325
253.8506248183668,170.16076900279512
254.62357518809137,169.2990149988003
255.39652555781595,168.67667449586008
256.1694759275405,167.9749320524444
256.94242629726506,170.69598580915056
257.71537666698964,167.69783647440096
258.48832703671417,162.41693105139578
259.26127740643875,167.40835268686266
260.03422777616333,163.75815445937394
260.80717814588786,167.36879469840454
261.58012851561244,166.95030462329458
262.353078885337,165.7561684796307
263.12602925506155,166.62866133310376
263.89897962478614,164.06239233968955
264.6719299945107,166.29367865028578
265.44488036423525,168.7342637524544
266.21783073395983,163.50830275163645
266.9907811036844,163.2631564201121
267.76373147340894,165.5826080403318
268.5366818431335,163.63004959268488
269.3096322128581,164.14248275967591
270.08258258258263,164.5195313771148
270.8555329523072,161.74024303253123
271.6284833220318,171.67133546895272
272.4014336917563,158.66385523764745
273.1743840614809,158.21030752535128
273.9473344312055,167.85163755305416
274.72028480093,164.41505312436558
275.4932351706546,163.55246848182878
276.2661855403792,156.66342646686482
277.0391359101037,164.69726845428588
277.8120862798283,162.869343850052
278.5850366495529,158.39363562314944
279.3579870192774,160.93735964321326
280.130937389002,160.23622924298385
280.90388775872657,157.490296244614
281.6768381284511,159.45408930364223
282.4497884981757,166.42235771886527
283.22273886790026,159.17792074089027
283.9956892376248,165.55180134702155
284.7686396073493,161.60531408292545
285.54158997707395,160.32839040167815
286.3145403467985,160.05109556383917
287.087490716523,159.579690897639
287.86044108624765,163.07054495471155
288.6333914559722,157.09581910422477
289.4063418256967,162.82530089117213
290.17929219542134,158.59863236400224
290.95224256514587,157.92634028354502
291.7251929348704,158.26176039831267
292.49814330459503,157.67314047038272
293.27109367431956,157.35547365053577
294.0440440440441,155.04915812989412
294.81699441376867,155.77664244147488
295.58994478349325,157.72595615466614
296.3628951532178,150.23914461302158
297.13584552294236,153.94592264055484
297.90879589266694,154.14925034050756
298.68174626239147,155.62117130449042
299.45469663211605,157.51961289622358
300.22764700184064,153.5986509761239
301.00059737156516,155.93222840946356
301.77354774128975,150.78164725269295
302.54649811101433,154.4971411738573
303.31944848073886,154.61928497320676
304.09239885046344,147.94392865032265
304.865349220188,149.16599196923946
305.63829958991255,146.93581925121427
306.41124995963713,153.9349504676147
307.1842003293617,152.62302172862994
307.95715069908624,150.5684810650255
308.7301010688108,148.2588568094992
309.5030514385354,149.78521826837652
310.27600180825993,149.3896837211312
311.0489521779845,148.99167000481825
311.8219025477091,150.77465948382886
312.5948529174336,150.59366569805724
313.3678032871582,145.23205665236537
314.1407536568828,143.66773076351197
314.9137040266073,147.29787009988206
315.6866543963319,140.22404134604702
316.4596047660565,142.9210383042865
317.232555135781,145.99069152833883
318.0055055055056,143.4943295619677
318.7784558752302,144.46332426738397
319.5514062449547,149.28717487859873
320.3243566146793,144.95921226272034
321.0973069844039,139.8068628623011
321.8702573541284,148.67399777078433
322.643207723853,142.6413559309264
323.41615809357756,142.36151684095893
324.1891084633021,141.98446220337794
324.9620588330266,140.90389908343252
325.73500920275126,138.40791118068705
326.5079595724758,143.28272550105183
327.2809099422003,140.72760339532385
328.05386031192495,134.9713521599759
328.8268106816495,138.68634044180416
329.599761051374,141.1703043566117
330.37271142109864,140.42773389880384
331.14566179082317,137.08116277472897
331.9186121605477,132.15755241167014
332.69156253027234,138.11894867011983
333.46451289999686,132.40341094631614
334.2374632697214,139.66316810986427
335.010413639446,135.9263006685335
335.78336400917055,143.4614240492124
336.5563143788951,131.89961087726164
337.32926474861966,138.6920809192181
338.10221511834425,135.71105382170038
338.8751654880688,132.58491510687736
339.64811585779336,137.97809733344653
340.42106622751794,131.36585825399592
341.19401659724247,131.95732577314203
341.96696696696705,134.096176706032
342.73991733669163,134.6807085445875
343.51286770641616,131.25357852436716
344.28581807614074,129.27872674287772
345.0587684458653,130.3732449991053
345.83171881558985,127.45254807211562
346.60466918531444,130.82613344637042
347.377619555039,129.22885866135695
348.15056992476354,125.83945280915329
348.9235202944881,128.36216675902642
349.6964706642127,123.76551293919836
350.46942103393724,127.55311885439035
351.2423714036618,127.15188449617526
352.0153217733864,122.61788308597626
352.78827214311093,122.53816547463927
353.5612225128355,125.9624069267473
354.3341728825601,123.53944501519156
355.1071232522846,123.18453758340982
355.8800736220092,132.58454038741425
356.6530239917338,124.41294963596742
357.4259743614583,127.59352841352919
358.1989247311829,125.6802484249274
358.9718751009075,120.55536590328512
359.744825470632,122.91043833567977
360.5177758403566,122.5428127771257
361.2907262100811,122.17856597997965
362.0636765798057,121.81778687164211
362.8366269495303,121.46056437951349
363.6095773192548,116.56287980485237
364.3825276889794,119.5246252274616
365.155478058704,122.92342548165819
365.9284284284285,120.34890518343624
366.7013787981531,123.52529974205576
367.47432916787767,121.34504612416079
368.2472795376022,117.25135961051022
369.0202299073268,113.63950539641404
369.79318027705136,118.42028270083392
370.5661306467759,113.76710667140817
371.3390810165005,116.4782288911147
372.11203138622506,120.12446891428874
372.8849817559496,116.62050308571003
373.65793212567417,116.99576265524931
374.43088249539875,116.48284822377066
375.2038328651233,115.61002733552823
375.97678323484786,114.93460000927152
376.74973360457244,115.74011812944778
377.52268397429697,115.46736755137566
378.29563434402155,115.19995213752155
379.06858471374613,115.63061952119273
379.84153508347066,112.61637266801704
380.61448545319524,118.02209556441183
381.3874358229198,114.1854206722949
382.16038619264435,113.94601499053788
382.93333656236894,114.37032750652448
383.70628693209346,119.21099250683498
384.47923730181805,111.37862582089029
385.25218767154263,112.00140465957165
386.02513804126716,113.47902609554862
386.79808841099174,112.63568986581267
387.5710387807163,117.26960155398108
388.34398915044085,111.82818305634675
389.11693952016543,109.67864920224027
389.88988988989,105.73291964893627
390.66284025961454,111.71097832732784
391.4357906293391,118.35298554968354
392.2087409990637,113.18056352206703
392.98169136878823,117.18875648445436
393.7546417385128,112.18083969453419
394.5275921082374,110.24412139242713
395.3005424779619,109.34688779600208
396.0734928476865,116.97769221086845
396.8464432174111,108.99991916244612
397.6193935871356,112.79126365490878
398.3923439568602,110.70636793323894
399.1652943265848,110.18524750992964
399.9382446963093,110.0796582908597
400.7111950660339,113.12884514515787
401.4841454357585,102.3691780300311
402.257095805483,109.53232516691808
403.0300461752076,105.78204360410795
403.8029965449321,109.63058103410225
404.5759469146567,107.0829076772742
405.3488972843813,110.23068324194247
406.1218476541058,111.05373313718727
406.8947980238304,108.83782380957878
407.667748393555,109.62466154232973
408.4406987632795,116.90097412970395
409.2136491330041,109.21432266482934
409.98659950272867,116.29207347182917
410.7595498724532,103.07564237227608
411.5325002421778,111.98254290982712
412.30545061190236,109.84011301809048
413.0784009816269,108.46515580429754
413.85135135135147,109.04402649336414
414.62430172107605,109.0316283662005
415.3972520908006,116.04980295373558
416.17020246052516,104.92692922618946
416.94315283024974,109.59058551378337
417.71610319997427,107.67143502574866
418.48905356969885,111.06109323129706
419.26200393942344,111.48032512702532
420.03495430914796,109.06669948684356
420.80790467887255,108.45110210467033
421.58085504859713,104.8634038701312
422.35380541832166,111.079932338141
423.12675578804624,107.31363034024707
423.89970615777077,107.1795048158436
424.67265652749535,106.44435037074466
425.44560689721993,108.2375047043025
426.21855726694446,109.35316580982487
426.99150763666904,113.98442415084652
427.7644580063936,108.75206974349327
428.53740837611815,110.23322597493299
429.31035874584273,107.87469476077544
430.0833091155673,103.67659738120926
430.85625948529184,111.43175084489293
431.6292098550164,110.63002502787253
432.402160224741,109.87984263577016
433.17511059446554,111.08182533060426
433.9480609641901,111.67165447616534
434.7210113339147,113.72811457746307
435.49396170363923,103.86518153166487
436.2669120733638,103.35888671050843
437.0398624430884,113.16958975526882
437.8128128128129,111.99547191450155
438.5857631825375,108.60729011673283
439.3587135522621,110.73011729913044
440.1316639219866,114.75536062938747
440.9046142917112,114.4006033839103
441.6775646614358,111.06866513469367
442.4505150311603,109.86463709693366
443.2234654008849,112.78669942673659
443.9964157706095,114.10554617170024
444.769366140334,111.55949649040076
445.5423165100586,109.9256504874219
446.3152668797831,106.8899389496547
447.0882172495077,111.95558358111522
447.8611676192323,112.09269335194533
448.6341179889568,113.49641705320404
449.4070683586814,108.73511876170156
450.18001872840597,112.51862004329851
450.9529690981305,115.195361317898
451.7259194678551,113.76942090105679
452.49886983757966,112.96547553857616
453.2718202073042,113.78516905599575
454.04477057702877,117.54429447029972
454.81772094675335,114.99238895300392
455.5906713164779,115.92761603623754
456.36362168620246,117.32526963208512
457.13657205592705,113.1623999597604
457.9095224256516,114.04286841241478
458.68247279537616,114.04314826500676
459.45542316510074,110.67565096335727
460.22837353482527,115.6192858508747
461.00132390454985,117.9299893028398
461.77427427427443,114.93731304656703
462.54722464399896,113.43121427896564
463.32017501372354,115.29098538112795
464.0931253834481,115.4701581771938
464.86607575317265,118.98833374184605
465.63902612289723,118.95758605999296
466.41197649262176,114.48374675363571
467.18492686234634,117.3440181020884
467.9578772320709,115.66198454043897
468.73082760179545,116.57500596347461
469.50377797152004,116.22987112864142
470.2767283412446,116.69695706954752
471.04967871096915,116.22739782887402
471.82262908069373,115.35683799486524
472.5955794504183,118.47476080876304
473.36852982014284,116.70662434008663
474.1414801898674,112.90274742956859
474.914430559592,118.88676943314448
475.68738092931653,121.83754940893111
476.4603312990411,118.5093201169417
477.2332816687657,117.02373003849213
478.0062320384902,116.72037929051851
478.7791824082148,119.20402854881777
479.5521327779394,116.3536817958752
480.3250831476639,120.91983877188275
481.0980335173885,122.8576592685318
481.8709838871131,120.3257767750243
482.6439342568376,121.99911136812763
483.4168846265622,116.01584492105518
484.1898349962868,120.53190585534101
484.9627853660113,119.51677809851562
485.7357357357359,123.07840449678419
486.5086861054604,121.15342370621275
487.281636475185,119.73644932724957
488.0545868449096,121.57118372855842
488.8275372146341,121.71730960248138
489.6004875843587,116.5849129318848
490.3734379540833,127.65494318224816
491.1463883238078,122.41437331306453
491.9193386935324,125.08247547480313
492.69228906325696,122.83956911859391
493.4652394329815,125.07243337971153
494.2381898027061,129.38417212914763
495.01114017243066,123.48153537322098
495.7840905421552,125.84568225287272
496.55704091187977,122.94579548005224
497.32999128160435,125.64189995009171
498.1029416513289,126.75396900458315
498.87589202105346,122.63907463105723
499.64884239077804,126.26164703045738
500.42179276050257,119.29254192304408
501.19474313022715,123.63364579438577
501.96769349995174,125.43379480376016
502.74064386967626,130.61956134097474
503.51359423940085,125.87225002900789
504.28654460912543,120.70240942746976
505.05949497884995,126.31213194381036
505.83244534857454,124.7255337567194
506.6053957182991,128.07679909207724
507.37834608802365,127.11268779815502
508.15129645774823,128.82327899632566
508.92424682747276,127.95692672710867
509.69719719719734,127.13310881609573
510.4701475669219,127.86126639518224
511.24309793664645,123.54499367387753
512.016048306371,130.96433452507168
512.7889986760956,130.73824400399283
513.5619490458201,123.11784461922267
514.3348994155447,125.7518676303523
515.1078497852693,137.10343209564275
515.8808001549938,124.36563060403594
516.6537505247184,126.69026762915114
517.426700894443,129.86852268833744
518.1996512641675,129.58296421389602
518.972601633892,125.99599745919919
519.7455520036167,124.53277882623729
520.5185023733412,131.38846931025063
521.2914527430657,128.42386015810524
522.0644031127904,138.09148703191562
522.8373534825149,128.47544728549786
523.6103038522394,131.65945299985685
524.3832542219641,131.90017791589423
525.1562045916886,126.64375141304916
525.9291549614131,132.33107113062914
526.7021053311378,132.5548292975956
527.4750557008623,131.38414278152575
528.2480060705868,133.53894083056028
529.0209564403115,133.22555563156973
529.793906810036,132.88566959652775
530.5668571797605,129.4423862651317
531.3398075494852,133.15999010600086
532.1127579192097,137.3207265898377
532.8857082889342,133.29282238663444
533.6586586586589,133.65473618442837
534.4316090283834,134.8920824829052
535.2045593981079,130.1108767516892
535.9775097678325,135.22938687219437
536.7504601375571,138.8852823027686
537.5234105072816,137.72137278578256
538.2963608770062,137.76147079114008
539.0693112467308,133.41327834219214
539.8422616164553,139.0618937191514
540.6152119861799,131.3399645019327
541.3881623559045,136.77439413281223
542.161112725629,137.7565139616177
542.9340630953536,131.07680423428977
543.7070134650781,132.8109172357809
544.4799638348027,134.98617176174022
545.2529142045273,140.73422468485856
546.0258645742518,141.51235907206674
546.7988149439764,132.7759433567154
547.571765313701,137.9948679691109
548.3447156834255,135.91838840876005
549.1176660531501,143.8147865475679
549.8906164228747,137.87427364379494
550.6635667925992,140.26572123657624
551.4365171623238,140.6997635958608
552.2094675320484,141.1913968729597
552.9824179017729,140.02429325732632
553.7553682714974,141.86841481108138
554.5283186412221,140.3567194208216
555.3012690109466,139.36640065897672
556.0742193806711,143.6342669917483
556.8471697503958,140.6251631892499
557.6201201201203,142.19730384873327
558.3930704898448,144.5219364843635
559.1660208595695,141.71250009093555
559.938971229294,139.4218374323971
560.7119215990185,136.89461710367422
561.4848719687432,144.86919299430167
562.2578223384677,146.25641872391134
563.0307727081922,139.78784702824638
563.8037230779169,145.6169786354027
564.5766734476414,143.15759463146114
565.3496238173659,143.36133336176945
566.1225741870905,141.97144437097305
566.8955245568151,141.40069840581083
567.6684749265396,142.49390809181648
568.4414252962642,146.069404514724
569.2143756659888,139.71302034921922
569.9873260357133,144.56838492608694
570.7602764054379,143.30309793209778
571.5332267751623,142.19224949563818
572.306177144887,146.2028149665732
573.0791275146116,145.35754840744943
573.852077884336,151.59182688706332
574.6250282540607,145.74717788059252
575.3979786237853,151.06241508572515
576.1709289935097,147.01057997518114
576.9438793632344,146.3251589442438
577.716829732959,146.51604729333013
578.4897801026834,149.83990184125832
579.2627304724081,146.8950932335358
580.0356808421327,139.6503087841797
580.8086312118571,146.17492974510418
581.5815815815818,149.66449580681842
582.3545319513064,145.3760382059319
583.1274823210308,145.46590747337794
583.9004326907555,142.14746224100074
584.6733830604801,149.48116985907782
585.4463334302045,153.05450252985037
586.2192837999291,142.56974744024876
586.9922341696538,141.48377552009114
587.7651845393782,149.86806885216635
588.5381349091028,149.08781516773405
589.3110852788275,151.95790981584605
590.0840356485519,154.18888163853475
590.8569860182765,145.15546257717034
591.629936388001,147.6801354850808
592.4028867577256,149.95692337918018
593.1758371274502,147.58185247118328
593.9487874971747,150.29669544155877
594.7217378668993,152.22409708738536
595.4946882366239,150.63182416313862
596.2676386063484,151.94604429661376
597.040588976073,150.96221254422525
597.8135393457976,148.79656069973944
598.5864897155221,151.28776358512425
599.3594400852467,152.3184158434889
600.1323904549713,150.8096743790917
600.9053408246958,149.6576102241452
601.6782911944204,151.92396564758138
602.451241564145,153.3884736871271
603.2241919338695,154.81934435920053
603.997142303594,156.40416950128042
604.7700926733187,157.84389422442473
605.5430430430432,153.86908815348949
606.3159934127677,152.34814604852804
607.0889437824924,151.90948466371322
607.8618941522169,150.19659617157012
608.6348445219414,152.59170432331666
609.4077948916661,146.96122662765572
610.1807452613906,152.23815693642416
610.9536956311151,152.97100119176136
611.7266460008398,154.08156905337702
612.4995963705643,155.61909397679696
613.2725467402888,155.99673357976127
614.0454971100135,154.25485085169862
614.8184474797381,150.24075595024783
615.5913978494625,158.32644844567568
616.3643482191871,156.85644131133168
617.1372985889118,154.01917840783915
617.9102489586362,154.90944333013172
618.6831993283608,159.20581563665326
619.4561496980855,159.35415429513512
620.2291000678099,153.60631440862605
621.0020504375345,153.05618954474576
621.775000807259,157.5961099203706
622.5479511769836,150.74186106298413
623.3209015467082,150.35156562715932
624.0938519164326,157.6950866426968
624.8668022861573,157.54306277569972
625.6397526558819,156.09995621520287
626.4127030256063,163.5270211784292
627.185653395331,154.62073942215343
627.9586037650556,159.59847321514496
628.73155413478,156.4657718720447
629.5045045045047,153.84603806615294
630.2774548742293,154.85585748390426
631.0504052439537,156.83948643174162
631.8233556136784,156.05668909154375
632.596305983403,156.51281553891206
633.3692563531274,157.67299283013915
634.142206722852,157.8813116330045
634.9151570925767,156.83168170702817
635.6881074623011,161.51150002097842
636.4610578320257,157.5053956296785
637.2340082017504,159.75298786652058
638.0069585714748,157.6826567147008
638.7799089411994,157.76917534521016
639.5528593109241,162.39283230178364
640.3258096806485,157.26736671902503
641.0987600503731,160.81792171993186
641.8717104200978,158.1014249535292
642.6446607898222,158.1810856628137
643.4176111595468,156.04152844603385
644.1905615292715,157.10414763465096
644.9635118989959,159.19530430704037
645.7364622687205,158.48644894257671
646.5094126384452,159.1724981851909
647.2823630081696,157.04051548558735
648.0553133778942,158.89975762030392
648.8282637476188,158.7710884726294
649.6012141173433,158.83909207270182
650.3741644870679,161.3696784453173
651.1471148567925,161.37905784774324
651.920065226517,156.22604163818653
652.6930155962416,162.31684747718185
653.4659659659662,156.13634092826516
654.2389163356906,158.94954613434044
655.0118667054153,159.18858844554936
655.7848170751399,158.8157042088816
656.5577674448643,159.63062015592283
657.330717814589,161.0996457500383
658.1036681843136,158.5047343993666
658.876618554038,160.01577171298567
659.6495689237627,159.61420548407088
660.4225192934873,155.89782289239565
661.1954696632117,158.83998905299813
661.9684200329364,158.31590984292768
662.741370402661,158.41780431403265
663.5143207723854,159.86156639838367
664.2872711421101,159.9078618414219
665.0602215118347,160.55656558425892
665.8331718815591,159.8572792810457
666.6061222512838,160.55495619339007
667.3790726210084,155.32687370916597
668.1520229907328,161.09883173085998
668.9249733604574,162.16400810977447
669.6979237301821,159.52778838024764
670.4708740999065,160.2419369051507
671.2438244696311,162.19387618284964
672.0167748393558,155.30348595604974
672.7897252090802,165.6074177944127
673.5626755788048,160.38591645782435
674.3356259485295,160.5635840198786
675.1085763182539,160.54097052980887
675.8815266879785,163.00725304161097
676.6544770577032,156.13938459960428
677.4274274274276,159.42468879760378
678.2003777971522,156.5234031267111
678.9733281668769,159.52236360090032
679.7462785366013,156.75310809085715
680.5192289063259,165.57535039001925
681.2921792760505,155.02282797862935
682.065129645775,162.79487231768007
682.8380800154996,162.55881611439847
683.6110303852242,159.36178452216117
684.3839807549487,158.1626228103724
685.1569311246733,155.05062032963522
685.9298814943979,158.6914938923868
686.7028318641223,166.7334018157766
687.475782233847,160.86519222773057
688.2487326035716,160.66628688871012
689.021682973296,162.44435059993887
689.7946333430207,162.73992518357792
690.5675837127453,159.1329523767589
691.3405340824697,161.32031609125525
692.1134844521944,160.97095960072718
692.886434821919,158.2287018833079
693.6593851916434,161.0009725950809
694.4323355613681,164.54644966176198
695.2052859310927,160.7929627591458
695.9782363008171,162.767799485365
696.7511866705418,156.1583065612631
697.5241370402664,156.97713045892965
698.2970874099908,162.50657743797646
699.0700377797154,161.14365012051175
699.8429881494401,158.09188541886292
700.6159385191645,161.10665071451703
701.3888888888891,160.99563501413374
702.1618392586138,167.39837834990968
702.9347896283382,161.13210918747487
703.7077399980628,161.70810992289347
704.4806903677875,158.9487920053671
705.2536407375119,161.1531746977146
706.0265911072365,159.1542836645346
706.7995414769609,165.10970639724457
707.5724918466856,162.5649591283887
708.3454422164102,158.31060937563925
709.1183925861346,159.4258778872657
709.8913429558593,158.59299280198002
710.6642933255839,161.49165148989374
711.4372436953083,161.39063654092627
712.210194065033,162.82533228932576
712.9831444347576,157.52228285276024
713.756094804482,165.79213907244375
714.5290451742067,163.72030009495742
715.3019955439313,162.38485994693383
716.0749459136557,161.05752006519023
716.8478962833804,158.7096097473125
717.620846653105,157.64952666350933
718.3937970228294,161.75599281315604
719.166747392554,163.10120888108466
719.9396977622787,161.20357181874215
720.7126481320031,159.771497342955
721.4855985017277,161.20236767702391
722.2585488714524,157.02760565720672
723.0314992411768,158.39101823583349
723.8044496109014,161.1988912128348
724.5773999806261,161.19733061951615
725.3503503503505,160.453879722256
726.1233007200751,153.67448314372677
726.8962510897998,156.99842409993414
727.6692014595242,157.51389151738545
728.4421518292488,165.9898211843972
729.2151021989735,163.2298044164547
729.9880525686979,161.09168269062246
730.7610029384225,162.65705993413977
731.5339533081471,157.1076335609894
732.3069036778716,161.1734754543623
733.0798540475962,161.17050497144126
733.8528044173208,157.32569755594605
734.6257547870453,158.97219907656245
735.3987051567699,161.16126077706076
736.1716555264945,161.8588385836973
736.944605896219,160.46120473789819
737.7175562659436,159.98377851999223
738.4905066356682,160.7128413762178
739.2634570053926,166.57434971065794
740.0364073751173,163.4796597342474
740.8093577448419,162.05706805914903
741.5823081145663,158.51984556424293
742.355258484291,157.4614135827644
743.1282088540156,161.28310474772772
743.90115922374,159.38262729236607
744.6741095934647,161.124528236173
745.4470599631893,165.5376635887407
746.2200103329137,162.4804190410535
746.9929607026384,161.4777501047069
747.765911072363,161.11455513664163
748.5388614420874,161.11235190205426
749.311811811812,161.1102624377216
750.0847621815367,161.1082851316422
750.8577125512611,161.69486898156237
751.6306629209857,161.1046605462382
752.4036132907104,158.76706879529797
753.1765636604348,161.1014652498317
753.9495140301594,159.4629801579074
754.7224643998841,159.12599410784634
755.4954147696085,165.45157187884587
756.2683651393331,157.92117685921426
757.0413155090578,161.73164037457528
757.8142658787822,159.84929474630195
758.5872162485068,160.83817223103154
759.3601666182315,161.09271903397092
760.1331169879559,162.44417082111698
760.9060673576805,155.70857291872457
761.6790177274052,162.2427847513561
762.4519680971296,161.48955210897856
763.2249184668542,162.40390680318
763.9978688365788,158.12168902681663
764.7708192063033,160.79731157500734
765.5437695760279,159.28090018667248
766.3167199457525,160.601927252248
767.089670315477,165.95300963084253
767.8626206852016,160.71937455845475
768.6355710549262,167.00444811830496
769.4085214246506,161.09058880814501
770.1814717943753,160.20233162220902
770.9544221640999,161.0914034344545
771.7273725338243,158.23454305721677
772.500322903549,161.90847372555965
773.2732732732736,162.5018528554021
774.046223642998,159.99695447503328
774.8191740127227,161.09458467899435
775.5921243824473,165.22341314688168
776.3650747521717,159.38656662783393
777.1380251218964,167.91497979848359
777.910975491621,161.05669138532915
778.6839258613454,161.0992399787831
779.45687623107,157.52863632199916
780.2298266007947,162.0070121363612
781.0027769705191,165.47712692786993
781.7757273402437,161.10389013028288
782.5486777099684,156.7235281157335
783.3216280796928,161.10648837922676
784.0945784494174,154.39228591540828
784.8675288191421,163.29107894738655
785.6404791888665,161.11069094910553
786.4134295585911,161.11216674345
787.1863799283158,163.9707510705361
787.9593302980402,162.1489110210128
788.7322806677648,157.2886484670505
789.5052310374892,165.50991044827884
790.2781814072139,160.21204894957035
791.0511317769385,161.6073730475201
791.8240821466629,160.2829229911904
792.5970325163876,161.73568524868722
793.3699828861122,160.20285608038205
794.1429332558366,156.60809356774647
794.9158836255613,161.13034146550558
795.6888339952859,161.50181370807059
796.4617843650103,161.99671972971032
797.234734734735,164.8256016485426
798.0076851044596,162.48742521550923
798.780635474184,161.44026586284517
799.5535858439086,157.28792986038198
800.3265362136333,157.3110612357106
801.0994865833577,160.7725290555639
801.8724369530823,159.20929063530076
802.645387322807,161.14871062860465
803.4183376925314,163.25831690750738
804.191288062256,160.97532282378754
804.9642384319807,161.15431286176562
805.7371888017051,161.82958330728835
806.5101391714297,159.82866137953698
807.2830895411544,161.15987994235485
808.0560399108788,156.87966489305305
808.8289902806034,165.82658571967218
809.6019406503281,160.59230957672085
810.3748910200525,163.73834476192292
811.1478413897771,159.63265827267787
811.9207917595018,168.69346854465323
812.6937421292262,154.69467271697536
813.4666924989508,160.180717596383
814.2396428686754,157.95345351127517
815.0125932383999,161.48705120804595
815.7855436081245,159.96787607145177
816.5584939778491,161.18092625828464
817.3314443475736,159.63632581520503
818.1043947172982,163.10079682831466
818.8773450870228,155.77003163128958
819.6502954567472,162.34309141657582
820.4232458264719,158.47870299943457
821.1961961961965,162.7855537521682
821.9691465659209,160.70533830272498
822.7420969356456,156.2683348625242
823.5150473053702,162.11920920338878
824.2879976750946,165.60802046275964
825.0609480448193,157.42061944399242
825.8338984145439,161.1979282102275
826.6068487842683,158.3659177319643
827.379799153993,161.13765869450694
828.1527495237176,162.66427350531566
828.925699893442,159.8147352247506
829.6986502631667,159.55137557350918
830.4716006328913,165.00195033579197
831.2445510026157,163.0050974768371
832.0175013723403,156.3424066664459
832.790451742065,162.15433192267213
833.5634021117894,161.2069974304959
834.336352481514,163.0346179006782
835.1093028512387,156.69510124358484
835.8822532209631,161.20855231978248
836.6552035906877,164.99724501945263
837.4281539604124,156.62001724917383
838.2011043301368,164.48498263348048
838.9740546998614,161.20966058031084
839.7470050695861,168.18297403140974
840.5199554393105,163.90511872549015
841.2929058090351,157.29330934761845
842.0658561787598,160.82357337674156
842.8388065484842,162.58257127320957
843.6117569182088,159.5901333438715
844.3847072879335,161.20865686906814
845.1576576576579,159.0817728316577
845.9306080273825,162.34584672827748
846.7035583971071,156.29888899972096
847.4765087668316,159.62567501014627
848.2494591365562,161.20538863524243
849.0224095062808,158.87056875702896
849.7953598760053,161.203433380317
850.5683102457299,158.66982643135134
851.3412606154545,163.7849080656451
852.1142109851789,161.19976595354402
852.8871613549036,160.5757809465503
853.6601117246282,165.98990828034056
854.4330620943526,161.19517838547773
855.2060124640773,161.19343719760656
855.9789628338019,159.14581486546612
856.7519132035263,161.18962715208266
857.524863573251,158.7233453422496
858.2978139429756,164.4194447612524
859.0707643127,160.509144215908
859.8437146824247,162.57818054600875
860.6166650521493,164.45187826701851
861.3896154218737,158.16967562925413
862.1625657915984,161.17268219990504
862.935516161323,162.71191829211514
863.7084665310474,162.5563807599979
864.481416900772,161.16360440849098
865.2543672704967,163.4773110518829
866.0273176402211,161.4238548208737
866.8002680099457,161.1533743475944
867.5732183796704,161.58788564893297
868.3461687493948,162.4832277176794
869.1191191191194,160.4832559000425
869.8920694888441,168.77552514517282
870.6650198585685,156.708391072706
871.4379702282931,161.12928332121152
872.2109205980175,164.78262813658873
872.9838709677422,167.15267040397475
