100.80645161290323,149.59806668878701
101.5794019826278,148.88920121949124
102.35235235235236,153.71269849373164
103.12530272207692,151.17935194000574
103.89825309180148,149.7431667187168
104.67120346152605,151.65443938972544
105.44415383125062,155.5860895292437
106.21710420097517,152.32646873286237
106.99005457069974,156.01328424473843
107.76300494042431,152.88779073825293
108.53595531014886,153.16539060023624
109.30890567987343,156.27074117611537
110.08185604959799,153.71446512427556
110.85480641932256,153.98593861893016
111.62775678904713,155.77009842847895
112.40070715877168,156.81499641248575
113.17365752849625,156.31500105021112
113.9466078982208,155.05139386209865
114.71955826794537,159.16930376710155
115.49250863766994,155.57185007060303
116.2654590073945,159.74911091943173
117.03840937711907,156.08411911091346
117.81135974684364,156.16920831956284
118.58431011656819,157.08538552215904
119.35726048629276,150.64376489578962
120.13021085601733,159.1539879006267
120.90316122574188,157.13920111521594
121.67611159546645,157.5717565266247
122.449061965191,157.8125193850413
123.22201233491558,158.0512301981031
123.99496270464013,156.13589145275898
124.7679130743647,157.22399801071785
125.54086344408927,162.30572468001745
126.31381381381382,158.89866935783706
127.08676418353839,160.65380983849133
127.85971455326296,157.55293663751826
128.63266492298752,158.82268171521477
129.40561529271207,156.07400407844375
130.17856566243665,159.4404037504599
130.9515160321612,160.32534742005353
131.72446640188576,160.54144720996646
132.49741677161035,159.90670742841738
133.2703671413349,160.47970797764387
134.04331751105946,159.61315291662294
134.81626788078404,163.60619090906943
135.5892182505086,165.69607734920046
136.36216862023315,157.5617673172005
137.13511898995773,161.9964596587481
137.9080693596823,162.19607070693587
138.68101972940684,162.39361803575488
139.45397009913142,161.4480873521783
140.22692046885598,162.7825192004837
140.99987083858053,162.9738718689921
141.7728212083051,163.16315848332897
142.54577157802967,167.99961521821086
143.31872194775423,163.53553121468508
144.09167231747878,165.26016534331885
144.86462268720334,162.60385785342518
145.63757305692792,164.81848060207955
146.41052342665247,165.40299487273649
147.18347379637703,165.4861057086017
147.9564241661016,161.9848902646159
148.72937453582617,165.59472789829863
149.50232490555072,165.98422315509816
150.2752752752753,162.2384116935521
151.04822564499986,164.18756267021232
151.82117601472441,165.254494660077
152.594126384449,167.5804109036837
153.36707675417355,165.75413428131563
154.1400271238981,159.49130656352827
154.9129774936227,169.39457495731574
155.68592786334725,165.4059350622532
156.4588782330718,172.6520864387828
157.23182860279638,166.51412049495553
158.00477897252094,166.06226688100514
158.7777293422455,166.80357088311249
159.55067971197008,162.7656383894317
160.32363008169463,169.99404654719208
161.0965804514192,167.22214891143855
161.86953082114377,172.24967730872393
162.64248119086832,162.68482599537748
163.41543156059288,167.6219958662567
164.18838193031743,167.75111299981327
164.961332300042,167.8781465681773
165.73428266976657,165.69789473327432
166.50723303949113,166.84170057420943
167.28018340921568,169.37026792648035
168.05313377894026,171.67633845605644
168.82608414866482,168.48204050258425
169.59903451838937,168.5296966195242
170.37198488811396,167.78778853463396
171.1449352578385,170.23763336447183
171.91788562756307,166.6360004641249
172.69083599728765,171.00196931857099
173.4637863670122,161.66219832295104
174.23673673673676,171.22063827555837
175.00968710646134,169.33971294056707
175.7826374761859,170.63537816137085
176.55558784591045,164.48864566271442
177.32853821563504,170.76582296811992
178.1014885853596,171.5670239056917
178.87443895508414,174.0541807527171
179.64738932480873,173.21717639350905
180.42033969453328,162.40897728631285
181.19329006425784,169.83565389716824
181.96624043398242,170.49858670854795
182.73919080370695,171.8195153341165
183.51214117343153,170.30036502932327
184.2850915431561,171.09813420230572
185.05804191288064,170.44777575955723
185.83099228260522,171.2056978873249
186.6039426523298,170.58678918934538
187.37689302205433,173.5380977083207
188.14984339177892,170.71740064908215
188.92279376150347,172.49132569211764
189.69574413122803,170.83960546916185
190.4686945009526,172.34271509972595
191.24164487067716,170.9533989799789
192.01459524040172,171.00714003516225
192.7875456101263,171.05877651192782
193.56049597985086,174.83654150038805
194.3334463495754,171.15573339540288
195.1063967193,171.201052634711
195.87934708902455,171.29000889984013
196.6522974587491,173.54946257312784
197.4252478284737,175.51711062939572
198.19819819819824,170.40937178221333
198.9711485679228,174.43857038759154
199.74409893764738,172.98058156023103
200.51704930737193,171.4592610524531
201.2899996770965,172.05738813402544
202.06295004682107,171.51404464947512
202.8359004165456,171.53826849004622
203.60885078627018,171.5603795803898
204.38180115599476,173.1904909009953
205.1547515257193,170.48200130411792
205.92770189544387,167.11698981357782
206.70065226516846,171.62768476547456
207.47360263489298,177.48751933368715
208.24655300461757,166.32294698227335
209.01950337434212,171.6559511755646
209.79245374406668,170.3383451555975
210.56540411379126,172.42755317787726
211.33835448351581,166.69922110844445
212.11130485324037,164.66062410339282
212.88425522296495,169.1328289942796
213.6572055926895,168.21370806035955
214.43015596241406,170.93395791498756
215.20310633213865,177.45270703940295
215.9760567018632,170.09106911355417
216.74900707158776,166.69521553162343
217.52195744131234,171.5964334988658
218.2949078110369,173.45183014131158
219.06785818076145,173.47524635070857
219.84080855048603,168.09056947711443
220.61375892021059,172.6783038005484
221.38670928993514,172.70456553257904
222.15965965965972,171.4557030585522
222.93261002938428,173.1558198983109
223.70556039910883,172.05418436799715
224.47851076883342,171.80023879874085
225.25146113855794,164.8946665693889
226.02441150828253,171.35516430405673
226.7973618780071,167.11066607254148
227.57031224773164,173.1821886799016
228.34326261745622,174.9723523354162
229.11621298718077,171.10097236299475
229.88916335690536,168.31343608218424
230.6621137266299,174.56855431790913
231.43506409635447,170.9443630821102
232.20801446607902,170.88789207244275
232.9809648358036,169.20063246359933
233.75391520552816,170.3181949074792
234.5268655752527,171.24703169189374
235.2998159449773,170.64065288822462
236.07276631470185,170.57350131015457
236.8457166844264,169.49707467078574
237.618667054151,173.69098893639813
238.39161742387554,170.3590281551576
239.1645677936001,170.28308683448677
239.93751816332468,167.10688230614062
240.71046853304924,170.12432496468065
241.4834189027738,173.28151000783834
242.25636927249835,168.18090389908636
243.02931964222293,169.86847452641769
243.80227001194748,174.50437072230804
244.57522038167204,169.5198650249565
245.34817075139662,162.7353053560239
246.12112112112118,169.29287236230942
246.89407149084573,169.39257205142633
247.66702186057032,169.40799076787442
248.43997223029487,171.68975455436902
249.21292260001943,165.55932551971603
249.985872969744,168.9648676018526
250.75882333946856,172.45943983659902
251.53177370919312,171.04874419132332
252.30472407891767,168.61525604938544
253.07767444864226,173.32905473999392
253.8506248183668,163.48421939595778
254.62357518809137,167.5145242439788
255.39652555781595,168.1089191899708
256.1694759275405,167.58203619842232
256.94242629726506,167.83791580419646
257.71537666698964,169.09966207874484
258.48832703671417,167.55466009223176
259.26127740643875,167.40835268686266
260.03422777616333,172.8282761831157
260.80717814588786,165.94234228161977
261.58012851561244,169.41417537078914
262.353078885337,160.54721678833766
263.12602925506155,166.17028528200865
263.89897962478614,165.43551067294507
264.6719299945107,172.10996179430228
265.44488036423525,164.48034468415955
266.21783073395983,171.8453358519569
266.9907811036844,165.76559877542542
267.76373147340894,165.5826080403318
268.5366818431335,165.39607863212447
269.3096322128581,163.44701918626785
270.08258258258263,167.39938392287607
270.8555329523072,164.81491866055902
271.6284833220318,164.35646932275264
272.4014336917563,164.40916251546764
273.1743840614809,164.11115096033677
273.9473344312055,167.9109770559085
274.72028480093,162.04013900890462
275.4932351706546,163.55246848182878
276.2661855403792,159.80172942158515
277.0391359101037,167.33686258543986
277.8120862798283,162.869343850052
278.5850366495529,162.63372034618726
279.3579870192774,161.81456401215965
280.130937389002,163.36431598677228
280.90388775872657,168.7016327072667
281.6768381284511,160.58078258770715
282.4497884981757,161.39470944014465
283.22273886790026,164.1317952717034
283.9956892376248,160.57276730084587
284.7686396073493,162.11425404101703
285.54158997707395,166.52596506134518
286.3145403467985,165.7715857502595
287.087490716523,153.79350380799974
287.86044108624765,159.48340999851123
288.6333914559722,156.4856683180824
289.4063418256967,158.80953052649818
290.17929219542134,158.59863236400224
290.95224256514587,162.50969870140688
291.7251929348704,164.31259392503483
292.49814330459503,154.99682379052544
293.27109367431956,157.35547365053577
294.0440440440441,162.43410369722076
294.81699441376867,156.7067096557567
295.58994478349325,156.0517817674185
296.3628951532178,157.13201783871196
297.13584552294236,151.22189975052856
297.90879589266694,155.35804178033032
298.68174626239147,155.01075848826625
299.45469663211605,154.65961306223866
300.22764700184064,157.22780407142014
301.00059737156516,150.20654270852478
301.77354774128975,153.58392595697217
302.54649811101433,153.21825397168774
303.31944848073886,154.93090057981377
304.09239885046344,149.79268751652717
304.865349220188,156.6900651196969
305.63829958991255,153.3834039608259
306.41124995963713,149.63364303993575
307.1842003293617,150.33112416236165
307.95715069908624,150.5684810650255
308.7301010688108,150.17818144889452
309.5030514385354,153.01712486353068
310.27600180825993,147.3852311856482
311.0489521779845,148.99167000481825
311.8219025477091,151.20245478398584
312.5948529174336,146.46752593019252
313.3678032871582,145.23587922941243
314.1407536568828,149.8508646041934
314.9137040266073,146.68595014034116
315.6866543963319,144.24375271436986
316.4596047660565,146.07414534285505
317.232555135781,145.29615692897104
318.0055055055056,146.6743723226892
318.7784558752302,142.99532462252625
319.5514062449547,147.96189973304422
320.3243566146793,144.055690169933
321.0973069844039,142.08003189268953
321.8702573541284,143.53035848881467
322.643207723853,141.7043783437657
323.41615809357756,142.36151684095893
324.1891084633021,137.98812604251302
324.9620588330266,141.5085905327199
325.73500920275126,141.08099015947138
326.5079595724758,140.65275457034988
327.2809099422003,142.6819433749338
328.05386031192495,139.79474653512676
328.8268106816495,141.45852050582272
329.599761051374,139.39416011727982
330.37271142109864,139.5363603260108
331.14566179082317,141.47454705506365
331.9186121605477,135.09457727975777
332.69156253027234,131.4147707471056
333.46451289999686,133.37832207744574
334.2374632697214,136.19851846401096
335.010413639446,135.9263006685335
335.78336400917055,139.50373463791883
336.5563143788951,133.36495316163303
337.32926474861966,134.42858646078324
338.10221511834425,134.2146858610115
338.8751654880688,133.78855950761698
339.64811585779336,133.36332194841776
340.42106622751794,132.9390621108143
341.19401659724247,132.75971706682665
341.96696696696705,132.0938313099965
342.73991733669163,135.22825769776603
343.51286770641616,133.38982421015785
344.28581807614074,125.41337304065988
345.0587684458653,129.68669150324746
345.83171881558985,130.00408935390956
346.60466918531444,129.59085267548852
347.377619555039,131.9325229682253
348.15056992476354,128.76980245064652
348.9235202944881,129.3205615757022
349.6964706642127,130.17689576582288
350.46942103393724,128.61541692294932
351.2423714036618,131.38870392878945
352.0153217733864,126.75296177056275
352.78827214311093,126.3564396049533
353.5612225128355,125.9624069267473
354.3341728825601,127.51266774512618
355.1071232522846,125.11167833207072
355.8800736220092,119.88378163760287
356.6530239917338,120.94169952877428
357.4259743614583,126.09190909283748
358.1989247311829,121.13067819279628
358.9718751009075,123.28135372824144
359.744825470632,122.6215588171068
360.5177758403566,122.5428127771257
361.2907262100811,115.20315894520192
362.0636765798057,119.97669340699598
362.8366269495303,122.68159155681755
363.6095773192548,121.10698743099435
364.3825276889794,120.75714495348498
365.155478058704,120.41112587438596
365.9284284284285,121.73014498813207
366.7013787981531,114.6706850744572
367.47432916787767,119.39689830155531
368.2472795376022,121.07420304885342
369.0202299073268,115.54823744633401
369.79318027705136,112.60955592532108
370.5661306467759,116.54045960795298
371.3390810165005,117.12276975957063
372.11203138622506,117.48368011203402
372.8849817559496,115.73209063808295
373.65793212567417,118.30968035860056
374.43088249539875,115.48415224477064
375.2038328651233,113.82475690900333
375.97678323484786,116.01811494433747
376.74973360457244,115.83120993675765
377.52268397429697,115.46736755137566
378.29563434402155,113.98544510100294
379.06858471374613,114.937960815286
379.84153508347066,117.85195656522335
380.61448545319524,114.4306061552722
381.3874358229198,113.1940504199103
382.16038619264435,118.45254668305904
382.93333656236894,113.71247803740167
383.70628693209346,119.85205129137327
384.47923730181805,112.91149424925902
385.25218767154263,110.38390900571002
386.02513804126716,111.94582772224216
386.79808841099174,118.87565039243839
387.5710387807163,113.12134627688825
388.34398915044085,110.99721698281876
389.11693952016543,106.4866441547125
389.88988988989,114.46157227708899
390.66284025961454,108.52996663187388
391.4357906293391,115.24919695697639
392.2087409990637,110.29298799553496
392.98169136878823,113.59935955221029
393.7546417385128,110.43374540055277
394.5275921082374,111.98149760909321
395.3005424779619,104.25997860415683
396.0734928476865,110.66171895220702
396.8464432174111,110.63322100478062
397.6193935871356,112.35624203717566
398.3923439568602,110.29620212539128
399.1652943265848,109.91303086468248
399.9382446963093,108.22294898868121
400.7111950660339,109.71221875914975
401.4841454357585,109.8843918010625
402.257095805483,108.96424885695373
403.0300461752076,110.24825335740307
403.8029965449321,112.20648013646361
404.5759469146567,103.10640253183267
405.3488972843813,107.62021110758671
406.1218476541058,104.39448880154157
406.8947980238304,109.36319822252213
407.667748393555,109.38236728528176
408.4406987632795,109.25911982342954
409.2136491330041,110.17882946641282
409.98659950272867,108.16427763435303
410.7595498724532,111.18428907060479
411.5325002421778,109.10834663031608
412.30545061190236,110.63137470229529
413.0784009816269,108.94242164432117
413.85135135135147,108.86263929553557
414.62430172107605,105.55715203920552
415.3972520908006,109.02367443126691
416.17020246052516,107.03931292239335
416.94315283024974,110.65506456541263
417.71610319997427,111.37583421542274
418.48905356969885,108.35278780015422
419.26200393942344,114.84941797174864
420.03495430914796,110.63056899813527
420.80790467887255,109.08856521169395
421.58085504859713,109.11450664710974
422.35380541832166,109.14447773288282
423.12675578804624,102.58802253428279
423.89970615777077,110.69157175277917
424.67265652749535,111.12513337018494
425.44560689721993,107.10825483181006
426.21855726694446,109.35316580982487
426.99150763666904,110.88518131663425
427.7644580063936,109.26151566640566
428.53740837611815,110.39133352124576
429.31035874584273,107.22216150858928
430.0833091155673,111.84175650127246
430.85625948529184,106.34835924786982
431.6292098550164,113.18380970475894
432.402160224741,109.87984263577016
433.17511059446554,106.81029992088018
433.9480609641901,107.92555273480325
434.7210113339147,110.13446242405045
435.49396170363923,110.22589035406112
436.2669120733638,108.70084345189332
437.0398624430884,109.3959290280576
437.8128128128129,107.8041120336701
438.5857631825375,110.56068808623368
439.3587135522621,106.99412298878225
440.1316639219866,112.55407335329292
440.9046142917112,110.95292235761465
441.6775646614358,108.72878906833047
442.4505150311603,107.89171525895297
443.2234654008849,112.85754259250699
443.9964157706095,115.35619887031099
444.769366140334,110.6969200788518
445.5423165100586,111.68893909013482
446.3152668797831,111.82098347377567
447.0882172495077,112.9716279693037
447.8611676192323,112.09269335194533
448.6341179889568,110.55582352693773
449.4070683586814,106.92389677515526
450.18001872840597,115.91636971289698
450.9529690981305,108.72449023146011
451.7259194678551,115.66727925052065
452.49886983757966,117.79342478605335
453.2718202073042,115.23398234698708
454.04477057702877,114.37696299525948
454.81772094675335,113.43201621216002
455.5906713164779,113.59168930645167
456.36362168620246,114.19377541859262
457.13657205592705,118.15044342690925
457.9095224256516,119.81781699725897
458.68247279537616,113.63203052949547
459.45542316510074,110.16760625564143
460.22837353482527,114.59017879015428
461.00132390454985,116.09046269922072
461.77427427427443,114.93731304656703
462.54722464399896,117.33249378398989
463.32017501372354,115.29098538112795
464.0931253834481,120.01332897961967
464.86607575317265,115.6508273121724
465.63902612289723,115.83294672585572
466.41197649262176,114.5478922375758
467.18492686234634,116.20135214850423
467.9578772320709,117.1574129216958
468.73082760179545,112.96085768755053
469.50377797152004,119.77610521649854
470.2767283412446,119.8955652661285
471.04967871096915,117.14452136789228
471.82262908069373,117.64564290033132
472.5955794504183,118.36028507777846
473.36852982014284,117.72377294567055
474.1414801898674,121.65272717691913
474.914430559592,118.1147516362296
475.68738092931653,121.19805262800335
476.4603312990411,113.75943381707428
477.2332816687657,121.74134388377765
478.0062320384902,119.89900660436122
478.7791824082148,119.10764642617997
479.5521327779394,114.20862890283429
480.3250831476639,122.12620445953803
481.0980335173885,119.71339040627566
481.8709838871131,123.12708630003912
482.6439342568376,120.12114585740112
483.4168846265622,121.37760067510081
484.1898349962868,116.1187894879617
484.9627853660113,116.41234456513104
485.7357357357359,123.69639525498762
486.5086861054604,123.09221028962367
487.281636475185,115.67904057130994
488.0545868449096,119.33754334348568
488.8275372146341,125.56580072056765
489.6004875843587,123.31786498316903
490.3734379540833,123.81159675475269
491.1463883238078,120.5722187897148
491.9193386935324,122.1475992432925
492.69228906325696,123.62808285128573
493.4652394329815,123.05301614041461
494.2381898027061,123.26700976188681
495.01114017243066,123.48153537322098
495.7840905421552,123.23995822837166
496.55704091187977,126.57483471090644
497.32999128160435,124.51557617404735
498.1029416513289,124.3446655213887
498.87589202105346,131.0140262249429
499.64884239077804,120.37317304316987
500.42179276050257,125.03221235758696
501.19474313022715,125.21513872419297
501.96769349995174,122.7027799492317
502.74064386967626,121.93111502761634
503.51359423940085,121.1179691426053
504.28654460912543,127.42183738895937
505.05949497884995,129.62466484947555
505.83244534857454,126.532571385321
506.6053957182991,122.45616319395819
507.37834608802365,126.97437418761398
508.15129645774823,127.19570832881745
508.92424682747276,125.73221071856842
509.69719719719734,124.41747319198207
510.4701475669219,126.05543988167211
511.24309793664645,122.7499167808849
512.016048306371,126.95906015193002
512.7889986760956,128.52885112010046
513.5619490458201,128.84192376966362
514.3348994155447,128.97483872760523
515.1078497852693,128.9193064660339
515.8808001549938,130.7177264973448
516.6537505247184,132.4372130090107
517.426700894443,131.5221896471881
518.1996512641675,134.70463353593095
518.972601633892,132.03185189907515
519.7455520036167,132.1435921270246
520.5185023733412,130.54198541797084
521.2914527430657,130.98762622985342
522.0644031127904,130.94792199612402
522.8373534825149,127.85849313428943
523.6103038522394,131.65945299985685
524.3832542219641,130.96482786785228
525.1562045916886,130.5642520041331
525.9291549614131,132.33107113062914
526.7021053311378,129.78887600933078
527.4750557008623,130.28071469433954
528.2480060705868,131.92983059685125
529.0209564403115,133.19179943182095
529.793906810036,135.26738329051057
530.5668571797605,133.67210361722042
531.3398075494852,137.28956005688622
532.1127579192097,134.1180329219041
532.8857082889342,134.34072904440958
533.6586586586589,134.56322666730506
534.4316090283834,130.84787295392692
535.2045593981079,137.56072368220504
535.9775097678325,132.46231159391024
536.7504601375571,132.0750343872523
537.5234105072816,135.67225670783304
538.2963608770062,135.89328411865165
539.0693112467308,138.6931870129691
539.8422616164553,140.79154703048889
540.6152119861799,129.71698384871556
541.3881623559045,137.86649086992048
542.161112725629,134.8325175340538
542.9340630953536,138.67072434684817
543.7070134650781,137.9832391239706
544.4799638348027,139.10958812423024
545.2529142045273,137.86812311287147
546.0258645742518,138.08572652091306
546.7988149439764,140.3145210618664
547.571765313701,138.22755595511052
548.3447156834255,137.7253110278365
549.1176660531501,138.9519280277848
549.8906164228747,139.1673647483701
550.6635667925992,135.69249937478088
551.4365171623238,139.5968169274488
552.2094675320484,139.81080813601858
552.9824179017729,140.06062648709772
553.7553682714974,139.5736626732421
554.5283186412221,141.8068061765058
555.3012690109466,145.21067216683403
556.0742193806711,138.37156485155376
556.8471697503958,138.24098429731475
557.6201201201203,141.29389715480727
558.3930704898448,141.1019252199822
559.1660208595695,135.75927977356002
559.938971229294,135.95709958382488
560.7119215990185,139.37291978646266
561.4848719687432,134.98045082612927
562.2578223384677,139.67433650873556
563.0307727081922,143.0068717051921
563.8037230779169,142.99023466083761
564.5766734476414,145.603270764408
565.3496238173659,143.36133336176945
566.1225741870905,139.5501827717196
566.8955245568151,143.76666206258585
567.6684749265396,141.96127654903518
568.4414252962642,142.95202452278383
569.2143756659888,148.19193554088577
569.9873260357133,144.21087867063184
570.7602764054379,147.69843351077077
571.5332267751623,144.9645850893827
572.306177144887,140.81159755685817
573.0791275146116,145.35754840744943
573.852077884336,145.55278593711728
574.6250282540607,145.74717788059252
575.3979786237853,148.71829059646947
576.1709289935097,146.13337650911757
576.9438793632344,144.12590987112017
577.716829732959,146.51604729333013
578.4897801026834,145.03316518947142
579.2627304724081,146.8950932335358
580.0356808421327,143.25540703616625
580.8086312118571,152.55351291757142
581.5815815815818,147.45665337449955
582.3545319513064,147.64192258314836
583.1274823210308,148.69533519520974
583.9004326907555,148.00951199316643
584.6733830604801,147.70854456126952
585.4463334302045,148.37308856039968
586.2192837999291,148.9454204235201
586.9922341696538,153.02967380705195
587.7651845393782,146.38377414752293
588.5381349091028,149.39509670654343
589.3110852788275,148.52136942847903
590.0840356485519,149.43877120844627
590.8569860182765,153.6105453302958
591.629936388001,152.24571136602518
592.4028867577256,149.95692337918018
593.1758371274502,150.12738376548845
593.9487874971747,150.29669544155877
594.7217378668993,145.70829379728983
595.4946882366239,149.71634874166222
596.2676386063484,150.79761695872452
597.040588976073,151.9656879476681
597.8135393457976,152.1052174946764
598.5864897155221,146.23756658906524
599.3594400852467,151.44869479059884
600.1323904549713,151.32955493093164
600.9053408246958,147.61746434587747
601.6782911944204,151.92396564758138
602.451241564145,152.43364955249277
603.2241919338695,152.23442266975064
603.997142303594,151.21912658854956
604.7700926733187,152.53965435295444
605.5430430430432,152.69028038003967
606.3159934127677,152.48609564358716
607.0889437824924,147.15530237556143
607.8618941522169,154.17373646023177
608.6348445219414,148.91240191153673
609.4077948916661,152.0200162688976
610.1807452613906,151.24792269372352
610.9536956311151,155.73442402421642
611.7266460008398,153.51076123375455
612.4995963705643,157.48694083130823
613.2725467402888,154.1206910027209
614.0454971100135,159.95579432127303
614.8184474797381,154.3895936150966
615.5913978494625,154.5218186700126
616.3643482191871,160.29539463893303
617.1372985889118,150.99287701632065
617.9102489586362,154.33796757390894
618.6831993283608,157.31614622553337
619.4561496980855,156.47656675237437
620.2291000678099,153.32795635609085
621.0020504375345,153.44925765630842
621.775000807259,155.52458858385864
622.5479511769836,160.93238342610348
623.3209015467082,156.95100869753682
624.0938519164326,155.8746160976242
624.8668022861573,155.98808101980472
625.6397526558819,156.09995621520287
626.4127030256063,158.6040237937271
627.185653395331,153.51040649385448
627.9586037650556,155.3691929860366
628.73155413478,155.8284988223298
629.5045045045047,156.2412986251449
630.2774548742293,152.9621071441669
631.0504052439537,164.13681762465507
631.8233556136784,156.23047629812783
632.596305983403,154.03886176966822
633.3692563531274,157.13367276406723
634.142206722852,157.97657589872512
634.9151570925767,158.90308517781438
635.6881074623011,158.11684583524644
636.4610578320257,157.5053956296785
637.2340082017504,157.5947337785659
638.0069585714748,157.16094260927878
638.7799089411994,156.78830923964182
639.5528593109241,156.9696952715692
640.3258096806485,154.41531226688048
641.0987600503731,159.09230646056878
641.8717104200978,158.4120242939203
642.6446607898222,158.1810856628137
643.4176111595468,158.25940750923382
644.1905615292715,156.21009694318658
644.9635118989959,158.41207824198847
645.7364622687205,155.16794426019038
646.5094126384452,158.66692386786656
647.2823630081696,159.13122506672983
648.0553133778942,158.70183326670752
648.8282637476188,157.06634516827117
649.6012141173433,158.9983851689864
650.3741644870679,160.36908118847313
651.1471148567925,159.98012213842395
651.920065226517,159.0357023090913
652.6930155962416,159.6385152874761
653.4659659659662,158.89004143697707
654.2389163356906,157.44316810152603
655.0118667054153,158.9333559240827
655.7848170751399,159.36926131911605
656.5577674448643,158.04150401618995
657.330717814589,159.50337259988206
658.1036681843136,161.37288336349923
658.876618554038,159.561480211496
659.6495689237627,159.61420548407088
660.4225192934873,159.66583185057252
661.1954696632117,158.810630529752
661.9684200329364,159.7658314938634
662.741370402661,159.8142265849064
663.5143207723854,160.95704825315602
664.2872711421101,162.49569920131154
665.0602215118347,159.95312382114815
665.8331718815591,165.16732682386046
666.6061222512838,160.0405910191718
667.3790726210084,160.20414479183873
668.1520229907328,157.6434429649684
668.9249733604574,155.04529429057615
669.6979237301821,160.15969403117194
670.4708740999065,163.6945481317661
671.2438244696311,160.27932383494766
672.0167748393558,160.24146846919183
672.7897252090802,157.26621620328083
673.5626755788048,159.23994689971735
674.3356259485295,160.41962763370145
675.1085763182539,163.18174029400788
675.8815266879785,156.65183319202924
676.6544770577032,157.90358547216596
677.4274274274276,157.56145072225812
678.2003777971522,160.5750265956826
678.9733281668769,160.60355135448606
679.7462785366013,160.63124988538786
680.5192289063259,167.17561067584222
681.2921792760505,159.2642592862256
682.065129645775,164.78149852617582
682.8380800154996,163.32639560848514
683.6110303852242,164.74494605328056
684.3839807549487,165.34061864159563
685.1569311246733,160.82520095191916
685.9298814943979,163.6048359900335
686.7028318641223,159.8085678490002
687.475782233847,160.86519222773057
688.2487326035716,161.07129348118815
689.021682973296,160.90315667406702
689.7946333430207,166.67359002016073
690.5675837127453,167.74557663938538
691.3405340824697,165.5288531780856
692.1134844521944,155.31796280938505
692.886434821919,156.5705364860194
693.6593851916434,161.0009725950809
694.4323355613681,156.0281645669328
695.2052859310927,155.2533724804318
695.9782363008171,161.04137691074553
696.7511866705418,163.7295278844455
697.5241370402664,161.06536358709138
698.2970874099908,161.07650478641574
699.0700377797154,163.97930136098486
699.8429881494401,161.09713744300169
700.6159385191645,161.00272842308956
701.3888888888891,159.69129362706929
702.1618392586138,161.12412567962673
702.9347896283382,161.02848582693903
703.7077399980628,161.1396045883543
704.4806903677875,162.8804103178336
705.2536407375119,161.1531746977146
706.0265911072365,161.15927122044926
706.7995414769609,165.79906505436952
707.5724918466856,161.17014173766177
708.3454422164102,160.59611817538814
709.1183925861346,160.20548443240827
709.8913429558593,157.15705764153037
710.6642933255839,160.45057705282716
711.4372436953083,161.19011228178263
712.210194065033,159.40776011110898
712.9831444347576,154.3588499929994
713.756094804482,156.52151779283997
714.5290451742067,160.1146749805493
715.3019955439313,161.9216488136619
716.0749459136557,162.9724092439887
716.8478962833804,154.65779448397822
717.620846653105,161.20348963717055
718.3937970228294,160.39206489091862
719.166747392554,163.33417603014863
719.9396977622787,158.6012395347438
720.7126481320031,160.0753157942346
721.4855985017277,158.94400266162296
722.2585488714524,164.1843133232572
723.0314992411768,161.20025819161023
723.8044496109014,163.94904113402805
724.5773999806261,161.19733061951615
725.3503503503505,156.14263995678488
726.1233007200751,160.79161227770004
726.8962510897998,157.95160555449482
727.6692014595242,161.1893702433465
728.4421518292488,161.18700518421466
729.2151021989735,158.54965137771967
729.9880525686979,165.14447444714207
730.7610029384225,162.8090465543431
731.5339533081471,161.1763723011356
732.3069036778716,161.1734754543623
733.0798540475962,159.45618634082464
733.8528044173208,160.2907265169722
734.6257547870453,156.6762775927944
735.3987051567699,154.84570587018672
736.1716555264945,160.21191985295948
736.944605896219,161.15492976406117
737.7175562659436,159.79505815985792
738.4905066356682,161.14856597751563
739.2634570053926,162.91111532400757
740.0364073751173,163.00706209442558
740.8093577448419,164.26292802748333
741.5823081145663,161.13608911184656
742.355258484291,161.7832905552513
743.1282088540156,162.66252125384597
743.90115922374,161.1272944060853
744.6741095934647,161.124528236173
745.4470599631893,161.12186294414295
746.2200103329137,164.9404683050157
746.9929607026384,162.0455337365922
747.765911072363,163.94379345049245
748.5388614420874,161.67600674576784
749.311811811812,159.589668136869
750.0847621815367,164.6579855931141
750.8577125512611,158.7462622911607
751.6306629209857,159.42931836823544
752.4036132907104,161.00684682096147
753.1765636604348,161.1014652498317
753.9495140301594,161.10002455499927
754.7224643998841,156.08693039417085
755.4954147696085,162.40289335059222
756.2683651393331,163.9293997609326
757.0413155090578,159.67700068697724
757.8142658787822,165.24423002523915
758.5872162485068,163.02928722272904
759.3601666182315,159.19566930685755
760.1331169879559,161.0920530930652
760.9060673576805,162.77573331806022
761.6790177274052,161.09098836995724
762.4519680971296,161.84825060119778
763.2249184668542,160.57477976848156
763.9978688365788,161.09003500203426
764.7708192063033,156.5441990426645
765.5437695760279,160.80275476720888
766.3167199457525,167.9647909468936
767.089670315477,162.40720226448536
767.8626206852016,161.09005516671215
768.6355710549262,162.54528761615651
769.4085214246506,162.39254418761087
770.1814717943753,153.21779495633217
770.9544221640999,161.0914034344545
771.7273725338243,161.09191208693466
772.500322903549,161.09248614963005
773.2732732732736,167.60040323980346
774.046223642998,161.62447610717098
774.8191740127227,165.95031112116527
775.5921243824473,161.09540426253747
776.3650747521717,165.97673967680885
777.1380251218964,160.36392430334254
777.910975491621,161.49337627053413
778.6839258613454,163.79227824776953
779.45687623107,165.94516988762123
780.2298266007947,158.9193221169704
781.0027769705191,160.61784585791605
781.7757273402437,161.10389013028288
782.5486777099684,161.61674428472156
783.3216280796928,167.36197405134334
784.0945784494174,161.10785015499258
784.8675288191421,161.31897766682084
785.6404791888665,157.20335235119026
786.4134295585911,164.90599398299807
787.1863799283158,161.11367731998467
787.9593302980402,164.28836218783604
788.7322806677648,160.74134265743126
789.5052310374892,160.07145407104215
790.2781814072139,160.1438124192226
791.0511317769385,162.1277025510251
791.8240821466629,157.32188935392574
792.5970325163876,161.1250898489438
793.3699828861122,162.25780098712036
794.1429332558366,161.1285717271408
794.9158836255613,160.41559732755667
795.6888339952859,165.5664281869759
796.4617843650103,162.6816732709944
797.234734734735,160.2330225986455
798.0076851044596,161.13757480070942
798.780635474184,158.16092380537094
799.5535858439086,161.14126152933974
800.3265362136333,163.4644569039217
801.0994865833577,161.48166734582765
801.8724369530823,160.4599092510045
802.645387322807,159.574181243004
803.4183376925314,161.15057925883076
804.191288062256,157.2943173638541
804.9642384319807,154.3429751458737
805.7371888017051,160.26208037740477
806.5101391714297,159.39368603275238
807.2830895411544,161.15987994235485
808.0560399108788,164.5466201678702
808.8289902806034,162.76384306470243
809.6019406503281,160.1347347457187
810.3748910200525,161.1019774754676
811.1478413897771,161.16896207974779
811.9207917595018,158.97812733587173
812.6937421292262,163.04403535070813
813.4666924989508,164.2198039070038
814.2396428686754,154.70259902879693
815.0125932383999,160.67101720482097
815.7855436081245,168.132941551153
816.5584939778491,160.88994012719095
817.3314443475736,155.04958317850148
818.1043947172982,161.18411600227998
818.8773450870228,162.18395101860756
819.6502954567472,161.4320765627791
820.4232458264719,161.18866176429233
821.1961961961965,161.19010687589636
821.9691465659209,162.70453701299522
822.7420969356456,159.2228087774605
823.5150473053702,161.19420921548974
824.2879976750946,160.66417962141898
825.0609480448193,161.02444173548713
825.8338984145439,161.1979282102275
826.6068487842683,161.19907516472162
827.379799153993,161.20017307733758
828.1527495237176,161.88833328872363
828.925699893442,160.36913796902337
829.6986502631667,160.51107222204988
830.4716006328913,159.12271650268306
831.2445510026157,158.63443748592073
832.0175013723403,158.3939835829094
832.790451742065,162.60526050396442
833.5634021117894,161.2069974304959
834.336352481514,161.20758142614977
835.1093028512387,164.98070895002442
835.8822532209631,161.20855231978248
836.6552035906877,158.58789480547117
837.4281539604124,161.00419788232955
838.2011043301368,161.20949173602418
838.9740546998614,161.20966058031084
839.7470050695861,159.01630318539569
840.5199554393105,158.32184912244392
841.2929058090351,163.238075224304
842.0658561787598,161.20957149845304
842.8388065484842,157.5387461314973
843.6117569182088,162.6775284790485
844.3847072879335,162.30555385222567
845.1576576576579,160.00433279088432
845.9306080273825,164.09050651737593
846.7035583971071,159.4725523573848
847.4765087668316,167.0157689049249
848.2494591365562,158.23376854475558
849.0224095062808,161.20445890273783
849.7953598760053,161.203433380317
850.5683102457299,162.5081955136396
851.3412606154545,162.96256652629128
852.1142109851789,160.7859094998557
852.8871613549036,155.8453480214738
853.6601117246282,157.0606433727575
854.4330620943526,160.93092482627577
855.2060124640773,161.19343719760656
855.9789628338019,156.48487178999267
856.7519132035263,161.18962715208266
857.524863573251,161.18755507042732
858.2978139429756,161.00771269109006
859.0707643127,159.2339989943698
859.8437146824247,158.076279813611
860.6166650521493,161.17811540448605
861.3896154218737,162.62018680997232
862.1625657915984,161.73393434185667
862.935516161323,163.92148749838728
863.7084665310474,163.6283879113896
864.481416900772,165.28137819661615
865.2543672704967,160.37359551898382
866.0273176402211,163.44895941542654
866.8002680099457,161.1533743475944
867.5732183796704,154.51850495161432
868.3461687493948,161.14589266393327
869.1191191191194,163.93728552761482
869.8920694888441,167.6580728516159
870.6650198585685,162.2032576628574
871.4379702282931,164.55608023293385
872.2109205980175,162.10833087171056
872.9838709677422,154.9438286656612
