100.80645161290323,154.0644711246937
101.5794019826278,147.69967782960833
102.35235235235236,149.74102009128717
103.12530272207692,148.99848051026916
103.89825309180148,153.8592398256809
104.67120346152605,149.05906735204513
105.44415383125062,152.04274775685664
106.21710420097517,150.87654571953485
106.99005457069974,152.7880989176816
107.76300494042431,156.6840258227394
108.53595531014886,153.16539060023624
109.30890567987343,157.49032923274783
110.08185604959799,153.71446512427556
110.85480641932256,153.98593861893016
111.62775678904713,157.75065000310775
112.40070715877168,156.47702844674083
113.17365752849625,157.07097100645558
113.9466078982208,158.83423283037163
114.71955826794537,152.93200988236464
115.49250863766994,155.57185007060303
116.2654590073945,155.82900827863284
117.03840937711907,156.08411911091346
117.81135974684364,157.07588634088532
118.58431011656819,161.91431184968943
119.35726048629276,156.83716151625305
120.13021085601733,157.08407700852987
120.90316122574188,157.328942206554
121.67611159546645,157.5717565266247
122.449061965191,157.89265609541053
123.22201233491558,156.5449168943068
123.99496270464013,158.28788838210943
124.7679130743647,158.5224933533596
125.54086344408927,158.7550445281528
126.31381381381382,155.830341250371
127.08676418353839,159.21398315356578
127.85971455326296,167.20330267037727
128.63266492298752,159.6646995887428
129.40561529271207,157.54863771839985
130.17856566243665,160.17677014686285
130.9515160321612,160.72886345722867
131.72446640188576,157.5234090001273
132.49741677161035,160.7554879501162
133.2703671413349,160.96746905680192
134.04331751105946,161.1773899463232
134.81626788078404,161.38525003497912
135.5892182505086,159.29917397838202
136.36216862023315,161.79478547489228
137.13511898995773,161.9964596587481
137.9080693596823,157.1464854298945
138.68101972940684,162.39361803575488
139.45397009913142,162.58910106150438
140.22692046885598,162.7825192004837
140.99987083858053,160.48844773972863
141.7728212083051,161.2615188710606
142.54577157802967,162.51035295215908
143.31872194775423,161.42494603563313
144.09167231747878,163.1053186027599
144.86462268720334,169.4375617688172
145.63757305692792,164.07858031291488
146.41052342665247,164.2554583445075
147.18347379637703,164.43026623602364
147.9564241661016,165.60810616567397
148.72937453582617,166.9426315371284
149.50232490555072,164.94226323310625
150.2752752752753,165.10878472730948
151.04822564499986,165.27323316293274
151.82117601472441,165.43560795627528
152.594126384449,165.59590852363652
153.36707675417355,165.95812744625485
154.1400271238981,165.91028464561197
154.9129774936227,166.06435903282483
155.68592786334725,170.36530373883315
156.4588782330718,166.36627754119732
157.23182860279638,166.90265413888432
158.00477897252094,162.557076619467
158.7777293422455,169.65229532185316
159.55067971197008,167.47454018227094
160.32363008169463,167.08470335411872
161.0965804514192,167.22214891143855
161.86953082114377,167.35751323836868
162.64248119086832,167.49079575120828
163.41543156059288,166.97531624994195
164.18838193031743,167.75111299981327
164.961332300042,169.86415544169046
165.73428266976657,172.48927998760522
166.50723303949113,168.12596067452478
167.28018340921568,167.90300424218233
168.05313377894026,168.3654335156936
168.82608414866482,168.48204050258425
169.59903451838937,165.785595112154
170.37198488811396,169.0380083795705
171.1449352578385,168.81933672407277
171.91788562756307,171.31878794811215
172.69083599728765,171.396331120091
173.4637863670122,169.13783357907153
174.23673673673676,169.23981883647014
175.00968710646134,174.52315181859868
175.7826374761859,167.84529403266131
176.55558784591045,169.53322535405306
177.32853821563504,169.62684249604078
178.1014885853596,166.90089669723852
178.87443895508414,168.90931867813777
179.64738932480873,164.96514300742726
180.42033969453328,169.98037034594012
181.19329006425784,166.69573369426996
181.96624043398242,170.13023782516098
182.73919080370695,168.6435578557751
183.51214117343153,170.30036502932327
184.2850915431561,170.23896953774957
185.05804191288064,170.44777575955723
185.83099228260522,174.09633984084783
186.6039426523298,164.95159274689914
187.37689302205433,172.63490606280817
188.14984339177892,170.71740064908215
188.92279376150347,170.7795541809295
189.69574413122803,173.26186323022603
190.4686945009526,166.10698286468806
191.24164487067716,170.9533989799789
192.01459524040172,171.00714003516225
192.7875456101263,171.05877651192782
193.56049597985086,171.10830782657493
194.3334463495754,167.13849089194358
195.1063967193,171.201052634711
195.87934708902455,171.24426496079852
196.6522974587491,173.4615579005796
197.4252478284737,171.3243665385092
198.19819819819824,172.05809402588312
198.9711485679228,171.39603345892925
199.74409893764738,173.707757647207
200.51704930737193,171.4592610524531
201.2899996770965,171.48770864237716
202.06295004682107,171.9979596988157
202.8359004165456,171.53826849004622
203.60885078627018,176.26928540030934
204.38180115599476,169.7407331464239
205.1547515257193,171.59826117559146
205.92770189544387,171.61403051304814
206.70065226516846,175.77862103381284
207.47360263489298,171.63922334916987
208.24655300461757,171.64864568043342
209.01950337434212,171.6559511755646
209.79245374406668,170.0761366996556
210.56540411379126,172.63973726275532
211.33835448351581,171.66516080715635
212.11130485324037,171.6439510644616
212.88425522296495,174.04125897439343
213.6572055926895,171.65529790033094
214.43015596241406,171.90607104442813
215.20310633213865,171.63811899176181
215.9760567018632,172.66895156788192
216.74900707158776,171.61245172543772
217.52195744131234,173.55746606842786
218.2949078110369,175.2728520617417
219.06785818076145,171.5580249403987
219.84080855048603,171.53563344110216
220.61375892021059,171.51111635016275
221.38670928993514,173.4677201238269
222.15965965965972,171.4557030585522
222.93261002938428,171.42480569047973
223.70556039910883,171.39178039596155
224.47851076883342,173.11873010246825
225.25146113855794,175.70357637118715
226.02441150828253,175.32108639518086
226.7973618780071,171.23838827941736
227.57031224773164,171.19471459716002
228.34326261745622,173.2009132727143
229.11621298718077,173.41311438813796
229.88916335690536,167.47987686664598
230.6621137266299,168.87177988692952
231.43506409635447,164.80579619247914
232.20801446607902,170.88789207244275
232.9809648358036,166.05358849940913
233.75391520552816,170.76854467684473
234.5268655752527,165.7604144012834
235.2998159449773,170.64065288822462
236.07276631470185,170.28528985035157
236.8457166844264,170.5042014221653
237.618667054151,167.87962095082813
238.39161742387554,175.18448590302822
239.1645677936001,170.28308683448677
239.93751816332468,167.84636957732792
240.71046853304924,172.3293085708969
241.4834189027738,171.83265502033478
242.25636927249835,169.95616431808068
243.02931964222293,171.81035602742125
243.80227001194748,167.7926697876889
244.57522038167204,169.6857061522349
245.34817075139662,169.59055962806272
246.12112112112118,169.49285958473527
246.89407149084573,169.39257205142633
247.66702186057032,169.28966305730972
248.43997223029487,164.241602952172
249.21292260001943,171.93628042741545
249.985872969744,167.19076203225586
250.75882333946856,168.851133056244
251.53177370919312,168.73460719569692
252.30472407891767,168.61525604938544
253.07767444864226,168.49304564648318
253.8506248183668,168.36794201616408
254.62357518809137,168.4068493750191
255.39652555781595,166.42618371058416
256.1694759275405,167.9749320524444
256.94242629726506,167.83791580419646
257.71537666698964,164.71413344376205
258.48832703671417,167.55466009223176
259.26127740643875,167.19688945262882
260.03422777616333,167.25888028746755
260.80717814588786,168.6618733059633
261.58012851561244,163.7815579749065
262.353078885337,166.79113341686445
263.12602925506155,171.6069708908566
263.89897962478614,166.4628544011862
264.6719299945107,165.15793794057316
265.44488036423525,172.33406906610404
266.21783073395983,165.94508480823154
266.9907811036844,163.8764775732953
267.76373147340894,161.47934390942413
268.5366818431335,165.85965329153117
269.3096322128581,165.20597657997735
270.08258258258263,167.16941940537646
270.8555329523072,164.81491866055902
271.6284833220318,171.14802258012782
272.4014336917563,164.40916251546764
273.1743840614809,165.15763083199036
273.9473344312055,163.98843637809392
274.72028480093,163.7723746352359
275.4932351706546,163.55246848182878
276.2661855403792,163.32868394704653
277.0391359101037,163.10098706006298
277.8120862798283,164.0865821023585
278.5850366495529,169.00421294820634
279.3579870192774,167.23913837695673
280.130937389002,162.65537869185496
280.90388775872657,161.9026283632102
281.6768381284511,165.35595382154617
282.4497884981757,161.0066953619577
283.22273886790026,159.7986232240904
283.9956892376248,162.8483361293923
284.7686396073493,160.20837502212794
285.54158997707395,160.32839040167815
286.3145403467985,159.72622476574907
287.087490716523,159.76944675305896
287.86044108624765,157.08232164274122
288.6333914559722,156.7282244955292
289.4063418256967,159.45415416236315
290.17929219542134,157.53831437178275
290.95224256514587,160.6028566845615
291.7251929348704,153.00892330533756
292.49814330459503,156.92606915705161
293.27109367431956,157.35547365053577
294.0440440440441,157.0332993131072
294.81699441376867,156.7067096557567
295.58994478349325,153.94710755962188
296.3628951532178,156.04065317192888
297.13584552294236,155.70137074077113
297.90879589266694,156.23700543580924
298.68174626239147,155.01075848826625
299.45469663211605,154.65961306223866
300.22764700184064,152.27908571218663
301.00059737156516,153.94610459893192
301.77354774128975,153.58392595697217
302.54649811101433,151.1770636425955
303.31944848073886,153.52468124706556
304.09239885046344,151.82575885695965
304.865349220188,155.81206540242118
305.63829958991255,151.72247655049884
306.41124995963713,151.3407208134874
307.1842003293617,150.95602491910967
307.95715069908624,150.5684810650255
308.7301010688108,154.095194671735
309.5030514385354,149.78521826837652
310.27600180825993,149.3896837211312
311.0489521779845,142.59297120168546
311.8219025477091,153.14867670662488
312.5948529174336,148.18857385562862
313.3678032871582,144.67624089381422
314.1407536568828,147.3766674020853
314.9137040266073,150.91795655536916
315.6866543963319,146.55668822546633
316.4596047660565,146.14390186015265
317.232555135781,145.63120062020022
318.0055055055056,147.34564886991564
318.7784558752302,140.7901689036042
319.5514062449547,142.2713483181421
320.3243566146793,144.055690169933
321.0973069844039,143.63383724277682
321.8702573541284,143.2107959137893
322.643207723853,142.78665838063006
323.41615809357756,142.36151684095893
324.1891084633021,139.98232118518814
324.9620588330266,141.931497535194
325.73500920275126,141.58573656971512
326.5079595724758,137.8906752122286
327.2809099422003,141.23362190262847
328.05386031192495,142.79281445578033
328.8268106816495,139.16418165395882
329.599761051374,138.9353029287111
330.37271142109864,138.50526904759818
331.14566179082317,137.63832661524742
331.9186121605477,135.78119586123412
332.69156253027234,140.16531263807966
333.46451289999686,138.11596682653646
334.2374632697214,136.00087235647132
335.010413639446,134.89062139998325
335.78336400917055,135.4975084123623
336.5563143788951,135.06924924078461
337.32926474861966,134.64161208120083
338.10221511834425,130.8631026021122
338.8751654880688,133.78855950761698
339.64811585779336,133.36332194841776
340.42106622751794,132.9390621108143
341.19401659724247,135.1222575119628
341.96696696696705,133.70900729450085
342.73991733669163,131.673038201583
343.51286770641616,131.39128403754418
344.28581807614074,129.6415494472477
345.0587684458653,130.41901517312994
345.83171881558985,128.1634752873711
346.60466918531444,129.59085267548852
347.377619555039,127.91167427349183
348.15056992476354,128.7674642913135
348.9235202944881,128.36216675902642
349.6964706642127,126.20130207301078
350.46942103393724,128.06087535173776
351.2423714036618,127.8278103475434
352.0153217733864,125.40660639176274
352.78827214311093,126.3564396049533
353.5612225128355,125.9624069267473
354.3341728825601,126.42248098504827
355.1071232522846,125.18216574214767
355.8800736220092,125.67195635014934
356.6530239917338,124.41294963596742
357.4259743614583,124.03269830578571
358.1989247311829,123.65547002741023
358.9718751009075,121.40329657138265
359.744825470632,122.91043833567977
360.5177758403566,116.1477968786208
361.2907262100811,122.17856597997965
362.0636765798057,122.11260773727761
362.8366269495303,117.12850385092355
363.6095773192548,121.63796743882084
364.3825276889794,119.76550666459964
365.155478058704,120.41112587438596
365.9284284284285,120.06901912109774
366.7013787981531,115.83394390843344
367.47432916787767,119.39689830155531
368.2472795376022,120.45392728451051
369.0202299073268,118.41177982286592
369.79318027705136,114.31114048595838
370.5661306467759,119.2049695062446
371.3390810165005,117.79128687241973
372.11203138622506,119.04756676513414
372.8849817559496,119.07842393479716
373.65793212567417,110.3078986915599
374.43088249539875,116.58949157496785
375.2038328651233,118.62687100199648
375.97678323484786,112.5482584972109
376.74973360457244,115.74011812944778
377.52268397429697,122.05505355039197
378.29563434402155,115.19995213752155
379.06858471374613,111.40502525324125
379.84153508347066,110.34456963825215
380.61448545319524,114.4306061552722
381.3874358229198,114.1854206722949
382.16038619264435,113.94601499053788
382.93333656236894,113.71247803740167
383.70628693209346,113.48489874028668
384.47923730181805,112.74897840851347
385.25218767154263,106.51856252033483
386.02513804126716,114.13241082875713
386.79808841099174,112.63568986581267
387.5710387807163,112.43872707950604
388.34398915044085,112.24782059271236
389.11693952016543,112.06292434522346
389.88988988989,116.03782752076295
390.66284025961454,111.71097832732784
391.4357906293391,111.5438364365049
392.2087409990637,111.3825205441545
392.98169136878823,108.96606343047688
393.7546417385128,109.86924600882297
394.5275921082374,110.93306825585744
395.3005424779619,107.72798741694925
396.0734928476865,111.74035264999992
396.8464432174111,105.43617667981526
397.6193935871356,110.41256819745264
398.3923439568602,110.29620212539128
399.1652943265848,110.18524750992964
399.9382446963093,111.04803715666645
400.7111950660339,104.06848427983056
401.4841454357585,109.8843918010625
402.257095805483,108.96809783520142
403.0300461752076,108.10180530362437
403.8029965449321,114.26151676805692
404.5759469146567,109.55621692901263
405.3488972843813,109.48689579885813
406.1218476541058,109.42257158343067
406.8947980238304,109.36319822252213
407.667748393555,109.30872965592445
408.4406987632795,103.34047539857484
409.2136491330041,109.21432266482934
409.98659950272867,112.29198008471897
410.7595498724532,109.13898212848069
411.5325002421778,109.10834663031608
412.30545061190236,111.79960623003707
413.0784009816269,109.06091487296585
413.85135135135147,109.04402649336414
414.62430172107605,109.0316283662005
415.3972520908006,109.02367443126691
416.17020246052516,109.02011862835525
416.94315283024974,109.0209148972575
417.71610319997427,109.02601717776554
418.48905356969885,109.68811569028414
419.26200393942344,109.04895553276664
420.03495430914796,109.06669948684356
420.80790467887255,104.46606718231621
421.58085504859713,109.6760530555519
422.35380541832166,106.27018915232553
423.12675578804624,110.79884141822464
423.89970615777077,109.21632461466854
424.67265652749535,109.25810829026504
425.44560689721993,109.30373737538655
426.21855726694446,109.35316580982487
426.99150763666904,116.72437153210485
427.7644580063936,109.46323648581998
428.53740837611815,109.52378660696054
429.31035874584273,109.58795183658565
430.0833091155673,109.65568611448724
430.85625948529184,114.57198826203285
431.6292098550164,109.8016775742876
432.402160224741,112.83973983803263
433.17511059446554,106.2982403391281
433.9480609641901,110.04628112085967
434.7210113339147,110.13446242405045
435.49396170363923,110.22589035406112
436.2669120733638,108.10128555325568
437.0398624430884,110.34100515781148
437.8128128128129,110.5191933029319
438.5857631825375,111.49084748886155
439.3587135522621,112.79849940102544
440.1316639219866,108.15205811334728
440.9046142917112,110.95292235761465
441.6775646614358,110.91640292952334
442.4505150311603,111.18723999671992
443.2234654008849,109.23957298416431
443.9964157706095,111.43270173478152
444.769366140334,111.55949649040076
445.5423165100586,111.68893909013482
446.3152668797831,109.79990369319596
447.0882172495077,111.95558358111522
447.8611676192323,110.59787093049327
448.6341179889568,112.08512634301471
449.4070683586814,112.3742576432451
450.18001872840597,112.51862004329851
450.9529690981305,111.3522865810786
451.7259194678551,117.32454955257725
452.49886983757966,112.96547553857616
453.2718202073042,111.8081505599327
454.04477057702877,113.74796655395083
454.81772094675335,108.62354478842435
455.5906713164779,115.5471174948957
456.36362168620246,113.75336540194499
457.13657205592705,113.91699843843196
457.9095224256516,118.07706776561139
458.68247279537616,114.24995109355436
459.45542316510074,113.10104373641526
460.22837353482527,112.90170330278676
461.00132390454985,114.0686414090263
461.77427427427443,109.36591975724545
462.54722464399896,114.77445719665252
463.32017501372354,119.05936161197421
464.0931253834481,115.4701581771938
464.86607575317265,115.6508273121724
465.63902612289723,113.32887724526573
466.41197649262176,117.04391004093696
467.18492686234634,116.20135214850423
467.9578772320709,117.57917922470416
468.73082760179545,116.06257150845346
469.50377797152004,118.89289911439754
470.2767283412446,118.60603200048772
471.04967871096915,115.92005377977819
471.82262908069373,115.77681174656988
472.5955794504183,116.28712157364576
473.36852982014284,117.72377294567055
474.1414801898674,117.47556260024868
474.914430559592,121.37681262152506
475.68738092931653,118.3115945641813
476.4603312990411,118.5093201169417
477.2332816687657,117.15345297581206
478.0062320384902,117.45398571855647
478.7791824082148,123.20113541135991
479.5521327779394,121.3799257568812
480.3250831476639,117.51539427857598
481.0980335173885,119.71339040627566
481.8709838871131,119.91688525859186
482.6439342568376,119.80328280236971
483.4168846265622,123.38064832557475
484.1898349962868,120.48818566129766
484.9627853660113,123.36821809517991
485.7357357357359,124.77619669470299
486.5086861054604,121.15342370621275
487.281636475185,124.69663688811616
488.0545868449096,121.57118372855842
488.8275372146341,126.64111727832574
489.6004875843587,129.83727438414778
490.3734379540833,120.13246416506597
491.1463883238078,121.61470007440663
491.9193386935324,124.66922987787787
492.69228906325696,122.83956911859391
493.4652394329815,127.27849247791393
494.2381898027061,125.10989592877314
495.01114017243066,123.48153537322098
495.7840905421552,123.69657836462765
496.55704091187977,127.03345438238301
497.32999128160435,124.12815804850099
498.1029416513289,123.75921508411167
498.87589202105346,124.56163193519119
499.64884239077804,120.49270967970125
500.42179276050257,123.57264818056444
501.19474313022715,125.21513872419297
501.96769349995174,125.43379480376016
502.74064386967626,125.65283677529497
503.51359423940085,125.87225002900789
504.28654460912543,126.09201995510949
505.05949497884995,126.31213194381036
505.83244534857454,126.532571385321
506.6053957182991,127.74252007063257
507.37834608802365,122.05861469287099
508.15129645774823,129.17159657927496
508.92424682747276,127.41731148367292
509.69719719719734,127.639169042391
510.4701475669219,127.86126639518224
511.24309793664645,122.95758037257653
512.016048306371,124.01017922996151
512.7889986760956,128.52885112010046
513.5619490458201,129.35607697468305
514.3348994155447,128.48059568009631
515.1078497852693,125.6388443389362
515.8808001549938,129.42143487645612
516.6537505247184,129.64492462941269
517.426700894443,133.04243486034605
518.1996512641675,127.97020763287337
518.972601633892,131.52343763660116
519.7455520036167,128.63123455171512
520.5185023733412,130.76370578792944
521.2914527430657,126.52363691910944
522.0644031127904,127.04349774074386
522.8373534825149,131.4355144456066
523.6103038522394,131.65945299985685
524.3832542219641,131.88336837197033
525.1562045916886,132.1072459521576
525.9291549614131,133.87953342620298
526.7021053311378,133.21808720277457
527.4750557008623,133.52784706903265
528.2480060705868,132.668655914884
529.0209564403115,136.02461305434593
529.793906810036,133.44889965462124
530.5668571797605,133.31142324513527
531.3398075494852,133.01671150185874
532.1127579192097,134.21180655065348
532.8857082889342,134.0396510198668
533.6586586586589,136.36187953836705
534.4316090283834,133.6545417964125
535.2045593981079,135.00756869729787
535.9775097678325,128.2619531509155
536.7504601375571,139.09867584352543
537.5234105072816,132.4848679700025
538.2963608770062,136.47086662925807
539.0693112467308,131.65593835940558
539.8422616164553,133.1369561870641
540.6152119861799,136.5545908235628
541.3881623559045,140.3419522207959
542.161112725629,141.7065153217349
542.9340630953536,137.68228332981138
543.7070134650781,137.43173753393265
544.4799638348027,137.65012274222406
545.2529142045273,137.86812311287147
546.0258645742518,138.38423169350963
546.7988149439764,138.3168836731826
547.571765313701,138.5196939493314
548.3447156834255,138.73603371978467
549.1176660531501,133.78769404814503
549.8906164228747,139.66724744367403
550.6635667925992,139.41482581054572
551.4365171623238,139.5968169274488
552.2094675320484,139.81080813601858
552.9824179017729,140.02429325732632
553.7553682714974,140.23726016641012
554.5283186412221,137.83153470716016
555.3012690109466,141.01820653339908
556.0742193806711,146.69069416273373
556.8471697503958,144.11124565040186
557.6201201201203,141.29389715480727
558.3930704898448,141.01168338713123
559.1660208595695,138.76919065718081
559.938971229294,141.92088480360303
560.7119215990185,140.46484526614444
561.4848719687432,144.87143393045304
562.2578223384677,146.41136950677299
563.0307727081922,143.88792385366554
563.8037230779169,142.95315581450174
564.5766734476414,143.15759463146114
565.3496238173659,143.36133336176945
566.1225741870905,143.56435988046493
566.8955245568151,143.76666206258585
567.6684749265396,143.9682277831703
568.4414252962642,142.31511634415162
569.2143756659888,144.36910133988266
569.9873260357133,142.66160063733005
570.7602764054379,143.77902118020833
571.5332267751623,144.9645850893827
572.306177144887,145.1614774165506
573.0791275146116,145.35754840744943
573.852077884336,145.55278593711728
574.6250282540607,145.74717788059252
575.3979786237853,145.1522334649439
576.1709289935097,142.54158380500726
576.9438793632344,139.70551092049155
577.716829732959,146.51604729333013
578.4897801026834,146.7060294314147
579.2627304724081,146.8950932335358
580.0356808421327,147.0832265747315
580.8086312118571,148.58831892676122
581.5815815815818,147.45665337449955
582.3545319513064,147.64192258314836
583.1274823210308,147.8262128310246
583.9004326907555,148.00951199316643
584.6733830604801,148.19180794461207
585.4463334302045,148.37308856039968
586.2192837999291,148.55334171556748
586.9922341696538,148.73255528515372
587.7651845393782,146.3557200376905
588.5381349091028,148.81795459741429
589.3110852788275,149.2638372308046
590.0840356485519,149.43877120844627
590.8569860182765,149.6126049756973
591.629936388001,147.91770639785392
592.4028867577256,149.95692337918018
593.1758371274502,149.45513025172028
593.9487874971747,156.02546304937016
594.7217378668993,150.46484628242942
595.4946882366239,150.63182416313862
596.2676386063484,148.98868391942213
597.040588976073,150.77008184479237
597.8135393457976,150.53856638797382
598.5864897155221,152.575651045924
599.3594400852467,156.05370248118152
600.1323904549713,152.34402667106838
600.9053408246958,154.79911011611114
601.6782911944204,151.92396564758138
602.451241564145,152.0798412635558
603.2241919338695,149.6040414545571
603.997142303594,152.3876977412041
604.7700926733187,152.53965435295444
605.5430430430432,155.03164034700504
606.3159934127677,149.20567926802485
607.0889437824924,151.3198987464306
607.8618941522169,152.67917662221154
608.6348445219414,155.0818913250498
609.4077948916661,153.42302737182817
610.1807452613906,153.5654152667256
610.9536956311151,153.70638770222538
611.7266460008398,153.84593255336574
612.4995963705643,155.80498128433095
613.2725467402888,151.95340224869807
614.0454971100135,154.94837996642838
614.8184474797381,154.3895936150966
615.5913978494625,154.57050454823545
616.3643482191871,154.65254339079837
617.1372985889118,151.1125482806055
617.9102489586362,156.02983821081898
618.6831993283608,159.12285265785763
619.4561496980855,155.16019643340232
620.2291000678099,157.6352609730503
621.0020504375345,155.40470570091557
621.775000807259,154.9399458324628
622.5479511769836,158.21456706683503
623.3209015467082,158.3680356068801
624.0938519164326,157.0210868093143
624.8668022861573,155.98808101980472
625.6397526558819,155.26358845491205
626.4127030256063,156.21025259094552
627.185653395331,153.52471916956935
627.9586037650556,155.36763508395583
628.73155413478,153.87054058202585
629.5045045045047,151.86310507409627
630.2774548742293,152.44622644690762
631.0504052439537,156.83948643174162
631.8233556136784,156.9390364694484
632.596305983403,159.56710891458187
633.3692563531274,157.580453739718
634.142206722852,158.93139133970604
634.9151570925767,157.32243006513897
635.6881074623011,157.4146313609118
636.4610578320257,157.06583348032774
637.2340082017504,157.5947337785659
638.0069585714748,154.2384539376824
638.7799089411994,157.76917534521016
639.5528593109241,158.60747651680794
640.3258096806485,157.9380433178596
641.0987600503731,158.02041447425344
641.8717104200978,157.41515248556567
642.6446607898222,165.4940490663867
643.4176111595468,161.76545559998323
644.1905615292715,155.3644615719721
644.9635118989959,159.1012508139421
645.7364622687205,158.48644894257671
646.5094126384452,158.55952440880804
647.2823630081696,158.63131554780935
648.0553133778942,160.1573252902187
648.8282637476188,158.7710884726294
649.6012141173433,158.83909207270182
650.3741644870679,158.6090111177051
651.1471148567925,160.0056909953117
651.920065226517,159.0357023090913
652.6930155962416,156.88881814376546
653.4659659659662,157.67295577754615
654.2389163356906,158.99644438762607
655.0118667054153,153.54122448600586
655.7848170751399,159.33937191792623
656.5577674448643,159.39660188606294
657.330717814589,161.16848223046352
658.1036681843136,162.63245969765208
658.876618554038,159.561480211496
659.6495689237627,157.0795070561577
660.4225192934873,159.66583185057252
661.1954696632117,159.7163702181277
661.9684200329364,160.38629408316382
662.741370402661,161.4546819400527
663.5143207723854,159.86156639838367
664.2872711421101,161.28122958100664
665.0602215118347,159.95312382114815
665.8331718815591,160.86578069790315
666.6061222512838,160.0405910191718
667.3790726210084,160.08281805172308
668.1520229907328,160.1240552494697
668.9249733604574,165.91033604100932
669.6979237301821,162.35294334927727
670.4708740999065,160.72218945006736
671.2438244696311,160.27932383494766
672.0167748393558,160.31577546557432
672.7897252090802,156.97902819175226
673.5626755788048,158.87332777395616
674.3356259485295,167.14065343900685
675.1085763182539,157.90825540564688
675.8815266879785,160.48438588059423
676.6544770577032,161.9760212437666
677.4274274274276,160.5456647018507
678.2003777971522,160.5750265956826
678.9733281668769,160.60355135448606
679.7462785366013,160.63124988538786
680.5192289063259,161.14589515909773
681.2921792760505,162.06231164238415
682.065129645775,160.70949718195268
682.8380800154996,160.73399987251688
683.6110303852242,160.75773087081384
684.3839807549487,162.79192679123668
685.1569311246733,161.75298666588694
685.9298814943979,160.82440278337006
686.7028318641223,160.84515608386678
687.475782233847,162.8039380066591
688.2487326035716,160.88452212208838
689.021682973296,158.36014560452597
689.7946333430207,160.92110679079332
690.5675837127453,160.93838337939425
691.3405340824697,158.91568266501247
692.1134844521944,160.97095960072718
692.886434821919,159.33464342449827
693.6593851916434,161.0009725950809
694.4323355613681,161.0150451499577
695.2052859310927,158.85542890768218
695.9782363008171,162.16696397466285
696.7511866705418,158.10001461337544
697.5241370402664,161.84455612363502
698.2970874099908,158.50956548839125
699.0700377797154,162.92061577624762
699.8429881494401,155.39295310047305
700.6159385191645,162.3354725287778
701.3888888888891,161.11564315768308
702.1618392586138,158.5788671494754
702.9347896283382,159.971528690621
703.7077399980628,163.39623775048915
704.4806903677875,159.40228978459004
705.2536407375119,161.1531746977146
706.0265911072365,161.15927122044926
706.7995414769609,161.6996492183215
707.5724918466856,156.46015971568946
708.3454422164102,161.81156406038903
709.1183925861346,161.2575570506647
709.8913429558593,158.44072520766466
710.6642933255839,161.1868980586122
711.4372436953083,161.19011228178263
712.210194065033,163.99441143794294
712.9831444347576,162.62157444171996
713.756094804482,158.60453916854647
714.5290451742067,164.7045250990346
715.3019955439313,164.1948597469506
716.0749459136557,158.91089634061234
716.8478962833804,164.23939193329966
717.620846653105,161.20348963717055
718.3937970228294,165.027495276584
719.166747392554,153.7632081890341
719.9396977622787,155.90073308564914
720.7126481320031,161.2030883694084
721.4855985017277,160.58074621419667
722.2585488714524,154.97836732529407
723.0314992411768,156.37973446776166
723.8044496109014,161.1988912128348
724.5773999806261,163.47341313319518
725.3503503503505,158.1780638583932
726.1233007200751,161.1936722177566
726.8962510897998,161.1915962235694
727.6692014595242,161.1893702433465
728.4421518292488,161.18700518421466
729.2151021989735,157.64868479694812
729.9880525686979,166.65751521654965
730.7610029384225,158.40831125344496
731.5339533081471,156.23305548359897
732.3069036778716,163.478894829304
733.0798540475962,161.17050497144126
733.8528044173208,162.89997015378356
734.6257547870453,164.61351591189703
735.3987051567699,161.16126077706076
736.1716555264945,161.15810482081764
736.944605896219,157.2848186622403
737.7175562659436,166.1301489736747
738.4905066356682,161.41287346085466
739.2634570053926,161.14539906198033
740.0364073751173,161.14225667443912
740.8093577448419,164.3689743623418
741.5823081145663,163.94838509793573
742.355258484291,161.13308575104895
743.1282088540156,161.1301505467529
743.90115922374,162.6241392263085
744.6741095934647,161.124528236173
745.4470599631893,162.01331073891185
746.2200103329137,161.77158316531276
746.9929607026384,159.6416290924211
747.765911072363,161.11455513664163
748.5388614420874,161.11235190205426
749.311811811812,164.68156064911304
750.0847621815367,161.1082851316422
750.8577125512611,161.53014509917986
751.6306629209857,163.8033126016733
752.4036132907104,161.10301004291094
753.1765636604348,159.18586546710267
753.9495140301594,160.20770263113172
754.7224643998841,161.09868634641228
755.4954147696085,164.25357048635712
756.2683651393331,159.48926911411604
757.0413155090578,156.83765397866432
757.8142658787822,161.38475479233642
758.5872162485068,161.88284883243404
759.3601666182315,161.09271903397092
760.1331169879559,161.0920530930652
760.9060673576805,165.3000137586919
761.6790177274052,161.09098836995724
762.4519680971296,161.09058636375235
763.2249184668542,157.1455915045551
763.9978688365788,163.17736496419525
764.7708192063033,164.84732125842126
765.5437695760279,159.26265674258278
766.3167199457525,160.5039720420934
767.089670315477,161.55133073745733
767.8626206852016,161.09005516671215
768.6355710549262,161.09028605831836
769.4085214246506,155.2757067572737
770.1814717943753,161.09096180419084
770.9544221640999,161.86777845851492
771.7273725338243,159.39299575037117
772.500322903549,161.09248614963005
773.2732732732736,161.09312401053933
774.046223642998,165.39884404792772
774.8191740127227,161.09458467899435
775.5921243824473,159.8218309096628
776.3650747521717,158.457415285135
777.1380251218964,158.6263564322545
777.910975491621,161.0982006664133
778.6839258613454,161.52015713057915
779.45687623107,161.1003301933562
780.2298266007947,161.10146969813147
781.0027769705191,161.10265688110744
781.7757273402437,161.10389013028288
782.5486777099684,161.10516783365642
783.3216280796928,161.10648837922676
784.0945784494174,159.90036774672467
784.8675288191421,159.9407051958637
785.6404791888665,161.11069094910553
786.4134295585911,164.88389128805696
787.1863799283158,165.58072084615125
787.9593302980402,161.11522106670822
788.7322806677648,159.12068739467222
789.5052310374892,161.11840162271704
790.2781814072139,159.5726997991667
791.0511317769385,161.47920693195042
791.8240821466629,161.1233809331142
792.5970325163876,159.83843963859553
793.3699828861122,163.18078359668354
794.1429332558366,163.89228834759896
794.9158836255613,161.13034146550558
795.6888339952859,161.13212825404614
796.4617843650103,159.03367981473318
797.234734734735,161.13574653364938
798.0076851044596,161.13757480070942
798.780635474184,162.26860964208103
799.5535858439086,161.14126152933974
800.3265362136333,164.77357801174247
801.0994865833577,159.9173744439994
801.8724369530823,160.12376116405378
802.645387322807,162.40762905578572
803.4183376925314,161.15057925883076
804.191288062256,164.04804482884543
804.9642384319807,161.15431286176562
805.7371888017051,159.2254404792727
806.5101391714297,161.19026021323657
807.2830895411544,161.15987994235485
808.0560399108788,161.1617203015292
808.8289902806034,161.51262600014854
809.6019406503281,161.16536834633686
810.3748910200525,157.88728181541052
811.1478413897771,161.16896207974779
811.9207917595018,163.87924152444154
812.6937421292262,161.1724886057514
813.4666924989508,163.49815761138922
814.2396428686754,163.47002521936676
815.0125932383999,161.17762417084518
815.7855436081245,165.68044533742116
816.5584939778491,161.18092625828464
817.3314443475736,161.1825359792134
818.1043947172982,158.97800737020378
818.8773450870228,161.18566471548283
819.6502954567472,161.18718050682074
820.4232458264719,161.18866176429233
821.1961961961965,166.13944872472635
821.9691465659209,157.56095527438112
822.7420969356456,161.36791925312028
823.5150473053702,157.54595283171545
824.2879976750946,161.1954936236103
825.0609480448193,161.19673382585665
825.8338984145439,159.25018793965123
826.6068487842683,161.19907516472162
827.379799153993,161.20017307733758
828.1527495237176,163.65387164197796
828.925699893442,157.06321277540172
829.6986502631667,163.1513666594793
830.4716006328913,159.03691521415473
831.2445510026157,161.20487059219985
832.0175013723403,164.24396982154087
832.790451742065,157.64127686915256
833.5634021117894,161.88214505267052
834.336352481514,161.20758142614977
835.1093028512387,159.060528430385
835.8822532209631,161.20855231978248
836.6552035906877,158.9066662514724
837.4281539604124,161.20924966983966
838.2011043301368,167.66520188247173
838.9740546998614,160.86871441777947
839.7470050695861,161.20975459069837
840.5199554393105,161.20977215518545
841.2929058090351,162.7255960328609
842.0658561787598,162.93924643211176
842.8388065484842,158.8273697667446
843.6117569182088,159.7570332742361
844.3847072879335,161.20865686906814
845.1576576576579,163.88321765190423
845.9306080273825,161.20761921327207
846.7035583971071,157.14698697777786
847.4765087668316,161.20622418983214
848.2494591365562,156.25873414565552
849.0224095062808,161.20445890273783
849.7953598760053,164.75794024512305
850.5683102457299,161.2023104559786
851.3412606154545,162.70187932417517
852.1142109851789,160.19929333648298
852.8871613549036,161.19834115144516
853.6601117246282,157.23452150619252
854.4330620943526,161.2091424931003
855.2060124640773,159.9347585901467
855.9789628338019,155.2922950051044
856.7519132035263,161.18962715208266
857.524863573251,161.18755507042732
858.2978139429756,161.29863955378266
859.0707643127,160.8105384803994
859.8437146824247,161.18065124587199
860.6166650521493,161.17811540448605
861.3896154218737,154.04009091418902
862.1625657915984,161.17268219990504
862.935516161323,161.16978161270737
863.7084665310474,163.47397747829052
864.481416900772,161.16360440849098
865.2543672704967,162.94564548955728
866.0273176402211,161.15691508450465
866.8002680099457,161.1533743475944
867.5732183796704,159.51393158276434
868.3461687493948,161.14589266393327
869.1191191191194,161.14194849317974
869.8920694888441,161.48688253547763
870.6650198585685,157.57104427293234
871.4379702282931,161.12928332121152
872.2109205980175,159.4070095489035
872.9838709677422,158.21464013019084
