100.80645161290323,146.50922273626398
101.5794019826278,151.87292268066258
102.35235235235236,150.88747765044658
103.12530272207692,149.75694714371784
103.89825309180148,151.4691887767276
104.67120346152605,151.94494891793497
105.44415383125062,152.04274775685664
106.21710420097517,152.48923134224376
106.99005457069974,155.52401870961444
107.76300494042431,151.85415104236068
108.53595531014886,150.32574451076542
109.30890567987343,153.61198272660872
110.08185604959799,155.86898504292256
110.85480641932256,153.285788690235
111.62775678904713,154.2553688237405
112.40070715877168,155.91226393673963
113.17365752849625,154.78809702902544
113.9466078982208,153.17626665667976
114.71955826794537,155.31264507052475
115.49250863766994,155.57185007060303
116.2654590073945,155.82900827863284
117.03840937711907,156.09452048269677
117.81135974684364,161.1295487693953
118.58431011656819,158.86715014792276
119.35726048629276,162.3388426940906
120.13021085601733,155.90620047689535
120.90316122574188,157.328942206554
121.67611159546645,157.5717565266247
122.449061965191,158.60283891532293
123.22201233491558,158.0512301981031
123.99496270464013,158.60025873674107
124.7679130743647,159.39343776181727
125.54086344408927,157.3737320821918
126.31381381381382,160.00868717454597
127.08676418353839,157.32189183167776
127.85971455326296,160.40671338154425
128.63266492298752,161.1859226928407
129.40561529271207,160.08801306730783
130.17856566243665,158.88441142632965
130.9515160321612,158.51329892735805
131.72446640188576,161.52972136991514
132.49741677161035,158.5571204113575
133.2703671413349,157.19910988387622
134.04331751105946,162.09113129053372
134.81626788078404,165.68955253229433
135.5892182505086,157.89437508567147
136.36216862023315,159.0264140985406
137.13511898995773,166.0115868729321
137.9080693596823,162.19607070693587
138.68101972940684,162.39361803575488
139.45397009913142,164.4893601823095
140.22692046885598,162.7825192004837
140.99987083858053,161.4525914074693
141.7728212083051,166.44820546531417
142.54577157802967,160.42024041971953
143.31872194775423,168.14198804660484
144.09167231747878,161.25051561112065
144.86462268720334,164.78165831186183
145.63757305692792,162.20830277350314
146.41052342665247,170.16318330615093
147.18347379637703,164.43026623602364
147.9564241661016,166.45154402960088
148.72937453582617,164.87558295259896
149.50232490555072,167.27385183398363
150.2752752752753,162.90105038094615
151.04822564499986,165.27323316293274
151.82117601472441,163.18778568152072
152.594126384449,167.65202208694518
153.36707675417355,166.5710150890432
154.1400271238981,166.26692335438224
154.9129774936227,165.9750647663786
155.68592786334725,166.70700923139898
156.4588782330718,163.3410804867547
157.23182860279638,163.78739621064992
158.00477897252094,160.80303210971218
158.7777293422455,166.80357088311249
159.55067971197008,164.57931243125134
160.32363008169463,170.05062031583145
161.0965804514192,167.51081299246613
161.86953082114377,167.35751323836868
162.64248119086832,168.00090821550242
163.41543156059288,165.75363951286099
164.18838193031743,167.75111299981327
164.961332300042,167.8781465681773
165.73428266976657,168.2170167886151
166.50723303949113,169.42582320384508
167.28018340921568,165.8706212331725
168.05313377894026,168.2296072658453
168.82608414866482,168.48204050258425
169.59903451838937,170.22799626977053
170.37198488811396,174.43105575218513
171.1449352578385,167.8923936678535
171.91788562756307,168.92759193917217
172.69083599728765,169.033757752072
173.4637863670122,167.32775893064394
174.23673673673676,173.92171181320836
175.00968710646134,172.06641770881058
175.7826374761859,169.8294056812814
176.55558784591045,170.9073266891109
177.32853821563504,169.62684249604078
178.1014885853596,167.97994137772997
178.87443895508414,169.989789565031
179.64738932480873,169.89513065857446
180.42033969453328,165.8715834871137
181.19329006425784,170.06351421039852
181.96624043398242,170.144561668249
182.73919080370695,169.06167927510978
183.51214117343153,173.07520677712247
184.2850915431561,173.12685043785874
185.05804191288064,176.44113648064754
185.83099228260522,173.98096607096878
186.6039426523298,170.24136970515266
187.37689302205433,171.8858552514083
188.14984339177892,170.71740064908215
188.92279376150347,177.4341362404244
189.69574413122803,173.61429114516434
190.4686945009526,171.57916087639003
191.24164487067716,170.8400894622847
192.01459524040172,169.6285102311221
192.7875456101263,171.05877651192782
193.56049597985086,169.76688119904864
194.3334463495754,174.1844876715756
195.1063967193,177.66967025878293
195.87934708902455,171.24426496079852
196.6522974587491,169.58753242213038
197.4252478284737,174.89682229325538
198.19819819819824,171.2352848892814
198.9711485679228,171.39603345892925
199.74409893764738,177.4048336251741
200.51704930737193,171.4592610524531
201.2899996770965,177.23560944489634
202.06295004682107,171.7252846007217
202.8359004165456,171.53826849004622
203.60885078627018,164.94661638416525
204.38180115599476,168.323151439478
205.1547515257193,171.59826117559146
205.92770189544387,173.3186637643241
206.70065226516846,171.62768476547456
207.47360263489298,169.79051425627438
208.24655300461757,171.64864568043342
209.01950337434212,169.6844889709284
209.79245374406668,171.64682176965948
210.56540411379126,172.6980735772844
211.33835448351581,171.79654439575654
212.11130485324037,170.43153641628643
212.88425522296495,171.66070567970914
213.6572055926895,166.21507507603812
214.43015596241406,171.14583433776522
215.20310633213865,165.99270844297823
215.9760567018632,171.62634669516945
216.74900707158776,171.61245172543772
217.52195744131234,173.29695196109705
218.2949078110369,174.35648100800864
219.06785818076145,177.4196775675343
219.84080855048603,172.6309507994534
220.61375892021059,171.51111635016275
221.38670928993514,174.14017445498467
222.15965965965972,169.71813976310833
222.93261002938428,169.95637651065923
223.70556039910883,171.3547087907772
224.47851076883342,172.0252579484586
225.25146113855794,169.13976226689996
226.02441150828253,167.00012673756527
226.7973618780071,169.14376337822628
227.57031224773164,171.46459583595708
228.34326261745622,170.7475174158031
229.11621298718077,171.94500521145858
229.88916335690536,167.44572842476092
230.6621137266299,172.15303196219645
231.43506409635447,170.9443630821102
232.20801446607902,170.88789207244275
232.9809648358036,173.59802506062275
233.75391520552816,170.76854467684473
234.5268655752527,172.51021792708266
235.2998159449773,171.1580795120832
236.07276631470185,169.62585154446293
236.8457166844264,168.2621912735109
237.618667054151,170.43272169410832
238.39161742387554,176.88452556605714
239.1645677936001,170.89088618418103
239.93751816332468,170.20486376126985
240.71046853304924,169.61216077064492
241.4834189027738,169.3460452852428
242.25636927249835,169.95616431808068
243.02931964222293,168.22308170209115
243.80227001194748,169.77833312807778
244.57522038167204,171.1414239737041
245.34817075139662,169.59055962806272
246.12112112112118,169.69880999860777
246.89407149084573,168.70288104964362
247.66702186057032,171.88257185848857
248.43997223029487,164.5896662234639
249.21292260001943,163.94019809487742
249.985872969744,166.9351294679101
250.75882333946856,161.67467964500753
251.53177370919312,164.57994762298628
252.30472407891767,170.8510089624322
253.07767444864226,169.24169839190523
253.8506248183668,168.52365356300908
254.62357518809137,168.0775617427203
255.39652555781595,166.3939582477071
256.1694759275405,168.95448131057913
256.94242629726506,169.49895906008015
257.71537666698964,170.41370487830676
258.48832703671417,172.44479680098294
259.26127740643875,165.72730996792063
260.03422777616333,164.6414459285387
260.80717814588786,162.04449997422464
261.58012851561244,166.95030462329458
262.353078885337,163.0410155831133
263.12602925506155,167.73577259355784
263.89897962478614,166.4628544011862
264.6719299945107,163.82947004955014
265.44488036423525,166.12110010957628
266.21783073395983,163.88102981845987
266.9907811036844,165.76559877542542
267.76373147340894,165.5826080403318
268.5366818431335,160.87251903219916
269.3096322128581,157.54842301293286
270.08258258258263,165.2156457020824
270.8555329523072,168.77451325098352
271.6284833220318,163.74053301661232
272.4014336917563,164.40916251546764
273.1743840614809,164.20068768122914
273.9473344312055,163.98843637809392
274.72028480093,166.46292957321438
275.4932351706546,163.55246848182878
276.2661855403792,165.47644937368193
277.0391359101037,162.86806271171662
277.8120862798283,160.86184636118907
278.5850366495529,164.07042007443468
279.3579870192774,158.2245480362691
280.130937389002,163.3955285047351
280.90388775872657,161.9026283632102
281.6768381284511,160.61703688902023
282.4497884981757,162.47740036582755
283.22273886790026,169.1119201343621
283.9956892376248,160.99846607027834
284.7686396073493,158.868759222523
285.54158997707395,165.0892378765008
286.3145403467985,160.05109556383917
287.087490716523,158.72336103341195
287.86044108624765,159.6403037645976
288.6333914559722,159.08117773544507
289.4063418256967,159.50178363440918
290.17929219542134,158.53926309999454
290.95224256514587,156.96957734820265
291.7251929348704,164.24568126043505
292.49814330459503,157.67314047038272
293.27109367431956,156.5067173569531
294.0440440440441,155.74673723147916
294.81699441376867,156.7067096557567
295.58994478349325,154.13554642793787
296.3628951532178,156.04065317192888
297.13584552294236,157.74872731463776
297.90879589266694,155.35804178033032
298.68174626239147,153.43942449036714
299.45469663211605,162.3507723101216
300.22764700184064,154.3046976999073
301.00059737156516,154.90109313764236
301.77354774128975,154.08439592406435
302.54649811101433,156.97874070540243
303.31944848073886,157.85200283432977
304.09239885046344,155.9643249620788
304.865349220188,146.07568874782405
305.63829958991255,151.72247655049884
306.41124995963713,151.3407208134874
307.1842003293617,150.95602491910967
307.95715069908624,150.5684810650255
308.7301010688108,152.3944842404765
309.5030514385354,151.34548378588232
310.27600180825993,149.3896837211312
311.0489521779845,148.99167000481825
311.8219025477091,154.3446646641732
312.5948529174336,152.01068174240174
313.3678032871582,143.96808731065758
314.1407536568828,146.63686454556375
314.9137040266073,144.3426319470438
315.6866543963319,146.55668822546633
316.4596047660565,148.19651474515928
317.232555135781,149.31878374872414
318.0055055055056,147.50736633102164
318.7784558752302,144.8954620281123
319.5514062449547,138.01569016622733
320.3243566146793,144.055690169933
321.0973069844039,150.32153397024024
321.8702573541284,144.15437108617664
322.643207723853,143.14753425136485
323.41615809357756,142.29099484168947
324.1891084633021,141.93546349243564
324.9620588330266,141.5085905327199
325.73500920275126,141.08099015947138
326.5079595724758,141.0274675646336
327.2809099422003,140.2239759630151
328.05386031192495,139.79474653512676
328.8268106816495,133.54341362884003
329.599761051374,142.67819879724985
330.37271142109864,139.41864269387804
331.14566179082317,138.0751457592757
331.9186121605477,135.68899457621458
332.69156253027234,135.60711020122176
333.46451289999686,139.61724243868068
334.2374632697214,136.29808337912905
335.010413639446,135.9263006685335
335.78336400917055,137.05586061642796
336.5563143788951,138.97937843180014
337.32926474861966,130.9573730228304
338.10221511834425,142.14823056632517
338.8751654880688,133.78855950761698
339.64811585779336,132.39925583949224
340.42106622751794,132.9390621108143
341.19401659724247,132.51586892220706
341.96696696696705,132.0938313099965
342.73991733669163,134.870017976363
343.51286770641616,131.01836384218578
344.28581807614074,131.13330960256968
345.0587684458653,131.8042381241159
345.83171881558985,130.13336292673452
346.60466918531444,128.20150316165245
347.377619555039,123.50284608713133
348.15056992476354,128.07447744001277
348.9235202944881,127.1107743535416
349.6964706642127,134.6867137121294
350.46942103393724,125.877312565699
351.2423714036618,124.3046737466256
352.0153217733864,126.75296177056275
352.78827214311093,126.88199564673091
353.5612225128355,124.81229030002278
354.3341728825601,125.5709526633453
355.1071232522846,119.86454536057906
355.8800736220092,123.65304328319962
356.6530239917338,124.41294963596742
357.4259743614583,123.1398770570552
358.1989247311829,123.65547002741023
358.9718751009075,123.28135372824144
359.744825470632,127.73173089368834
360.5177758403566,124.14850258285325
361.2907262100811,123.52156822703876
362.0636765798057,121.81778687164211
362.8366269495303,120.06689467018431
363.6095773192548,121.10698743099435
364.3825276889794,121.01865344601896
365.155478058704,116.61279059295526
365.9284284284285,119.11959718964722
366.7013787981531,121.21403954676516
367.47432916787767,119.29442030816224
368.2472795376022,117.67613923929117
369.0202299073268,118.74149391406151
369.79318027705136,118.42028270083392
370.5661306467759,118.10351737781986
371.3390810165005,117.79128687241973
372.11203138622506,113.48429095012202
372.8849817559496,112.6042464512238
373.65793212567417,116.8826935359076
374.43088249539875,116.58949157496785
375.2038328651233,116.09755560433355
375.97678323484786,111.84127580716113
376.74973360457244,115.75288165760115
377.52268397429697,113.08532190301887
378.29563434402155,114.28526114341597
379.06858471374613,111.84344851980104
379.84153508347066,114.33718774133409
380.61448545319524,112.43000788024345
381.3874358229198,116.93016350169252
382.16038619264435,112.05364877740719
382.93333656236894,114.36210999835104
383.70628693209346,112.14268373206106
384.47923730181805,110.99090605181087
385.25218767154263,111.63581598969918
386.02513804126716,110.33389526122247
386.79808841099174,109.47947883856301
387.5710387807163,112.48834232885372
388.34398915044085,114.08649932185217
389.11693952016543,112.06292434522346
389.88988988989,113.49146703962401
390.66284025961454,112.50078231237703
391.4357906293391,113.3671983439274
392.2087409990637,110.24825618605733
392.98169136878823,113.32720461170143
393.7546417385128,111.07718251403885
394.5275921082374,113.94528333778389
395.3005424779619,103.033973796915
396.0734928476865,107.52558287047259
396.8464432174111,108.60852904811487
397.6193935871356,107.9729213318308
398.3923439568602,111.46701313897493
399.1652943265848,113.10397506688757
399.9382446963093,110.0796582908597
400.7111950660339,109.97938840797333
401.4841454357585,108.60622032030356
402.257095805483,106.9462978946136
403.0300461752076,111.47670091201721
403.8029965449321,109.11460587967454
404.5759469146567,105.23464399632337
405.3488972843813,109.48689579885813
406.1218476541058,105.69613034081651
406.8947980238304,103.03494820912314
407.667748393555,106.58873967317344
408.4406987632795,106.47166082967888
409.2136491330041,113.87078618559573
409.98659950272867,108.81366379150715
410.7595498724532,109.13898212848069
411.5325002421778,112.39610705951654
412.30545061190236,108.60674370529367
413.0784009816269,109.06091487296585
413.85135135135147,108.33726900466164
414.62430172107605,109.0316283662005
415.3972520908006,101.54501506040853
416.17020246052516,109.02011862835525
416.94315283024974,105.68772866401831
417.71610319997427,109.6614160514313
418.48905356969885,109.03537940967125
419.26200393942344,109.04895553276664
420.03495430914796,107.27006489059256
420.80790467887255,109.08856521169395
421.58085504859713,109.11450664710974
422.35380541832166,106.3721662082914
423.12675578804624,108.51318932759494
423.89970615777077,109.21632461466854
424.67265652749535,109.08732425007906
425.44560689721993,110.23289022533963
426.21855726694446,109.35316580982487
426.99150763666904,109.40634753337207
427.7644580063936,106.65584242484441
428.53740837611815,108.98017350837029
429.31035874584273,109.58795183658565
430.0833091155673,109.65568611448724
430.85625948529184,109.72694338045724
431.6292098550164,111.6457725692777
432.402160224741,113.72963848641027
433.17511059446554,106.18892087214431
433.9480609641901,105.34656603318518
434.7210113339147,106.52649111575266
435.49396170363923,113.52515447933999
436.2669120733638,111.80601112587519
437.0398624430884,116.42033070043371
437.8128128128129,110.56545193675673
438.5857631825375,108.94863366850738
439.3587135522621,106.37393673015688
440.1316639219866,115.85167281568395
440.9046142917112,110.68830686100856
441.6775646614358,114.37437167094072
442.4505150311603,109.64947210580291
443.2234654008849,111.3086008834852
443.9964157706095,117.18643590488117
444.769366140334,113.38560384129376
445.5423165100586,110.16630116213494
446.3152668797831,117.29668112094991
447.0882172495077,111.95558358111522
447.8611676192323,107.96025506896923
448.6341179889568,112.23226672605796
449.4070683586814,112.3742576432451
450.18001872840597,106.95119382339317
450.9529690981305,113.6312342201352
451.7259194678551,112.81427505117215
452.49886983757966,107.17696257919862
453.2718202073042,113.10972383798058
454.04477057702877,111.8801684284974
454.81772094675335,114.11656555818948
455.5906713164779,115.39237838775985
456.36362168620246,113.75336540194499
457.13657205592705,114.54896277360938
457.9095224256516,111.12410378762628
458.68247279537616,114.24995109355436
459.45542316510074,114.41917859177367
460.22837353482527,117.0609139111396
461.00132390454985,114.7629056284881
461.77427427427443,112.84902494938127
462.54722464399896,113.1522464275544
463.32017501372354,120.95216972914743
464.0931253834481,112.64374629125088
464.86607575317265,115.6508273121724
465.63902612289723,115.83294672585572
466.41197649262176,112.17894282067608
467.18492686234634,116.20135214850423
467.9578772320709,121.94732513951689
468.73082760179545,116.57500596347461
469.50377797152004,111.73602199529212
470.2767283412446,114.4820445333865
471.04967871096915,117.14452136789228
471.82262908069373,118.00442282396823
472.5955794504183,120.57198041557844
473.36852982014284,112.85383572352538
474.1414801898674,114.26338920694147
474.914430559592,111.35571689123447
475.68738092931653,120.5566175758735
476.4603312990411,114.71257407409524
477.2332816687657,122.70475164188136
478.0062320384902,117.31698351476089
478.7791824082148,121.16792932947844
479.5521327779394,118.44050764787019
480.3250831476639,119.51067591024204
481.0980335173885,119.71339040627566
481.8709838871131,125.2477506212013
482.6439342568376,119.67153261555896
483.4168846265622,116.20958217532451
484.1898349962868,119.26615819168073
484.9627853660113,120.73837603489277
485.7357357357359,120.94555352177986
486.5086861054604,121.15342370621275
487.281636475185,121.36197197840211
488.0545868449096,125.6069086425014
488.8275372146341,120.55153152165433
489.6004875843587,121.99153922361421
490.3734379540833,124.28372464010539
491.1463883238078,125.7434880395869
491.9193386935324,120.40087835573937
492.69228906325696,117.80995681370118
493.4652394329815,122.52373650627393
494.2381898027061,127.21182768771148
495.01114017243066,124.02563947576242
495.7840905421552,124.55332098599578
496.55704091187977,125.14763375222462
497.32999128160435,125.61800769109169
498.1029416513289,124.3446655213887
498.87589202105346,126.88608169049502
499.64884239077804,131.33827940845796
500.42179276050257,124.99688314638274
501.19474313022715,128.87823050999611
501.96769349995174,128.39894408680007
502.74064386967626,117.81076689301186
503.51359423940085,124.53842941247831
504.28654460912543,126.300475501597
505.05949497884995,126.31213194381036
505.83244534857454,126.532571385321
506.6053957182991,126.41856033212046
507.37834608802365,127.73339793240407
508.15129645774823,125.7749269382652
508.92424682747276,130.59602725967312
509.69719719719734,124.75737702251608
510.4701475669219,133.21593612295595
511.24309793664645,128.08358893225721
512.016048306371,128.48731073261777
512.7889986760956,134.70197221113054
513.5619490458201,132.03248813079054
514.3348994155447,123.10005063660742
515.1078497852693,129.53432100013572
515.8808001549938,128.97703499889326
516.6537505247184,134.89332073837542
517.426700894443,123.9898987084444
518.1996512641675,130.09221444344092
518.972601633892,132.41298045113592
519.7455520036167,126.28950387523862
520.5185023733412,130.76370578792944
521.2914527430657,130.98762622985342
522.0644031127904,133.76803023081249
522.8373534825149,131.4355144456066
523.6103038522394,130.67390816422412
524.3832542219641,131.88336837197033
525.1562045916886,132.1072459521576
525.9291549614131,132.33107113062914
526.7021053311378,133.71798782166553
527.4750557008623,130.11804647787054
528.2480060705868,131.19437822531347
529.0209564403115,134.21151621014255
529.793906810036,136.64354290725547
530.5668571797605,132.37585926358682
531.3398075494852,134.62397102739948
532.1127579192097,134.1180329219041
532.8857082889342,135.39329662108764
533.6586586586589,138.6883916138336
534.4316090283834,134.78551118429905
535.2045593981079,137.65749898013595
535.9775097678325,138.91795392388883
536.7504601375571,136.86497549958844
537.5234105072816,132.92277659424283
538.2963608770062,136.5367474941266
539.0693112467308,136.11402369152069
539.8422616164553,136.33446330147834
540.6152119861799,140.62199940249488
541.3881623559045,140.82278697359553
542.161112725629,132.68602759700502
542.9340630953536,134.215320739308
543.7070134650781,138.6020917203013
544.4799638348027,133.8204564895536
545.2529142045273,143.18189347468513
546.0258645742518,137.06203701932796
546.7988149439764,138.17539459870113
547.571765313701,133.47962349132814
548.3447156834255,138.73603371978467
549.1176660531501,136.37484610753543
549.8906164228747,139.1673647483701
550.6635667925992,138.24688084382092
551.4365171623238,141.9704652674409
552.2094675320484,139.81080813601858
552.9824179017729,142.88122783606417
553.7553682714974,138.84081880550272
554.5283186412221,140.44969673830823
555.3012690109466,140.0413668322049
556.0742193806711,144.54869421629417
556.8471697503958,142.7701038001292
557.6201201201203,141.29389715480727
558.3930704898448,137.36062396627898
559.1660208595695,147.61467394223578
559.938971229294,147.06273632221018
560.7119215990185,141.82169521794623
561.4848719687432,140.5679259651419
562.2578223384677,142.54222642047725
563.0307727081922,145.57998134108652
563.8037230779169,141.45919883317555
564.5766734476414,146.49470729060474
565.3496238173659,145.27435922241494
566.1225741870905,144.26225347825107
566.8955245568151,144.81707021791996
567.6684749265396,141.66574829758446
568.4414252962642,138.42894776708164
569.2143756659888,144.43753275667257
569.9873260357133,144.8497019181761
570.7602764054379,146.90643502337883
571.5332267751623,144.9645850893827
572.306177144887,142.15083594933532
573.0791275146116,144.16638862843485
573.852077884336,143.26680164806749
574.6250282540607,146.85285673430795
575.3979786237853,151.98027191812872
576.1709289935097,146.13337650911757
576.9438793632344,146.15497771787074
577.716829732959,140.9158598156262
578.4897801026834,146.7060294314147
579.2627304724081,146.8950932335358
580.0356808421327,145.3069546301701
580.8086312118571,152.2636821617828
581.5815815815818,148.1572262391785
582.3545319513064,147.0510941512189
583.1274823210308,147.8262128310246
583.9004326907555,146.3737437351783
584.6733830604801,147.36200883309564
585.4463334302045,147.77509059193633
586.2192837999291,147.01303703003214
586.9922341696538,148.73255528515372
587.7651845393782,154.51276664830309
588.5381349091028,149.14027225882356
589.3110852788275,148.2515846096609
590.0840356485519,151.53419078221575
590.8569860182765,142.46171620175835
591.629936388001,145.9085706287086
592.4028867577256,147.1562549808468
593.1758371274502,152.20364772313533
593.9487874971747,152.68557635713728
594.7217378668993,149.42689657994566
595.4946882366239,149.85746454380126
596.2676386063484,151.83714893995904
597.040588976073,150.96221254422525
597.8135393457976,156.96089823719032
598.5864897155221,157.0537247001961
599.3594400852467,146.12445729267523
600.1323904549713,151.60838028614114
600.9053408246958,151.7668079467892
601.6782911944204,152.52767963749193
602.451241564145,151.07858807930558
603.2241919338695,154.5552502753741
603.997142303594,152.3876977412041
604.7700926733187,152.53965435295444
605.5430430430432,152.69028038003967
606.3159934127677,151.28407787387778
607.0889437824924,152.98749218036815
607.8618941522169,151.5028112449098
608.6348445219414,153.27923614249494
609.4077948916661,152.0148660595898
610.1807452613906,153.18655447763436
610.9536956311151,146.13301964028636
611.7266460008398,151.68982624162143
612.4995963705643,150.85272045608443
613.2725467402888,151.76016632021856
614.0454971100135,154.78736527251138
614.8184474797381,154.3895936150966
615.5913978494625,154.21306768541658
616.3643482191871,157.95317566189428
617.1372985889118,154.781755652492
617.9102489586362,154.90944333013172
618.6831993283608,152.72291330796205
619.4561496980855,153.09269308245578
620.2291000678099,150.73577068837213
621.0020504375345,154.76084297823067
621.775000807259,154.6997452031132
622.5479511769836,151.38426409432154
623.3209015467082,156.09502333079524
624.0938519164326,155.8746160976242
624.8668022861573,151.8048421554704
625.6397526558819,156.09995621520287
626.4127030256063,151.26116448226287
627.185653395331,155.96348046195678
627.9586037650556,156.42615251197205
628.73155413478,156.6068519559858
629.5045045045047,157.6232527705957
630.2774548742293,153.7633816183264
631.0504052439537,157.42005659233672
631.8233556136784,156.9390364694484
632.596305983403,157.03709494451462
633.3692563531274,155.81424674917736
634.142206722852,156.19071957124982
634.9151570925767,157.32243006513897
635.6881074623011,154.78937306579087
636.4610578320257,158.84823277625495
637.2340082017504,158.12718106797155
638.0069585714748,157.2816567999734
638.7799089411994,154.9944372244822
639.5528593109241,154.6273327769998
640.3258096806485,157.7920372865238
641.0987600503731,164.0547892023424
641.8717104200978,159.50928184907042
642.6446607898222,152.3580300852349
643.4176111595468,157.1684992928395
644.1905615292715,163.31184764597683
644.9635118989959,158.1108235186233
645.7364622687205,162.36011078639999
646.5094126384452,158.55952440880804
647.2823630081696,158.63131554780935
648.0553133778942,160.07365744839728
648.8282637476188,159.94655242881666
649.6012141173433,159.56218320681342
650.3741644870679,153.0935450766802
651.1471148567925,158.97138808380595
651.920065226517,159.0357023090913
652.6930155962416,162.24705369060362
653.4659659659662,159.16071773476307
654.2389163356906,159.2214407494032
655.0118667054153,157.4852880045437
655.7848170751399,161.37769061467972
656.5577674448643,159.39660188606294
657.330717814589,156.89630499170454
658.1036681843136,159.50764512572093
658.876618554038,164.22420373806088
659.6495689237627,164.42598154301555
660.4225192934873,164.61035510951956
661.1954696632117,152.89444110730352
661.9684200329364,159.55702691707089
662.741370402661,155.81848962927967
663.5143207723854,160.12494019138867
664.2872711421101,158.7530970301086
665.0602215118347,159.95312382114815
665.8331718815591,160.40158368870593
666.6061222512838,160.0405910191718
667.3790726210084,161.73065525483884
668.1520229907328,154.3915179445953
668.9249733604574,160.16431351953858
669.6979237301821,160.94541950931497
670.4708740999065,160.83094894497978
671.2438244696311,158.88396685761444
672.0167748393558,164.7648434810343
672.7897252090802,160.35130270415758
673.5626755788048,157.73695239625175
674.3356259485295,159.48821300880644
675.1085763182539,160.36653195945183
675.8815266879785,156.45756190005227
676.6544770577032,158.05505156722342
677.4274274274276,160.5456647018507
678.2003777971522,159.93014242601203
678.9733281668769,166.10854031928812
679.7462785366013,160.63124988538786
680.5192289063259,160.46457119681597
681.2921792760505,160.6842118919943
682.065129645775,160.70949718195268
682.8380800154996,162.55925072680228
683.6110303852242,160.56244128962598
684.3839807549487,162.27290101625908
685.1569311246733,160.8029214191136
685.9298814943979,157.47302206258024
686.7028318641223,160.84515608386678
687.475782233847,162.28861938009425
688.2487326035716,158.3465942163093
689.021682973296,167.42215468439016
689.7946333430207,167.78626379363263
690.5675837127453,160.93838337939425
691.3405340824697,163.22130574709936
692.1134844521944,158.72881275756401
692.886434821919,160.98628104771305
693.6593851916434,159.8983880116862
694.4323355613681,161.0150451499577
695.2052859310927,161.02850961947027
695.9782363008171,162.4971488184002
696.7511866705418,159.26569338878284
697.5241370402664,161.06536358709138
698.2970874099908,161.80347982484133
699.0700377797154,164.67888172005013
699.8429881494401,161.67611031828807
700.6159385191645,165.44429747684157
701.3888888888891,159.31910939408928
702.1618392586138,160.35380253192898
702.9347896283382,160.60838981892744
703.7077399980628,160.6263787655992
704.4806903677875,157.86797246705262
705.2536407375119,164.74345184548375
706.0265911072365,161.22934769056695
706.7995414769609,161.16492326472266
707.5724918466856,155.70518467069977
708.3454422164102,158.99184226291123
709.1183925861346,165.5255399991649
709.8913429558593,159.46840655027574
710.6642933255839,164.04372008461283
711.4372436953083,163.3850446051952
712.210194065033,161.19295837637992
712.9831444347576,161.19544724953101
713.756094804482,161.37858126752496
714.5290451742067,164.15514287592342
715.3019955439313,160.16815273215036
716.0749459136557,156.66595717266142
716.8478962833804,161.20291504303285
717.620846653105,161.20348963717055
718.3937970228294,162.34692946596257
719.166747392554,161.32769709824152
719.9396977622787,161.392240600021
720.7126481320031,161.2030883694084
721.4855985017277,161.20236767702391
722.2585488714524,161.36168305777346
723.0314992411768,161.20025819161023
723.8044496109014,160.502816352555
724.5773999806261,153.67056449575546
725.3503503503505,161.41653649103552
726.1233007200751,159.23916751915058
726.8962510897998,161.1915962235694
727.6692014595242,165.1787231525823
728.4421518292488,158.80733244516506
729.2151021989735,161.18451195330078
729.9880525686979,167.05601475042664
730.7610029384225,161.6619019113556
731.5339533081471,158.081754752995
732.3069036778716,161.1734754543623
733.0798540475962,163.27455464191084
733.8528044173208,163.40044633160923
734.6257547870453,160.82779716237093
735.3987051567699,156.7486997630592
736.1716555264945,161.15810482081764
736.944605896219,161.15492976406117
737.7175562659436,163.9056889413812
738.4905066356682,163.22781964563057
739.2634570053926,161.14539906198033
740.0364073751173,161.5787933526115
740.8093577448419,161.1391497220189
741.5823081145663,161.13608911184656
742.355258484291,166.21837718914594
743.1282088540156,159.29271819182554
743.90115922374,166.07691386242405
744.6741095934647,159.96036250416205
745.4470599631893,161.12186294414295
746.2200103329137,161.1193093645855
746.9929607026384,158.69418853044493
747.765911072363,161.11455513664163
748.5388614420874,157.74033087024566
749.311811811812,161.1102624377216
750.0847621815367,161.1082851316422
750.8577125512611,158.2423935978164
751.6306629209857,160.3065606123054
752.4036132907104,159.37465995551355
753.1765636604348,161.1014652498317
753.9495140301594,162.7732052000102
754.7224643998841,162.9950234396453
755.4954147696085,166.07319074122466
756.2683651393331,161.09631093996936
757.0413155090578,164.9913522387922
757.8142658787822,160.43839598266058
758.5872162485068,161.0934761771129
759.3601666182315,158.78885279397738
760.1331169879559,163.3663998474147
760.9060673576805,161.0914767423944
761.6790177274052,161.09098836995724
762.4519680971296,156.94115004427687
763.2249184668542,161.0902691117785
763.9978688365788,162.90881830067366
764.7708192063033,161.08988242251837
765.5437695760279,159.63684549525658
766.3167199457525,161.59714834673872
767.089670315477,160.4887276788292
767.8626206852016,165.68264738665206
768.6355710549262,161.09028605831836
769.4085214246506,161.09058880814501
770.1814717943753,158.10434548539988
770.9544221640999,166.1378988677956
771.7273725338243,161.09191208693466
772.500322903549,161.09248614963005
773.2732732732736,161.09312401053933
774.046223642998,161.09382405766124
774.8191740127227,161.02339600441277
775.5921243824473,162.50494440386123
776.3650747521717,161.0962811962892
777.1380251218964,161.09721386824825
777.910975491621,160.4866829044337
778.6839258613454,161.0992399787831
779.45687623107,162.593917896548
780.2298266007947,167.9902411487587
781.0027769705191,163.87334987503124
781.7757273402437,161.10389013028288
782.5486777099684,161.10516783365642
783.3216280796928,160.36202638777797
784.0945784494174,161.19239591734808
784.8675288191421,161.1092515489526
785.6404791888665,158.76658117676155
786.4134295585911,164.2675778455822
787.1863799283158,161.13421076010061
787.9593302980402,161.11522106670822
788.7322806677648,168.36140940010404
789.5052310374892,161.25829755113554
790.2781814072139,159.68069489422916
791.0511317769385,163.42164461660238
791.8240821466629,163.1841604598567
792.5970325163876,163.96719722507416
793.3699828861122,162.20392129445585
794.1429332558366,165.14893539135898
794.9158836255613,163.75358204494538
795.6888339952859,160.361315716102
796.4617843650103,161.1339304807612
797.234734734735,163.0536246281101
798.0076851044596,161.13757480070942
798.780635474184,158.78123437177715
799.5535858439086,158.29068561123634
800.3265362136333,159.71240228671212
801.0994865833577,157.99984453316299
801.8724369530823,161.36527147104596
802.645387322807,165.2250899882807
803.4183376925314,164.12198210414587
804.191288062256,159.51366288436475
804.9642384319807,164.4450498005862
805.7371888017051,162.71784063229967
806.5101391714297,157.99429637079717
807.2830895411544,163.31907030335253
808.0560399108788,161.1617203015292
808.8289902806034,161.16355030685696
809.6019406503281,161.16536834633686
810.3748910200525,155.43519019683498
811.1478413897771,158.80719762391925
811.9207917595018,156.84495911272725
812.6937421292262,161.1724886057514
813.4666924989508,159.49929272484962
814.2396428686754,163.42706526083566
815.0125932383999,161.17762417084518
815.7855436081245,161.17928845149476
816.5584939778491,156.46640884277684
817.3314443475736,157.87185829488266
818.1043947172982,161.18411600227998
818.8773450870228,158.92792739669534
819.6502954567472,159.59088602039824
820.4232458264719,165.30502713589993
821.1961961961965,164.8808287064391
821.9691465659209,159.9853329418461
822.7420969356456,159.341042757733
823.5150473053702,161.36887867838726
824.2879976750946,160.00263240643068
825.0609480448193,159.57621185351232
825.8338984145439,161.15948731202135
826.6068487842683,164.53460017593522
827.379799153993,161.20017307733758
828.1527495237176,158.72485566105448
828.925699893442,159.64895567841302
829.6986502631667,164.7723410167313
830.4716006328913,159.3535335529273
831.2445510026157,163.78920551042452
832.0175013723403,159.80979177329624
832.790451742065,161.94323202961172
833.5634021117894,163.55622343161212
834.336352481514,161.5292464182778
835.1093028512387,161.09362521454685
835.8822532209631,159.8405407103199
836.6552035906877,163.94587025983327
837.4281539604124,165.11017004961258
838.2011043301368,163.7980957561155
838.9740546998614,161.20966058031084
839.7470050695861,155.76870021670422
840.5199554393105,161.3521017355221
841.2929058090351,161.14035138720004
842.0658561787598,159.29439415881845
842.8388065484842,160.21133546546903
843.6117569182088,163.37928281751874
844.3847072879335,159.84415947412995
845.1576576576579,162.626792714566
845.9306080273825,158.8748099709202
846.7035583971071,161.20696717850822
847.4765087668316,165.73504267002073
848.2494591365562,158.87498752637472
849.0224095062808,161.20445890273783
849.7953598760053,161.203433380317
850.5683102457299,166.40203740439537
851.3412606154545,160.74527051769243
852.1142109851789,161.80810492573687
852.8871613549036,158.58243961117608
853.6601117246282,162.32199562368544
854.4330620943526,161.6489023749368
855.2060124640773,161.45681585487756
855.9789628338019,161.19158732380862
856.7519132035263,157.07507798803584
857.524863573251,158.23789021295562
858.2978139429756,158.58916986764686
859.0707643127,165.8495514412812
859.8437146824247,163.0080215538838
860.6166650521493,164.29617275004748
861.3896154218737,167.64583476373383
862.1625657915984,162.01798130063645
862.935516161323,157.44555753871091
863.7084665310474,162.75120622069394
864.481416900772,156.78213625803699
865.2543672704967,157.43600451499077
866.0273176402211,162.55300785840632
866.8002680099457,161.1533743475944
867.5732183796704,161.14970074473771
868.3461687493948,163.71193688504022
869.1191191191194,161.14194849317974
869.8920694888441,161.13786662047582
870.6650198585685,161.13364543382013
871.4379702282931,161.12928332121152
872.2109205980175,161.17104351014558
872.9838709677422,161.12012987012986
