100.80645161290323,150.29761904761904
101.5794019826278,157.5666598806755
102.35235235235236,146.87963170559755
103.12530272207692,150.31844592681676
103.89825309180148,152.26229460860768
104.67120346152605,151.7569875769115
105.44415383125062,151.51024830546766
106.21710420097517,152.2619653143665
106.99005457069974,152.12698200136364
107.76300494042431,153.3896883358429
108.53595531014886,153.16539060023624
109.30890567987343,155.7796097340157
110.08185604959799,156.43786007703028
110.85480641932256,153.98593861893016
111.62775678904713,153.78660695560131
112.40070715877168,153.0149640977204
113.17365752849625,154.78809702902544
113.9466078982208,157.11324661087212
114.71955826794537,155.31264507052475
115.49250863766994,156.26175325338693
116.2654590073945,155.51590367637525
117.03840937711907,153.34531628503956
117.81135974684364,156.99176256091155
118.58431011656819,153.55309640380742
119.35726048629276,159.11226816210538
120.13021085601733,156.17484122089743
120.90316122574188,154.53321872022295
121.67611159546645,157.5717565266247
122.449061965191,157.8125193850413
123.22201233491558,158.0512301981031
123.99496270464013,161.63544838367034
124.7679130743647,155.51647144055892
125.54086344408927,157.44568277087427
126.31381381381382,158.98554132278844
127.08676418353839,159.21398315356578
127.85971455326296,159.44036943678412
128.63266492298752,159.6646995887428
129.40561529271207,159.88697302574104
130.17856566243665,160.10718916407822
130.9515160321612,163.57975863282965
131.72446640188576,160.54144720996646
132.49741677161035,160.7554879501162
133.2703671413349,160.96746905680192
134.04331751105946,158.42256119882424
134.81626788078404,161.38525003497912
135.5892182505086,161.5836567586891
136.36216862023315,163.55175543676407
137.13511898995773,158.61969639050565
137.9080693596823,164.6598475163451
138.68101972940684,162.39361803575488
139.45397009913142,166.07472149914048
140.22692046885598,166.88823358580353
140.99987083858053,162.9738718689921
141.7728212083051,160.04430985004768
142.54577157802967,164.5249965613592
143.31872194775423,163.86680197398638
144.09167231747878,163.71861616430294
144.86462268720334,165.26676909672156
145.63757305692792,169.33759786415337
146.41052342665247,167.19944573277687
147.18347379637703,156.65321686213812
147.9564241661016,161.3528351898756
148.72937453582617,164.77366926402374
149.50232490555072,161.1559832619216
150.2752752752753,165.10878472730948
151.04822564499986,165.88647264643686
151.82117601472441,161.64096433558018
152.594126384449,165.59590852363652
153.36707675417355,163.52049549224702
154.1400271238981,165.62356537757145
154.9129774936227,167.90365360914896
155.68592786334725,170.1467085308163
156.4588782330718,166.36627754119732
157.23182860279638,166.3093953922745
158.00477897252094,168.83325369604074
158.7777293422455,168.54249173465809
159.55067971197008,163.20341155237242
160.32363008169463,162.748013700385
161.0965804514192,167.22214891143855
161.86953082114377,167.35751323836868
162.64248119086832,167.49079575120828
163.41543156059288,165.66875880142936
164.18838193031743,164.04751145469632
164.961332300042,167.8781465681773
165.73428266976657,168.003095987648
166.50723303949113,162.1852972543543
167.28018340921568,170.6496084869533
168.05313377894026,168.3654335156936
168.82608414866482,171.92052714403437
169.59903451838937,168.59656042207814
170.37198488811396,171.1821809670515
171.1449352578385,168.81933672407277
171.91788562756307,168.92759193917217
172.69083599728765,169.033757752072
173.4637863670122,171.3235132943176
174.23673673673676,169.23981883647014
175.00968710646134,171.6415613401321
175.7826374761859,169.0753515487586
176.55558784591045,169.53322535405306
177.32853821563504,175.21957671650387
178.1014885853596,168.3093414229851
178.87443895508414,168.74896222299284
179.64738932480873,169.89513065857446
180.42033969453328,169.98037034594012
181.19329006425784,166.19991012086737
181.96624043398242,168.212859322434
182.73919080370695,170.22351213579077
183.51214117343153,163.00379108624895
184.2850915431561,170.3751197651456
185.05804191288064,170.44777575955723
185.83099228260522,170.51833242885738
186.6039426523298,168.17632923878486
187.37689302205433,171.1286111323432
188.14984339177892,170.71740064908215
188.92279376150347,170.7795541809295
189.69574413122803,168.6568128727095
190.4686945009526,168.95098125298344
191.24164487067716,170.26252623999628
192.01459524040172,171.00714003516225
192.7875456101263,175.75520858536487
193.56049597985086,172.01655406843636
194.3334463495754,176.62497307225226
195.1063967193,172.74236706064067
195.87934708902455,173.54231463156654
196.6522974587491,177.3256226801008
197.4252478284737,171.3243665385092
198.19819819819824,164.08864418706656
198.9711485679228,171.39603345892925
199.74409893764738,170.93935288034692
200.51704930737193,167.1211113874663
201.2899996770965,171.48770864237716
202.06295004682107,168.528951879412
202.8359004165456,171.53826849004622
203.60885078627018,169.1859424952047
204.38180115599476,171.58037733680507
205.1547515257193,176.80975706804156
205.92770189544387,168.28972604570637
206.70065226516846,169.85549461412688
207.47360263489298,171.63922334916987
208.24655300461757,172.07369407257352
209.01950337434212,171.6559511755646
209.79245374406668,172.44329486479927
210.56540411379126,173.7170314504285
211.33835448351581,171.66516080715635
212.11130485324037,170.0463799077353
212.88425522296495,171.66070567970914
213.6572055926895,173.69729431166323
214.43015596241406,171.6477691989154
215.20310633213865,171.63811899176181
215.9760567018632,170.63370555447864
216.74900707158776,165.87365378898792
217.52195744131234,168.2090607208762
218.2949078110369,171.57829143175303
219.06785818076145,171.5580249403987
219.84080855048603,179.47071185122346
220.61375892021059,171.51111635016275
221.38670928993514,171.48447308387966
222.15965965965972,171.4557030585522
222.93261002938428,166.525966361673
223.70556039910883,171.19710173050265
224.47851076883342,173.93722503110226
225.25146113855794,172.9605264985698
226.02441150828253,168.9717509615684
226.7973618780071,171.99497144386402
227.57031224773164,169.8410898850646
228.34326261745622,171.1489094862527
229.11621298718077,164.15594262391906
229.88916335690536,173.25685091248315
230.6621137266299,170.9986997446242
231.43506409635447,167.53626576050905
232.20801446607902,170.88789207244275
232.9809648358036,170.82928613192115
233.75391520552816,170.76854467684473
234.5268655752527,170.7056671235128
235.2998159449773,170.64065288822462
236.07276631470185,169.84220362743156
236.8457166844264,170.06938940248213
237.618667054151,170.43272169410832
238.39161742387554,173.38337133181778
239.1645677936001,169.43730038092397
239.93751816332468,170.3108197573926
240.71046853304924,170.12432496468065
241.4834189027738,170.04143647389296
242.25636927249835,169.95616431808068
243.02931964222293,174.0603589224706
243.80227001194748,169.77833312807778
244.57522038167204,175.13081806438578
245.34817075139662,167.6091155033395
246.12112112112118,169.49285958473527
246.89407149084573,169.39257205142633
247.66702186057032,170.93002343553343
248.43997223029487,169.01102344943058
249.21292260001943,169.07584480334904
249.985872969744,174.1635121730648
250.75882333946856,168.851133056244
251.53177370919312,165.94275453768432
252.30472407891767,168.3006531242344
253.07767444864226,168.49304564648318
253.8506248183668,167.90918204134175
254.62357518809137,168.22673802431072
255.39652555781595,168.1089191899708
256.1694759275405,170.9022383008872
256.94242629726506,165.03997047573395
257.71537666698964,167.69783647440096
258.48832703671417,167.55466009223176
259.26127740643875,161.11559848180482
260.03422777616333,167.25888028746755
260.80717814588786,161.6169928960297
261.58012851561244,166.95030462329458
262.353078885337,166.79113341686445
263.12602925506155,166.62866133310376
263.89897962478614,165.68605223101272
264.6719299945107,172.49400056842424
265.44488036423525,166.86319057758132
266.21783073395983,164.6427214043819
266.9907811036844,165.76559877542542
267.76373147340894,165.5826080403318
268.5366818431335,166.0694022872965
269.3096322128581,163.7140202845573
270.08258258258263,165.50706926340567
270.8555329523072,164.81491866055902
271.6284833220318,166.4690638954222
272.4014336917563,164.40916251546764
273.1743840614809,162.6751933707127
273.9473344312055,163.98843637809392
274.72028480093,166.20526810699596
275.4932351706546,163.55246848182878
276.2661855403792,163.61178710901737
277.0391359101037,160.92135742236184
277.8120862798283,162.869343850052
278.5850366495529,163.46523202917396
279.3579870192774,162.3940825776429
280.130937389002,162.15039657359256
280.90388775872657,161.9026283632102
281.6768381284511,161.65074397566963
282.4497884981757,161.39470944014465
283.22273886790026,161.13449078580913
283.9956892376248,159.53536663997755
284.7686396073493,156.66855236489457
285.54158997707395,161.16514464333986
286.3145403467985,161.1637576654781
287.087490716523,163.2528451993607
287.86044108624765,158.67924319772118
288.6333914559722,158.27677669330475
289.4063418256967,155.21899274612915
290.17929219542134,162.7488586361894
290.95224256514587,158.9208079651884
291.7251929348704,159.86469091543586
292.49814330459503,159.90171990490475
293.27109367431956,157.35547365053577
294.0440440440441,157.0332993131072
294.81699441376867,156.7067096557567
295.58994478349325,162.68970015306863
296.3628951532178,156.04065317192888
297.13584552294236,157.39653543597137
297.90879589266694,161.94595642476023
298.68174626239147,154.9971666452012
299.45469663211605,153.19974710345957
300.22764700184064,161.2838438441825
301.00059737156516,151.42340233891676
301.77354774128975,156.3986334824372
302.54649811101433,153.21825397168774
303.31944848073886,152.84918084073857
304.09239885046344,154.1041489143146
304.865349220188,144.60812682230053
305.63829958991255,147.15061580759928
306.41124995963713,150.9149823846398
307.1842003293617,151.93328339277366
307.95715069908624,152.03311722610334
308.7301010688108,152.12397523008627
309.5030514385354,152.34775131320492
310.27600180825993,149.3896837211312
311.0489521779845,143.27712488378677
311.8219025477091,148.59126931709747
312.5948529174336,147.06474721867409
313.3678032871582,151.33498385916917
314.1407536568828,147.15960915775054
314.9137040266073,146.96764080533043
315.6866543963319,148.80056249023397
316.4596047660565,146.14390186015265
317.232555135781,145.7293739070494
318.0055055055056,144.5256396702729
318.7784558752302,143.01537846922818
319.5514062449547,145.48324081985285
320.3243566146793,139.87341474485618
321.0973069844039,144.40489732833848
321.8702573541284,138.66255965026065
322.643207723853,142.78665838063006
323.41615809357756,142.36151684095893
324.1891084633021,141.93546349243564
324.9620588330266,140.7167051861534
325.73500920275126,143.56974670416335
326.5079595724758,142.56035771529918
327.2809099422003,140.2239759630151
328.05386031192495,139.5382433233032
328.8268106816495,137.57904119882045
329.599761051374,137.96496069903762
330.37271142109864,134.92371254378767
331.14566179082317,138.0751457592757
331.9186121605477,134.2545039952675
332.69156253027234,138.29474981906543
333.46451289999686,136.78512872505448
334.2374632697214,142.153257252476
335.010413639446,135.9263006685335
335.78336400917055,135.4975084123623
336.5563143788951,137.59295909201393
337.32926474861966,138.4602166305535
338.10221511834425,134.2146858610115
338.8751654880688,132.07148954597014
339.64811585779336,133.36332194841776
340.42106622751794,132.9390621108143
341.19401659724247,132.51586892220706
341.96696696696705,132.0938313099965
342.73991733669163,133.9877767002294
343.51286770641616,134.02461935577549
344.28581807614074,130.8355412057493
345.0587684458653,127.82824902568737
345.83171881558985,125.32017669598164
346.60466918531444,128.2821914024389
347.377619555039,127.31903818574415
348.15056992476354,128.76980245064652
348.9235202944881,124.94743320744625
349.6964706642127,128.64918092767925
350.46942103393724,131.07993584515484
351.2423714036618,127.15188449617526
352.0153217733864,127.93176869116469
352.78827214311093,126.21091615274321
353.5612225128355,129.1820921279622
354.3341728825601,126.13626572901569
355.1071232522846,125.18216574214767
355.8800736220092,124.46225210296633
356.6530239917338,124.41294963596742
357.4259743614583,124.03269830578571
358.1989247311829,125.60117132695163
358.9718751009075,121.6183085520544
359.744825470632,126.39457169623742
360.5177758403566,121.68313401749266
361.2907262100811,121.88103995073757
362.0636765798057,121.81778687164211
362.8366269495303,122.47369888551728
363.6095773192548,121.10698743099435
364.3825276889794,120.75714495348498
365.155478058704,118.68811815298217
365.9284284284285,119.1733665649428
366.7013787981531,120.12274173937676
367.47432916787767,121.0407749693018
368.2472795376022,119.1714063828947
369.0202299073268,120.67917704292931
369.79318027705136,119.17382710747418
370.5661306467759,118.10351737781986
371.3390810165005,118.76705869754056
372.11203138622506,124.3036522240877
372.8849817559496,116.43889482587737
373.65793212567417,123.47255875619811
374.43088249539875,115.973942273044
375.2038328651233,116.30126906864434
375.97678323484786,116.01811494433747
376.74973360457244,115.74011812944778
377.52268397429697,115.46736755137566
378.29563434402155,115.19995213752155
379.06858471374613,114.937960815286
379.84153508347066,118.84638284372078
380.61448545319524,115.80646548144752
381.3874358229198,113.47641503196314
382.16038619264435,113.94601499053788
382.93333656236894,113.71247803740167
383.70628693209346,113.48489874028668
384.47923730181805,113.26336602659335
385.25218767154263,109.16646703564533
386.02513804126716,114.19718812601154
386.79808841099174,112.63568986581267
387.5710387807163,111.64367640374685
388.34398915044085,109.6664654184767
389.11693952016543,112.06292434522346
389.88988988989,117.34288789618398
390.66284025961454,116.18195127753387
391.4357906293391,105.21163155948484
392.2087409990637,111.41252265011155
392.98169136878823,108.3564297427381
393.7546417385128,110.84266103803444
394.5275921082374,106.68977178492813
395.3005424779619,114.02408487513694
396.0734928476865,110.45400674533266
396.8464432174111,113.27662613924652
397.6193935871356,110.41256819745264
398.3923439568602,110.29620212539128
399.1652943265848,108.44033832638237
399.9382446963093,106.5865563186763
400.7111950660339,109.97938840797333
401.4841454357585,106.19503913991058
402.257095805483,109.79462240991907
403.0300461752076,109.71003417433502
403.8029965449321,106.31799664075915
404.5759469146567,107.70130538346879
405.3488972843813,109.86825091506144
406.1218476541058,109.42257158343067
406.8947980238304,109.36319822252213
407.667748393555,109.30872965592445
408.4406987632795,109.25911982342954
409.2136491330041,109.39209298312207
409.98659950272867,114.1523003669427
410.7595498724532,106.96185349880786
411.5325002421778,110.61781281494343
412.30545061190236,104.52002597055791
413.0784009816269,110.39314624150516
413.85135135135147,109.04402649336414
414.62430172107605,112.0013280104874
415.3972520908006,109.02367443126691
416.17020246052516,109.02011862835525
416.94315283024974,110.78616531744527
417.71610319997427,109.84445912753561
418.48905356969885,106.41283908718326
419.26200393942344,109.98189890477715
420.03495430914796,114.97064384466717
420.80790467887255,109.08856521169395
421.58085504859713,109.11450664710974
422.35380541832166,108.3449383759206
423.12675578804624,109.17843240880512
423.89970615777077,110.7678635941408
424.67265652749535,109.20111999468944
425.44560689721993,109.30373737538655
426.21855726694446,112.33675260494064
426.99150763666904,109.40634753337207
427.7644580063936,109.46323648581998
428.53740837611815,109.94830992458807
429.31035874584273,109.58795183658565
430.0833091155673,110.41638469349293
430.85625948529184,111.21183205140004
431.6292098550164,109.8016775742876
432.402160224741,109.87984263577016
433.17511059446554,106.16737777619944
433.9480609641901,110.04628112085967
434.7210113339147,112.27450409468752
435.49396170363923,110.22589035406112
436.2669120733638,111.4761249052522
437.0398624430884,117.7096371282399
437.8128128128129,110.5191933029319
438.5857631825375,107.97328668282354
439.3587135522621,110.73011729913044
440.1316639219866,116.92901256441674
440.9046142917112,112.49205545879072
441.6775646614358,111.03885147815875
442.4505150311603,108.8460605780756
443.2234654008849,110.91993982798981
443.9964157706095,111.43270173478152
444.769366140334,108.85691195741838
445.5423165100586,107.04910403492799
446.3152668797831,109.40330102905065
447.0882172495077,112.03583800062637
447.8611676192323,119.22511085730189
448.6341179889568,112.23226672605796
449.4070683586814,107.27162585977447
450.18001872840597,112.51862004329851
450.9529690981305,109.200604267113
451.7259194678551,117.04260576804886
452.49886983757966,112.96547553857616
453.2718202073042,118.93713134101284
454.04477057702877,107.68234646825583
454.81772094675335,115.80542050136957
455.5906713164779,114.34843711278053
456.36362168620246,113.75336540194499
457.13657205592705,115.6185107082042
457.9095224256516,114.08254235570442
458.68247279537616,116.77412116255988
459.45542316510074,113.27110616571306
460.22837353482527,114.59017879015428
461.00132390454985,111.26333726209691
461.77427427427443,114.93731304656703
462.54722464399896,116.47750177508117
463.32017501372354,115.29098538112795
464.0931253834481,112.32093564818521
464.86607575317265,115.6508273121724
465.63902612289723,112.45451106660379
466.41197649262176,116.86326286188496
467.18492686234634,116.20135214850423
467.9578772320709,116.38754603705323
468.73082760179545,115.45318984106024
469.50377797152004,111.81596611084291
470.2767283412446,116.95353968910223
471.04967871096915,117.11798529419538
471.82262908069373,114.85128648829364
472.5955794504183,116.15877415780449
473.36852982014284,123.01948232893686
474.1414801898674,115.06081999263677
474.914430559592,119.88857673452648
475.68738092931653,118.90493619499367
476.4603312990411,118.5093201169417
477.2332816687657,116.34065663084124
478.0062320384902,119.06209733278216
478.7791824082148,116.85810910986886
479.5521327779394,121.7369238673609
480.3250831476639,123.67117235368488
481.0980335173885,113.96412841067946
481.8709838871131,119.91688525859186
482.6439342568376,113.20092707172881
483.4168846265622,120.32615759291394
484.1898349962868,120.53190585534101
484.9627853660113,118.91957175828138
485.7357357357359,122.3518894811161
486.5086861054604,117.97889308068156
487.281636475185,123.20754022282071
488.0545868449096,121.57118372855842
488.8275372146341,121.78104434689226
489.6004875843587,123.35286427242497
490.3734379540833,122.20265374893476
491.1463883238078,122.41437331306453
491.9193386935324,122.53927024235415
492.69228906325696,122.83956911859391
493.4652394329815,123.05301614041461
494.2381898027061,124.14221022351794
495.01114017243066,124.48689654051203
495.7840905421552,128.53437708990865
496.55704091187977,123.9121241263175
497.32999128160435,124.12815804850099
498.1029416513289,121.20555176963879
498.87589202105346,124.99136893953167
499.64884239077804,124.77904268011905
500.42179276050257,124.99688314638274
501.19474313022715,122.34098655363628
501.96769349995174,125.43379480376016
502.74064386967626,118.55249009230698
503.51359423940085,122.34646997923713
504.28654460912543,127.55379865505154
505.05949497884995,122.96867409729758
505.83244534857454,118.71957477435004
506.6053957182991,121.9540380105145
507.37834608802365,120.03611794768047
508.15129645774823,124.4767960247162
508.92424682747276,133.31979426466827
509.69719719719734,123.87072293963638
510.4701475669219,130.40992359618792
511.24309793664645,128.08358893225721
512.016048306371,128.7900494480143
512.7889986760956,129.34068501766106
513.5619490458201,127.2866753084473
514.3348994155447,128.97483872760523
515.1078497852693,127.30857450633778
515.8808001549938,128.0945463979579
516.6537505247184,129.43999326888243
517.426700894443,125.5168234007912
518.1996512641675,132.42161377364243
518.972601633892,126.42967468235389
519.7455520036167,130.53982060302636
520.5185023733412,133.60748917387514
521.2914527430657,130.98762622985342
522.0644031127904,130.88693463319242
522.8373534825149,131.4355144456066
523.6103038522394,135.389382390139
524.3832542219641,131.88336837197033
525.1562045916886,132.1072459521576
525.9291549614131,132.33107113062914
526.7021053311378,132.5548292975956
527.4750557008623,134.97136366452213
528.2480060705868,133.0020861578553
529.0209564403115,129.07353705485687
529.793906810036,133.44889965462124
530.5668571797605,137.31075860941397
531.3398075494852,132.11466864813156
532.1127579192097,130.49359759957548
532.8857082889342,136.47366077372163
533.6586586586589,134.35646045853886
534.4316090283834,134.78551118429905
535.2045593981079,135.00756869729787
535.9775097678325,130.62810890025068
536.7504601375571,136.31183190812948
537.5234105072816,137.17696994462827
538.2963608770062,141.94974064097752
539.0693112467308,136.21468265451497
539.8422616164553,135.17073315809319
540.6152119861799,132.25220672445323
541.3881623559045,136.77439413281223
542.161112725629,136.99386110426494
542.9340630953536,136.89585625220067
543.7070134650781,137.43173753393265
544.4799638348027,136.10589990999324
545.2529142045273,141.89308548942253
546.0258645742518,138.08572652091306
546.7988149439764,136.89636425376858
547.571765313701,137.1858358250844
548.3447156834255,135.61660851168375
549.1176660531501,138.9519280277848
549.8906164228747,139.1673647483701
550.6635667925992,138.55152236554528
551.4365171623238,139.68383788703238
552.2094675320484,134.42413038432665
552.9824179017729,140.02429325732632
553.7553682714974,138.30268707379713
554.5283186412221,146.04939461604314
555.3012690109466,140.66159084805878
556.0742193806711,140.8729303707
556.8471697503958,141.49543946409113
557.6201201201203,141.29389715480727
558.3930704898448,141.5035001663497
559.1660208595695,139.89821378937157
559.938971229294,141.92088480360303
560.7119215990185,144.15994688907642
561.4848719687432,140.53447741106908
562.2578223384677,144.75252860107105
563.0307727081922,142.74802903585322
563.8037230779169,141.1971560605765
564.5766734476414,148.5366972608904
565.3496238173659,142.62511480088233
566.1225741870905,143.56435988046493
566.8955245568151,143.4996162645826
567.6684749265396,143.9682277831703
568.4414252962642,147.93767060981608
569.2143756659888,144.36910133988266
569.9873260357133,144.56838492608694
570.7602764054379,144.76688355090758
571.5332267751623,144.9645850893827
572.306177144887,147.96393618137208
573.0791275146116,145.35754840744943
573.852077884336,147.9270785027864
574.6250282540607,146.75931630915758
575.3979786237853,145.9407121129132
576.1709289935097,151.651486555846
576.9438793632344,149.5961432291764
577.716829732959,143.98844906889116
578.4897801026834,146.38887215925115
579.2627304724081,150.62338729833266
580.0356808421327,147.0832265747315
580.8086312118571,152.76174931626116
581.5815815815818,146.19332444985315
582.3545319513064,144.9939658066925
583.1274823210308,151.52973555248394
583.9004326907555,150.7406465794573
584.6733830604801,150.19751931440376
585.4463334302045,148.37308856039968
586.2192837999291,148.55334171556748
586.9922341696538,153.06604003203842
587.7651845393782,150.55062857613845
588.5381349091028,148.1938008474512
589.3110852788275,149.2638372308046
590.0840356485519,143.5932396958193
590.8569860182765,149.47223843074698
591.629936388001,155.63757706109925
592.4028867577256,151.50172705438814
593.1758371274502,152.86263044280525
593.9487874971747,150.29669544155877
594.7217378668993,151.3870714948518
595.4946882366239,150.3062313771006
596.2676386063484,149.23364709908927
597.040588976073,149.95888393733884
597.8135393457976,149.59576966889964
598.5864897155221,151.28776358512425
599.3594400852467,149.6297789731735
600.1323904549713,152.34483405527192
600.9053408246958,149.85448814451703
601.6782911944204,153.7901667551755
602.451241564145,152.0798412635558
603.2241919338695,154.86157849989235
603.997142303594,152.3876977412041
604.7700926733187,152.43193560549926
605.5430430430432,152.80339490812162
606.3159934127677,151.184109278018
607.0889437824924,154.75211181906212
607.8618941522169,157.0707228890633
608.6348445219414,154.40146645686366
609.4077948916661,153.76186291341656
610.1807452613906,152.8082412690278
610.9536956311151,159.21254741695114
611.7266460008398,154.07118276664121
612.4995963705643,153.9840376951849
613.2725467402888,155.4104916093106
614.0454971100135,156.36409887895246
614.8184474797381,154.3895936150966
615.5913978494625,151.04974383772657
616.3643482191871,154.65254339079837
617.1372985889118,154.781755652492
617.9102489586362,161.58927657096126
618.6831993283608,154.18086131071053
619.4561496980855,155.16019643340232
620.2291000678099,155.28323760910948
621.0020504375345,155.572873640247
621.775000807259,155.84020457228155
622.5479511769836,155.64287413297708
623.3209015467082,160.4249905465498
624.0938519164326,153.30156402212768
624.8668022861573,155.25133849914045
625.6397526558819,153.78568290180633
626.4127030256063,160.27500607977476
627.185653395331,157.1584921685211
627.9586037650556,154.75921503466756
628.73155413478,152.75302803284436
629.5045045045047,157.92972112710382
630.2774548742293,156.73843392426744
631.0504052439537,161.6842519028039
631.8233556136784,162.25222955169784
632.596305983403,157.03709494451462
633.3692563531274,157.13367276406723
634.142206722852,157.22878083523307
634.9151570925767,162.30822303163112
635.6881074623011,157.4146313609118
636.4610578320257,157.5053956296785
637.2340082017504,154.9773890345175
638.0069585714748,157.6826567147008
638.7799089411994,157.76917534521016
639.5528593109241,157.8543005772208
640.3258096806485,160.84986532013747
641.0987600503731,158.02041447425344
641.8717104200978,156.273264769549
642.6446607898222,152.70451874657607
643.4176111595468,158.48956858548075
644.1905615292715,152.44067575330558
644.9635118989959,157.83224810035196
645.7364622687205,158.48644894257671
646.5094126384452,158.55952440880804
647.2823630081696,160.55211076571788
648.0553133778942,158.70183326670752
648.8282637476188,153.73102906107047
649.6012141173433,156.09190649730985
650.3741644870679,158.90585497405172
651.1471148567925,158.97138808380595
651.920065226517,159.0357023090913
652.6930155962416,156.62389454948965
653.4659659659662,159.16071773476307
654.2389163356906,156.10394858315362
655.0118667054153,156.15762848477416
655.7848170751399,159.33937191792623
656.5577674448643,159.39660188606294
657.330717814589,158.562522505841
658.1036681843136,159.50764512572093
658.876618554038,159.561480211496
659.6495689237627,159.61420548407088
660.4225192934873,159.66583185057252
661.1954696632117,159.7163702181277
661.9684200329364,159.7658314938634
662.741370402661,165.067063406532
663.5143207723854,159.86156639838367
664.2872711421101,159.9078618414219
665.0602215118347,153.5709935871787
665.8331718815591,158.7060005802033
666.6061222512838,153.44360676954605
667.3790726210084,160.08281805172308
668.1520229907328,160.57261284682798
668.9249733604574,160.16431351953858
669.6979237301821,160.20360376905666
670.4708740999065,160.2419369051507
671.2438244696311,159.44799531977367
672.0167748393558,160.31577546557432
672.7897252090802,160.35130270415758
673.5626755788048,161.1965739511473
674.3356259485295,160.41962763370145
675.1085763182539,162.90918315481804
675.8815266879785,160.48438588059423
676.6544770577032,160.51545476586355
677.4274274274276,158.58795253268775
678.2003777971522,160.5750265956826
678.9733281668769,161.11850158508034
679.7462785366013,160.63124988538786
680.5192289063259,156.48985819812964
681.2921792760505,160.6842118919943
682.065129645775,160.70949718195268
682.8380800154996,159.08464367706253
683.6110303852242,160.75773087081384
684.3839807549487,155.004865041952
685.1569311246733,160.8029214191136
685.9298814943979,160.82440278337006
686.7028318641223,160.84515608386678
687.475782233847,160.86519222773057
688.2487326035716,163.7446176334465
689.021682973296,162.22640058254152
689.7946333430207,157.37757956375955
690.5675837127453,160.65050735248735
691.3405340824697,159.97323752301608
692.1134844521944,160.49011803590298
692.886434821919,164.84205969955693
693.6593851916434,161.0009725950809
694.4323355613681,164.84577208590756
695.2052859310927,157.3538962532226
695.9782363008171,161.04137691074553
696.7511866705418,161.05365793091022
697.5241370402664,161.06536358709138
698.2970874099908,162.2685621062654
699.0700377797154,164.90119870863677
699.8429881494401,161.2446136877017
700.6159385191645,164.86903659870922
701.3888888888891,156.74003004640824
702.1618392586138,160.24281559858744
702.9347896283382,159.62387756961274
703.7077399980628,158.5705599289211
704.4806903677875,160.70016414633838
705.2536407375119,161.1531746977146
706.0265911072365,168.09204926846394
706.7995414769609,159.36680138206847
707.5724918466856,161.17014173766177
708.3454422164102,158.08839696156764
709.1183925861346,161.17932159804445
709.8913429558593,157.32881244587378
710.6642933255839,164.9605496266294
711.4372436953083,161.19011228178263
712.210194065033,160.56016504405105
712.9831444347576,161.19544724953101
713.756094804482,154.84890692168338
714.5290451742067,161.19939696000185
715.3019955439313,166.99532155907525
716.0749459136557,161.20204867021005
716.8478962833804,159.45526933702055
717.620846653105,167.97566833060947
718.3937970228294,160.38949586743897
719.166747392554,161.20380711789838
719.9396977622787,163.36246801438645
720.7126481320031,161.8266669157255
721.4855985017277,160.82041218695161
722.2585488714524,160.68019473380448
723.0314992411768,164.14400401266738
723.8044496109014,161.1988912128348
724.5773999806261,157.72008668456667
725.3503503503505,164.97968015016798
726.1233007200751,162.37419030835392
726.8962510897998,159.608359616666
727.6692014595242,161.1893702433465
728.4421518292488,164.84264493308157
729.2151021989735,158.715113987925
729.9880525686979,162.36483096154444
730.7610029384225,165.7938898363536
731.5339533081471,161.63707496243984
732.3069036778716,167.1486195020566
733.0798540475962,161.17050497144126
733.8528044173208,157.59929217167232
734.6257547870453,161.16438672566366
735.3987051567699,158.71111561458875
736.1716555264945,156.91818274474358
736.944605896219,164.4929110805608
737.7175562659436,163.7347361762241
738.4905066356682,161.14856597751563
739.2634570053926,161.14539906198033
740.0364073751173,161.14225667443912
740.8093577448419,161.1391497220189
741.5823081145663,161.13608911184656
742.355258484291,161.35848227256668
743.1282088540156,158.85137983942255
743.90115922374,157.24636582338147
744.6741095934647,158.80786452655605
745.4470599631893,161.12186294414295
746.2200103329137,161.1193093645855
746.9929607026384,161.11687375348487
747.765911072363,158.0326545383634
748.5388614420874,161.11235190205426
749.311811811812,168.50514933295946
750.0847621815367,157.19799437626926
750.8577125512611,160.2964242404822
751.6306629209857,161.1046605462382
752.4036132907104,163.98355080174395
753.1765636604348,160.0792269936904
753.9495140301594,162.08562928503892
754.7224643998841,157.15460166791846
755.4954147696085,161.44218070900828
756.2683651393331,162.54717996225062
757.0413155090578,161.85867111903494
757.8142658787822,163.1817393453941
758.5872162485068,161.0934761771129
759.3601666182315,162.56371754221186
760.1331169879559,156.15241783947684
760.9060673576805,156.77513366236147
761.6790177274052,164.17612853686893
762.4519680971296,162.59187865933788
763.2249184668542,155.79780907776438
763.9978688365788,161.09003500203426
764.7708192063033,158.4693107740799
765.5437695760279,160.2994582220781
766.3167199457525,159.31664371860333
767.089670315477,161.08989774532773
767.8626206852016,161.09005516671215
768.6355710549262,161.09028605831836
769.4085214246506,161.09058880814501
770.1814717943753,161.30659110215194
770.9544221640999,162.50494381767234
771.7273725338243,161.09191208693466
772.500322903549,161.09248614963005
773.2732732732736,161.09312401053933
774.046223642998,160.83939959441105
774.8191740127227,161.09458467899435
775.5921243824473,157.5255297651834
776.3650747521717,161.0962811962892
777.1380251218964,168.6022972734552
777.910975491621,167.03212808680888
778.6839258613454,161.0992399787831
779.45687623107,161.1003301933562
780.2298266007947,157.79032850077408
781.0027769705191,166.5582349381235
781.7757273402437,163.06649463778737
782.5486777099684,160.0795122085188
783.3216280796928,164.6199195283664
784.0945784494174,163.02969114747023
784.8675288191421,162.60089933506956
785.6404791888665,163.766569696881
786.4134295585911,162.6775820128617
787.1863799283158,161.11367731998467
787.9593302980402,161.11522106670822
788.7322806677648,163.0920406520575
789.5052310374892,161.11840162271704
790.2781814072139,162.48861135341275
791.0511317769385,161.1216955154657
791.8240821466629,155.4923336294036
792.5970325163876,161.1250898489438
793.3699828861122,164.09687541560712
794.1429332558366,159.58230532178538
794.9158836255613,163.33260118471523
795.6888339952859,161.13212825404614
796.4617843650103,164.05543317033246
797.234734734735,156.86741363453456
798.0076851044596,161.13757480070942
798.780635474184,161.13941366994
799.5535858439086,161.14126152933974
800.3265362136333,160.49682516580526
801.0994865833577,164.12356517563563
801.8724369530823,162.930187007982
802.645387322807,159.28014861449873
803.4183376925314,161.15057925883076
804.191288062256,159.39431672029966
804.9642384319807,158.68029118357364
805.7371888017051,161.15617461047174
806.5101391714297,161.15803084133526
807.2830895411544,161.15987994235485
808.0560399108788,161.1617203015292
808.8289902806034,161.9631276569306
809.6019406503281,161.16536834633686
810.3748910200525,161.16717280796757
811.1478413897771,164.59133895097625
811.9207917595018,160.3928136305919
812.6937421292262,158.65315665870492
813.4666924989508,159.03770818898136
814.2396428686754,161.71068204442767
815.0125932383999,161.17762417084518
815.7855436081245,161.17928845149476
816.5584939778491,157.60990228466292
817.3314443475736,159.95206806433364
818.1043947172982,157.1349000600185
818.8773450870228,161.18566471548283
819.6502954567472,161.18718050682074
820.4232458264719,161.18866176429233
821.1961961961965,161.19010687589636
821.9691465659209,154.66318512409566
822.7420969356456,159.77878680451465
823.5150473053702,167.5226295801658
824.2879976750946,160.12076689439476
825.0609480448193,159.10218521845553
825.8338984145439,153.827677992325
826.6068487842683,168.60488836529157
827.379799153993,161.20017307733758
828.1527495237176,162.9842204196513
828.925699893442,167.6928298561621
829.6986502631667,161.74858553163307
830.4716006328913,159.16061499709429
831.2445510026157,161.1005269034197
832.0175013723403,159.2095884870887
832.790451742065,161.2063498849521
833.5634021117894,161.2069974304959
834.336352481514,154.96402485159675
835.1093028512387,161.20810025991244
835.8822532209631,157.17402827930695
836.6552035906877,161.2089359937587
837.4281539604124,161.20924966983966
838.2011043301368,156.70472099690954
838.9740546998614,161.20966058031084
839.7470050695861,155.23596791060876
840.5199554393105,161.20977215518545
841.2929058090351,161.2097116617708
842.0658561787598,161.20957149845304
842.8388065484842,157.4279464359997
843.6117569182088,161.209045714103
844.3847072879335,161.20865686906814
845.1576576576579,165.05353517285434
845.9306080273825,161.20761921327207
846.7035583971071,164.68833128701607
847.4765087668316,161.20622418983214
848.2494591365562,154.95665112587224
849.0224095062808,161.20445890273783
849.7953598760053,164.30627464737756
850.5683102457299,161.22143590783813
851.3412606154545,167.6103295941164
852.1142109851789,164.37068075461588
852.8871613549036,161.19834115144516
853.6601117246282,164.34760049641636
854.4330620943526,161.19517838547773
855.2060124640773,158.6637790659159
855.9789628338019,161.8859284394823
856.7519132035263,161.18962715208266
857.524863573251,163.9558257559024
858.2978139429756,167.73193510420174
859.0707643127,161.1830687293233
859.8437146824247,156.32962781173708
860.6166650521493,161.17811540448605
861.3896154218737,160.6087427319018
862.1625657915984,161.17268219990504
862.935516161323,161.16978161270737
863.7084665310474,161.3109363940455
864.481416900772,164.13841911237827
865.2543672704967,158.22617850722114
866.0273176402211,161.7830039246449
866.8002680099457,160.9027137725772
867.5732183796704,159.63472735974142
868.3461687493948,161.14589266393327
869.1191191191194,161.14194849317974
869.8920694888441,161.13786662047582
870.6650198585685,161.7712165068819
871.4379702282931,161.56061786950275
872.2109205980175,161.12477867064848
872.9838709677422,161.12012987012986
