100.80645161290323,149.54708530300792
101.5794019826278,153.6580500426129
102.35235235235236,150.88747765044658
103.12530272207692,151.17935194000574
103.89825309180148,151.4691887767276
104.67120346152605,149.77542284478272
105.44415383125062,152.04274775685664
106.21710420097517,150.21638468380388
106.99005457069974,149.46345519857078
107.76300494042431,155.65525729489545
108.53595531014886,155.98601315386065
109.30890567987343,150.17264203056422
110.08185604959799,149.89667530687635
110.85480641932256,154.82495519781818
111.62775678904713,149.40925851871495
112.40070715877168,155.61699973747162
113.17365752849625,150.06035602219706
113.9466078982208,154.6003703664764
114.71955826794537,157.19633028265747
115.49250863766994,156.1179633516603
116.2654590073945,154.10568047544996
117.03840937711907,153.6707727292026
117.81135974684364,153.16672391811966
118.58431011656819,156.58819631342428
119.35726048629276,151.70431324612295
120.13021085601733,158.54544478446678
120.90316122574188,157.328942206554
121.67611159546645,157.5717565266247
122.449061965191,156.31946081724152
123.22201233491558,156.88833081108314
123.99496270464013,162.68660840377663
124.7679130743647,154.39361299697399
125.54086344408927,158.7550445281528
126.31381381381382,154.79439662150085
127.08676418353839,164.22099309819924
127.85971455326296,162.95728838739302
128.63266492298752,158.92550436712855
129.40561529271207,159.88697302574104
130.17856566243665,160.04200674397038
130.9515160321612,160.32534742005353
131.72446640188576,164.94163613000788
132.49741677161035,158.5070075895378
133.2703671413349,156.58909902811894
134.04331751105946,154.95317618419665
134.81626788078404,161.587763159772
135.5892182505086,160.90458701343002
136.36216862023315,161.79478547489228
137.13511898995773,166.15531248785715
137.9080693596823,159.51013384917036
138.68101972940684,164.95678095798357
139.45397009913142,162.58910106150438
140.22692046885598,161.94795950906672
140.99987083858053,162.9738718689921
141.7728212083051,160.75695990442918
142.54577157802967,160.71001610547057
143.31872194775423,162.93383348781248
144.09167231747878,162.9240516925049
144.86462268720334,163.89963272494646
145.63757305692792,162.95391852296447
146.41052342665247,164.2554583445075
147.18347379637703,164.96547404676133
147.9564241661016,164.60300340376264
148.72937453582617,164.77366926402374
149.50232490555072,171.78828177577424
150.2752752752753,165.17597171294437
151.04822564499986,165.27323316293274
151.82117601472441,163.40087523589295
152.594126384449,165.59590852363652
153.36707675417355,165.16313628967137
154.1400271238981,169.0085527396343
154.9129774936227,163.4432794782074
155.68592786334725,164.2294684006332
156.4588782330718,166.36627754119732
157.23182860279638,167.65651164641852
158.00477897252094,166.2545944492627
158.7777293422455,166.80357088311249
159.55067971197008,169.4214566451855
160.32363008169463,167.08470335411872
161.0965804514192,171.3800949589414
161.86953082114377,165.19786292457715
162.64248119086832,167.97862451426266
163.41543156059288,172.819825027414
164.18838193031743,167.75111299981327
164.961332300042,168.99579992657564
165.73428266976657,168.003095987648
166.50723303949113,162.93982194313296
167.28018340921568,167.42542228108937
168.05313377894026,165.3161016401332
168.82608414866482,169.12156041272826
169.59903451838937,168.98909559979052
170.37198488811396,170.0929663497352
171.1449352578385,168.81933672407277
171.91788562756307,171.09276340115187
172.69083599728765,170.0714872724685
173.4637863670122,174.8920937610028
174.23673673673676,169.23981883647014
175.00968710646134,169.33971294056707
175.7826374761859,169.4375153076616
176.55558784591045,167.6192731092514
177.32853821563504,164.29586072617766
178.1014885853596,174.45870760162944
178.87443895508414,169.80779573200218
179.64738932480873,165.9544528103684
180.42033969453328,170.68901217396066
181.19329006425784,170.44917328715067
181.96624043398242,170.144561668249
182.73919080370695,169.37393232061422
183.51214117343153,167.83136942175074
184.2850915431561,170.3751197651456
185.05804191288064,166.9127746113351
185.83099228260522,168.69839880203997
186.6039426523298,174.16499534180343
187.37689302205433,167.63255382759803
188.14984339177892,168.9323704935893
188.92279376150347,174.05810607734378
189.69574413122803,170.83960546916185
190.4686945009526,167.4862596790366
191.24164487067716,170.9533989799789
192.01459524040172,169.02842312593515
192.7875456101263,163.20310046562633
193.56049597985086,167.61153380226085
194.3334463495754,171.15573339540288
195.1063967193,169.44125886271183
195.87934708902455,171.24426496079852
196.6522974587491,172.83089418051767
197.4252478284737,166.90877065707087
198.19819819819824,168.50550791487436
198.9711485679228,171.39603345892925
199.74409893764738,176.42252832894889
200.51704930737193,171.78612345144586
201.2899996770965,171.48770864237716
202.06295004682107,171.61603380200452
202.8359004165456,176.13821160075065
203.60885078627018,171.41857950993077
204.38180115599476,173.89125275480563
205.1547515257193,171.59826117559146
205.92770189544387,169.12343354713835
206.70065226516846,171.63012955572296
207.47360263489298,169.40311035960283
208.24655300461757,164.41103416417516
209.01950337434212,170.16776482496746
209.79245374406668,174.16507398860278
210.56540411379126,178.43442872187984
211.33835448351581,172.2108963515116
212.11130485324037,167.6848838941957
212.88425522296495,172.89106304261193
213.6572055926895,173.1331288564729
214.43015596241406,175.6365662473712
215.20310633213865,172.52082190597233
215.9760567018632,172.17139501954173
216.74900707158776,174.48192338472654
217.52195744131234,170.77214397399516
218.2949078110369,174.28232440863155
219.06785818076145,171.5580249403987
219.84080855048603,165.3903792663993
220.61375892021059,170.20275379775495
221.38670928993514,175.30006486102744
222.15965965965972,171.4557030585522
222.93261002938428,171.2732668979212
223.70556039910883,171.63135050482776
224.47851076883342,176.165006384702
225.25146113855794,171.245811601634
226.02441150828253,171.27993111672552
226.7973618780071,170.94284858280815
227.57031224773164,171.19471459716002
228.34326261745622,172.21516307600615
229.11621298718077,171.56861185433502
229.88916335690536,171.8566326919507
230.6621137266299,169.72036323804446
231.43506409635447,169.13228366390481
232.20801446607902,174.5601990724243
232.9809648358036,172.09772763405965
233.75391520552816,172.11336736106728
234.5268655752527,173.64492484986127
235.2998159449773,177.2316026710923
236.07276631470185,173.85166359159257
236.8457166844264,172.94518082180375
237.618667054151,169.80878972587928
238.39161742387554,170.3590281551576
239.1645677936001,166.03868133201192
239.93751816332468,170.20486376126985
240.71046853304924,170.12432496468065
241.4834189027738,174.16191857761152
242.25636927249835,169.95616431808068
243.02931964222293,164.9584575330523
243.80227001194748,169.77833312807778
244.57522038167204,167.0508520269014
245.34817075139662,175.9302844992592
246.12112112112118,170.54049235630566
246.89407149084573,165.15823343281752
247.66702186057032,167.83419593166963
248.43997223029487,162.71274291206154
249.21292260001943,167.57684856407698
249.985872969744,170.37150548697556
250.75882333946856,168.851133056244
251.53177370919312,162.56451760954153
252.30472407891767,168.61525604938544
253.07767444864226,169.61527358899565
253.8506248183668,168.36794201616408
254.62357518809137,168.23991118760205
255.39652555781595,168.1089191899708
256.1694759275405,163.7613113876756
256.94242629726506,164.84927592999418
257.71537666698964,166.23943686207852
258.48832703671417,171.98645321937667
259.26127740643875,165.4243402083232
260.03422777616333,166.25450442260285
260.80717814588786,165.88936807550493
261.58012851561244,165.09005795216657
262.353078885337,161.90133096049013
263.12602925506155,165.5517860122748
263.89897962478614,164.88141055576327
264.6719299945107,165.45117850093004
265.44488036423525,166.12110010957628
266.21783073395983,164.45923931708867
266.9907811036844,165.76559877542542
267.76373147340894,173.01642228158323
268.5366818431335,172.35003776832116
269.3096322128581,167.36638224432622
270.08258258258263,165.01226791306425
270.8555329523072,164.81491866055902
271.6284833220318,157.7994373172174
272.4014336917563,164.23665765036492
273.1743840614809,165.525827139372
273.9473344312055,163.98843637809392
274.72028480093,162.71649393957836
275.4932351706546,157.94898569844736
276.2661855403792,163.009792665944
277.0391359101037,167.72753134567074
277.8120862798283,157.2109656568036
278.5850366495529,163.32658381157418
279.3579870192774,162.3940825776429
280.130937389002,159.34298369679416
280.90388775872657,160.79790156286347
281.6768381284511,154.3035485568064
282.4497884981757,155.96457642961394
283.22273886790026,161.13449078580913
283.9956892376248,162.44727169932563
284.7686396073493,160.3563654091133
285.54158997707395,160.32839040167815
286.3145403467985,157.97447461915408
287.087490716523,156.996583609815
287.86044108624765,162.6222839042046
288.6333914559722,159.19295132937
289.4063418256967,158.89803677480907
290.17929219542134,156.14742483954112
290.95224256514587,161.5685981722331
291.7251929348704,155.24518183728952
292.49814330459503,153.15770917820407
293.27109367431956,154.62362519502506
294.0440440440441,157.0332993131072
294.81699441376867,157.38367932617354
295.58994478349325,156.19474954068173
296.3628951532178,156.04065317192888
297.13584552294236,158.55548899291236
297.90879589266694,156.27073332867812
298.68174626239147,152.70113693264847
299.45469663211605,154.65961306223866
300.22764700184064,154.3046976999073
301.00059737156516,153.8837499072766
301.77354774128975,148.66715325550993
302.54649811101433,153.21825397168774
303.31944848073886,157.45888069277058
304.09239885046344,152.47679876178412
304.865349220188,151.25232865305242
305.63829958991255,153.04874651265436
306.41124995963713,151.3407208134874
307.1842003293617,158.02602746893646
307.95715069908624,150.5684810650255
308.7301010688108,152.77130046785427
309.5030514385354,149.78521826837652
310.27600180825993,154.40158195191677
311.0489521779845,148.99167000481825
311.8219025477091,149.70764357228447
312.5948529174336,148.49744670538442
313.3678032871582,143.53018452347385
314.1407536568828,147.3766674020853
314.9137040266073,146.96764080533043
315.6866543963319,144.06824337072217
316.4596047660565,148.55976416103567
317.232555135781,148.67044659365453
318.0055055055056,145.31319656381598
318.7784558752302,144.8954620281123
319.5514062449547,145.29038484716762
320.3243566146793,143.46382719313843
321.0973069844039,143.63383724277682
321.8702573541284,142.45369665304673
322.643207723853,142.78665838063006
323.41615809357756,135.32973553755238
324.1891084633021,141.93546349243564
324.9620588330266,141.14278440061298
325.73500920275126,141.08099015947138
326.5079595724758,140.65275457034988
327.2809099422003,138.88958226346017
328.05386031192495,139.79474653512676
328.8268106816495,138.61275080442024
329.599761051374,141.2783400622583
330.37271142109864,139.043450280211
331.14566179082317,139.9496219974896
331.9186121605477,135.86880068329722
332.69156253027234,137.21498667060337
333.46451289999686,142.6269261058472
334.2374632697214,137.71784944696628
335.010413639446,132.2133092363405
335.78336400917055,134.8394917574501
336.5563143788951,139.06589266625832
337.32926474861966,132.72076414952917
338.10221511834425,135.4488253964714
338.8751654880688,139.08932644148038
339.64811585779336,135.7099787095015
340.42106622751794,132.9390621108143
341.19401659724247,132.51586892220706
341.96696696696705,138.1140764285449
342.73991733669163,129.6873334258995
343.51286770641616,132.1316149918842
344.28581807614074,125.25538921386119
345.0587684458653,129.11503230219498
345.83171881558985,129.30846973479692
346.60466918531444,129.71950622984127
347.377619555039,129.1793940652674
348.15056992476354,128.76980245064652
348.9235202944881,128.6013905965683
349.6964706642127,130.98186936530752
350.46942103393724,126.82248202265028
351.2423714036618,128.75457043214905
352.0153217733864,128.53375201967077
352.78827214311093,132.16752891299882
353.5612225128355,128.67736473775844
354.3341728825601,129.2836096567643
355.1071232522846,128.72338650222892
355.8800736220092,124.79613509055488
356.6530239917338,124.41294963596742
357.4259743614583,117.131415989763
358.1989247311829,123.4786407819935
358.9718751009075,119.78347395818409
359.744825470632,119.03855483429933
360.5177758403566,127.74735664638656
361.2907262100811,122.17856597997965
362.0636765798057,121.81778687164211
362.8366269495303,121.6883369696962
363.6095773192548,121.10698743099435
364.3825276889794,119.56506526566992
365.155478058704,120.41112587438596
365.9284284284285,122.41581651915412
366.7013787981531,119.73091362102069
367.47432916787767,118.88823482780224
368.2472795376022,119.06706209010214
369.0202299073268,119.82800486514759
369.79318027705136,120.52991242189354
370.5661306467759,118.10351737781986
371.3390810165005,118.24527846643481
372.11203138622506,115.74734786428064
372.8849817559496,116.46749183357159
373.65793212567417,114.42949290143932
374.43088249539875,113.34120362188008
375.2038328651233,112.53441461001294
375.97678323484786,113.92776699159049
376.74973360457244,115.46788898082575
377.52268397429697,119.05206319744542
378.29563434402155,113.40385119880702
379.06858471374613,110.55388396162901
379.84153508347066,116.13252029461054
380.61448545319524,118.43916920848146
381.3874358229198,113.03462496894538
382.16038619264435,110.71703651292137
382.93333656236894,113.71247803740167
383.70628693209346,113.48489874028668
384.47923730181805,113.26336602659335
385.25218767154263,108.07833590532589
386.02513804126716,109.15291796570509
386.79808841099174,109.58818249778876
387.5710387807163,109.8542085747586
388.34398915044085,107.64842067745032
389.11693952016543,106.0858440042303
389.88988988989,116.73177287284236
390.66284025961454,113.69906695835638
391.4357906293391,114.87682789850405
392.2087409990637,113.16866981176346
392.98169136878823,112.85156362717471
393.7546417385128,111.07718251403885
394.5275921082374,110.3440412311809
395.3005424779619,111.45382927066854
396.0734928476865,107.64722337993435
396.8464432174111,109.90333265128382
397.6193935871356,110.41256819745264
398.3923439568602,113.22863605929798
399.1652943265848,110.18524750992964
399.9382446963093,108.2131426272723
400.7111950660339,115.72824794872099
401.4841454357585,109.8843918010625
402.257095805483,111.7631231718222
403.0300461752076,112.41078080869684
403.8029965449321,109.63058103410225
404.5759469146567,107.92064967730698
405.3488972843813,113.07845683086721
406.1218476541058,109.42257158343067
406.8947980238304,109.36319822252213
407.667748393555,109.90884442671161
408.4406987632795,109.25911982342954
409.2136491330041,109.21432266482934
409.98659950272867,106.0870193357946
410.7595498724532,106.10959133213206
411.5325002421778,110.35688771725867
412.30545061190236,109.08233956521383
413.0784009816269,112.47676758696048
413.85135135135147,111.71659260824532
414.62430172107605,106.34215983297742
415.3972520908006,110.0535983962142
416.17020246052516,109.02011862835525
416.94315283024974,107.69551765870135
417.71610319997427,109.02601717776554
418.48905356969885,109.03537940967125
419.26200393942344,104.66902882379485
420.03495430914796,109.06669948684356
420.80790467887255,109.07021775284639
421.58085504859713,106.12814084093182
422.35380541832166,106.55306242571048
423.12675578804624,109.17843240880512
423.89970615777077,114.63155713881375
424.67265652749535,105.01838687815646
425.44560689721993,109.30373737538655
426.21855726694446,109.35316580982487
426.99150763666904,105.77136637998748
427.7644580063936,108.63078362018723
428.53740837611815,108.53459585522131
429.31035874584273,112.48163948685726
430.0833091155673,105.44416156334717
430.85625948529184,109.72694338045724
431.6292098550164,107.1217452997506
432.402160224741,113.11703358619036
433.17511059446554,109.72763768243502
433.9480609641901,109.722550161932
434.7210113339147,110.13446242405045
435.49396170363923,113.01060407219302
436.2669120733638,112.39799189435485
437.0398624430884,110.41830185370996
437.8128128128129,110.63495081620798
438.5857631825375,110.6231471381414
439.3587135522621,111.77362797472104
440.1316639219866,111.46639632550318
440.9046142917112,110.95292235761465
441.6775646614358,111.06866513469367
442.4505150311603,111.18723999671992
443.2234654008849,114.094861031913
443.9964157706095,111.43270173478152
444.769366140334,113.95174165769228
445.5423165100586,111.68893909013482
446.3152668797831,111.82098347377567
447.0882172495077,106.7195562218768
447.8611676192323,110.42521638366206
448.6341179889568,111.66006704345595
449.4070683586814,112.3742576432451
450.18001872840597,118.61423369028338
450.9529690981305,112.36187977770147
451.7259194678551,112.07461602452395
452.49886983757966,107.067068743005
453.2718202073042,111.58495896032946
454.04477057702877,112.655217382293
454.81772094675335,116.58144346054006
455.5906713164779,113.59168930645167
456.36362168620246,112.13502237500225
457.13657205592705,111.70638350075146
457.9095224256516,120.41749293518401
458.68247279537616,112.59611932733894
459.45542316510074,114.41917859177367
460.22837353482527,119.94724635235582
461.00132390454985,117.8566315154873
461.77427427427443,109.5274836739196
462.54722464399896,115.59018050593244
463.32017501372354,116.92695712207659
464.0931253834481,116.76657086926707
464.86607575317265,123.50025826278863
465.63902612289723,115.83294672585572
466.41197649262176,116.0164703580357
467.18492686234634,114.79029778840717
467.9578772320709,123.9399007817864
468.73082760179545,115.34703026060406
469.50377797152004,122.10563134042802
470.2767283412446,123.09255980019195
471.04967871096915,115.75710902607038
471.82262908069373,117.33658484372242
472.5955794504183,117.52968405638453
473.36852982014284,120.47612365161261
474.1414801898674,113.63318398129876
474.914430559592,124.29172808586078
475.68738092931653,116.59673555997277
476.4603312990411,118.5093201169417
477.2332816687657,118.43955618081881
478.0062320384902,122.44001306357059
478.7791824082148,124.03399402045763
479.5521327779394,119.3087563802803
480.3250831476639,119.51067591024204
481.0980335173885,119.71339040627566
481.8709838871131,118.8300936990722
482.6439342568376,124.31041078725788
483.4168846265622,114.33674829971828
484.1898349962868,124.44387480105729
484.9627853660113,123.894220081527
485.7357357357359,114.50334413206667
486.5086861054604,119.72182145171156
487.281636475185,118.7643465147241
488.0545868449096,121.57118372855842
488.8275372146341,122.96280543000134
489.6004875843587,123.4313264508674
490.3734379540833,121.8760945152826
491.1463883238078,119.81802355017244
491.9193386935324,123.67693870055409
492.69228906325696,126.4650164122041
493.4652394329815,117.0985473652481
494.2381898027061,116.41368659355062
495.01114017243066,123.48153537322098
495.7840905421552,131.6104983900955
496.55704091187977,128.88337504199302
497.32999128160435,126.16545274589909
498.1029416513289,122.69216866126598
498.87589202105346,124.56163193519119
499.64884239077804,124.77904268011905
500.42179276050257,129.80685816568842
501.19474313022715,125.736502464212
501.96769349995174,127.30212723610036
502.74064386967626,125.65283677529497
503.51359423940085,129.15976134414137
504.28654460912543,121.08237687549163
505.05949497884995,126.74410880146114
505.83244534857454,126.532571385321
506.6053957182991,120.9909425592146
507.37834608802365,124.47254866359737
508.15129645774823,127.19570832881745
508.92424682747276,129.67350248230562
509.69719719719734,129.20769034842067
510.4701475669219,129.40408125324186
511.24309793664645,129.05848885034627
512.016048306371,128.6150820721168
512.7889986760956,125.09295457637356
513.5619490458201,130.36381954096382
514.3348994155447,131.82116344558548
515.1078497852693,132.03944752966186
515.8808001549938,129.21128049769484
516.6537505247184,129.64492462941269
517.426700894443,128.1593992256652
518.1996512641675,130.09221444344092
518.972601633892,126.83932777598949
519.7455520036167,130.65063722174798
520.5185023733412,130.76370578792944
521.2914527430657,130.98762622985342
522.0644031127904,131.21156731900896
522.8373534825149,131.76510239164048
523.6103038522394,132.1789755939962
524.3832542219641,133.65482895001773
525.1562045916886,132.55732890760115
525.9291549614131,130.83352246702094
526.7021053311378,131.4143999711589
527.4750557008623,132.77850584326745
528.2480060705868,133.0020861578553
529.0209564403115,133.55524324437815
529.793906810036,133.44889965462124
530.5668571797605,136.07382206668615
531.3398075494852,132.0332152257437
532.1127579192097,133.82145293412586
532.8857082889342,134.34072904440958
533.6586586586589,134.85292596504416
534.4316090283834,134.43689017975203
535.2045593981079,134.85184879891776
535.9775097678325,136.6740757014564
536.7504601375571,137.28480311332538
537.5234105072816,137.80513221623085
538.2963608770062,135.89328411865165
539.0693112467308,134.8391919989313
539.8422616164553,136.33446330147834
540.6152119861799,137.38761741412105
541.3881623559045,135.85733799948432
542.161112725629,143.38660799699764
542.9340630953536,136.2482249779956
543.7070134650781,137.43173753393265
544.4799638348027,131.0584267192488
545.2529142045273,137.86812311287147
546.0258645742518,139.27681497026268
546.7988149439764,139.95684148568006
547.571765313701,136.0988762991135
548.3447156834255,140.34021654514575
549.1176660531501,143.50823962846925
549.8906164228747,139.1673647483701
550.6635667925992,139.38233175657865
551.4365171623238,143.64287577760447
552.2094675320484,142.8669745014893
552.9824179017729,139.57192311965545
553.7553682714974,140.23726016641012
554.5283186412221,143.67497507492902
555.3012690109466,140.66159084805878
556.0742193806711,140.8729303707
556.8471697503958,138.02261868126132
557.6201201201203,138.85338991778715
558.3930704898448,141.73308068933758
559.1660208595695,141.71250009093555
559.938971229294,141.92088480360303
560.7119215990185,142.12864217939034
561.4848719687432,142.33576009333572
562.2578223384677,140.1294421416439
563.0307727081922,138.10355637764286
563.8037230779169,147.0691824341823
564.5766734476414,143.15759463146114
565.3496238173659,142.27137696220814
566.1225741870905,143.56184529525987
566.8955245568151,142.99626685430513
567.6684749265396,144.05879562755837
568.4414252962642,144.04149365474964
569.2143756659888,151.23256836729942
569.9873260357133,142.74505014139385
570.7602764054379,148.44891507342874
571.5332267751623,144.9645850893827
572.306177144887,145.1614774165506
573.0791275146116,145.35754840744943
573.852077884336,145.06253508634185
574.6250282540607,143.49063746426555
575.3979786237853,139.5700375520703
576.1709289935097,153.29813543776908
576.9438793632344,146.3251589442438
577.716829732959,146.51604729333013
578.4897801026834,145.9235540426064
579.2627304724081,148.13538151049926
580.0356808421327,145.60408802838433
580.8086312118571,148.02388018364744
581.5815815815818,147.45665337449955
582.3545319513064,147.64192258314836
583.1274823210308,147.8262128310246
583.9004326907555,148.00951199316643
584.6733830604801,146.40471578671207
585.4463334302045,149.26800660863285
586.2192837999291,145.3271356572229
586.9922341696538,148.2936493977413
587.7651845393782,149.1601502542452
588.5381349091028,149.17053311015013
589.3110852788275,143.5963624609801
590.0840356485519,149.43877120844627
590.8569860182765,149.9251385439067
591.629936388001,149.78532640759587
592.4028867577256,148.5438235422275
593.1758371274502,149.41048160911424
593.9487874971747,153.28530842610354
594.7217378668993,157.05737214358723
595.4946882366239,148.9156663388677
596.2676386063484,147.1577557964673
597.040588976073,150.96221254422525
597.8135393457976,150.9393943046442
598.5864897155221,154.42912583010883
599.3594400852467,151.44869479059884
600.1323904549713,151.60838028614114
600.9053408246958,152.4386118387419
601.6782911944204,151.92396564758138
602.451241564145,154.9018703461089
603.2241919338695,152.23442266975064
603.997142303594,154.10475158108525
604.7700926733187,152.53965435295444
605.5430430430432,153.72086802735984
606.3159934127677,157.19119764370726
607.0889437824924,151.27500721986212
607.8618941522169,153.13405370368764
608.6348445219414,156.45706640274855
609.4077948916661,153.42302737182817
610.1807452613906,150.05980384597322
610.9536956311151,147.48731833004712
611.7266460008398,154.46123085782452
612.4995963705643,155.78351783230843
613.2725467402888,153.99271527816256
614.0454971100135,148.84626102060784
614.8184474797381,154.3895936150966
615.5913978494625,159.04291293677545
616.3643482191871,154.65254339079837
617.1372985889118,153.23237557802642
617.9102489586362,153.96892940436828
618.6831993283608,153.98151946403672
619.4561496980855,153.86154476773342
620.2291000678099,157.23710700028872
621.0020504375345,152.2044944316277
621.775000807259,153.90487722373985
622.5479511769836,155.13668133731673
623.3209015467082,155.99469029537826
624.0938519164326,149.82423902568038
624.8668022861573,158.52214471491098
625.6397526558819,155.14021756782813
626.4127030256063,156.21025259094552
627.185653395331,157.85806286655819
627.9586037650556,156.42615251197205
628.73155413478,153.81617216457593
629.5045045045047,156.63586803989907
630.2774548742293,156.73843392426744
631.0504052439537,154.19059933584813
631.8233556136784,155.44858027756882
632.596305983403,158.6348076314072
633.3692563531274,154.54715835293152
634.142206722852,157.22878083523307
634.9151570925767,155.9952708263187
635.6881074623011,157.4146313609118
636.4610578320257,158.94375342119903
637.2340082017504,155.7060679161194
638.0069585714748,157.46042073787845
638.7799089411994,160.68340528388373
639.5528593109241,157.8543005772208
640.3258096806485,161.43913806722503
641.0987600503731,155.2549438065187
641.8717104200978,158.1014249535292
642.6446607898222,159.52553502570615
643.4176111595468,158.25940750923382
644.1905615292715,158.32077555732772
644.9635118989959,161.34280392528498
645.7364622687205,159.0168273682852
646.5094126384452,153.51868681505835
647.2823630081696,159.0964149935964
648.0553133778942,158.70183326670752
648.8282637476188,158.7710884726294
649.6012141173433,156.4115872468623
650.3741644870679,158.4188747990427
651.1471148567925,157.9272639534459
651.920065226517,159.44625739200995
652.6930155962416,159.09880855703472
653.4659659659662,161.07594003338426
654.2389163356906,155.2139664211066
655.0118667054153,159.28098850808195
655.7848170751399,164.21351758080036
656.5577674448643,159.46702014270264
657.330717814589,164.09844867594413
658.1036681843136,159.50764512572093
658.876618554038,158.6877820336535
659.6495689237627,154.8599342082019
660.4225192934873,161.2431233510798
661.1954696632117,160.56032383407276
661.9684200329364,156.05144500769907
662.741370402661,154.62460662060042
663.5143207723854,159.86156639838367
664.2872711421101,159.9078618414219
665.0602215118347,156.1947148715453
665.8331718815591,156.244883900992
666.6061222512838,156.1703168242602
667.3790726210084,160.08281805172308
668.1520229907328,159.57234027043188
668.9249733604574,160.16431351953858
669.6979237301821,156.56522836333266
670.4708740999065,158.18822229199938
671.2438244696311,160.27932383494766
672.0167748393558,157.08760834333572
672.7897252090802,164.49826583739195
673.5626755788048,160.38591645782435
674.3356259485295,165.51175347788597
675.1085763182539,161.7177962057616
675.8815266879785,160.48438588059423
676.6544770577032,167.28683423417561
677.4274274274276,163.90688491047285
678.2003777971522,157.4421167137408
678.9733281668769,160.60355135448606
679.7462785366013,161.87880649968656
680.5192289063259,160.658133095515
681.2921792760505,163.72817867365814
682.065129645775,160.70949718195268
682.8380800154996,159.73765705987702
683.6110303852242,162.16151698224934
684.3839807549487,160.7807010839705
685.1569311246733,157.38261689895643
685.9298814943979,159.36221317138012
686.7028318641223,160.84515608386678
687.475782233847,160.86519222773057
688.2487326035716,160.97742703071924
689.021682973296,159.15235377097386
689.7946333430207,160.92110679079332
690.5675837127453,162.1773520410377
691.3405340824697,164.0026934429992
692.1134844521944,161.20881448207714
692.886434821919,160.11064489723645
693.6593851916434,162.9298426400249
694.4323355613681,154.06932460873227
695.2052859310927,161.02850961947027
695.9782363008171,161.04137691074553
696.7511866705418,162.61738316316487
697.5241370402664,161.06536358709138
698.2970874099908,161.07650478641574
699.0700377797154,158.40016780605288
699.8429881494401,161.09713744300169
700.6159385191645,155.97155008096772
701.3888888888891,163.9513832553441
702.1618392586138,162.62712006371387
702.9347896283382,161.11371210478256
703.7077399980628,160.8274484494202
704.4806903677875,160.5975038565841
705.2536407375119,163.12992568085753
706.0265911072365,159.63284902665535
706.7995414769609,161.16492326472266
707.5724918466856,161.17014173766177
708.3454422164102,159.15271790965397
709.1183925861346,158.03586423656245
709.8913429558593,161.18330479974173
710.6642933255839,165.08886855657622
711.4372436953083,161.19011228178263
712.210194065033,160.0267454344944
712.9831444347576,161.38033923939196
713.756094804482,159.32515055334733
714.5290451742067,164.4031383558079
715.3019955439313,161.20087961157537
716.0749459136557,157.0089997163993
716.8478962833804,160.01185477571326
717.620846653105,161.20348963717055
718.3937970228294,163.22018721546436
719.166747392554,161.20380711789838
719.9396977622787,163.1885489065961
720.7126481320031,159.78591137840831
721.4855985017277,162.79346753502693
722.2585488714524,160.04471868074256
723.0314992411768,163.63271325213736
723.8044496109014,161.1988912128348
724.5773999806261,161.19733061951615
725.3503503503505,162.87249759840034
726.1233007200751,166.93012890803476
726.8962510897998,161.1915962235694
727.6692014595242,161.1893702433465
728.4421518292488,160.0777228827755
729.2151021989735,159.42558161566592
729.9880525686979,159.38382895113182
730.7610029384225,161.17918460463437
731.5339533081471,161.64840500793278
732.3069036778716,161.1734754543623
733.0798540475962,157.48368907634784
733.8528044173208,163.84798121491548
734.6257547870453,161.07563275342034
735.3987051567699,163.1223685430536
736.1716555264945,154.98703393730844
736.944605896219,163.81428911174947
737.7175562659436,163.25295561891468
738.4905066356682,161.14856597751563
739.2634570053926,154.70976748341383
740.0364073751173,161.14225667443912
740.8093577448419,161.1391497220189
741.5823081145663,161.13608911184656
742.355258484291,161.13308575104895
743.1282088540156,163.71810709677052
743.90115922374,161.1272944060853
744.6741095934647,161.124528236173
745.4470599631893,161.92580605436032
746.2200103329137,161.1193093645855
746.9929607026384,161.11687375348487
747.765911072363,161.11455513664163
748.5388614420874,156.9555809988867
749.311811811812,161.1102624377216
750.0847621815367,159.15910151808862
750.8577125512611,162.1959281640159
751.6306629209857,161.27025465245688
752.4036132907104,161.64424913400154
753.1765636604348,161.72152524809758
753.9495140301594,162.7879738663804
754.7224643998841,161.09868634641228
755.4954147696085,161.36558567301057
756.2683651393331,161.09631093996936
757.0413155090578,160.45455047497597
757.8142658787822,161.53242721123212
758.5872162485068,155.1889436058285
759.3601666182315,163.31593712197827
760.1331169879559,164.24266391934714
760.9060673576805,165.79481418329684
761.6790177274052,156.64680190356418
762.4519680971296,166.50611582367512
763.2249184668542,158.0336296694709
763.9978688365788,164.17368791334673
764.7708192063033,160.84151787832744
765.5437695760279,160.2219694811336
766.3167199457525,156.72069913545604
767.089670315477,162.56073781662244
767.8626206852016,165.0099285335387
768.6355710549262,163.06735900105718
769.4085214246506,162.61617230801505
770.1814717943753,161.84731846862914
770.9544221640999,160.76750111466148
771.7273725338243,166.7236456292557
772.500322903549,161.09248614963005
773.2732732732736,155.59028994855618
774.046223642998,160.15069893527541
774.8191740127227,160.60443693259157
775.5921243824473,160.8460929060722
776.3650747521717,160.32884298691937
777.1380251218964,168.69271819810535
777.910975491621,161.0982006664133
778.6839258613454,161.3232800923214
779.45687623107,160.1667884650629
780.2298266007947,161.10146969813147
781.0027769705191,157.8532079571517
781.7757273402437,159.86874597354208
782.5486777099684,162.03915319176377
783.3216280796928,161.10648837922676
784.0945784494174,160.55265430475336
784.8675288191421,163.3121872086889
785.6404791888665,162.83347626545506
786.4134295585911,166.56983680603958
787.1863799283158,161.11367731998467
787.9593302980402,158.73848654674737
788.7322806677648,153.30792143045664
789.5052310374892,165.7618280815334
790.2781814072139,161.32014344140885
791.0511317769385,159.58964178755193
791.8240821466629,159.45415565856942
792.5970325163876,160.93319705499655
793.3699828861122,166.06939521761547
794.1429332558366,160.04258406473735
794.9158836255613,164.71081230900649
795.6888339952859,162.93877153252424
796.4617843650103,161.1339304807612
797.234734734735,161.32538664641174
798.0076851044596,161.23619370910976
798.780635474184,163.27515746321885
799.5535858439086,161.14126152933974
800.3265362136333,161.1431167669074
801.0994865833577,167.1943342987579
801.8724369530823,161.1468429285412
802.645387322807,163.72428620004393
803.4183376925314,161.41468504363067
804.191288062256,161.1524472072182
804.9642384319807,161.15431286176562
805.7371888017051,161.15617461047174
806.5101391714297,159.68071384305128
807.2830895411544,160.7258254600712
808.0560399108788,160.57394966679956
808.8289902806034,162.77167169744092
809.6019406503281,161.16536834633686
810.3748910200525,159.8400094911834
811.1478413897771,162.5692064493097
811.9207917595018,161.17073454967615
812.6937421292262,162.6436798678825
813.4666924989508,161.1742226359722
814.2396428686754,160.61961243724647
815.0125932383999,159.91439264944214
815.7855436081245,159.82410018021153
816.5584939778491,160.87357587977036
817.3314443475736,161.8630817153253
818.1043947172982,163.5049188166012
818.8773450870228,154.76392381032173
819.6502954567472,164.87042145772355
820.4232458264719,162.15930997649784
821.1961961961965,161.19010687589636
821.9691465659209,161.1915142296315
822.7420969356456,162.05268270580262
823.5150473053702,162.45266907784767
824.2879976750946,162.6158761897979
825.0609480448193,159.10944971794999
825.8338984145439,163.75446519503788
826.6068487842683,161.81528637317479
827.379799153993,161.20017307733758
828.1527495237176,159.3747743582239
828.925699893442,157.83051013116267
829.6986502631667,160.9504684158195
830.4716006328913,161.7124165984296
831.2445510026157,161.20487059219985
832.0175013723403,168.53432225202647
832.790451742065,162.3601203079719
833.5634021117894,161.2069974304959
834.336352481514,161.64552825397763
835.1093028512387,160.85917611545094
835.8822532209631,164.24252632226714
836.6552035906877,156.66678315244403
837.4281539604124,162.1625433844513
838.2011043301368,161.20949173602418
838.9740546998614,160.625214743266
839.7470050695861,161.78464305418868
840.5199554393105,160.6781341060351
841.2929058090351,161.2097116617708
842.0658561787598,161.20957149845304
842.8388065484842,161.78779111328578
843.6117569182088,163.86335729575734
844.3847072879335,161.20865686906814
845.1576576576579,155.76526358358487
845.9306080273825,156.16103202911071
846.7035583971071,156.9499613673937
847.4765087668316,164.0098709661797
848.2494591365562,159.71201432244465
849.0224095062808,168.0551317032749
849.7953598760053,167.6750567923874
850.5683102457299,159.9914970118724
851.3412606154545,161.20108851772142
852.1142109851789,164.57553500254227
852.8871613549036,161.19834115144516
853.6601117246282,161.19681249942354
854.4330620943526,161.19517838547773
855.2060124640773,159.52162875669475
855.9789628338019,161.19158732380862
856.7519132035263,167.02937174294937
857.524863573251,163.32899808900032
858.2978139429756,161.86751645198157
859.0707643127,158.6234849892422
859.8437146824247,158.56489001630092
860.6166650521493,165.22034510693743
861.3896154218737,156.19339663680955
862.1625657915984,162.73529475056745
862.935516161323,163.79522903008214
863.7084665310474,161.1667562195698
864.481416900772,159.29677297617818
865.2543672704967,158.05071002859393
866.0273176402211,161.15691508450465
866.8002680099457,161.1533743475944
867.5732183796704,161.85104591864214
868.3461687493948,167.31647124817127
869.1191191191194,161.14194849317974
869.8920694888441,156.43756613607704
870.6650198585685,161.13364543382013
871.4379702282931,158.13686466364248
872.2109205980175,161.12477867064848
872.9838709677422,161.12012987012986
