100.80645161290323,153.02212662528945
101.5794019826278,149.99166512701325
102.35235235235236,150.88747765044658
103.12530272207692,151.17935194000574
103.89825309180148,151.4691887767276
104.67120346152605,150.48921636650442
105.44415383125062,156.06780852536374
106.21710420097517,154.17017855767332
106.99005457069974,152.6081499212281
107.76300494042431,152.88779073825293
108.53595531014886,154.99984038718597
109.30890567987343,148.41157114449103
110.08185604959799,153.71446512427556
110.85480641932256,155.45501894257447
111.62775678904713,154.2553688237405
112.40070715877168,158.2995165898165
113.17365752849625,154.78809702902544
113.9466078982208,155.05139386209865
114.71955826794537,153.67030258705603
115.49250863766994,155.57185007060303
116.2654590073945,155.06091243078163
117.03840937711907,156.08411911091346
117.81135974684364,158.27867027952422
118.58431011656819,156.58819631342428
119.35726048629276,154.4490928530916
120.13021085601733,157.08407700852987
120.90316122574188,154.25072110913558
121.67611159546645,157.5717565266247
122.449061965191,150.1845825943878
123.22201233491558,156.12471947097035
123.99496270464013,156.2697909276005
124.7679130743647,158.5224933533596
125.54086344408927,157.46532221455686
126.31381381381382,154.9469471296374
127.08676418353839,164.25941854435334
127.85971455326296,159.44036943678412
128.63266492298752,159.6646995887428
129.40561529271207,159.88697302574104
130.17856566243665,160.43030893621017
130.9515160321612,164.7749639672923
131.72446640188576,160.6028289555213
132.49741677161035,159.17942733802977
133.2703671413349,162.9206451532265
134.04331751105946,163.6741895124032
134.81626788078404,161.38525003497912
135.5892182505086,158.51735268048998
136.36216862023315,164.19671003918612
137.13511898995773,160.5298174382809
137.9080693596823,165.20329860553113
138.68101972940684,162.46416564584575
139.45397009913142,164.02310677424305
140.22692046885598,164.43690756474578
140.99987083858053,165.8584743559844
141.7728212083051,163.16315848332897
142.54577157802967,156.45007685234492
143.31872194775423,166.6700297021648
144.09167231747878,163.71861616430294
144.86462268720334,163.89963272494646
145.63757305692792,163.80056720035216
146.41052342665247,169.3594208005517
147.18347379637703,164.26446743849928
147.9564241661016,168.19267471038899
148.72937453582617,164.77366926402374
149.50232490555072,166.74317050229718
150.2752752752753,164.0597102924003
151.04822564499986,172.1961046236509
151.82117601472441,166.17787211839956
152.594126384449,164.7429960677093
153.36707675417355,165.47425431488162
154.1400271238981,168.92821225718464
154.9129774936227,169.14174737017834
155.68592786334725,166.2163568592535
156.4588782330718,166.36627754119732
157.23182860279638,166.51412049495553
158.00477897252094,167.49341514076792
158.7777293422455,159.60007125839888
159.55067971197008,165.0694326893693
160.32363008169463,166.6451857731509
161.0965804514192,169.61069854657657
161.86953082114377,167.35751323836868
162.64248119086832,167.49079575120828
163.41543156059288,169.91239839564906
164.18838193031743,170.57316608264185
164.961332300042,167.8781465681773
165.73428266976657,169.481092507175
166.50723303949113,173.62953119673898
167.28018340921568,166.41905082155927
168.05313377894026,167.99720414687965
168.82608414866482,164.46682522671452
169.59903451838937,169.2128683501991
170.37198488811396,170.1850068140693
171.1449352578385,165.563519350998
171.91788562756307,166.74474125418556
172.69083599728765,170.05894628512138
173.4637863670122,171.24595786535275
174.23673673673676,169.23981883647014
175.00968710646134,168.14949732280985
175.7826374761859,169.4375153076616
176.55558784591045,169.53322535405306
177.32853821563504,172.0438518456254
178.1014885853596,171.3462305631788
178.87443895508414,169.80779573200218
179.64738932480873,163.69532874423354
180.42033969453328,169.98037034594012
181.19329006425784,168.40528805579433
181.96624043398242,172.57978888888366
182.73919080370695,169.86191515655662
183.51214117343153,166.04298303351834
184.2850915431561,167.98279774970746
185.05804191288064,173.313258276809
185.83099228260522,171.91335892627808
186.6039426523298,174.99957904251343
187.37689302205433,165.85837259790185
188.14984339177892,164.4927763308724
188.92279376150347,170.7795541809295
189.69574413122803,169.08896085918548
190.4686945009526,168.83850181370988
191.24164487067716,169.55624973015838
192.01459524040172,171.00714003516225
192.7875456101263,166.43402050175752
193.56049597985086,171.10830782657493
194.3334463495754,171.15573339540288
195.1063967193,171.22949471323068
195.87934708902455,171.8214041037226
196.6522974587491,172.09804012483252
197.4252478284737,171.3243665385092
198.19819819819824,169.97094877412857
198.9711485679228,167.2344033454412
199.74409893764738,169.72213211527986
200.51704930737193,171.4592610524531
201.2899996770965,171.48770864237716
202.06295004682107,171.2635495926638
202.8359004165456,174.6114668733017
203.60885078627018,171.5603795803898
204.38180115599476,174.4244284435577
205.1547515257193,175.8998337793308
205.92770189544387,168.685359474592
206.70065226516846,168.1061616547842
207.47360263489298,172.01299358307307
208.24655300461757,171.64864568043342
209.01950337434212,173.20725868710366
209.79245374406668,171.66113925086256
210.56540411379126,171.66420932262676
211.33835448351581,174.2307918044923
212.11130485324037,172.98787292852026
212.88425522296495,168.94326676271032
213.6572055926895,172.09252474180929
214.43015596241406,175.6275572009257
215.20310633213865,171.35098344407962
215.9760567018632,169.70597054024614
216.74900707158776,171.8150664678047
217.52195744131234,176.10571948092706
218.2949078110369,171.536926094521
219.06785818076145,171.48862757441003
219.84080855048603,177.01050745577373
220.61375892021059,174.72978802960952
221.38670928993514,171.48447308387966
222.15965965965972,167.9021002334045
222.93261002938428,166.9548333356239
223.70556039910883,172.22924948301085
224.47851076883342,172.55784361660238
225.25146113855794,168.6081586953977
226.02441150828253,171.07847245439126
226.7973618780071,171.23838827941736
227.57031224773164,171.19471459716002
228.34326261745622,171.1489094862527
229.11621298718077,173.8980113830445
229.88916335690536,171.0509026436855
230.6621137266299,170.9986997446242
231.43506409635447,175.80336219657013
232.20801446607902,170.88789207244275
232.9809648358036,170.82928613192115
233.75391520552816,168.40689094800743
234.5268655752527,171.09004581323396
235.2998159449773,173.48399807442397
236.07276631470185,170.57350131015457
236.8457166844264,167.79044975838363
237.618667054151,174.763816861135
238.39161742387554,170.3590281551576
239.1645677936001,171.22077277849382
239.93751816332468,168.6590557263543
240.71046853304924,170.12432496468065
241.4834189027738,170.3082543307529
242.25636927249835,171.7269727910518
243.02931964222293,176.63526128467313
243.80227001194748,167.9911350085057
244.57522038167204,165.45440097274204
245.34817075139662,168.61131207501822
246.12112112112118,169.49285958473527
246.89407149084573,169.39257205142633
247.66702186057032,168.88343291012555
248.43997223029487,168.49518686057183
249.21292260001943,168.17823642953547
249.985872969744,172.87760509719422
250.75882333946856,168.76348340680292
251.53177370919312,171.01722561912786
252.30472407891767,171.5547914455774
253.07767444864226,168.49304564648318
253.8506248183668,168.36794201616408
254.62357518809137,169.73049166566818
255.39652555781595,171.22646554792948
256.1694759275405,167.9749320524444
256.94242629726506,167.83791580419646
257.71537666698964,167.69783647440096
258.48832703671417,167.55466009223176
259.26127740643875,167.40835268686266
260.03422777616333,167.25888028746755
260.80717814588786,163.2237581085612
261.58012851561244,162.5542343621981
262.353078885337,166.79113341686445
263.12602925506155,163.7440996746368
263.89897962478614,163.57585143379418
264.6719299945107,166.57126552435798
265.44488036423525,165.85382430122843
266.21783073395983,171.27903623592553
266.9907811036844,165.76559877542542
267.76373147340894,169.41371252538812
268.5366818431335,165.39607863212447
269.3096322128581,162.24007821998705
270.08258258258263,165.01226791306425
270.8555329523072,164.81491866055902
271.6284833220318,164.42325154747243
272.4014336917563,165.24109514700655
273.1743840614809,164.20068768122914
273.9473344312055,163.98843637809392
274.72028480093,168.46394904595266
275.4932351706546,165.22171236222908
276.2661855403792,161.71043295256186
277.0391359101037,163.60154907867113
277.8120862798283,162.869343850052
278.5850366495529,163.27550009970912
279.3579870192774,168.01759272741157
280.130937389002,167.74789726673978
280.90388775872657,169.3442849103563
281.6768381284511,162.86180383702316
282.4497884981757,161.39470944014465
283.22273886790026,161.13449078580913
283.9956892376248,158.91473499023996
284.7686396073493,160.60136523740206
285.54158997707395,159.21586282610158
286.3145403467985,160.05109556383917
287.087490716523,158.36719151706635
287.86044108624765,159.48340999851123
288.6333914559722,155.45980690801204
289.4063418256967,155.6906600299372
290.17929219542134,158.59863236400224
290.95224256514587,162.60424508822047
291.7251929348704,160.53440010975302
292.49814330459503,152.833239045709
293.27109367431956,157.35547365053577
294.0440440440441,157.97654951156443
294.81699441376867,155.70102254912842
295.58994478349325,156.67844093257895
296.3628951532178,159.74078885610825
297.13584552294236,161.67996278848204
297.90879589266694,155.35804178033032
298.68174626239147,155.01075848826625
299.45469663211605,157.04150284986528
300.22764700184064,152.1024723154254
301.00059737156516,153.7600213107672
301.77354774128975,151.65404138598495
302.54649811101433,152.27882905695586
303.31944848073886,150.55497833915976
304.09239885046344,152.47679876178412
304.865349220188,148.9913623749738
305.63829958991255,149.74100019409013
306.41124995963713,156.212966189949
307.1842003293617,157.74580658427368
307.95715069908624,150.5684810650255
308.7301010688108,150.34358401362522
309.5030514385354,145.49944445480477
310.27600180825993,150.67424852618777
311.0489521779845,151.68502102253035
311.8219025477091,144.6823069850228
312.5948529174336,150.40837849551056
313.3678032871582,147.78367581807126
314.1407536568828,148.7481656309161
314.9137040266073,142.99959169305794
315.6866543963319,146.55668822546633
316.4596047660565,148.98421086253674
317.232555135781,145.7293739070494
318.0055055055056,146.85009741178195
318.7784558752302,144.65045964599778
319.5514062449547,144.4762624975981
320.3243566146793,143.39530557243893
321.0973069844039,148.09731962260196
321.8702573541284,136.7165018437548
322.643207723853,142.57234900779423
323.41615809357756,142.36151684095893
324.1891084633021,135.37349154167717
324.9620588330266,141.5085905327199
325.73500920275126,139.09394615982333
326.5079595724758,142.80973112768208
327.2809099422003,134.23720002777193
328.05386031192495,137.81517598198323
328.8268106816495,138.04494305202505
329.599761051374,138.9353029287111
330.37271142109864,138.50526904759818
331.14566179082317,136.89971320732863
331.9186121605477,137.64502199114395
332.69156253027234,137.21498667060337
333.46451289999686,143.6685109791136
334.2374632697214,132.34210958164107
335.010413639446,138.55633835899786
335.78336400917055,137.43515079325223
336.5563143788951,131.7227036372524
337.32926474861966,134.9181010428768
338.10221511834425,130.49187457957163
338.8751654880688,136.5433315750905
339.64811585779336,132.1074498336467
340.42106622751794,132.323857001353
341.19401659724247,133.3807648933782
341.96696696696705,132.0938313099965
342.73991733669163,131.673038201583
343.51286770641616,130.13664932085828
344.28581807614074,130.8355412057493
345.0587684458653,130.99930717855682
345.83171881558985,131.25947025798126
346.60466918531444,129.59085267548852
347.377619555039,123.93698235149358
348.15056992476354,133.87848825952247
348.9235202944881,130.4290573087972
349.6964706642127,134.64297003520818
350.46942103393724,127.55311885439035
351.2423714036618,127.15188449617526
352.0153217733864,128.33369985228262
352.78827214311093,123.5137383047563
353.5612225128355,125.9624069267473
354.3341728825601,125.5709526633453
355.1071232522846,125.18216574214767
355.8800736220092,127.86852314488965
356.6530239917338,128.43537256057314
357.4259743614583,128.63418707522084
358.1989247311829,123.65547002741023
358.9718751009075,121.30900271965986
359.744825470632,120.47445716215448
360.5177758403566,122.5428127771257
361.2907262100811,122.17856597997965
362.0636765798057,126.49292314072083
362.8366269495303,124.66456277400273
363.6095773192548,122.5222073035729
364.3825276889794,117.36065072285078
365.155478058704,120.41112587438596
365.9284284284285,120.06901912109774
366.7013787981531,119.73091362102069
367.47432916787767,118.7072770975894
368.2472795376022,122.40254437701837
369.0202299073268,118.74149391406151
369.79318027705136,118.42028270083392
370.5661306467759,120.17815773779714
371.3390810165005,115.54224728752095
372.11203138622506,117.82342921982807
372.8849817559496,114.39860910161089
373.65793212567417,117.34311413839688
374.43088249539875,113.80674932978246
375.2038328651233,115.64458207801935
375.97678323484786,116.01811494433747
376.74973360457244,116.18262689968029
377.52268397429697,114.75141176512565
378.29563434402155,115.19995213752155
379.06858471374613,114.937960815286
379.84153508347066,114.33687941657385
380.61448545319524,113.15392849128527
381.3874358229198,115.94878025765078
382.16038619264435,113.94601499053788
382.93333656236894,120.06830266059781
383.70628693209346,107.31655681573021
384.47923730181805,113.37562413638697
385.25218767154263,107.30043279789703
386.02513804126716,110.06589243218559
386.79808841099174,111.90384418226446
387.5710387807163,112.43872707950604
388.34398915044085,115.33415665328098
389.11693952016543,104.92937368231014
389.88988988989,112.38139284025858
390.66284025961454,110.1562779286388
391.4357906293391,111.26101750602368
392.2087409990637,111.3825205441545
392.98169136878823,115.39145292732846
393.7546417385128,112.61345664990401
394.5275921082374,111.83229827622475
395.3005424779619,110.79459575531621
396.0734928476865,114.0639814270286
396.8464432174111,106.70458052681767
397.6193935871356,110.41256819745264
398.3923439568602,110.29620212539128
399.1652943265848,110.18524750992964
399.9382446963093,110.77000418950988
400.7111950660339,109.97938840797333
401.4841454357585,108.59030566914906
402.257095805483,112.01445535467555
403.0300461752076,109.71003417433502
403.8029965449321,108.4457536792093
404.5759469146567,107.60674382224333
405.3488972843813,107.81436871800203
406.1218476541058,109.42257158343067
406.8947980238304,110.53612588006717
407.667748393555,105.09841148046439
408.4406987632795,102.00431448914071
409.2136491330041,114.04680814412723
409.98659950272867,109.17429211991575
410.7595498724532,109.58787721834425
411.5325002421778,106.76644540067946
412.30545061190236,115.17701597623442
413.0784009816269,103.86397429703834
413.85135135135147,108.76067734459335
414.62430172107605,101.50944788082234
415.3972520908006,108.73278631963905
416.17020246052516,108.9200296109635
416.94315283024974,107.9171782643669
417.71610319997427,109.02601717776554
418.48905356969885,109.03537940967125
419.26200393942344,109.04895553276664
420.03495430914796,109.06669948684356
420.80790467887255,108.73516171685121
421.58085504859713,104.70092619355559
422.35380541832166,105.64950044198346
423.12675578804624,109.05303325174565
423.89970615777077,104.09929057253343
424.67265652749535,109.25810829026504
425.44560689721993,109.30373737538655
426.21855726694446,108.49975987243737
426.99150763666904,109.2043649462861
427.7644580063936,110.72194586684157
428.53740837611815,114.12680679835495
429.31035874584273,108.853291943257
430.0833091155673,108.83727938908216
430.85625948529184,108.50495903748104
431.6292098550164,109.8016775742876
432.402160224741,115.72149598479028
433.17511059446554,106.41465647900596
433.9480609641901,105.66055282134522
434.7210113339147,115.8848940063734
435.49396170363923,110.22589035406112
436.2669120733638,108.04607877049001
437.0398624430884,110.41830185370996
437.8128128128129,112.48829246037566
438.5857631825375,110.6231471381414
439.3587135522621,106.42398822205159
440.1316639219866,105.24403340862787
440.9046142917112,104.34014186000199
441.6775646614358,108.45546586774886
442.4505150311603,111.18723999671992
443.2234654008849,110.07436863443996
443.9964157706095,111.43270173478152
444.769366140334,111.55949649040076
445.5423165100586,112.72120274836847
446.3152668797831,111.98488078604825
447.0882172495077,115.89914845637858
447.8611676192323,111.98805666504497
448.6341179889568,112.23226672605796
449.4070683586814,118.07023814803296
450.18001872840597,114.46136201849552
450.9529690981305,113.97287010661904
451.7259194678551,116.86878247829009
452.49886983757966,113.47646152086017
453.2718202073042,115.26997235109872
454.04477057702877,113.27439217927818
454.81772094675335,114.04779245903951
455.5906713164779,118.08252858907215
456.36362168620246,107.78743909786729
457.13657205592705,113.27638535968366
457.9095224256516,117.50875326396505
458.68247279537616,114.24995109355436
459.45542316510074,114.41917859177367
460.22837353482527,116.1450834635886
461.00132390454985,114.7629056284881
461.77427427427443,114.69184872020013
462.54722464399896,115.11335498418299
463.32017501372354,115.55914592780704
464.0931253834481,110.72232960051446
464.86607575317265,113.54691329893404
465.63902612289723,120.25457851725848
466.41197649262176,111.93791841483907
467.18492686234634,113.41346153758884
467.9578772320709,117.70489865928546
468.73082760179545,118.21035973320856
469.50377797152004,122.81181450092791
470.2767283412446,123.00222588068067
471.04967871096915,120.35667804274615
471.82262908069373,112.24309658033441
472.5955794504183,117.52968405638453
473.36852982014284,116.66932202068368
474.1414801898674,117.91880594287585
474.914430559592,113.2756808004873
475.68738092931653,118.3115945641813
476.4603312990411,121.85087560440093
477.2332816687657,118.70791368472123
478.0062320384902,118.42647533159467
478.7791824082148,121.52709489303543
479.5521327779394,123.51169895620355
480.3250831476639,119.51067591024204
481.0980335173885,119.71339040627566
481.8709838871131,117.0536065757893
482.6439342568376,118.70788977820062
483.4168846265622,117.47060353242301
484.1898349962868,119.90292130369167
484.9627853660113,125.89260586643485
485.7357357357359,115.7097205161914
486.5086861054604,121.15342370621275
487.281636475185,121.29298954767846
488.0545868449096,121.43778439818682
488.8275372146341,122.01601120539678
489.6004875843587,123.34784196810803
490.3734379540833,125.95238932692777
491.1463883238078,122.41437331306453
491.9193386935324,118.47896161945856
492.69228906325696,122.83956911859391
493.4652394329815,124.75912307841698
494.2381898027061,124.64759809268074
495.01114017243066,126.7463241138548
495.7840905421552,123.69657836462765
496.55704091187977,124.8514799067419
497.32999128160435,125.25161297912686
498.1029416513289,120.46146363113472
498.87589202105346,123.72725590818267
499.64884239077804,125.02080653519118
500.42179276050257,128.61388233362354
501.19474313022715,125.21513872419297
501.96769349995174,123.14296403009993
502.74064386967626,127.70640387315197
503.51359423940085,125.87225002900789
504.28654460912543,125.62558608260046
505.05949497884995,126.31213194381036
505.83244534857454,124.91825719186198
506.6053957182991,126.75332366985205
507.37834608802365,125.17164779082353
508.15129645774823,130.8872783341234
508.92424682747276,127.41731148367292
509.69719719719734,128.24348800827013
510.4701475669219,128.41074956308216
511.24309793664645,129.09885219781344
512.016048306371,128.3061220438264
512.7889986760956,128.52885112010046
513.5619490458201,134.66803638923224
514.3348994155447,128.97483872760523
515.1078497852693,129.71321605803985
515.8808001549938,136.1363385888749
516.6537505247184,129.64492462941269
517.426700894443,130.53448790103033
518.1996512641675,130.09221444344092
518.972601633892,130.31598528493367
519.7455520036167,131.87080657811825
520.5185023733412,130.76370578792944
521.2914527430657,132.40492855087422
522.0644031127904,131.1644481000984
522.8373534825149,131.4355144456066
523.6103038522394,132.89011549555636
524.3832542219641,131.88336837197033
525.1562045916886,137.43868446058784
525.9291549614131,133.7343958189866
526.7021053311378,132.5548292975956
527.4750557008623,132.77850584326745
528.2480060705868,129.98845060060856
529.0209564403115,129.9211393224727
529.793906810036,133.44889965462124
530.5668571797605,131.56392044998685
531.3398075494852,138.0558993072709
532.1127579192097,134.1180329219041
532.8857082889342,130.16892850474954
533.6586586586589,129.62810577452444
534.4316090283834,138.16307084180136
535.2045593981079,135.00756869729787
535.9775097678325,133.17020225077923
536.7504601375571,136.40099081968077
537.5234105072816,130.12345871755159
538.2963608770062,134.19899043025117
539.0693112467308,136.11402369152069
539.8422616164553,137.94952069861435
540.6152119861799,139.98634194893296
541.3881623559045,135.35190512083105
542.161112725629,136.525204062109
542.9340630953536,134.32545453379257
543.7070134650781,131.8901158187059
544.4799638348027,139.82045983572266
545.2529142045273,138.54105213695468
546.0258645742518,138.06746589932519
546.7988149439764,142.28360951124222
547.571765313701,138.5196939493314
548.3447156834255,139.5775119265991
549.1176660531501,137.627378276789
549.8906164228747,136.94986438392078
550.6635667925992,140.14873644501216
551.4365171623238,139.5968169274488
552.2094675320484,139.37365769076214
552.9824179017729,138.20747687861015
553.7553682714974,138.35479091527299
554.5283186412221,139.00738837066297
555.3012690109466,140.66159084805878
556.0742193806711,140.8729303707
556.8471697503958,139.309526149629
557.6201201201203,134.83683031599926
558.3930704898448,141.06503595196813
559.1660208595695,141.71250009093555
559.938971229294,137.159983079482
560.7119215990185,137.59799316983077
561.4848719687432,140.81139320776273
562.2578223384677,144.3425874841239
563.0307727081922,142.74802903585322
563.8037230779169,140.01304236956108
564.5766734476414,143.15759463146114
565.3496238173659,147.09570757139772
566.1225741870905,143.7955230650883
566.8955245568151,141.80218585960125
567.6684749265396,143.9682277831703
568.4414252962642,146.37764527300405
569.2143756659888,139.83693085162048
569.9873260357133,144.56838492608694
570.7602764054379,141.71914578452612
571.5332267751623,145.4072655630016
572.306177144887,140.42833957139084
573.0791275146116,141.44031736500176
573.852077884336,144.17706236997424
574.6250282540607,145.74717788059252
575.3979786237853,145.9407121129132
576.1709289935097,146.4594370569002
576.9438793632344,146.3251589442438
577.716829732959,146.51604729333013
578.4897801026834,146.7060294314147
579.2627304724081,146.58279649715772
580.0356808421327,147.0832265747315
580.8086312118571,147.85438097145249
581.5815815815818,143.59714641101164
582.3545319513064,147.64192258314836
583.1274823210308,148.5430087708375
583.9004326907555,148.00951199316643
584.6733830604801,146.27897515664594
585.4463334302045,148.37308856039968
586.2192837999291,148.55334171556748
586.9922341696538,148.73255528515372
587.7651845393782,148.7238455609436
588.5381349091028,154.30868754131404
589.3110852788275,147.75768486333186
590.0840356485519,149.43877120844627
590.8569860182765,149.4965735113291
591.629936388001,149.78532640759587
592.4028867577256,146.06374921826625
593.1758371274502,149.18513813972564
593.9487874971747,149.56102705766236
594.7217378668993,147.6527791125006
595.4946882366239,148.97155015332635
596.2676386063484,153.29753796706493
597.040588976073,153.12006243742414
597.8135393457976,151.12559879467912
598.5864897155221,151.41205850061795
599.3594400852467,145.1303344560471
600.1323904549713,149.44047831009965
600.9053408246958,151.7668079467892
601.6782911944204,151.92396564758138
602.451241564145,152.0798412635558
603.2241919338695,151.86989936804852
603.997142303594,152.3876977412041
604.7700926733187,150.80034064243503
605.5430430430432,150.3786201862485
606.3159934127677,151.66615020607443
607.0889437824924,152.98749218036815
607.8618941522169,153.13405370368764
608.6348445219414,153.6723346168266
609.4077948916661,154.60839511599767
610.1807452613906,153.5654152667256
610.9536956311151,155.68951210803357
611.7266460008398,153.84593255336574
612.4995963705643,155.9882262312921
613.2725467402888,151.2640877723586
614.0454971100135,150.1338863715102
614.8184474797381,153.06177696205833
615.5913978494625,154.5218186700126
616.3643482191871,157.53735409461683
617.1372985889118,157.05299471154626
617.9102489586362,155.00937901085663
618.6831993283608,153.3487205063325
619.4561496980855,155.16019643340232
620.2291000678099,158.3647963100012
621.0020504375345,153.0417429652371
621.775000807259,161.40880379314655
622.5479511769836,151.30206138478047
623.3209015467082,154.03765221073544
624.0938519164326,155.66001507761666
624.8668022861573,153.66754652981734
625.6397526558819,158.1266808548568
626.4127030256063,156.21025259094552
627.185653395331,154.21337069344366
627.9586037650556,157.74220688846913
628.73155413478,159.4306640373923
629.5045045045047,156.63586803989907
630.2774548742293,156.90202741588857
631.0504052439537,157.46880884040456
631.8233556136784,158.7959879968697
632.596305983403,157.82599973566067
633.3692563531274,156.2488456975532
634.142206722852,152.2374442315461
634.9151570925767,154.22421579511035
635.6881074623011,155.45307868954393
636.4610578320257,157.5053956296785
637.2340082017504,152.924346270678
638.0069585714748,155.37224660516353
638.7799089411994,161.83781292776604
639.5528593109241,158.55709610086942
640.3258096806485,154.65550820418832
641.0987600503731,156.4354033819079
641.8717104200978,158.1014249535292
642.6446607898222,157.83387315550803
643.4176111595468,158.9285049133657
644.1905615292715,161.91807253204814
644.9635118989959,162.77605671211018
645.7364622687205,164.89139502358745
646.5094126384452,158.55952440880804
647.2823630081696,160.0350625679313
648.0553133778942,158.70183326670752
648.8282637476188,153.3607521532463
649.6012141173433,158.83909207270182
650.3741644870679,157.32769876350773
651.1471148567925,158.97138808380595
651.920065226517,159.5981261806219
652.6930155962416,161.15199206607406
653.4659659659662,159.88267199864026
654.2389163356906,159.2214407494032
655.0118667054153,158.98156326794683
655.7848170751399,154.9859844351286
656.5577674448643,159.39660188606294
657.330717814589,162.38590170078072
658.1036681843136,165.2226533963096
658.876618554038,159.561480211496
659.6495689237627,159.61420548407088
660.4225192934873,159.66583185057252
661.1954696632117,156.3348203552492
661.9684200329364,159.7658314938634
662.741370402661,156.968861944108
663.5143207723854,159.86156639838367
664.2872711421101,157.32995292668176
665.0602215118347,157.1748280379778
665.8331718815591,155.76645163291613
666.6061222512838,161.85071910814065
667.3790726210084,158.0961578614174
668.1520229907328,160.1240552494697
668.9249733604574,159.05294385470708
669.6979237301821,159.59258342192064
670.4708740999065,165.74816592599313
671.2438244696311,160.27932383494766
672.0167748393558,161.10315364114862
672.7897252090802,160.03457502734759
673.5626755788048,157.05330107071984
674.3356259485295,160.41962763370145
675.1085763182539,160.4524471389158
675.8815266879785,155.00782881415955
676.6544770577032,160.51545476586355
677.4274274274276,160.5456647018507
678.2003777971522,160.5750265956826
678.9733281668769,162.42134547019165
679.7462785366013,160.89033516103325
680.5192289063259,165.96143105098477
681.2921792760505,159.96522248984573
682.065129645775,164.65187636906293
682.8380800154996,160.6144108495173
683.6110303852242,160.75773087081384
684.3839807549487,159.88917550002668
685.1569311246733,157.0504466081189
685.9298814943979,159.12970777249015
686.7028318641223,160.3982655111007
687.475782233847,160.86519222773057
688.2487326035716,156.28582776192795
689.021682973296,162.81764755562932
689.7946333430207,155.0343602927171
690.5675837127453,162.93617315286969
691.3405340824697,160.95499734699658
692.1134844521944,159.51482052205483
692.886434821919,162.03797925631966
693.6593851916434,161.34481896637607
694.4323355613681,164.17678180139575
695.2052859310927,168.75908907150367
695.9782363008171,159.9301764475675
696.7511866705418,161.20384737196704
697.5241370402664,159.92714804337572
698.2970874099908,163.58404357705686
699.0700377797154,158.75288000904678
699.8429881494401,162.41977812408146
700.6159385191645,161.10665071451703
701.3888888888891,157.34075417577446
702.1618392586138,159.26994797832987
702.9347896283382,161.13210918747487
703.7077399980628,161.35674553767726
704.4806903677875,158.40190749997913
705.2536407375119,159.06048492372202
706.0265911072365,156.63179298019227
706.7995414769609,156.3467376137732
707.5724918466856,161.17014173766177
708.3454422164102,161.17493754639338
709.1183925861346,161.17932159804445
709.8913429558593,161.18330479974173
710.6642933255839,158.23803934527336
711.4372436953083,159.1023201626291
712.210194065033,163.40636469630385
712.9831444347576,161.19544724953101
713.756094804482,161.15046838193092
714.5290451742067,161.19939696000185
715.3019955439313,159.03773071789243
716.0749459136557,161.74169067024923
716.8478962833804,161.8852067570337
717.620846653105,162.8321421926696
718.3937970228294,158.4608384773454
719.166747392554,160.87680332454656
719.9396977622787,161.20357181874215
720.7126481320031,166.5400649709471
721.4855985017277,161.20236767702391
722.2585488714524,163.2375227186822
723.0314992411768,161.20025819161023
723.8044496109014,160.00535913839116
724.5773999806261,165.9093703541399
725.3503503503505,165.71007483983536
726.1233007200751,162.03412656744763
726.8962510897998,161.0067260790761
727.6692014595242,158.6538995534112
728.4421518292488,161.18700518421466
729.2151021989735,165.54327333580622
729.9880525686979,163.75094845933054
730.7610029384225,163.58148149442943
731.5339533081471,157.44916824418988
732.3069036778716,158.6582874104382
733.0798540475962,165.16366231408477
733.8528044173208,165.30848766072762
734.6257547870453,161.16438672566366
735.3987051567699,160.317053868469
736.1716555264945,161.15810482081764
736.944605896219,161.95554151349577
737.7175562659436,161.15174651391825
738.4905066356682,157.46891201556687
739.2634570053926,161.14539906198033
740.0364073751173,161.14225667443912
740.8093577448419,161.1391497220189
741.5823081145663,158.48015657050604
742.355258484291,161.13308575104895
743.1282088540156,164.49102452981538
743.90115922374,161.9523982681166
744.6741095934647,161.124528236173
745.4470599631893,161.12186294414295
746.2200103329137,157.61251260699433
746.9929607026384,164.30858559342144
747.765911072363,166.99518861920407
748.5388614420874,161.63852358130433
749.311811811812,165.19818233899036
750.0847621815367,160.5927458074973
750.8577125512611,161.1064183718148
751.6306629209857,163.86921863756692
752.4036132907104,161.10301004291094
753.1765636604348,157.73541028820156
753.9495140301594,161.10002455499927
754.7224643998841,160.7452776318158
755.4954147696085,166.75663109359945
756.2683651393331,161.09631093996936
757.0413155090578,155.5033311882226
757.8142658787822,159.39547107825666
758.5872162485068,161.0934761771129
759.3601666182315,163.21360177958442
760.1331169879559,161.16721489944885
760.9060673576805,162.65316719310576
761.6790177274052,162.26816817743685
762.4519680971296,159.06288794159036
763.2249184668542,155.70215851327535
763.9978688365788,161.09003500203426
764.7708192063033,159.8552610268927
765.5437695760279,159.88556411491692
766.3167199457525,161.08981540616645
767.089670315477,161.08989774532773
767.8626206852016,161.09005516671215
768.6355710549262,160.38828095630865
769.4085214246506,161.09058880814501
770.1814717943753,161.09096180419084
770.9544221640999,162.01343512701195
771.7273725338243,156.6720050517996
772.500322903549,159.98766684327023
773.2732732732736,159.39411215134743
774.046223642998,161.09382405766124
774.8191740127227,163.68384438794877
775.5921243824473,165.26094055112566
776.3650747521717,161.75224510236643
777.1380251218964,158.26878303940236
777.910975491621,163.75562542040112
778.6839258613454,161.0992399787831
779.45687623107,162.8139645796025
780.2298266007947,158.203262191834
781.0027769705191,165.58007315054004
781.7757273402437,158.25427845154076
782.5486777099684,163.92260271718467
783.3216280796928,161.10648837922676
784.0945784494174,161.10785015499258
784.8675288191421,162.31383477456197
785.6404791888665,164.90628073225895
786.4134295585911,161.11216674345
787.1863799283158,154.91682238359402
787.9593302980402,161.11522106670822
788.7322806677648,162.90031384450572
789.5052310374892,163.77597965023062
790.2781814072139,154.27464418573035
791.0511317769385,162.4452066395492
791.8240821466629,155.89937200509922
792.5970325163876,161.1250898489438
793.3699828861122,161.84310393258613
794.1429332558366,161.97544760710727
794.9158836255613,160.9295007144141
795.6888339952859,161.13212825404614
796.4617843650103,161.95336550838445
797.234734734735,161.6786659903718
798.0076851044596,163.15935825975953
798.780635474184,162.4143424386734
799.5535858439086,159.86475772989894
800.3265362136333,160.1809478363631
801.0994865833577,158.62042154427684
801.8724369530823,160.34618565942097
802.645387322807,159.19771236576943
803.4183376925314,163.15115696559891
804.191288062256,159.41191546610656
804.9642384319807,161.15431286176562
805.7371888017051,160.19249368267302
806.5101391714297,158.3611402102763
807.2830895411544,162.14431386374642
808.0560399108788,163.37172954591017
808.8289902806034,159.70033799896444
809.6019406503281,162.4607025079793
810.3748910200525,163.00066695988568
811.1478413897771,161.16896207974779
811.9207917595018,161.17073454967615
812.6937421292262,157.7178081986979
813.4666924989508,161.5532406636116
814.2396428686754,161.17593502833722
815.0125932383999,162.5849364724901
815.7855436081245,158.56352106523002
816.5584939778491,161.18092625828464
817.3314443475736,161.1825359792134
818.1043947172982,161.18411600227998
818.8773450870228,161.18566471548283
819.6502954567472,155.34634091053837
820.4232458264719,156.51107122266197
821.1961961961965,161.19010687589636
821.9691465659209,161.30947781933796
822.7420969356456,161.1928822134964
823.5150473053702,161.19420921548974
824.2879976750946,159.67443536958882
825.0609480448193,161.19673382585665
825.8338984145439,161.1979282102275
826.6068487842683,167.33573913304363
827.379799153993,161.20017307733758
828.1527495237176,161.73739379065336
828.925699893442,161.20221532892998
829.6986502631667,162.0067955930756
830.4716006328913,156.69908724956122
831.2445510026157,161.20487059219985
832.0175013723403,161.1255082891551
832.790451742065,157.34810474971275
833.5634021117894,161.2069974304959
834.336352481514,160.27268139842286
835.1093028512387,161.20810025991244
835.8822532209631,160.18859786075853
836.6552035906877,157.86245702105006
837.4281539604124,159.3819563319804
838.2011043301368,161.20949173602418
838.9740546998614,157.2400280078594
839.7470050695861,159.21122517602504
840.5199554393105,159.05876868483435
841.2929058090351,164.16660557507552
842.0658561787598,157.33293333998432
842.8388065484842,167.09313397111163
843.6117569182088,161.209045714103
844.3847072879335,162.2237851486053
845.1576576576579,156.63522784161373
845.9306080273825,161.20761921327207
846.7035583971071,161.20696717850822
847.4765087668316,160.87430644929225
848.2494591365562,161.20538863524243
849.0224095062808,160.86579014705117
849.7953598760053,154.53670328437875
850.5683102457299,161.2023104559786
851.3412606154545,161.20108851772142
852.1142109851789,161.27446711404767
852.8871613549036,161.19834115144516
853.6601117246282,168.86604720155222
854.4330620943526,163.67588855576176
855.2060124640773,161.19343719760656
855.9789628338019,159.91211689273584
856.7519132035263,162.56738300822965
857.524863573251,160.3115222126045
858.2978139429756,162.08176141020016
859.0707643127,157.32274936031368
859.8437146824247,161.18065124587199
860.6166650521493,160.19151045570985
861.3896154218737,159.5167204175513
862.1625657915984,162.77420009661552
862.935516161323,157.96962364510873
863.7084665310474,159.07824229834853
864.481416900772,160.79749623758664
865.2543672704967,162.76670969460665
866.0273176402211,157.4171889726227
866.8002680099457,158.34549609453492
867.5732183796704,163.56668323858992
868.3461687493948,161.14589266393327
869.1191191191194,161.14194849317974
869.8920694888441,158.1868681080512
870.6650198585685,159.8892480300687
871.4379702282931,166.9591969689909
872.2109205980175,163.67503945604406
872.9838709677422,158.18496596768983
