100.80645161290323,150.5944746535358
101.5794019826278,150.59356649175066
102.35235235235236,150.88747765044658
103.12530272207692,151.17935194000574
103.89825309180148,151.4691887767276
104.67120346152605,149.6750220393998
105.44415383125062,152.04274775685664
106.21710420097517,152.32646873286237
106.99005457069974,152.6081499212281
107.76300494042431,152.48729825392866
108.53595531014886,156.84859035135813
109.30890567987343,153.44094892347735
110.08185604959799,158.22870110031192
110.85480641932256,153.04757184302366
111.62775678904713,153.5062266637398
112.40070715877168,154.5227551550058
113.17365752849625,153.94025187778385
113.9466078982208,155.05139386209865
114.71955826794537,155.31264507052475
115.49250863766994,160.97205266597015
116.2654590073945,155.82900827863284
117.03840937711907,156.08411911091346
117.81135974684364,156.33718198374416
118.58431011656819,153.7836902949713
119.35726048629276,154.76530984401765
120.13021085601733,157.0543622925523
120.90316122574188,155.4490154804779
121.67611159546645,157.5717565266247
122.449061965191,157.8125193850413
123.22201233491558,158.0512301981031
123.99496270464013,158.28788838210943
124.7679130743647,158.5224933533596
125.54086344408927,156.09552701327513
126.31381381381382,164.77329233650508
127.08676418353839,159.21398315356578
127.85971455326296,159.44036943678412
128.63266492298752,153.92422443834894
129.40561529271207,164.10443983131825
130.17856566243665,160.10718916407822
130.9515160321612,160.32534742005353
131.72446640188576,158.17161423949847
132.49741677161035,154.66896079334114
133.2703671413349,160.96746905680192
134.04331751105946,161.71113781354137
134.81626788078404,161.64566869104334
135.5892182505086,164.04738438570087
136.36216862023315,158.8597605635193
137.13511898995773,161.9964596587481
137.9080693596823,157.74846059850205
138.68101972940684,162.36990255227235
139.45397009913142,162.58910106150438
140.22692046885598,162.7825192004837
140.99987083858053,162.9738718689921
141.7728212083051,163.16315848332897
142.54577157802967,163.35037845979346
143.31872194775423,163.53553121468508
144.09167231747878,163.71861616430294
144.86462268720334,157.1016543147125
145.63757305692792,162.45043697379631
146.41052342665247,167.00224250898484
147.18347379637703,167.12011886298504
147.9564241661016,161.10110293061012
148.72937453582617,167.91844194195517
149.50232490555072,163.2636396072506
150.2752752752753,165.51183347408153
151.04822564499986,165.27323316293274
151.82117601472441,165.43560795627528
152.594126384449,166.72399698959742
153.36707675417355,165.75413428131563
154.1400271238981,165.91028464561197
154.9129774936227,164.96349111499472
155.68592786334725,165.71302282938572
156.4588782330718,162.89902096279346
157.23182860279638,166.51412049495553
158.00477897252094,163.30891834780493
158.7777293422455,168.11166507042805
159.55067971197008,166.9451771501097
160.32363008169463,165.02043554113718
161.0965804514192,167.10498179630613
161.86953082114377,167.35751323836868
162.64248119086832,170.34989214204776
163.41543156059288,161.6513773275227
164.18838193031743,167.2523261230177
164.961332300042,167.8781465681773
165.73428266976657,165.66036841326138
166.50723303949113,170.29024605296541
167.28018340921568,168.24674004510686
168.05313377894026,172.36577024930946
168.82608414866482,165.53024387326855
169.59903451838937,167.61492126672385
170.37198488811396,168.69279168770555
171.1449352578385,171.16591335285247
171.91788562756307,172.76511472253299
172.69083599728765,169.033757752072
173.4637863670122,169.13783357907153
174.23673673673676,169.23981883647014
175.00968710646134,169.33971294056707
175.7826374761859,169.4375153076616
176.55558784591045,169.53322535405306
177.32853821563504,169.62684249604078
178.1014885853596,169.55835245268457
178.87443895508414,170.10522708356524
179.64738932480873,169.89513065857446
180.42033969453328,169.98037034594012
181.19329006425784,167.95554789583966
181.96624043398242,170.144561668249
182.73919080370695,169.00023692325004
183.51214117343153,170.30036502932327
184.2850915431561,170.47235144167584
185.05804191288064,170.44777575955723
185.83099228260522,170.51833242885738
186.6039426523298,170.58678918934538
187.37689302205433,170.65314545732056
188.14984339177892,170.71740064908215
188.92279376150347,168.3397865064336
189.69574413122803,170.83960546916185
190.4686945009526,167.2860110007441
191.24164487067716,169.83247765930926
192.01459524040172,171.00714003516225
192.7875456101263,171.05877651192782
193.56049597985086,171.10830782657493
194.3334463495754,170.1452704273058
195.1063967193,171.201052634711
195.87934708902455,166.60966992297693
196.6522974587491,171.28536978996485
197.4252478284737,171.3243665385092
198.19819819819824,171.36125462273085
198.9711485679228,172.81650521883634
199.74409893764738,172.83610520422016
200.51704930737193,170.82986965901853
201.2899996770965,171.48770864237716
202.06295004682107,166.78946810122721
202.8359004165456,171.53826849004622
203.60885078627018,172.9637673616174
204.38180115599476,171.58037733680507
205.1547515257193,169.39977981857544
205.92770189544387,175.90308751954237
206.70065226516846,171.62768476547456
207.47360263489298,171.63922334916987
208.24655300461757,171.64864568043342
209.01950337434212,171.6559511755646
209.79245374406668,175.29916612687353
210.56540411379126,165.4569329550489
211.33835448351581,171.66516080715635
212.11130485324037,171.66399312075072
212.88425522296495,171.66070567970914
213.6572055926895,167.45996961909609
214.43015596241406,171.6477691989154
215.20310633213865,171.63811899176181
215.9760567018632,171.62634669516945
216.74900707158776,171.61245172543772
217.52195744131234,171.5964334988658
218.2949078110369,171.57829143175303
219.06785818076145,170.48433399406494
219.84080855048603,171.53563344110216
220.61375892021059,171.51111635016275
221.38670928993514,171.48447308387966
222.15965965965972,168.16141143674932
222.93261002938428,171.42480569047973
223.70556039910883,168.23120378728
224.47851076883342,166.81927647572508
225.25146113855794,171.31934369278514
226.02441150828253,174.5344747646352
226.7973618780071,173.8271698737069
227.57031224773164,169.5307138952679
228.34326261745622,171.1489094862527
229.11621298718077,171.10097236299475
229.88916335690536,171.0509026436855
230.6621137266299,175.65059234535227
231.43506409635447,170.9443630821102
232.20801446607902,178.36282782600284
232.9809648358036,176.53570533895223
233.75391520552816,174.9826085005619
234.5268655752527,169.47805843687624
235.2998159449773,171.4877557726831
236.07276631470185,170.57350131015457
236.8457166844264,170.5042014221653
237.618667054151,166.42275407302097
238.39161742387554,170.3590281551576
239.1645677936001,170.28308683448677
239.93751816332468,170.20486376126985
240.71046853304924,170.12432496468065
241.4834189027738,167.31621379695954
242.25636927249835,169.95616431808068
243.02931964222293,168.34078102712562
243.80227001194748,169.77833312807778
244.57522038167204,163.272001538905
245.34817075139662,168.86893126415706
246.12112112112118,169.49285958473527
246.89407149084573,169.39257205142633
247.66702186057032,163.24129438794617
248.43997223029487,161.84747985599608
249.21292260001943,169.07584480334904
249.985872969744,167.30958093713505
250.75882333946856,168.851133056244
251.53177370919312,168.73460719569692
252.30472407891767,167.54518367847598
253.07767444864226,168.49304564648318
253.8506248183668,168.36794201616408
254.62357518809137,165.20767883928062
255.39652555781595,168.1089191899708
256.1694759275405,166.91636439819655
256.94242629726506,167.83791580419646
257.71537666698964,167.69783647440096
258.48832703671417,167.55466009223176
259.26127740643875,167.40835268686266
260.03422777616333,172.83062119504953
260.80717814588786,167.10620892322024
261.58012851561244,166.95030462329458
262.353078885337,166.79113341686445
263.12602925506155,173.5048968045548
263.89897962478614,163.59405254140248
264.6719299945107,165.21767637438637
265.44488036423525,166.12110010957628
266.21783073395983,165.94508480823154
266.9907811036844,165.76559877542542
267.76373147340894,165.5826080403318
268.5366818431335,165.39607863212447
269.3096322128581,165.37269321273106
270.08258258258263,165.17533195710055
270.8555329523072,164.26906355957203
271.6284833220318,165.99610704399004
272.4014336917563,164.40916251546764
273.1743840614809,164.61515389945643
273.9473344312055,163.98843637809392
274.72028480093,164.64332259013716
275.4932351706546,163.55246848182878
276.2661855403792,163.32868394704653
277.0391359101037,163.05500890328895
277.8120862798283,162.869343850052
278.5850366495529,164.4127626333853
279.3579870192774,162.14819253509785
280.130937389002,162.14844775164087
280.90388775872657,161.9026283632102
281.6768381284511,159.73640416178583
282.4497884981757,158.63638119979592
283.22273886790026,161.13449078580913
283.9956892376248,161.70881294620904
284.7686396073493,160.60136523740206
285.54158997707395,158.76111892488734
286.3145403467985,158.73911652838547
287.087490716523,155.90807439461366
287.86044108624765,159.48340999851123
288.6333914559722,159.19295132937
289.4063418256967,153.0920200846963
290.17929219542134,158.85040139883506
290.95224256514587,156.30467493578064
291.7251929348704,156.49986437154723
292.49814330459503,157.67314047038272
293.27109367431956,157.35547365053577
294.0440440440441,163.36464179714753
294.81699441376867,156.7067096557567
295.58994478349325,156.37579687614402
296.3628951532178,156.04065317192888
297.13584552294236,155.70137074077113
297.90879589266694,149.01618748947016
298.68174626239147,155.01075848826625
299.45469663211605,154.65961306223866
300.22764700184064,154.3046976999073
301.00059737156516,153.94610459893192
301.77354774128975,159.17721623616703
302.54649811101433,159.14664481933963
303.31944848073886,152.84918084073857
304.09239885046344,152.47679876178412
304.865349220188,152.10119993248435
305.63829958991255,151.72247655049884
306.41124995963713,151.3407208134874
307.1842003293617,150.95602491910967
307.95715069908624,150.5684810650255
308.7301010688108,150.17818144889452
309.5030514385354,144.69174205408748
310.27600180825993,149.3896837211312
311.0489521779845,148.99167000481825
311.8219025477091,148.85089553362815
312.5948529174336,148.18857385562862
313.3678032871582,155.02694445427178
314.1407536568828,154.7042823789506
314.9137040266073,151.47012024954142
315.6866543963319,146.55668822546633
316.4596047660565,147.63638318652525
317.232555135781,142.88392329952464
318.0055055055056,146.5594171934777
318.7784558752302,144.8954620281123
319.5514062449547,146.18565103852356
320.3243566146793,144.055690169933
321.0973069844039,143.63383724277682
321.8702573541284,143.08106514866176
322.643207723853,142.78665838063006
323.41615809357756,142.36151684095893
324.1891084633021,139.9642264173303
324.9620588330266,141.5085905327199
325.73500920275126,141.90226655256953
326.5079595724758,140.65275457034988
327.2809099422003,136.7667731781397
328.05386031192495,139.79474653512676
328.8268106816495,139.36515847521372
329.599761051374,144.50163223240966
330.37271142109864,138.50526904759818
331.14566179082317,138.0751457592757
331.9186121605477,137.64502199114395
332.69156253027234,137.21498667060337
333.46451289999686,136.78512872505448
334.2374632697214,136.3555370818977
335.010413639446,135.9263006685335
335.78336400917055,135.4975084123623
336.5563143788951,131.1879300586465
337.32926474861966,134.64161208120083
338.10221511834425,134.2146858610115
338.8751654880688,138.03896981074953
339.64811585779336,133.36332194841776
340.42106622751794,132.9390621108143
341.19401659724247,129.10335214871384
341.96696696696705,132.0938313099965
342.73991733669163,131.673038201583
343.51286770641616,128.48560581291818
344.28581807614074,131.85854849258288
345.0587684458653,129.0418973364372
345.83171881558985,129.6874157265534
346.60466918531444,129.59085267548852
347.377619555039,129.90487665787913
348.15056992476354,128.47948259825174
348.9235202944881,128.36216675902642
349.6964706642127,129.34915889689788
350.46942103393724,133.87214764637784
351.2423714036618,127.15188449617526
352.0153217733864,125.96141078155223
352.78827214311093,134.3162819358672
353.5612225128355,125.9624069267473
354.3341728825601,125.5709526633453
355.1071232522846,124.79306275201282
355.8800736220092,124.79613509055488
356.6530239917338,126.72413547766551
357.4259743614583,124.03269830578571
358.1989247311829,123.65547002741023
358.9718751009075,123.28135372824144
359.744825470632,124.67124967336974
360.5177758403566,126.36966276476439
361.2907262100811,123.39995866771524
362.0636765798057,125.04446140272765
362.8366269495303,121.46056437951349
363.6095773192548,121.38656126827665
364.3825276889794,120.75714495348498
365.155478058704,120.41112587438596
365.9284284284285,120.06901912109774
366.7013787981531,119.73091362102069
367.47432916787767,119.39689830155531
368.2472795376022,119.06706209010214
369.0202299073268,118.74149391406151
369.79318027705136,118.49972940705916
370.5661306467759,118.10351737781986
371.3390810165005,117.79128687241973
372.11203138622506,118.19974860564356
372.8849817559496,116.76911253262877
373.65793212567417,116.8826935359076
374.43088249539875,116.58949157496785
375.2038328651233,118.00884289583675
375.97678323484786,116.01811494433747
376.74973360457244,115.99848629205721
377.52268397429697,112.71176261905465
378.29563434402155,113.52977767105342
379.06858471374613,119.01910153822729
379.84153508347066,113.97395530526038
380.61448545319524,110.20063106000823
381.3874358229198,114.1854206722949
382.16038619264435,116.58784888461894
382.93333656236894,113.71247803740167
383.70628693209346,113.48489874028668
384.47923730181805,112.47800465832165
385.25218767154263,113.04796857779698
386.02513804126716,112.83875501184029
386.79808841099174,114.32981285477354
387.5710387807163,112.20926522305571
388.34398915044085,112.24782059271236
389.11693952016543,118.24306667259775
389.88988988989,111.88399227683132
390.66284025961454,111.71097832732784
391.4357906293391,106.74378301542023
392.2087409990637,111.3825205441545
392.98169136878823,111.22698459006851
393.7546417385128,109.8595892447492
394.5275921082374,110.93306825585744
395.3005424779619,111.39566703441214
396.0734928476865,110.66171895220702
396.8464432174111,110.53439178632188
397.6193935871356,110.41256819745264
398.3923439568602,110.29620212539128
399.1652943265848,110.18524750992964
399.9382446963093,110.0796582908597
400.7111950660339,109.97938840797333
401.4841454357585,109.8843918010625
402.257095805483,109.79462240991907
403.0300461752076,109.71003417433502
403.8029965449321,108.34284624936777
404.5759469146567,109.44674993491653
405.3488972843813,106.04476409020162
406.1218476541058,109.42257158343067
406.8947980238304,105.33995053710996
407.667748393555,113.82233803344619
408.4406987632795,109.25911982342954
409.2136491330041,102.98836880223148
409.98659950272867,109.17429211991575
410.7595498724532,108.68885389014181
411.5325002421778,109.10834663031608
412.30545061190236,116.32546275682539
413.0784009816269,109.06091487296585
413.85135135135147,109.04402649336414
414.62430172107605,110.15653371070971
415.3972520908006,109.02367443126691
416.17020246052516,109.02011862835525
416.94315283024974,109.0209148972575
417.71610319997427,110.98919016666301
418.48905356969885,109.03537940967125
419.26200393942344,109.04895553276664
420.03495430914796,109.06669948684356
420.80790467887255,109.57779481385667
421.58085504859713,109.11450664710974
422.35380541832166,109.14447773288282
423.12675578804624,109.17843240880512
423.89970615777077,109.21632461466854
424.67265652749535,109.11837079774939
425.44560689721993,109.30373737538655
426.21855726694446,107.70906060469284
426.99150763666904,109.40634753337207
427.7644580063936,109.46323648581998
428.53740837611815,109.52378660696054
429.31035874584273,109.58795183658565
430.0833091155673,111.21398177649515
430.85625948529184,109.72694338045724
431.6292098550164,110.0038072215127
432.402160224741,109.87984263577016
433.17511059446554,108.24911332421681
433.9480609641901,110.04628112085967
434.7210113339147,110.13446242405045
435.49396170363923,110.22589035406112
436.2669120733638,110.3205188506837
437.0398624430884,109.59683008125414
437.8128128128129,103.53139414139679
438.5857631825375,110.6231471381414
439.3587135522621,111.99396173542941
440.1316639219866,111.96749857244268
440.9046142917112,112.23735577453328
441.6775646614358,115.41024098207019
442.4505150311603,111.18723999671992
443.2234654008849,116.81260986315179
443.9964157706095,108.58921388062915
444.769366140334,111.55949649040076
445.5423165100586,111.68893909013482
446.3152668797831,111.82098347377567
447.0882172495077,111.95558358111522
447.8611676192323,111.6895047899848
448.6341179889568,112.23226672605796
449.4070683586814,112.3742576432451
450.18001872840597,110.61999137479245
450.9529690981305,112.66530786601024
451.7259194678551,112.81427505117215
452.49886983757966,111.67273942364417
453.2718202073042,113.10233511673044
454.04477057702877,113.27439217927818
454.81772094675335,113.43201621216002
455.5906713164779,115.50387311497494
456.36362168620246,108.97103707270679
457.13657205592705,113.91699843843196
457.9095224256516,114.08254235570442
458.68247279537616,118.74964005415383
459.45542316510074,111.91954112950427
460.22837353482527,114.59017879015428
461.00132390454985,114.7629056284881
461.77427427427443,114.93731304656703
462.54722464399896,115.11335498418299
463.32017501372354,113.61639125532851
464.0931253834481,115.13496132538475
464.86607575317265,119.03604756954856
465.63902612289723,112.24595782388604
466.41197649262176,116.0164703580357
467.18492686234634,116.20135214850423
467.9578772320709,118.39310754824008
468.73082760179545,116.57500596347461
469.50377797152004,112.96117025135275
470.2767283412446,113.69281971448673
471.04967871096915,117.14452136789228
471.82262908069373,114.73854188678341
472.5955794504183,117.52968405638453
473.36852982014284,117.72377294567055
474.1414801898674,120.52706388307821
474.914430559592,115.7302223465028
475.68738092931653,118.3115945641813
476.4603312990411,122.3581319283883
477.2332816687657,123.59353473941646
478.0062320384902,118.90736065773044
478.7791824082148,118.32445139171978
479.5521327779394,118.81971412714621
480.3250831476639,114.27986648747412
481.0980335173885,118.32832979581649
481.8709838871131,119.91688525859186
482.6439342568376,122.64465392353637
483.4168846265622,120.32615759291394
484.1898349962868,120.53190585534101
484.9627853660113,119.84125072718071
485.7357357357359,120.94555352177986
486.5086861054604,124.6727390618618
487.281636475185,124.51570586797537
488.0545868449096,127.26002080172904
488.8275372146341,121.78104434689226
489.6004875843587,121.99153922361421
490.3734379540833,122.20265374893476
491.1463883238078,122.41437331306453
491.9193386935324,122.62668330621403
492.69228906325696,120.73666758116433
493.4652394329815,123.05301614041461
494.2381898027061,122.48949662187246
495.01114017243066,123.48153537322098
495.7840905421552,123.28390881495217
496.55704091187977,124.48323846540619
497.32999128160435,122.72765047940803
498.1029416513289,124.3446655213887
498.87589202105346,123.92666570441526
499.64884239077804,127.81054346955513
500.42179276050257,124.99688314638274
501.19474313022715,125.21513872419297
501.96769349995174,125.43379480376016
502.74064386967626,125.65283677529497
503.51359423940085,125.87225002900789
504.28654460912543,129.88988366818793
505.05949497884995,128.9068031233494
505.83244534857454,131.12838009003508
506.6053957182991,128.66776732064977
507.37834608802365,126.97437418761398
508.15129645774823,127.19570832881745
508.92424682747276,128.53272323141383
509.69719719719734,130.39300457455596
510.4701475669219,127.86126639518224
511.24309793664645,128.08358893225721
512.016048306371,128.3061220438264
512.7889986760956,130.9611615385948
513.5619490458201,128.75176155128986
514.3348994155447,128.97483872760523
515.1078497852693,126.53999520611332
515.8808001549938,132.5900455914682
516.6537505247184,128.74275100591785
517.426700894443,129.86852268833744
518.1996512641675,130.09221444344092
518.972601633892,130.31598528493367
519.7455520036167,130.53982060302636
520.5185023733412,130.76370578792944
521.2914527430657,130.98762622985342
522.0644031127904,138.76943950363182
522.8373534825149,124.47161926392326
523.6103038522394,131.65945299985685
524.3832542219641,135.46545974689545
525.1562045916886,132.1072459521576
525.9291549614131,132.33107113062914
526.7021053311378,132.5548292975956
527.4750557008623,132.77850584326745
528.2480060705868,133.0020861578553
529.0209564403115,131.05551052906236
529.793906810036,133.44889965462124
530.5668571797605,133.67210361722042
531.3398075494852,133.89515290957786
532.1127579192097,134.1180329219041
532.8857082889342,128.42282703018697
533.6586586586589,134.56322666730506
534.4316090283834,134.78551118429905
535.2045593981079,131.3871381020613
535.9775097678325,135.22938687219437
536.7504601375571,133.72058447877978
537.5234105072816,135.67225670783304
538.2963608770062,131.84170160706844
539.0693112467308,136.11402369152069
539.8422616164553,136.33446330147834
540.6152119861799,136.5545908235628
541.3881623559045,141.10414482301735
542.161112725629,136.99386110426494
542.9340630953536,137.212979612959
543.7070134650781,139.80094670967884
544.4799638348027,137.65012274222406
545.2529142045273,137.86812311287147
546.0258645742518,144.69502959316767
546.7988149439764,138.30292084138696
547.571765313701,138.5196939493314
548.3447156834255,138.73603371978467
549.1176660531501,138.9519280277848
549.8906164228747,141.16699752726132
550.6635667925992,141.3179563476127
551.4365171623238,138.0690247466839
552.2094675320484,139.81080813601858
552.9824179017729,140.02429325732632
553.7553682714974,140.23726016641012
554.5283186412221,140.44969673830823
555.3012690109466,140.66159084805878
556.0742193806711,140.8729303707
556.8471697503958,142.70686747090545
557.6201201201203,141.29389715480727
558.3930704898448,141.5035001663497
559.1660208595695,140.57722055130225
559.938971229294,141.92088480360303
560.7119215990185,142.12864217939034
561.4848719687432,139.51209329790476
562.2578223384677,140.9000771536933
563.0307727081922,144.5057308517009
563.8037230779169,142.95315581450174
564.5766734476414,143.15759463146114
565.3496238173659,143.36133336176945
566.1225741870905,146.6149203012853
566.8955245568151,144.01433635543168
567.6684749265396,143.9682277831703
568.4414252962642,144.1121798764887
569.2143756659888,139.7269175904763
569.9873260357133,144.56838492608694
570.7602764054379,144.76688355090758
571.5332267751623,146.58701632775075
572.306177144887,147.7054267601224
573.0791275146116,145.78898990039195
573.852077884336,142.11535108036784
574.6250282540607,145.74717788059252
575.3979786237853,145.9407121129132
576.1709289935097,146.13337650911757
576.9438793632344,146.3251589442438
577.716829732959,151.60465782015382
578.4897801026834,140.66074202323708
579.2627304724081,146.8950932335358
580.0356808421327,147.0832265747315
580.8086312118571,147.27041733003998
581.5815815815818,145.60171111848007
582.3545319513064,147.64192258314836
583.1274823210308,147.8262128310246
583.9004326907555,148.00951199316643
584.6733830604801,148.19180794461207
585.4463334302045,145.5048018921575
586.2192837999291,144.88731340996466
586.9922341696538,148.73255528515372
587.7651845393782,153.1794670360727
588.5381349091028,145.3079446538585
589.3110852788275,147.11638553891433
590.0840356485519,149.43877120844627
590.8569860182765,151.5176368068574
591.629936388001,149.78532640759587
592.4028867577256,149.95692337918018
593.1758371274502,150.12738376548845
593.9487874971747,150.29669544155877
594.7217378668993,152.48015874198433
595.4946882366239,147.6488781184533
596.2676386063484,150.79761695872452
597.040588976073,150.96221254422525
597.8135393457976,151.12559879467912
598.5864897155221,149.5809457088308
599.3594400852467,151.44869479059884
600.1323904549713,151.60838028614114
600.9053408246958,148.92238434512421
601.6782911944204,151.92396564758138
602.451241564145,152.0798412635558
603.2241919338695,152.23442266975064
603.997142303594,152.3876977412041
604.7700926733187,152.53965435295444
605.5430430430432,153.72818900669236
606.3159934127677,153.02768423779776
607.0889437824924,147.88585220706383
607.8618941522169,149.91253992307975
608.6348445219414,153.27923614249494
609.4077948916661,153.42302737182817
610.1807452613906,156.33754758999868
610.9536956311151,153.70638770222538
611.7266460008398,152.18921030375986
612.4995963705643,153.9840376951849
613.2725467402888,154.1206910027209
614.0454971100135,154.25588035101208
614.8184474797381,154.3895936150966
615.5913978494625,158.38366773081597
616.3643482191871,152.19580020640643
617.1372985889118,154.06078725212384
617.9102489586362,161.02895503508623
618.6831993283608,156.32950416226387
619.4561496980855,155.16019643340232
620.2291000678099,150.75417006284474
621.0020504375345,155.40470570091557
621.775000807259,155.52458858385864
622.5479511769836,155.64287413297708
623.3209015467082,154.75726861212846
624.0938519164326,155.8746160976242
624.8668022861573,155.98808101980472
625.6397526558819,159.32584943099653
626.4127030256063,157.40260542844922
627.185653395331,156.31898105415965
627.9586037650556,156.42615251197205
628.73155413478,156.5317778715095
629.5045045045047,156.63586803989907
630.2774548742293,156.73843392426744
631.0504052439537,156.83948643174162
631.8233556136784,154.67422134179225
632.596305983403,156.49664842320033
633.3692563531274,159.19825717958747
634.142206722852,152.0160513144858
634.9151570925767,157.32243006513897
635.6881074623011,159.0186871128084
636.4610578320257,157.5053956296785
637.2340082017504,157.08782593652154
638.0069585714748,157.6826567147008
638.7799089411994,157.76917534521016
639.5528593109241,152.34294490953903
640.3258096806485,160.70876160132667
641.0987600503731,158.14737506234462
641.8717104200978,158.1014249535292
642.6446607898222,158.1810856628137
643.4176111595468,158.92661266007758
644.1905615292715,158.33640139991647
644.9635118989959,158.41207824198847
645.7364622687205,158.48644894257671
646.5094126384452,158.55952440880804
647.2823630081696,158.63131554780935
648.0553133778942,163.28524526783517
648.8282637476188,154.9384293797088
649.6012141173433,159.5350507423613
650.3741644870679,158.90585497405172
651.1471148567925,158.97138808380595
651.920065226517,162.3808597082623
652.6930155962416,158.601536112592
653.4659659659662,155.9577411546755
654.2389163356906,159.2214407494032
655.0118667054153,159.28098850808195
655.7848170751399,159.33937191792623
656.5577674448643,159.39660188606294
657.330717814589,159.45268931961888
658.1036681843136,159.50764512572093
658.876618554038,159.561480211496
659.6495689237627,153.97903286943517
660.4225192934873,159.66583185057252
661.1954696632117,157.92494323710142
661.9684200329364,159.7658314938634
662.741370402661,160.4609086383709
663.5143207723854,155.48000077830392
664.2872711421101,159.9078618414219
665.0602215118347,159.95312382114815
665.8331718815591,159.99736324468918
666.6061222512838,160.0405910191718
667.3790726210084,160.08281805172308
668.1520229907328,163.45535957700005
668.9249733604574,160.16431351953858
669.6979237301821,164.69172144456192
670.4708740999065,162.51939038081312
671.2438244696311,160.27932383494766
672.0167748393558,160.31577546557432
672.7897252090802,160.35130270415758
673.5626755788048,157.08487060028517
674.3356259485295,160.41962763370145
675.1085763182539,156.0548054484806
675.8815266879785,163.23605736842683
676.6544770577032,160.51545476586355
677.4274274274276,160.5456647018507
678.2003777971522,160.5750265956826
678.9733281668769,160.60355135448606
679.7462785366013,157.97793932724275
680.5192289063259,160.658133095515
681.2921792760505,159.3063954030651
682.065129645775,160.70949718195268
682.8380800154996,157.91492466204392
683.6110303852242,160.75773087081384
684.3839807549487,160.7807010839705
685.1569311246733,160.8029214191136
685.9298814943979,160.82440278337006
686.7028318641223,160.84515608386678
687.475782233847,159.8956632985557
688.2487326035716,160.86602259477252
689.021682973296,160.90315667406702
689.7946333430207,160.92110679079332
690.5675837127453,163.8938649625586
691.3405340824697,160.95499734699658
692.1134844521944,160.97095960072718
692.886434821919,160.98628104771305
693.6593851916434,161.0009725950809
694.4323355613681,161.0150451499577
695.2052859310927,161.47486863854155
695.9782363008171,161.18055815876016
696.7511866705418,161.05365793091022
697.5241370402664,161.06536358709138
698.2970874099908,160.8606259082899
699.0700377797154,163.450569798522
699.8429881494401,161.30877368640117
700.6159385191645,161.10665071451703
701.3888888888891,161.11564315768308
702.1618392586138,161.04793141910557
702.9347896283382,164.58343952052118
703.7077399980628,158.9305403444965
704.4806903677875,161.14662278939198
705.2536407375119,160.22564916211562
706.0265911072365,168.80671723832694
706.7995414769609,161.16492326472266
707.5724918466856,161.17014173766177
708.3454422164102,161.17493754639338
709.1183925861346,161.17932159804445
709.8913429558593,161.8584086649762
710.6642933255839,160.6110479543212
711.4372436953083,158.147657115815
712.210194065033,167.60804245978474
712.9831444347576,164.69023273430193
713.756094804482,161.1975898083627
714.5290451742067,163.7137627488789
715.3019955439313,157.84694308189117
716.0749459136557,161.20204867021005
716.8478962833804,159.19488490998253
717.620846653105,161.20348963717055
718.3937970228294,161.20378335975013
719.166747392554,153.21120732803715
719.9396977622787,161.20357181874215
720.7126481320031,161.2030883694084
721.4855985017277,161.20236767702391
722.2585488714524,161.20142064871553
723.0314992411768,161.20025819161023
723.8044496109014,161.1988912128348
724.5773999806261,161.19733061951615
725.3503503503505,161.19558731878112
726.1233007200751,161.1936722177566
726.8962510897998,161.1915962235694
727.6692014595242,161.1893702433465
728.4421518292488,161.18700518421466
729.2151021989735,161.18451195330078
729.9880525686979,162.34735904409956
730.7610029384225,161.17918460463437
731.5339533081471,163.02929297386498
732.3069036778716,158.85520716168318
733.0798540475962,160.8404578843768
733.8528044173208,159.9141913412613
734.6257547870453,161.16438672566366
735.3987051567699,162.43712706349285
736.1716555264945,161.15810482081764
736.944605896219,162.19961247062892
737.7175562659436,161.15174651391825
738.4905066356682,161.14856597751563
739.2634570053926,161.14539906198033
740.0364073751173,161.14225667443912
740.8093577448419,161.1391497220189
741.5823081145663,157.7521937140311
742.355258484291,160.22607728395724
743.1282088540156,160.4247642301419
743.90115922374,161.1272944060853
744.6741095934647,156.7576221997221
745.4470599631893,160.42398873784288
746.2200103329137,160.8872677606328
746.9929607026384,163.96197030583937
747.765911072363,154.52426132419885
748.5388614420874,167.69324173004173
749.311811811812,159.5552917001874
750.0847621815367,161.1082851316422
750.8577125512611,161.1064183718148
751.6306629209857,157.43519779016944
752.4036132907104,161.73707228746412
753.1765636604348,161.1014652498317
753.9495140301594,161.10002455499927
754.7224643998841,161.09868634641228
755.4954147696085,164.37783456395454
756.2683651393331,162.86499251614677
757.0413155090578,161.0952705181108
757.8142658787822,160.91542249356365
758.5872162485068,161.0934761771129
759.3601666182315,168.2881933341882
760.1331169879559,164.14223753747925
760.9060673576805,165.91769455009435
761.6790177274052,161.09098836995724
762.4519680971296,161.09058636375235
763.2249184668542,161.0902691117785
763.9978688365788,168.71247387490718
764.7708192063033,163.73692673661776
765.5437695760279,161.08980976122956
766.3167199457525,161.08981540616645
767.089670315477,161.08989774532773
767.8626206852016,161.09005516671215
768.6355710549262,161.09028605831836
769.4085214246506,157.5149057728347
770.1814717943753,161.09096180419084
770.9544221640999,165.6453721133325
771.7273725338243,161.09191208693466
772.500322903549,158.3192055786308
773.2732732732736,159.05326274086895
774.046223642998,158.92211332685383
774.8191740127227,161.09458467899435
775.5921243824473,161.09540426253747
776.3650747521717,160.76617732271185
777.1380251218964,161.09721386824825
777.910975491621,161.0982006664133
778.6839258613454,162.91547974807224
779.45687623107,162.34995338334153
780.2298266007947,155.14949354757923
781.0027769705191,161.10265688110744
781.7757273402437,161.10389013028288
782.5486777099684,157.92467266912124
783.3216280796928,161.10648837922676
784.0945784494174,162.30214842440017
784.8675288191421,160.11265871486484
785.6404791888665,167.09157095296686
786.4134295585911,160.2916065032958
787.1863799283158,161.11367731998467
787.9593302980402,163.6934906013308
788.7322806677648,163.70183467373133
789.5052310374892,160.1083426456125
790.2781814072139,161.12003520799954
791.0511317769385,161.27065114352652
791.8240821466629,161.1233809331142
792.5970325163876,161.1250898489438
793.3699828861122,162.77099148196072
794.1429332558366,161.1285717271408
794.9158836255613,162.44737946776056
795.6888339952859,161.13212825404614
796.4617843650103,160.63893638566697
797.234734734735,154.62270315310624
798.0076851044596,158.47937340773686
798.780635474184,160.2401765176725
799.5535858439086,160.77587134175957
800.3265362136333,161.1431167669074
801.0994865833577,161.14497777064162
801.8724369530823,161.1468429285412
802.645387322807,161.14871062860465
803.4183376925314,159.87630601375264
804.191288062256,161.1524472072182
804.9642384319807,159.00891133532977
805.7371888017051,161.15617461047174
806.5101391714297,161.15803084133526
807.2830895411544,161.15987994235485
808.0560399108788,161.1617203015292
808.8289902806034,159.44204126835032
809.6019406503281,161.16536834633686
810.3748910200525,159.1815167898976
811.1478413897771,164.24442230445544
811.9207917595018,164.82507355796315
812.6937421292262,161.1724886057514
813.4666924989508,161.1742226359722
814.2396428686754,161.17593502833722
815.0125932383999,155.50422327322462
815.7855436081245,161.17928845149476
816.5584939778491,161.18092625828464
817.3314443475736,161.1825359792134
818.1043947172982,162.52104242904218
818.8773450870228,162.1270908488252
819.6502954567472,161.18718050682074
820.4232458264719,158.31951413102288
821.1961961961965,161.19010687589636
821.9691465659209,165.28684933186145
822.7420969356456,161.1928822134964
823.5150473053702,161.19420921548974
824.2879976750946,161.1954936236103
825.0609480448193,161.19673382585665
825.8338984145439,161.473324129823
826.6068487842683,163.1798323203894
827.379799153993,162.32465065762344
828.1527495237176,160.7561234498815
828.925699893442,159.7425711489779
829.6986502631667,161.20315644390377
830.4716006328913,161.20404206899417
831.2445510026157,161.20487059219985
832.0175013723403,161.20564040151964
832.790451742065,161.2063498849521
833.5634021117894,161.2069974304959
834.336352481514,161.20758142614977
835.1093028512387,156.82516354397467
835.8822532209631,161.20855231978248
836.6552035906877,156.78257278082646
837.4281539604124,161.20924966983966
838.2011043301368,161.20949173602418
838.9740546998614,161.20966058031084
839.7470050695861,159.67901168245265
840.5199554393105,161.20977215518545
841.2929058090351,161.2097116617708
842.0658561787598,161.76680544690927
842.8388065484842,159.43666642209425
843.6117569182088,161.209045714103
844.3847072879335,156.5408687381311
845.1576576576579,161.20818190612493
845.9306080273825,161.20761921327207
846.7035583971071,162.45122168564347
847.4765087668316,161.20622418983214
848.2494591365562,161.20538863524243
849.0224095062808,164.35892709658035
849.7953598760053,158.49276869734783
850.5683102457299,161.2023104559786
851.3412606154545,162.23689071532053
852.1142109851789,161.19976595354402
852.8871613549036,162.5645719342844
853.6601117246282,160.0639834908786
854.4330620943526,162.20098697185904
855.2060124640773,160.5395327407049
855.9789628338019,161.31715722868975
856.7519132035263,157.69110432083878
857.524863573251,161.18755507042732
858.2978139429756,161.18536946684134
859.0707643127,161.1830687293233
859.8437146824247,160.2265444202127
860.6166650521493,161.17811540448605
861.3896154218737,163.5690684233005
862.1625657915984,161.17268219990504
862.935516161323,165.05199255947207
863.7084665310474,161.1667562195698
864.481416900772,161.16360440849098
865.2543672704967,165.59159613631482
866.0273176402211,153.77370201963305
866.8002680099457,161.1533743475944
867.5732183796704,161.14970074473771
868.3461687493948,161.14589266393327
869.1191191191194,161.14194849317974
869.8920694888441,159.6604681531701
870.6650198585685,159.9617811086036
871.4379702282931,166.29670694131573
872.2109205980175,161.12477867064848
872.9838709677422,160.753106765695
