100.80645161290323,151.70906569344297
101.5794019826278,153.83997987386542
102.35235235235236,155.08165290433004
103.12530272207692,151.26579698385007
103.89825309180148,150.71470419341966
104.67120346152605,151.68336447318114
105.44415383125062,151.63262642072505
106.21710420097517,150.2607625212467
106.99005457069974,152.62766529264618
107.76300494042431,149.0436320717335
108.53595531014886,156.67998270229654
109.30890567987343,152.13855525387876
110.08185604959799,152.4317600753633
110.85480641932256,153.02178023767314
111.62775678904713,149.08356165737328
112.40070715877168,148.40362608746952
113.17365752849625,148.90388548389686
113.9466078982208,156.2045832022166
114.71955826794537,151.97088086961458
115.49250863766994,159.91961384855318
116.2654590073945,156.04527463630018
117.03840937711907,157.55503081236876
117.81135974684364,154.06577877303846
118.58431011656819,154.73483110605488
119.35726048629276,150.82445738212476
120.13021085601733,151.7562926910287
120.90316122574188,157.968471769706
121.67611159546645,155.77944400114976
122.449061965191,162.5337216547105
123.22201233491558,158.7071267932829
123.99496270464013,157.07093546581675
124.7679130743647,153.23816074603124
125.54086344408927,163.64892519814808
126.31381381381382,160.8760937053923
127.08676418353839,152.75170508906524
127.85971455326296,166.62415681048716
128.63266492298752,165.55702425855202
129.40561529271207,163.25374844531606
130.17856566243665,159.99119946033207
130.9515160321612,158.99912913034547
131.72446640188576,157.6792220957675
132.49741677161035,158.57686397113034
133.2703671413349,161.02233625613164
134.04331751105946,167.96813503634672
134.81626788078404,160.2216983184627
135.5892182505086,160.95713089979145
136.36216862023315,160.2230788150084
137.13511898995773,166.24447117636217
137.9080693596823,159.6483361425921
138.68101972940684,157.10933185535242
139.45397009913142,164.45196451527156
140.22692046885598,163.32730110256887
140.99987083858053,163.81091777612832
141.7728212083051,163.25503753552385
142.54577157802967,161.90499413446196
143.31872194775423,162.88805041268748
144.09167231747878,162.76545753639903
144.86462268720334,161.82683786372556
145.63757305692792,167.21725734842684
146.41052342665247,165.45361888617668
147.18347379637703,162.64297054793275
147.9564241661016,171.63760339897607
148.72937453582617,164.7539094313681
149.50232490555072,161.67038892405708
150.2752752752753,163.32741128677839
151.04822564499986,164.8858474717948
151.82117601472441,162.41533213358176
152.594126384449,161.16087822013552
153.36707675417355,165.13549897025402
154.1400271238981,165.43122545329368
154.9129774936227,169.755115287147
155.68592786334725,168.1684901950835
156.4588782330718,168.56357285957807
157.23182860279638,167.99919664492995
158.00477897252094,168.38799410927845
158.7777293422455,163.087547358339
159.55067971197008,163.95868441451464
160.32363008169463,162.09263359089152
161.0965804514192,168.02034311575625
161.86953082114377,169.19352614431338
162.64248119086832,165.72011642737485
163.41543156059288,172.55051613097402
164.18838193031743,168.28361328623876
164.961332300042,170.83752022282482
165.73428266976657,171.99523288211716
166.50723303949113,169.49683878556522
167.28018340921568,168.5103449014913
168.05313377894026,171.2044078544319
168.82608414866482,172.70379238005648
169.59903451838937,169.41469680151627
170.37198488811396,163.29560230989412
171.1449352578385,169.7004280902432
171.91788562756307,167.9797937313449
172.69083599728765,164.87155663434032
173.4637863670122,167.6423725505486
174.23673673673676,168.4114194392273
175.00968710646134,169.49135522768515
175.7826374761859,165.26068728472808
176.55558784591045,176.90852318995343
177.32853821563504,168.24799332821016
178.1014885853596,170.3212303700508
178.87443895508414,173.16032455796662
179.64738932480873,168.5490088048802
180.42033969453328,164.3830773682859
181.19329006425784,175.2238844479017
181.96624043398242,163.05865772137457
182.73919080370695,169.58661645342045
183.51214117343153,172.02059513428736
184.2850915431561,164.93490776722703
185.05804191288064,171.8786695467167
185.83099228260522,168.75506055635802
186.6039426523298,173.32884707887806
187.37689302205433,170.64821204741258
188.14984339177892,167.89330341365948
188.92279376150347,170.7795541809295
189.69574413122803,178.37312213921533
190.4686945009526,172.76762498281417
191.24164487067716,172.60563399220408
192.01459524040172,173.10921579262603
192.7875456101263,171.66462154229743
193.56049597985086,173.23634100540187
194.3334463495754,171.45415694077306
195.1063967193,167.6989293325749
195.87934708902455,172.39445470802744
196.6522974587491,164.87328218024038
197.4252478284737,169.55724005064678
198.19819819819824,175.05805348744445
198.9711485679228,170.27911126023403
199.74409893764738,169.41725727295375
200.51704930737193,172.12459776711665
201.2899996770965,172.2458762859401
202.06295004682107,168.5879567579098
202.8359004165456,174.7927279961745
203.60885078627018,175.3653639040581
204.38180115599476,169.71115363767922
205.1547515257193,166.11762144585379
205.92770189544387,171.53713498288676
206.70065226516846,171.89741681673726
207.47360263489298,170.8168127696162
208.24655300461757,174.7826088011971
209.01950337434212,171.0141682207142
209.79245374406668,172.38852052470557
210.56540411379126,173.45049223210387
211.33835448351581,173.66358652289043
212.11130485324037,168.19878309962883
212.88425522296495,166.9965948789855
213.6572055926895,165.66284558922794
214.43015596241406,166.2730486975344
215.20310633213865,168.53793472194084
215.9760567018632,177.6732560291109
216.74900707158776,172.60655158844753
217.52195744131234,170.6245535321189
218.2949078110369,170.92657846936027
219.06785818076145,166.73601796951198
219.84080855048603,172.54023635559798
220.61375892021059,173.46436332484316
221.38670928993514,169.78260984513238
222.15965965965972,171.85204339785963
222.93261002938428,169.5479906257901
223.70556039910883,169.67268598803835
224.47851076883342,171.92814729434423
225.25146113855794,177.544171883526
226.02441150828253,177.0764374248147
226.7973618780071,170.24693339325873
227.57031224773164,166.69571105765127
228.34326261745622,174.72287658382112
229.11621298718077,171.50827093668772
229.88916335690536,172.2048170275861
230.6621137266299,173.65257869166703
231.43506409635447,170.3763325030077
232.20801446607902,174.84061268664635
232.9809648358036,169.98054647814183
233.75391520552816,169.03745912491553
234.5268655752527,170.784719367027
235.2998159449773,172.2803117331707
236.07276631470185,171.33863801736163
236.8457166844264,172.38319303012204
237.618667054151,170.64049321559537
238.39161742387554,171.58195176562265
239.1645677936001,174.87326158967255
239.93751816332468,171.18479219864187
240.71046853304924,166.1502801673006
241.4834189027738,172.20913156596455
242.25636927249835,171.18766632261185
243.02931964222293,165.31533760361236
243.80227001194748,164.43992051976952
244.57522038167204,171.06656510798555
245.34817075139662,168.5142704966597
246.12112112112118,172.5029246338283
246.89407149084573,173.95517079934172
247.66702186057032,170.18170509355787
248.43997223029487,167.61887760986548
249.21292260001943,173.38928976781395
249.985872969744,172.84297490334313
250.75882333946856,167.68431548399366
251.53177370919312,173.12557433304525
252.30472407891767,169.95576346667485
253.07767444864226,164.06359819022128
253.8506248183668,171.72670951548236
254.62357518809137,166.25787968393874
255.39652555781595,161.23005101455064
256.1694759275405,168.65579154717767
256.94242629726506,168.95355995610493
257.71537666698964,166.5429536148325
258.48832703671417,162.23649735377512
259.26127740643875,171.32844966895547
260.03422777616333,164.34867310431818
260.80717814588786,168.26104358136325
261.58012851561244,169.66707077585312
262.353078885337,162.66584202992553
263.12602925506155,160.95573508653777
263.89897962478614,162.86719208442776
264.6719299945107,167.21188478657407
265.44488036423525,167.9293611752351
266.21783073395983,168.4972678683901
266.9907811036844,165.2446709942147
267.76373147340894,166.8430923402
268.5366818431335,161.94924887759774
269.3096322128581,165.63990150077674
270.08258258258263,165.48394127487833
270.8555329523072,165.0782224049872
271.6284833220318,163.05562458734832
272.4014336917563,167.0786089640011
273.1743840614809,158.85572575037904
273.9473344312055,170.7856967142213
274.72028480093,163.12104801177256
275.4932351706546,156.99792208884847
276.2661855403792,164.77685013198007
277.0391359101037,164.32007453748594
277.8120862798283,161.52243636494566
278.5850366495529,164.41706610045736
279.3579870192774,165.72964114368145
280.130937389002,157.69416080050354
280.90388775872657,163.43030362494724
281.6768381284511,161.93936802634892
282.4497884981757,161.3566315426429
283.22273886790026,163.33160335214396
283.9956892376248,159.29240484096738
284.7686396073493,157.8732030748922
285.54158997707395,159.276447196016
286.3145403467985,157.12130357593253
287.087490716523,162.2456918724218
287.86044108624765,158.10918860122547
288.6333914559722,157.32993931325103
289.4063418256967,159.82195973259792
290.17929219542134,158.81001150334754
290.95224256514587,157.58703458540134
291.7251929348704,158.82528175142278
292.49814330459503,150.88011675611617
293.27109367431956,153.85997929889817
294.0440440440441,155.34180733419646
294.81699441376867,155.39698730218356
295.58994478349325,158.15566285252348
296.3628951532178,151.76395154909324
297.13584552294236,154.6385419824423
297.90879589266694,150.48432830702362
298.68174626239147,156.3627000373815
299.45469663211605,154.76168435696033
300.22764700184064,154.04391905869554
301.00059737156516,148.61738512127872
301.77354774128975,156.21447718323748
302.54649811101433,155.5720380736855
303.31944848073886,154.76922971196186
304.09239885046344,157.85791657271506
304.865349220188,153.62014525472037
305.63829958991255,157.74711158062092
306.41124995963713,149.6255692050799
307.1842003293617,155.19018339518925
307.95715069908624,152.70448124105434
308.7301010688108,156.07389186871663
309.5030514385354,141.99485432286463
310.27600180825993,147.09114344197178
311.0489521779845,147.3082948759116
311.8219025477091,146.70335277351083
312.5948529174336,144.23071138855417
313.3678032871582,144.24915246244078
314.1407536568828,145.95800079644
314.9137040266073,152.45432331991307
315.6866543963319,146.38773569133127
316.4596047660565,152.89861568584038
317.232555135781,149.38552867967468
318.0055055055056,146.38037135910128
318.7784558752302,145.76456051269454
319.5514062449547,145.6554658186151
320.3243566146793,141.70076988962754
321.0973069844039,147.048441117536
321.8702573541284,143.19050570436968
322.643207723853,142.8374491144172
323.41615809357756,140.7027413239239
324.1891084633021,137.13555768471704
324.9620588330266,146.25527538831133
325.73500920275126,144.18503639114323
326.5079595724758,140.50867152454228
327.2809099422003,143.09697274286276
328.05386031192495,139.87187627070142
328.8268106816495,143.92267208006342
329.599761051374,141.55741257960733
330.37271142109864,132.5834151347983
331.14566179082317,140.88365735722968
331.9186121605477,135.68044636048373
332.69156253027234,141.3429850826245
333.46451289999686,136.85432775751258
334.2374632697214,137.39776733522234
335.010413639446,138.5641078287487
335.78336400917055,129.05085757196338
336.5563143788951,133.8140436574691
337.32926474861966,136.58001134565217
338.10221511834425,135.54208656045375
338.8751654880688,136.9256740141919
339.64811585779336,134.09469912567695
340.42106622751794,134.15468721979298
341.19401659724247,127.01538794511927
341.96696696696705,130.8188055841075
342.73991733669163,133.1835042494036
343.51286770641616,133.06901173334992
344.28581807614074,130.39273845020847
345.0587684458653,133.3504524370643
345.83171881558985,135.00100857236382
346.60466918531444,125.82960348343468
347.377619555039,130.29503976602493
348.15056992476354,127.72021630934205
348.9235202944881,122.21754249644005
349.6964706642127,125.95118937394828
350.46942103393724,126.87848070896884
351.2423714036618,131.94552509524735
352.0153217733864,127.17600062871689
352.78827214311093,127.94111642992708
353.5612225128355,125.9624069267473
354.3341728825601,124.87289200428249
355.1071232522846,124.7042162790393
355.8800736220092,121.48117686239323
356.6530239917338,131.3731615520333
357.4259743614583,121.87281962102517
358.1989247311829,128.9222336448961
358.9718751009075,125.01018639976351
359.744825470632,126.0089373962876
360.5177758403566,124.0650637979213
361.2907262100811,119.62581717126342
362.0636765798057,126.21570708531566
362.8366269495303,118.88100686051665
363.6095773192548,120.64282802940863
364.3825276889794,119.3356551961036
365.155478058704,121.34548561847849
365.9284284284285,118.88797995649385
366.7013787981531,116.75742838859544
367.47432916787767,117.61436500764877
368.2472795376022,115.1999009136114
369.0202299073268,115.95989928330184
369.79318027705136,124.17707597932588
370.5661306467759,114.55311239626747
371.3390810165005,115.65761551365945
372.11203138622506,117.77552552937992
372.8849817559496,118.39281287028
373.65793212567417,120.72159290241093
374.43088249539875,115.46571158591034
375.2038328651233,116.89712211357973
375.97678323484786,115.49915932408355
376.74973360457244,111.79515340051876
377.52268397429697,115.95092053921435
378.29563434402155,110.82507301135689
379.06858471374613,118.92534220735915
379.84153508347066,119.48644498187919
380.61448545319524,116.33207246546365
381.3874358229198,114.09194836791391
382.16038619264435,118.57446201049643
382.93333656236894,119.2192614008017
383.70628693209346,115.91208789843775
384.47923730181805,115.40014540160477
385.25218767154263,113.14555959365637
386.02513804126716,111.4407958274289
386.79808841099174,112.41070520672993
387.5710387807163,117.56093308821455
388.34398915044085,112.2648505390594
389.11693952016543,111.43260043981988
389.88988988989,108.87032633847079
390.66284025961454,112.34737027462002
391.4357906293391,114.48781094865015
392.2087409990637,110.87077862620626
392.98169136878823,107.57228719294224
393.7546417385128,107.24528689247813
394.5275921082374,110.93306825585744
395.3005424779619,112.18553240382376
396.0734928476865,107.42916305999118
396.8464432174111,108.2497784958519
397.6193935871356,108.4685529687954
398.3923439568602,109.72464761522905
399.1652943265848,115.38917504646244
399.9382446963093,110.88813631228211
400.7111950660339,112.18944305309047
401.4841454357585,109.10819600175152
402.257095805483,108.02019465601006
403.0300461752076,108.7330852416395
403.8029965449321,115.26336527865956
404.5759469146567,107.51670213546718
405.3488972843813,107.57382630323619
406.1218476541058,107.12932985897525
406.8947980238304,107.70515797139365
407.667748393555,106.32874061859643
408.4406987632795,107.95011028030162
409.2136491330041,108.07011744329296
409.98659950272867,109.87838750824139
410.7595498724532,107.85574247106337
411.5325002421778,115.52282593851638
412.30545061190236,110.98955552182919
413.0784009816269,110.65381023217182
413.85135135135147,106.75001737433361
414.62430172107605,109.73765655058996
415.3972520908006,107.60667151342086
416.17020246052516,110.4830772667665
416.94315283024974,110.00813779252626
417.71610319997427,107.46810232382626
418.48905356969885,110.17157398860458
419.26200393942344,110.52957995725711
420.03495430914796,107.48615935969374
420.80790467887255,111.56195830958137
421.58085504859713,113.89387114612884
422.35380541832166,108.1953546794074
423.12675578804624,109.2539820658305
423.89970615777077,113.66416020090332
424.67265652749535,104.97959929690711
425.44560689721993,106.96901702675355
426.21855726694446,111.29503848028689
426.99150763666904,111.9180803756997
427.7644580063936,114.31037299265729
428.53740837611815,106.63277930151513
429.31035874584273,103.8932376863057
430.0833091155673,109.49762494097251
430.85625948529184,102.55707175299091
431.6292098550164,111.50737368145373
432.402160224741,110.06954047696522
433.17511059446554,108.43752086084038
433.9480609641901,110.54599409295602
434.7210113339147,108.45001639938022
435.49396170363923,106.27110014465293
436.2669120733638,108.33503014003804
437.0398624430884,112.0607861448145
437.8128128128129,104.83219506750294
438.5857631825375,107.32197336058121
439.3587135522621,114.37147234748585
440.1316639219866,113.83646270920094
440.9046142917112,112.32350352616436
441.6775646614358,109.29263267091882
442.4505150311603,105.83650533004871
443.2234654008849,110.61969582163002
443.9964157706095,111.97634728512746
444.769366140334,108.82264828620006
445.5423165100586,109.11455361337136
446.3152668797831,109.20369296009574
447.0882172495077,115.97277061764144
447.8611676192323,113.66695764344631
448.6341179889568,115.5440896043006
449.4070683586814,107.72741961167257
450.18001872840597,115.3699235203831
450.9529690981305,111.30001096039766
451.7259194678551,112.00660268980056
452.49886983757966,116.06540210923394
453.2718202073042,112.38854991521208
454.04477057702877,112.40912824468147
454.81772094675335,113.91396211040686
455.5906713164779,113.4671944636011
456.36362168620246,114.55519117050952
457.13657205592705,111.68359736595566
457.9095224256516,114.7653078619968
458.68247279537616,112.91121858953856
459.45542316510074,119.48491882790654
460.22837353482527,114.73630796605835
461.00132390454985,112.35729157823913
461.77427427427443,116.84197073194393
462.54722464399896,113.77356538139655
463.32017501372354,117.80281076669134
464.0931253834481,115.68313253922258
464.86607575317265,115.96719586934073
465.63902612289723,115.56457951553782
466.41197649262176,113.71822966442241
467.18492686234634,118.30707587408493
467.9578772320709,116.69740928639305
468.73082760179545,113.79726951180649
469.50377797152004,116.78411667461961
470.2767283412446,115.21243155395004
471.04967871096915,117.44946759046319
471.82262908069373,117.76143460120744
472.5955794504183,118.58744663569036
473.36852982014284,117.72377294567055
474.1414801898674,122.3623906705526
474.914430559592,119.12929567746994
475.68738092931653,116.26109928739169
476.4603312990411,117.80757173176664
477.2332816687657,116.45777393728346
478.0062320384902,123.53781345779883
478.7791824082148,116.21678682142644
479.5521327779394,121.41894055793537
480.3250831476639,120.67791601098759
481.0980335173885,120.23364407955664
481.8709838871131,115.51674701374725
482.6439342568376,124.11110551720513
483.4168846265622,125.7796795501634
484.1898349962868,119.84802016882827
484.9627853660113,117.75674125159576
485.7357357357359,122.74407371787815
486.5086861054604,122.54446715622075
487.281636475185,118.45364907458676
488.0545868449096,119.70740782408711
488.8275372146341,118.40339127002008
489.6004875843587,127.35581075427064
490.3734379540833,119.2329006770379
491.1463883238078,129.04482523898258
491.9193386935324,122.60314505008195
492.69228906325696,123.19000342100986
493.4652394329815,118.24839248634763
494.2381898027061,123.20405351393256
495.01114017243066,124.8382715498734
495.7840905421552,124.75872484649639
496.55704091187977,125.62303781023849
497.32999128160435,125.4739273034979
498.1029416513289,127.24994683698236
498.87589202105346,117.88832673518846
499.64884239077804,125.72122397940507
500.42179276050257,131.5401399208897
501.19474313022715,124.44141620255182
501.96769349995174,124.71056834024031
502.74064386967626,127.96961129990402
503.51359423940085,122.05243157709751
504.28654460912543,122.75281004418429
505.05949497884995,119.35351213126111
505.83244534857454,122.53824397845624
506.6053957182991,122.14313150723194
507.37834608802365,132.8264876005039
508.15129645774823,124.9308770512696
508.92424682747276,130.9120766239581
509.69719719719734,127.63747915767378
510.4701475669219,129.33218631992136
511.24309793664645,127.39556196419095
512.016048306371,127.05571725140008
512.7889986760956,131.97370740276054
513.5619490458201,132.62171521352903
514.3348994155447,129.88544501589396
515.1078497852693,123.70199130354263
515.8808001549938,123.5957457439695
516.6537505247184,131.17015622341182
517.426700894443,123.41955576356223
518.1996512641675,131.20828787381765
518.972601633892,124.16129908876535
519.7455520036167,131.4025063068872
520.5185023733412,127.70400469443521
521.2914527430657,127.46730196841011
522.0644031127904,135.12769152144713
522.8373534825149,134.27438609034675
523.6103038522394,130.03944209586504
524.3832542219641,129.57481117494356
525.1562045916886,130.81173454431718
525.9291549614131,131.66201869666224
526.7021053311378,137.81250281156068
527.4750557008623,131.4023773051284
528.2480060705868,133.14225326652965
529.0209564403115,132.24084211205616
529.793906810036,134.7685297848187
530.5668571797605,132.25056246356672
531.3398075494852,132.4835874151084
532.1127579192097,130.48699672154245
532.8857082889342,135.71393458302438
533.6586586586589,127.92641515608624
534.4316090283834,131.2355417996568
535.2045593981079,136.41864005727277
535.9775097678325,135.36445404962564
536.7504601375571,136.68112518952935
537.5234105072816,136.11390754434393
538.2963608770062,137.17490750134522
539.0693112467308,139.60578143551598
539.8422616164553,138.71423465244595
540.6152119861799,133.6384108231137
541.3881623559045,136.9999511727248
542.161112725629,141.60916098989435
542.9340630953536,137.0278806015194
543.7070134650781,133.27024159338302
544.4799638348027,137.30047791796292
545.2529142045273,141.25063104544566
546.0258645742518,138.47848130111944
546.7988149439764,134.9265537672192
547.571765313701,138.47121978147976
548.3447156834255,141.63682156919623
549.1176660531501,137.82254473405354
549.8906164228747,144.05208543163963
550.6635667925992,139.78417389680072
551.4365171623238,141.7574764946298
552.2094675320484,140.46335984945532
552.9824179017729,141.2490517424488
553.7553682714974,137.47150196240733
554.5283186412221,138.79554658393732
555.3012690109466,137.50948089008546
556.0742193806711,137.9417097165887
556.8471697503958,141.07788686515795
557.6201201201203,139.5279268824199
558.3930704898448,139.09038514954418
559.1660208595695,143.37333534767117
559.938971229294,142.40274191398322
560.7119215990185,144.79003525360864
561.4848719687432,140.31130774661395
562.2578223384677,140.5089578260261
563.0307727081922,140.2562555452037
563.8037230779169,144.5490026538738
564.5766734476414,139.37587759758364
565.3496238173659,148.07106656586126
566.1225741870905,146.6430870712958
566.8955245568151,143.14415521983835
567.6684749265396,148.43773413782532
568.4414252962642,144.20807364849964
569.2143756659888,151.64337181104133
569.9873260357133,150.1689938719321
570.7602764054379,144.99645826409034
571.5332267751623,147.28886585645648
572.306177144887,145.95598007129283
573.0791275146116,147.21821174303886
573.852077884336,144.74666957726433
574.6250282540607,147.47728368605925
575.3979786237853,143.93251489193653
576.1709289935097,148.46373252096447
576.9438793632344,145.2654202942781
577.716829732959,145.16993405631715
578.4897801026834,147.46959187395606
579.2627304724081,148.04200112387082
580.0356808421327,149.42651334765242
580.8086312118571,145.79589088629336
581.5815815815818,143.71352218000783
582.3545319513064,148.16391636984395
583.1274823210308,150.2135929712582
583.9004326907555,147.55251847207703
584.6733830604801,150.45496136969595
585.4463334302045,153.59462520014395
586.2192837999291,151.35407475049797
586.9922341696538,147.0238299771366
587.7651845393782,145.11449079139416
588.5381349091028,147.0505018705975
589.3110852788275,148.3949924705657
590.0840356485519,148.91942344276578
590.8569860182765,153.6346684919344
591.629936388001,153.943398603107
592.4028867577256,150.54450502292215
593.1758371274502,149.69011097156485
593.9487874971747,151.45235227110868
594.7217378668993,150.57173708999989
595.4946882366239,147.81953502401322
596.2676386063484,153.21753631790676
597.040588976073,153.49069317999553
597.8135393457976,151.32013259448635
598.5864897155221,154.2767644455528
599.3594400852467,150.83602016432886
600.1323904549713,157.36306341019295
600.9053408246958,147.7064952183295
601.6782911944204,153.8019355326679
602.451241564145,150.32604087021662
603.2241919338695,158.14900153056496
603.997142303594,154.114212321051
604.7700926733187,154.40308013590518
605.5430430430432,153.84303899793517
606.3159934127677,145.68788385132234
607.0889437824924,147.80118344222433
607.8618941522169,153.0531446708661
608.6348445219414,150.38308102171817
609.4077948916661,153.5484271472226
610.1807452613906,153.32028941273433
610.9536956311151,153.5402902940175
611.7266460008398,157.43101655980732
612.4995963705643,153.32179255867536
613.2725467402888,155.06838714260317
614.0454971100135,155.48008020818355
614.8184474797381,157.31046403437603
615.5913978494625,158.92645281898353
616.3643482191871,151.23578289722943
617.1372985889118,155.65346450411178
617.9102489586362,158.00078895143125
618.6831993283608,154.19411032113862
619.4561496980855,153.43252285839392
620.2291000678099,152.6843254789354
621.0020504375345,154.1352697851504
621.775000807259,154.3586412124123
622.5479511769836,157.06668489198788
623.3209015467082,159.23910218631522
624.0938519164326,158.7108893444375
624.8668022861573,157.65900713536902
625.6397526558819,160.52050128720728
626.4127030256063,160.4751882287962
627.185653395331,156.14495787105812
627.9586037650556,152.55588214231292
628.73155413478,157.75895141794274
629.5045045045047,156.98515992224753
630.2774548742293,153.44258757000915
631.0504052439537,156.07771355612152
631.8233556136784,160.30349849001075
632.596305983403,160.89060255001834
633.3692563531274,161.47781564689478
634.142206722852,159.17562723120062
634.9151570925767,157.19092619624172
635.6881074623011,159.37547566117982
636.4610578320257,155.4052813478861
637.2340082017504,156.98254206074054
638.0069585714748,158.5444141106139
638.7799089411994,158.69356036616443
639.5528593109241,152.33956042709295
640.3258096806485,155.25800618179096
641.0987600503731,160.67023093329874
641.8717104200978,161.01222367961918
642.6446607898222,151.2342000674249
643.4176111595468,161.3069219870474
644.1905615292715,158.52660730176305
644.9635118989959,155.16045694071803
645.7364622687205,162.33816072720475
646.5094126384452,159.62177231246943
647.2823630081696,153.9432759001846
648.0553133778942,159.88942713212074
648.8282637476188,157.8432143582635
649.6012141173433,153.2884606348704
650.3741644870679,157.27644349277455
651.1471148567925,157.1615860804829
651.920065226517,158.66557981526933
652.6930155962416,159.22683904514358
653.4659659659662,156.9967489975016
654.2389163356906,161.9197423974937
655.0118667054153,159.79921741165103
655.7848170751399,158.1925099849647
656.5577674448643,161.52709887574534
657.330717814589,161.26061900316233
658.1036681843136,152.00807508786357
658.876618554038,160.0997529464318
659.6495689237627,160.24829206185964
660.4225192934873,156.91508538869635
661.1954696632117,163.59431962845431
661.9684200329364,166.07645622762408
662.741370402661,157.8351987427231
663.5143207723854,163.73510540930766
664.2872711421101,157.97810548925895
665.0602215118347,156.51702374871064
665.8331718815591,156.02800861912098
666.6061222512838,159.43106159288777
667.3790726210084,158.7648178878622
668.1520229907328,160.05373275493187
668.9249733604574,159.02602530508932
669.6979237301821,156.6786207085501
670.4708740999065,160.9891383997055
671.2438244696311,158.10519789138954
672.0167748393558,160.7559579625348
672.7897252090802,154.48024246039148
673.5626755788048,160.86768711154804
674.3356259485295,160.9298077125364
675.1085763182539,161.5489607379072
675.8815266879785,165.64118396883524
676.6544770577032,158.65837077380849
677.4274274274276,166.83288855245237
678.2003777971522,160.24227858380834
678.9733281668769,163.11126095644343
679.7462785366013,157.18920640559654
680.5192289063259,164.33359258227577
681.2921792760505,163.02903497609717
682.065129645775,165.5592304879076
682.8380800154996,162.89148590290546
683.6110303852242,165.68285285740274
684.3839807549487,162.27287292853302
685.1569311246733,160.18620159280263
685.9298814943979,162.27269236583183
686.7028318641223,162.3878905723811
687.475782233847,163.89478641904324
688.2487326035716,166.05297589599527
689.021682973296,159.1376282610166
689.7946333430207,158.8886973589121
690.5675837127453,156.98939590009968
691.3405340824697,157.99839982630428
692.1134844521944,157.84568652944287
692.886434821919,164.41579726584234
693.6593851916434,157.94135633212142
694.4323355613681,161.0763033287393
695.2052859310927,163.3540361989394
695.9782363008171,161.1522579221082
696.7511866705418,168.43666733543623
697.5241370402664,159.71515322069084
698.2970874099908,158.34101839217533
699.0700377797154,161.90749014687185
699.8429881494401,158.2261581827563
700.6159385191645,160.56601490194288
701.3888888888891,159.33208887623613
702.1618392586138,161.39334058088346
702.9347896283382,162.5798047123938
703.7077399980628,162.29526521243136
704.4806903677875,158.653044108196
705.2536407375119,160.73786202253257
706.0265911072365,159.86676539205254
706.7995414769609,158.42816908807984
707.5724918466856,163.6127478327715
708.3454422164102,155.9851649452051
709.1183925861346,166.63018883893676
709.8913429558593,165.86319369052907
710.6642933255839,168.9452012913962
711.4372436953083,159.4166372928326
712.210194065033,157.99837732067635
712.9831444347576,161.31140902038675
713.756094804482,160.79904773179058
714.5290451742067,168.08076283495194
715.3019955439313,161.24346076449527
716.0749459136557,161.34648501718675
716.8478962833804,161.5771557984672
717.620846653105,158.7404337668124
718.3937970228294,159.75608940655158
719.166747392554,161.49268092027083
719.9396977622787,165.82373791331054
720.7126481320031,158.57346736866126
721.4855985017277,156.03753808875257
722.2585488714524,162.48525715965258
723.0314992411768,166.14291888975015
723.8044496109014,164.3200568900794
724.5773999806261,168.1711505962071
725.3503503503505,160.50110868887376
726.1233007200751,160.08796868341423
726.8962510897998,154.20490114250094
727.6692014595242,168.08741041466166
728.4421518292488,165.76337002710721
729.2151021989735,160.0070800511625
729.9880525686979,159.4083407183874
730.7610029384225,167.9816077393464
731.5339533081471,161.88443445643435
732.3069036778716,166.7593598691022
733.0798540475962,160.65455089774326
733.8528044173208,164.6892010398594
734.6257547870453,156.63846225957124
735.3987051567699,159.97497754941156
736.1716555264945,159.9000826373531
736.944605896219,164.1471097345788
737.7175562659436,167.44832424286685
738.4905066356682,162.77515879135527
739.2634570053926,165.54238519331085
740.0364073751173,161.60069111304145
740.8093577448419,158.60196797646228
741.5823081145663,160.2949616653325
742.355258484291,158.9583783643468
743.1282088540156,162.5751934653404
743.90115922374,168.26864400491868
744.6741095934647,155.3887575901789
745.4470599631893,160.14487552621392
746.2200103329137,160.56281855371452
746.9929607026384,158.02606636772728
747.765911072363,161.71855348709352
748.5388614420874,154.25771288250027
749.311811811812,158.98973725350208
750.0847621815367,158.45809212765553
750.8577125512611,158.13809549445105
751.6306629209857,164.10990385367532
752.4036132907104,162.53422470358558
753.1765636604348,159.23285208932688
753.9495140301594,162.41547033712862
754.7224643998841,159.10452098744176
755.4954147696085,158.02985561296296
756.2683651393331,158.9665784683273
757.0413155090578,154.9653568684362
757.8142658787822,164.62666093959143
758.5872162485068,162.95757702024903
759.3601666182315,163.87933093529207
760.1331169879559,167.01919936287985
760.9060673576805,157.28823654894433
761.6790177274052,162.15666052296288
762.4519680971296,158.39534220457907
763.2249184668542,165.36772108685378
763.9978688365788,165.31052693895919
764.7708192063033,160.68497742073157
765.5437695760279,165.41980700451555
766.3167199457525,162.1169583378149
767.089670315477,163.4569899962755
767.8626206852016,162.74089678442627
768.6355710549262,160.15660308344127
769.4085214246506,166.79188980052314
770.1814717943753,159.42713935575628
770.9544221640999,162.29833760406984
771.7273725338243,165.0372917705739
772.500322903549,158.1020909638049
773.2732732732736,156.46071440499003
774.046223642998,163.84968900301573
774.8191740127227,163.81574684705723
775.5921243824473,162.06534827602053
776.3650747521717,156.466735369241
777.1380251218964,162.53850658605978
777.910975491621,164.9862971810392
778.6839258613454,161.777358867746
779.45687623107,166.17404630084425
780.2298266007947,157.57548748746925
781.0027769705191,165.85990755288887
781.7757273402437,160.1641123538409
782.5486777099684,161.57845046941145
783.3216280796928,161.27954065018477
784.0945784494174,162.04207183431802
784.8675288191421,163.26025312034784
785.6404791888665,158.6364048355019
786.4134295585911,158.42906377636564
787.1863799283158,158.48983721992693
787.9593302980402,161.52366222715915
788.7322806677648,158.94223081468013
789.5052310374892,158.34390866874102
790.2781814072139,163.75649225578607
791.0511317769385,162.37310246614294
791.8240821466629,159.21742176884226
792.5970325163876,156.7670096037247
793.3699828861122,162.06485267413493
794.1429332558366,161.48422177834323
794.9158836255613,164.62767828942341
795.6888339952859,165.72908471485104
796.4617843650103,159.4307835207914
797.234734734735,161.55231705214257
798.0076851044596,166.38188538746599
798.780635474184,164.66687419936463
799.5535858439086,157.29519007582869
800.3265362136333,156.28845541895177
801.0994865833577,161.7426232878314
801.8724369530823,162.82820723223998
802.645387322807,155.96329281461286
803.4183376925314,162.88869199144267
804.191288062256,156.0602372657978
804.9642384319807,160.43452774764006
805.7371888017051,160.967172139736
806.5101391714297,161.2556473694238
807.2830895411544,157.09928348242198
808.0560399108788,164.08903337176994
808.8289902806034,163.4813798580707
809.6019406503281,161.7289069366322
810.3748910200525,163.25355939408425
811.1478413897771,162.2774181392517
811.9207917595018,162.63183287833573
812.6937421292262,162.79857479998722
813.4666924989508,162.4026791745825
814.2396428686754,161.71226091215775
815.0125932383999,163.63543932523865
815.7855436081245,154.6916014778129
816.5584939778491,165.71964732891797
817.3314443475736,163.25839996377692
818.1043947172982,160.02038907508623
818.8773450870228,157.6191025300792
819.6502954567472,164.7894465823771
820.4232458264719,163.6957106205901
821.1961961961965,156.76735886190744
821.9691465659209,162.98047614278735
822.7420969356456,154.51792590908403
823.5150473053702,165.35677073551736
824.2879976750946,160.48109221532545
825.0609480448193,156.13215665594439
825.8338984145439,162.0169067970169
826.6068487842683,160.21744251833934
827.379799153993,161.47174336983787
828.1527495237176,157.71287342065875
828.925699893442,156.4168796860997
829.6986502631667,160.51513587975487
830.4716006328913,158.6836500663192
831.2445510026157,164.783499839422
832.0175013723403,157.84135545946134
832.790451742065,163.20334627372682
833.5634021117894,157.27764699888806
834.336352481514,161.8439568411821
835.1093028512387,161.98104501874602
835.8822532209631,162.61481239218944
836.6552035906877,165.19922760489942
837.4281539604124,156.1930258761956
838.2011043301368,163.4400368816348
838.9740546998614,164.9055935828929
839.7470050695861,160.10919731111747
840.5199554393105,155.90250802228707
841.2929058090351,164.2554171855337
842.0658561787598,156.88996780900777
842.8388065484842,161.43862918057377
843.6117569182088,164.49635734783405
844.3847072879335,161.20865686906814
845.1576576576579,164.55374040801988
845.9306080273825,164.65025613430933
846.7035583971071,160.2724608940679
847.4765087668316,160.03423935508445
848.2494591365562,158.58582115229683
849.0224095062808,164.32058209325498
849.7953598760053,166.11684343334034
850.5683102457299,161.6365348226126
851.3412606154545,165.89103379199128
852.1142109851789,165.62845936875843
852.8871613549036,160.32012548529013
853.6601117246282,159.65743724743936
854.4330620943526,162.76457457055182
855.2060124640773,166.4119199754326
855.9789628338019,162.65678797978563
856.7519132035263,163.46311222572834
857.524863573251,165.13101299889868
858.2978139429756,160.8518144046385
859.0707643127,163.09542333222765
859.8437146824247,159.75728866187285
860.6166650521493,160.88300877636053
861.3896154218737,156.4491476330168
862.1625657915984,164.53866191842565
862.935516161323,163.48829770028786
863.7084665310474,160.97727027474005
864.481416900772,156.0418877372332
865.2543672704967,154.5769499509321
866.0273176402211,159.91106634518158
866.8002680099457,159.20517448138148
867.5732183796704,164.0312494306792
868.3461687493948,163.71618789208537
869.1191191191194,158.42203047377205
869.8920694888441,166.0369323083328
870.6650198585685,164.33600472815084
871.4379702282931,160.34843937649453
872.2109205980175,164.28564227327533
872.9838709677422,153.71066363445985
