100.80645161290323,151.96830039670488
101.5794019826278,151.32873247625787
102.35235235235236,150.88747765044658
103.12530272207692,151.06098695890455
103.89825309180148,151.4691887767276
104.67120346152605,151.7569875769115
105.44415383125062,152.4118774424308
106.21710420097517,155.15800425036042
106.99005457069974,152.6081499212281
107.76300494042431,148.38815636881637
108.53595531014886,153.16539060023624
109.30890567987343,153.34368834024556
110.08185604959799,153.71446512427556
110.85480641932256,151.40753714388467
111.62775678904713,156.99336230505313
112.40070715877168,154.5227551550058
113.17365752849625,154.78809702902544
113.9466078982208,156.12642063299313
114.71955826794537,157.92080897910978
115.49250863766994,158.45320747483052
116.2654590073945,155.82900827863284
117.03840937711907,156.08411911091346
117.81135974684364,160.67273132079043
118.58431011656819,156.36607495463588
119.35726048629276,156.83716151625305
120.13021085601733,157.08407700852987
120.90316122574188,159.04885696719467
121.67611159546645,156.78748425370495
122.449061965191,153.16281529536087
123.22201233491558,151.5785295457207
123.99496270464013,156.04069643422662
124.7679130743647,158.76297547161644
125.54086344408927,158.7550445281528
126.31381381381382,154.13110239560095
127.08676418353839,159.21398315356578
127.85971455326296,157.6981825756499
128.63266492298752,159.6646995887428
129.40561529271207,159.88697302574104
130.17856566243665,167.23201969471936
130.9515160321612,160.32534742005353
131.72446640188576,162.58315739277288
132.49741677161035,163.40586633536316
133.2703671413349,158.59898104610622
134.04331751105946,161.1773899463232
134.81626788078404,161.38525003497912
135.5892182505086,160.13251349486492
136.36216862023315,160.98666724197872
137.13511898995773,161.22263177231497
137.9080693596823,161.63481374160258
138.68101972940684,164.6842663004601
139.45397009913142,165.53842866180926
140.22692046885598,164.24833885588944
140.99987083858053,167.95529961409414
141.7728212083051,159.3844942362294
142.54577157802967,166.19952735386747
143.31872194775423,163.53553121468508
144.09167231747878,163.71861616430294
144.86462268720334,166.30885629471007
145.63757305692792,164.07858031291488
146.41052342665247,164.2554583445075
147.18347379637703,159.2345563057928
147.9564241661016,159.46432739844127
148.72937453582617,164.54944585292213
149.50232490555072,168.00308073388558
150.2752752752753,165.10878472730948
151.04822564499986,165.27323316293274
151.82117601472441,169.02330493367992
152.594126384449,161.8955179207762
153.36707675417355,165.75413428131563
154.1400271238981,165.91028464561197
154.9129774936227,172.1149697133826
155.68592786334725,166.2163568592535
156.4588782330718,166.36627754119732
157.23182860279638,166.51412049495553
158.00477897252094,163.2638496641335
158.7777293422455,165.1102378737015
159.55067971197008,164.55908454781354
160.32363008169463,167.08470335411872
161.0965804514192,166.93082871207145
161.86953082114377,166.71026925112267
162.64248119086832,167.49079575120828
163.41543156059288,167.6219958662567
164.18838193031743,173.68604621807887
164.961332300042,162.9766130851073
165.73428266976657,173.56716867078975
166.50723303949113,170.7766105046114
167.28018340921568,168.3241188453601
168.05313377894026,166.38535136929758
168.82608414866482,169.9862661158661
169.59903451838937,168.3995939934873
170.37198488811396,169.54831887673333
171.1449352578385,164.40398326125037
171.91788562756307,166.2105541050296
172.69083599728765,165.09819050522097
173.4637863670122,164.37233276452505
174.23673673673676,170.38784316322747
175.00968710646134,171.08062590181112
175.7826374761859,166.95680160582913
176.55558784591045,173.9471333697516
177.32853821563504,165.53335038920443
178.1014885853596,171.5332125592172
178.87443895508414,174.439271368318
179.64738932480873,172.51196770293785
180.42033969453328,172.28427305807082
181.19329006425784,174.83730816555013
181.96624043398242,168.09791770196557
182.73919080370695,165.35839888761163
183.51214117343153,171.92267802961132
184.2850915431561,170.03301926168535
185.05804191288064,170.44777575955723
185.83099228260522,167.1953339786519
186.6039426523298,167.73365932312916
187.37689302205433,175.8119458462629
188.14984339177892,163.78672372099368
188.92279376150347,170.7795541809295
189.69574413122803,167.83959629791508
190.4686945009526,170.89755393007857
191.24164487067716,177.84301294965593
192.01459524040172,171.3139242975258
192.7875456101263,168.68609910064933
193.56049597985086,171.10830782657493
194.3334463495754,174.88829536348814
195.1063967193,171.201052634711
195.87934708902455,174.20070285300977
196.6522974587491,170.90176811156329
197.4252478284737,172.34666346387115
198.19819819819824,171.36125462273085
198.9711485679228,171.39603345892925
199.74409893764738,168.81520271554692
200.51704930737193,171.4592610524531
201.2899996770965,171.48770864237716
202.06295004682107,173.6883093784408
202.8359004165456,171.53826849004622
203.60885078627018,171.5603795803898
204.38180115599476,174.96400043646128
205.1547515257193,168.86593539041183
205.92770189544387,171.61403051304814
206.70065226516846,167.53528506227764
207.47360263489298,170.99037026640892
208.24655300461757,175.01894901900752
209.01950337434212,171.6559511755646
209.79245374406668,171.66113925086256
210.56540411379126,171.66420932262676
211.33835448351581,169.4199608637233
212.11130485324037,179.0371809270877
212.88425522296495,171.9608516288656
213.6572055926895,171.65529790033094
214.43015596241406,171.6477691989154
215.20310633213865,167.6889981647329
215.9760567018632,172.18139521882222
216.74900707158776,171.61245172543772
217.52195744131234,171.5964334988658
218.2949078110369,174.66254528566392
219.06785818076145,178.83736681258227
219.84080855048603,174.5886657022849
220.61375892021059,170.23812181436625
221.38670928993514,171.48447308387966
222.15965965965972,171.4557030585522
222.93261002938428,169.80672985115214
223.70556039910883,171.39178039596155
224.47851076883342,170.98834607395983
225.25146113855794,170.12984380459935
226.02441150828253,170.42945789098974
226.7973618780071,171.23838827941736
227.57031224773164,171.19471459716002
228.34326261745622,174.67670463433154
229.11621298718077,174.44085842828767
229.88916335690536,171.0509026436855
230.6621137266299,168.35190656585706
231.43506409635447,172.69563741101868
232.20801446607902,173.93573161230572
232.9809648358036,173.61033678567293
233.75391520552816,171.38805761864998
234.5268655752527,168.2946596957463
235.2998159449773,169.24818432440944
236.07276631470185,170.57350131015457
236.8457166844264,170.5042014221653
237.618667054151,172.58847556502877
238.39161742387554,170.3590281551576
239.1645677936001,168.48670533270408
239.93751816332468,171.70458837771173
240.71046853304924,173.69176655148192
241.4834189027738,170.04143647389296
242.25636927249835,169.95616431808068
243.02931964222293,169.86847452641769
243.80227001194748,167.759158229805
244.57522038167204,168.15354353886545
245.34817075139662,169.59055962806272
246.12112112112118,169.49285958473527
246.89407149084573,169.39257205142633
247.66702186057032,169.28966305730972
248.43997223029487,166.48341554496983
249.21292260001943,169.64684758883084
249.985872969744,168.9648676018526
250.75882333946856,170.15290714786278
251.53177370919312,173.72796062352586
252.30472407891767,168.61525604938544
253.07767444864226,166.40380029387592
253.8506248183668,168.1838360509392
254.62357518809137,169.2616078904097
255.39652555781595,168.1089191899708
256.1694759275405,169.93649928358033
256.94242629726506,164.4192280279852
257.71537666698964,167.69783647440096
258.48832703671417,173.15923089766477
259.26127740643875,166.22108830165843
260.03422777616333,167.25888028746755
260.80717814588786,164.65402277056572
261.58012851561244,166.95030462329458
262.353078885337,162.61239281737963
263.12602925506155,166.62866133310376
263.89897962478614,166.4628544011862
264.6719299945107,170.61960446020848
265.44488036423525,163.90275114112413
266.21783073395983,165.94508480823154
266.9907811036844,165.2853964577896
267.76373147340894,160.02400944767783
268.5366818431335,166.2222614760993
269.3096322128581,166.93034215542042
270.08258258258263,159.51789278688395
270.8555329523072,162.4750276741533
271.6284833220318,163.83654119758575
272.4014336917563,157.0098040581409
273.1743840614809,164.61373491744789
273.9473344312055,156.2004635632934
274.72028480093,163.7723746352359
275.4932351706546,169.12051212216934
276.2661855403792,163.90536704866648
277.0391359101037,164.62957284274285
277.8120862798283,162.869343850052
278.5850366495529,162.63372034618726
279.3579870192774,158.03234470357017
280.130937389002,162.15039657359256
280.90388775872657,161.9026283632102
281.6768381284511,160.54843773347534
282.4497884981757,161.0194787895324
283.22273886790026,161.13449078580913
283.9956892376248,161.2579074367596
284.7686396073493,161.26222634110474
285.54158997707395,160.32839040167815
286.3145403467985,160.05109556383917
287.087490716523,159.76944675305896
287.86044108624765,159.48340999851123
288.6333914559722,159.19295132937
289.4063418256967,154.47781201949766
290.17929219542134,158.59863236400224
290.95224256514587,156.35635331365518
291.7251929348704,154.84164908229846
292.49814330459503,158.2925326329551
293.27109367431956,154.6170402676864
294.0440440440441,157.0332993131072
294.81699441376867,158.3957637325927
295.58994478349325,154.5195512991444
296.3628951532178,156.04065317192888
297.13584552294236,156.33594302307785
297.90879589266694,155.35804178033032
298.68174626239147,155.70542531036847
299.45469663211605,148.94851390088988
300.22764700184064,154.3046976999073
301.00059737156516,154.60985177185648
301.77354774128975,154.72616575627148
302.54649811101433,150.93676876608987
303.31944848073886,147.28366040628444
304.09239885046344,152.47679876178412
304.865349220188,157.7611929062651
305.63829958991255,148.15800740877697
306.41124995963713,151.52089272456752
307.1842003293617,152.90034241544953
307.95715069908624,154.20547687712136
308.7301010688108,147.45499191637853
309.5030514385354,154.4064481539954
310.27600180825993,143.82643359991079
311.0489521779845,148.99167000481825
311.8219025477091,148.59126931709747
312.5948529174336,148.18857385562862
313.3678032871582,147.78367581807126
314.1407536568828,149.44285455358812
314.9137040266073,142.09028957247878
315.6866543963319,148.37946286906256
316.4596047660565,146.14390186015265
317.232555135781,145.932378915234
318.0055055055056,145.31319656381598
318.7784558752302,145.06030332582637
319.5514062449547,144.97975463768313
320.3243566146793,147.21946165667734
321.0973069844039,143.63383724277682
321.8702573541284,137.3828992459759
322.643207723853,142.78665838063006
323.41615809357756,141.13548176712757
324.1891084633021,140.90009511104742
324.9620588330266,141.5085905327199
325.73500920275126,139.9983292353154
326.5079595724758,140.65275457034988
327.2809099422003,140.2239759630151
328.05386031192495,139.39022200276912
328.8268106816495,139.36515847521372
329.599761051374,143.89620453051856
330.37271142109864,139.12014074475633
331.14566179082317,137.5452107034394
331.9186121605477,143.80602945566292
332.69156253027234,140.75593169313004
333.46451289999686,134.2427277416725
334.2374632697214,130.76524118956854
335.010413639446,135.9263006685335
335.78336400917055,135.4975084123623
336.5563143788951,135.06924924078461
337.32926474861966,135.50786463000787
338.10221511834425,135.47112287874222
338.8751654880688,135.42154574391108
339.64811585779336,135.24185361397988
340.42106622751794,132.9390621108143
341.19401659724247,135.54480176253622
341.96696696696705,132.0938313099965
342.73991733669163,130.6448689748559
343.51286770641616,130.53242007222164
344.28581807614074,130.8355412057493
345.0587684458653,133.0723549416679
345.83171881558985,130.00408935390956
346.60466918531444,133.5846054855913
347.377619555039,131.00165324737276
348.15056992476354,128.76980245064652
348.9235202944881,126.07399012529532
349.6964706642127,127.95657591780753
350.46942103393724,124.15247776259078
351.2423714036618,127.15188449617526
352.0153217733864,126.04235870159815
352.78827214311093,127.36267488247447
353.5612225128355,120.80261060285387
354.3341728825601,125.5709526633453
355.1071232522846,120.59922074272343
355.8800736220092,123.33435131157769
356.6530239917338,124.41294963596742
357.4259743614583,124.03269830578571
358.1989247311829,123.65547002741023
358.9718751009075,125.80758930003192
359.744825470632,125.81792228578188
360.5177758403566,123.69942199340187
361.2907262100811,123.56303395251526
362.0636765798057,121.81778687164211
362.8366269495303,121.46056437951349
363.6095773192548,114.99434891414747
364.3825276889794,121.73361900315133
365.155478058704,115.51912963910597
365.9284284284285,120.72179787813286
366.7013787981531,120.2361840670844
367.47432916787767,116.95772848209661
368.2472795376022,118.05653107716608
369.0202299073268,122.59991639443592
369.79318027705136,114.09228858069385
370.5661306467759,118.10351737781986
371.3390810165005,118.24964086217322
372.11203138622506,118.17133859553915
372.8849817559496,119.1153704612643
373.65793212567417,113.94669978299902
374.43088249539875,117.64808757376399
375.2038328651233,114.8450744407211
375.97678323484786,116.66834070059511
376.74973360457244,118.40962556001986
377.52268397429697,116.66157088092287
378.29563434402155,114.92202717870589
379.06858471374613,114.937960815286
379.84153508347066,115.84695215721455
380.61448545319524,114.3690072402799
381.3874358229198,110.4935761440575
382.16038619264435,113.94601499053788
382.93333656236894,118.87565182030465
383.70628693209346,113.48489874028668
384.47923730181805,113.20888044522779
385.25218767154263,111.9735249202738
386.02513804126716,113.77140569473258
386.79808841099174,112.63568986581267
387.5710387807163,112.43872707950604
388.34398915044085,110.15416515701679
389.11693952016543,106.5179071742294
389.88988988989,111.97576090023554
390.66284025961454,114.25046898656575
391.4357906293391,112.40026933821869
392.2087409990637,118.02024679124206
392.98169136878823,112.05758721383944
393.7546417385128,109.39805601788935
394.5275921082374,109.21529525163058
395.3005424779619,110.79459575531621
396.0734928476865,106.26844376901754
396.8464432174111,110.32085863785699
397.6193935871356,108.58825681193784
398.3923439568602,108.03644642090332
399.1652943265848,110.18524750992964
399.9382446963093,110.0796582908597
400.7111950660339,109.97938840797333
401.4841454357585,109.8843918010625
402.257095805483,106.18846100674945
403.0300461752076,109.71003417433502
403.8029965449321,111.29392514378797
404.5759469146567,109.59526029142344
405.3488972843813,109.42401451572334
406.1218476541058,103.49932943378492
406.8947980238304,107.35068389067547
407.667748393555,106.25063269275992
408.4406987632795,111.10543469487557
409.2136491330041,109.21432266482934
409.98659950272867,109.17429211991575
410.7595498724532,108.30662805289937
411.5325002421778,112.47125204039583
412.30545061190236,109.08233956521383
413.0784009816269,109.06091487296585
413.85135135135147,109.04402649336414
414.62430172107605,109.0316283662005
415.3972520908006,110.9041379132039
416.17020246052516,111.13227750735969
416.94315283024974,109.0209148972575
417.71610319997427,105.95249448205543
418.48905356969885,109.52006641978537
419.26200393942344,111.33784642701735
420.03495430914796,109.06669948684356
420.80790467887255,109.08856521169395
421.58085504859713,109.11450664710974
422.35380541832166,107.80076657409067
423.12675578804624,115.52975019350805
423.89970615777077,107.25783282671522
424.67265652749535,105.9857698736006
425.44560689721993,111.04397385957738
426.21855726694446,108.06626732751029
426.99150763666904,109.40634753337207
427.7644580063936,109.0545445250142
428.53740837611815,109.52378660696054
429.31035874584273,103.14944138564555
430.0833091155673,109.65568611448724
430.85625948529184,109.72694338045724
431.6292098550164,109.8016775742876
432.402160224741,108.20723024720792
433.17511059446554,109.6905591815158
433.9480609641901,111.52475498843012
434.7210113339147,108.66203459113201
435.49396170363923,111.34840008232112
436.2669120733638,109.01211179124363
437.0398624430884,108.67393156869366
437.8128128128129,110.1812427299813
438.5857631825375,107.18709553105988
439.3587135522621,104.97845089057502
440.1316639219866,111.04234522288425
440.9046142917112,110.95292235761465
441.6775646614358,107.16815019960868
442.4505150311603,111.18723999671992
443.2234654008849,117.949622949982
443.9964157706095,111.43270173478152
444.769366140334,115.8398621100924
445.5423165100586,115.56454910451617
446.3152668797831,113.12271197701483
447.0882172495077,110.14339218254628
447.8611676192323,112.91157919373542
448.6341179889568,118.0947773397341
449.4070683586814,113.93019725172893
450.18001872840597,109.3493147691597
450.9529690981305,111.52194873174162
451.7259194678551,116.17496864908199
452.49886983757966,108.40221425237738
453.2718202073042,114.75360265471134
454.04477057702877,113.27439217927818
454.81772094675335,113.43201621216002
455.5906713164779,107.69142183559153
456.36362168620246,115.03373761921941
457.13657205592705,113.93224924103765
457.9095224256516,110.73734255257358
458.68247279537616,116.89900743196299
459.45542316510074,114.41917859177367
460.22837353482527,108.26714665254117
461.00132390454985,112.62026741179446
461.77427427427443,115.02560909974197
462.54722464399896,116.85454969074819
463.32017501372354,108.36417817735307
464.0931253834481,115.4701581771938
464.86607575317265,108.62120399083553
465.63902612289723,115.83294672585572
466.41197649262176,114.84672392638264
467.18492686234634,122.35939032772075
467.9578772320709,112.51650992521775
468.73082760179545,115.8202539068112
469.50377797152004,117.57857797034296
470.2767283412446,122.51098012904548
471.04967871096915,122.04351915134232
471.82262908069373,118.05938103577047
472.5955794504183,115.3723993487789
473.36852982014284,117.72377294567055
474.1414801898674,123.51865393836289
474.914430559592,118.26785398907573
475.68738092931653,118.3115945641813
476.4603312990411,118.18518546375655
477.2332816687657,118.70791368472123
478.0062320384902,121.99809238606205
478.7791824082148,118.66199414660605
479.5521327779394,119.3087563802803
480.3250831476639,119.51067591024204
481.0980335173885,118.41782961210569
481.8709838871131,119.91688525859186
482.6439342568376,117.52646075824023
483.4168846265622,120.32615759291394
484.1898349962868,121.8323983565431
484.9627853660113,120.73837603489277
485.7357357357359,120.62219742970846
486.5086861054604,125.2997081873775
487.281636475185,121.36197197840211
488.0545868449096,121.57118372855842
488.8275372146341,121.78104434689226
489.6004875843587,120.25063897481058
490.3734379540833,122.20265374893476
491.1463883238078,121.11055421796334
491.9193386935324,122.24045568863224
492.69228906325696,122.67451439309215
493.4652394329815,123.05301614041461
494.2381898027061,117.78984877886124
495.01114017243066,123.48153537322098
495.7840905421552,126.90183613408746
496.55704091187977,119.07174203337506
497.32999128160435,124.65298396930582
498.1029416513289,123.35553794819951
498.87589202105346,123.21071574594912
499.64884239077804,122.3702057537076
500.42179276050257,129.79503164526207
501.19474313022715,125.21513872419297
501.96769349995174,119.48475607685062
502.74064386967626,125.65283677529497
503.51359423940085,127.4287221724797
504.28654460912543,126.09201995510949
505.05949497884995,126.31213194381036
505.83244534857454,126.532571385321
506.6053957182991,125.48550663972324
507.37834608802365,126.97437418761398
508.15129645774823,127.19570832881745
508.92424682747276,132.2461826214492
509.69719719719734,127.639169042391
510.4701475669219,132.35988947111295
511.24309793664645,131.89728731701854
512.016048306371,130.61371842369806
512.7889986760956,127.82917474297594
513.5619490458201,128.75176155128986
514.3348994155447,128.97483872760523
515.1078497852693,129.19806803925715
515.8808001549938,128.0135563971794
516.6537505247184,130.99267969130872
517.426700894443,129.86852268833744
518.1996512641675,130.09221444344092
518.972601633892,130.31598528493367
519.7455520036167,128.2224568779153
520.5185023733412,130.76370578792944
521.2914527430657,130.98762622985342
522.0644031127904,129.39367961557622
522.8373534825149,131.24297759698635
523.6103038522394,132.85229995818358
524.3832542219641,126.2039471224948
525.1562045916886,132.1072459521576
525.9291549614131,132.33107113062914
526.7021053311378,132.5548292975956
527.4750557008623,132.77850584326745
528.2480060705868,133.0020861578553
529.0209564403115,134.80332046222802
529.793906810036,133.44889965462124
530.5668571797605,133.67210361722042
531.3398075494852,133.89515290957786
532.1127579192097,140.0261560813145
532.8857082889342,132.3656207770568
533.6586586586589,137.2970635035572
534.4316090283834,134.78551118429905
535.2045593981079,136.05300086095397
535.9775097678325,138.54964321500614
536.7504601375571,135.45095358402662
537.5234105072816,135.75775926110646
538.2963608770062,141.05520110535852
539.0693112467308,136.11402369152069
539.8422616164553,137.98709791466587
540.6152119861799,135.7922202052399
541.3881623559045,136.77439413281223
542.161112725629,136.16207384124425
542.9340630953536,141.70209823467997
543.7070134650781,137.43173753393265
544.4799638348027,139.5242749947815
545.2529142045273,137.48931764101468
546.0258645742518,135.00295304280698
546.7988149439764,136.28279776804587
547.571765313701,140.69391155912203
548.3447156834255,138.73603371978467
549.1176660531501,144.5550922049211
549.8906164228747,136.5669743037948
550.6635667925992,141.41781925638344
551.4365171623238,141.48829623260053
552.2094675320484,143.42411341841506
552.9824179017729,134.31453164148036
553.7553682714974,138.6639941149943
554.5283186412221,141.7287628283829
555.3012690109466,140.66159084805878
556.0742193806711,140.8729303707
556.8471697503958,141.08370318127012
557.6201201201203,137.65238692016865
558.3930704898448,141.5035001663497
559.1660208595695,143.9181254126155
559.938971229294,141.92088480360303
560.7119215990185,142.12864217939034
561.4848719687432,138.85458092296966
562.2578223384677,142.54222642047725
563.0307727081922,142.74802903585322
563.8037230779169,142.95315581450174
564.5766734476414,145.38247663448118
565.3496238173659,143.36133336176945
566.1225741870905,144.20481721708626
566.8955245568151,143.76666206258585
567.6684749265396,143.9682277831703
568.4414252962642,142.51512219904163
569.2143756659888,146.89216651733318
569.9873260357133,149.66507307567363
570.7602764054379,144.76688355090758
571.5332267751623,145.44171032912368
572.306177144887,146.88419174257865
573.0791275146116,145.35754840744943
573.852077884336,145.55278593711728
574.6250282540607,144.80724893520846
575.3979786237853,144.6674246261721
576.1709289935097,141.82383402008153
576.9438793632344,145.12528852598572
577.716829732959,146.51604729333013
578.4897801026834,146.7060294314147
579.2627304724081,153.851490839469
580.0356808421327,144.38999432874166
580.8086312118571,144.93619108937366
581.5815815815818,148.86131020072023
582.3545319513064,147.64192258314836
583.1274823210308,153.93421004756271
583.9004326907555,148.067256033291
584.6733830604801,149.25135809447855
585.4463334302045,146.52815892082575
586.2192837999291,148.42841065060017
586.9922341696538,149.38400631525494
587.7651845393782,148.9107171441965
588.5381349091028,153.66706481181362
589.3110852788275,149.2638372308046
590.0840356485519,149.32551447087567
590.8569860182765,149.95804553782355
591.629936388001,154.16690179679958
592.4028867577256,154.61295358958725
593.1758371274502,148.36020026318414
593.9487874971747,150.29669544155877
594.7217378668993,150.46484628242942
595.4946882366239,150.63182416313862
596.2676386063484,150.79761695872452
597.040588976073,150.68705786136556
597.8135393457976,151.12559879467912
598.5864897155221,152.358750899102
599.3594400852467,151.44869479059884
600.1323904549713,150.55659644954775
600.9053408246958,152.98300053503013
601.6782911944204,148.21029137147303
602.451241564145,154.54455586696065
603.2241919338695,150.0264452487145
603.997142303594,156.0208085977102
604.7700926733187,150.47616147287195
605.5430430430432,152.69028038003967
606.3159934127677,152.46996271482692
607.0889437824924,152.98749218036815
607.8618941522169,153.13405370368764
608.6348445219414,153.23172504827727
609.4077948916661,153.42302737182817
610.1807452613906,153.5654152667256
610.9536956311151,153.70638770222538
611.7266460008398,153.8276917721049
612.4995963705643,151.92619628532137
613.2725467402888,151.17783739817483
614.0454971100135,154.25588035101208
614.8184474797381,152.53640401021707
615.5913978494625,154.5218186700126
616.3643482191871,154.99659934573546
617.1372985889118,154.781755652492
617.9102489586362,154.90944333013172
618.6831993283608,155.03559429875574
619.4561496980855,153.51215965784348
620.2291000678099,153.16163782479953
621.0020504375345,155.40470570091557
621.775000807259,154.59034832075352
622.5479511769836,158.4793072542986
623.3209015467082,149.183094688604
624.0938519164326,151.46485442725225
624.8668022861573,153.64084754994977
625.6397526558819,153.8516663581126
626.4127030256063,156.21025259094552
627.185653395331,160.21351207893167
627.9586037650556,153.92393691811228
628.73155413478,158.27843680017665
629.5045045045047,156.0093734368434
630.2774548742293,153.1763046433494
631.0504052439537,156.83948643174162
631.8233556136784,156.9390364694484
632.596305983403,157.6769089089451
633.3692563531274,159.13021552726934
634.142206722852,161.1857808584815
634.9151570925767,159.56082986283812
635.6881074623011,157.4146313609118
636.4610578320257,157.5053956296785
637.2340082017504,157.5947337785659
638.0069585714748,157.6826567147008
638.7799089411994,157.00950892065484
639.5528593109241,160.33800588307503
640.3258096806485,157.9380433178596
641.0987600503731,157.46079919303352
641.8717104200978,160.28719522842525
642.6446607898222,157.161455496324
643.4176111595468,161.6355995664448
644.1905615292715,153.97455836499094
644.9635118989959,155.21655050178097
645.7364622687205,162.56160001904203
646.5094126384452,159.4651219732665
647.2823630081696,158.93559298364096
648.0553133778942,158.70183326670752
648.8282637476188,161.23333259284993
649.6012141173433,158.83909207270182
650.3741644870679,157.46051899219503
651.1471148567925,153.66168740675505
651.920065226517,163.57633592007835
652.6930155962416,156.15034957716244
653.4659659659662,155.2053672550134
654.2389163356906,159.2214407494032
655.0118667054153,159.28098850808195
655.7848170751399,159.33937191792623
656.5577674448643,159.52670614795272
657.330717814589,159.45268931961888
658.1036681843136,156.46108754059367
658.876618554038,164.76822251921095
659.6495689237627,159.61420548407088
660.4225192934873,159.66583185057252
661.1954696632117,163.7106127033327
661.9684200329364,157.12238841920728
662.741370402661,159.8142265849064
663.5143207723854,159.79701000899647
664.2872711421101,166.25924997994122
665.0602215118347,159.95312382114815
665.8331718815591,159.99736324468918
666.6061222512838,157.55298691348958
667.3790726210084,164.0448155752932
668.1520229907328,158.61361239025462
668.9249733604574,154.37595493889017
669.6979237301821,164.8790969600598
670.4708740999065,160.3275158595877
671.2438244696311,160.27932383494766
672.0167748393558,157.72929257645174
672.7897252090802,158.55538169832386
673.5626755788048,164.32860672264982
674.3356259485295,160.41962763370145
675.1085763182539,160.4524471389158
675.8815266879785,157.31074983603156
676.6544770577032,153.3726817074789
677.4274274274276,160.11837338228403
678.2003777971522,158.03774096109882
678.9733281668769,157.7689219040055
679.7462785366013,155.8305386525648
680.5192289063259,160.658133095515
681.2921792760505,160.23356847778777
682.065129645775,160.70949718195268
682.8380800154996,164.51400534873088
683.6110303852242,160.7561979297597
684.3839807549487,160.7807010839705
685.1569311246733,160.8029214191136
685.9298814943979,155.56277740944623
686.7028318641223,157.24780570413813
687.475782233847,160.86519222773057
688.2487326035716,162.8079862783598
689.021682973296,162.31881059023294
689.7946333430207,161.05554284504277
690.5675837127453,162.16624317490178
691.3405340824697,163.16054030434927
692.1134844521944,161.29988978623504
692.886434821919,160.98628104771305
693.6593851916434,162.43945004895082
694.4323355613681,162.0500120906448
695.2052859310927,161.02850961947027
695.9782363008171,161.56226785625395
696.7511866705418,161.05365793091022
697.5241370402664,162.00607391010817
698.2970874099908,155.09170327135905
699.0700377797154,158.3637314258154
699.8429881494401,161.09713744300169
700.6159385191645,161.28363429333814
701.3888888888891,162.24961138220272
702.1618392586138,166.10697057106356
702.9347896283382,165.29412586455769
703.7077399980628,161.1396045883543
704.4806903677875,159.56286029739482
705.2536407375119,162.15930451766621
706.0265911072365,160.9205388443367
706.7995414769609,160.97015933618096
707.5724918466856,161.17014173766177
708.3454422164102,159.81727312446006
709.1183925861346,161.17932159804445
709.8913429558593,159.58172684754075
710.6642933255839,161.1868980586122
711.4372436953083,158.06030208068654
712.210194065033,161.19295837637992
712.9831444347576,161.19544724953101
713.756094804482,158.23960973965205
714.5290451742067,158.98061763209807
715.3019955439313,157.78320821074843
716.0749459136557,161.20204867021005
716.8478962833804,165.27831833100757
717.620846653105,162.25843375627392
718.3937970228294,161.20378335975013
719.166747392554,161.20380711789838
719.9396977622787,165.804024320594
720.7126481320031,161.2030883694084
721.4855985017277,160.77268244794362
722.2585488714524,161.20142064871553
723.0314992411768,161.20025819161023
723.8044496109014,156.57794372289732
724.5773999806261,161.19733061951615
725.3503503503505,161.47781243390057
726.1233007200751,155.57032290484528
726.8962510897998,161.1915962235694
727.6692014595242,155.5433079149641
728.4421518292488,164.02013198845316
729.2151021989735,167.69079208067225
729.9880525686979,162.55109764340966
730.7610029384225,163.23607409300436
731.5339533081471,161.1763723011356
732.3069036778716,157.46728296970704
733.0798540475962,161.17050497144126
733.8528044173208,158.02043314905185
734.6257547870453,159.42004198572025
735.3987051567699,164.47281347838307
736.1716555264945,160.2019701139885
736.944605896219,161.15492976406117
737.7175562659436,156.97087715006256
738.4905066356682,162.94418894713448
739.2634570053926,161.14539906198033
740.0364073751173,155.65761119772944
740.8093577448419,157.3079024703289
741.5823081145663,161.13608911184656
742.355258484291,159.38444568674555
743.1282088540156,158.64866458441077
743.90115922374,165.78226258272605
744.6741095934647,161.124528236173
745.4470599631893,164.37281944089142
746.2200103329137,167.151978291534
746.9929607026384,161.11687375348487
747.765911072363,157.98200494213089
748.5388614420874,164.86926907048323
749.311811811812,160.8122253551761
750.0847621815367,161.0919092014379
750.8577125512611,158.43679304593297
751.6306629209857,168.7035055188172
752.4036132907104,161.10301004291094
753.1765636604348,158.84287294542725
753.9495140301594,159.47377261470692
754.7224643998841,161.52076087171548
755.4954147696085,163.70600676148723
756.2683651393331,161.09631093996936
757.0413155090578,161.0952705181108
757.8142658787822,161.09432613449235
758.5872162485068,161.0934761771129
759.3601666182315,161.09271903397092
760.1331169879559,162.6151415387495
760.9060673576805,166.87653643074955
761.6790177274052,161.09098836995724
762.4519680971296,161.09058636375235
763.2249184668542,161.0902691117785
763.9978688365788,161.09003500203426
764.7708192063033,161.08988242251837
765.5437695760279,159.99786341812583
766.3167199457525,159.91425940207895
767.089670315477,160.63907530251208
767.8626206852016,155.13496041213853
768.6355710549262,162.7009783383016
769.4085214246506,160.03374274786103
770.1814717943753,161.09096180419084
770.9544221640999,163.45325906372068
771.7273725338243,161.25458800924696
772.500322903549,161.09248614963005
773.2732732732736,161.09312401053933
774.046223642998,159.9788736825498
774.8191740127227,155.20221133558323
775.5921243824473,162.54340290564497
776.3650747521717,161.0962811962892
777.1380251218964,161.09721386824825
777.910975491621,161.02003542269762
778.6839258613454,161.0992399787831
779.45687623107,161.51713576621572
780.2298266007947,161.10146969813147
781.0027769705191,162.12222908783536
781.7757273402437,160.33132980067109
782.5486777099684,168.9397426980579
783.3216280796928,164.00799527382807
784.0945784494174,156.67795858153414
784.8675288191421,161.1092515489526
785.6404791888665,163.67468771181973
786.4134295585911,161.11216674345
787.1863799283158,165.49942545500954
787.9593302980402,160.72195528908367
788.7322806677648,158.22275874279745
789.5052310374892,161.66371554012807
790.2781814072139,161.4354210797167
791.0511317769385,161.1216955154657
791.8240821466629,161.1233809331142
792.5970325163876,161.1250898489438
793.3699828861122,160.599999930029
794.1429332558366,158.12102839519733
794.9158836255613,159.04005835257902
795.6888339952859,161.44588480804524
796.4617843650103,158.85701146536283
797.234734734735,161.13574653364938
798.0076851044596,155.78050124132542
798.780635474184,158.90268949528365
799.5535858439086,161.32302745304756
800.3265362136333,161.77829885050627
801.0994865833577,161.14497777064162
801.8724369530823,161.1468429285412
802.645387322807,161.96579215217216
803.4183376925314,163.1607632986901
804.191288062256,163.75316913687863
804.9642384319807,161.15431286176562
805.7371888017051,160.20752312080708
806.5101391714297,161.15803084133526
807.2830895411544,157.10925312821902
808.0560399108788,161.94305518752833
808.8289902806034,168.72791397012563
809.6019406503281,165.16231947887582
810.3748910200525,159.58894344447882
811.1478413897771,160.050810845417
811.9207917595018,161.17073454967615
812.6937421292262,158.26533793683
813.4666924989508,158.02060356937028
814.2396428686754,161.64144058848407
815.0125932383999,158.62544953249954
815.7855436081245,163.3459489863892
816.5584939778491,157.87372384532736
817.3314443475736,159.99359072282755
818.1043947172982,159.91184904080126
818.8773450870228,159.7713831016484
819.6502954567472,157.06023313682266
820.4232458264719,163.374190899683
821.1961961961965,161.19010687589636
821.9691465659209,159.84077650570998
822.7420969356456,161.6650359463463
823.5150473053702,158.46347833160226
824.2879976750946,157.13956579527925
825.0609480448193,155.83919452797355
825.8338984145439,163.8258550755953
826.6068487842683,158.21117592349282
827.379799153993,161.015217302002
828.1527495237176,161.20122033607413
828.925699893442,161.705241336672
829.6986502631667,161.20315644390377
830.4716006328913,162.6035140684969
831.2445510026157,160.37236367125635
832.0175013723403,155.25120924321047
832.790451742065,157.3697206549756
833.5634021117894,161.38679859169056
834.336352481514,159.41041019251645
835.1093028512387,162.44464569318004
835.8822532209631,160.2409783603403
836.6552035906877,165.63163605071162
837.4281539604124,161.52621235929283
838.2011043301368,155.93095191168695
838.9740546998614,160.07341401093439
839.7470050695861,167.8182428287513
840.5199554393105,161.20977215518545
841.2929058090351,161.2097116617708
842.0658561787598,160.72867890252024
842.8388065484842,161.20935005323088
843.6117569182088,161.209045714103
844.3847072879335,161.20865686906814
845.1576576576579,163.56253650216996
845.9306080273825,160.60320018862578
846.7035583971071,161.20696717850822
847.4765087668316,163.6849099903924
848.2494591365562,156.19267437642023
849.0224095062808,161.20445890273783
849.7953598760053,154.0761700972837
850.5683102457299,165.4705143626337
851.3412606154545,164.47097488764854
852.1142109851789,161.19976595354402
852.8871613549036,162.76135703661467
853.6601117246282,161.19681249942354
854.4330620943526,163.2708749435642
855.2060124640773,159.7907365198386
855.9789628338019,158.2270272017874
856.7519132035263,161.18962715208266
857.524863573251,160.20509601048303
858.2978139429756,161.18536946684134
859.0707643127,161.1830687293233
859.8437146824247,161.18065124587199
860.6166650521493,160.07190279154844
861.3896154218737,161.1754595931642
862.1625657915984,156.75435682400897
862.935516161323,161.16978161270737
863.7084665310474,158.33205157118869
864.481416900772,160.89799585292496
865.2543672704967,164.6157431938961
866.0273176402211,158.07461910827413
866.8002680099457,161.1533743475944
867.5732183796704,161.14970074473771
868.3461687493948,161.14589266393327
869.1191191191194,161.14194849317974
869.8920694888441,164.1833362680097
870.6650198585685,159.76533977091006
871.4379702282931,161.12928332121152
872.2109205980175,164.89144466620522
872.9838709677422,157.3226953959401
