100.80645161290323,150.29761904761904
101.5794019826278,150.33705959737316
102.35235235235236,152.31005862980837
103.12530272207692,152.96772873177304
103.89825309180148,151.4691887767276
104.67120346152605,151.7569875769115
105.44415383125062,152.04274775685664
106.21710420097517,152.32646873286237
106.99005457069974,152.6081499212281
107.76300494042431,155.27870770159575
108.53595531014886,147.81282607616723
109.30890567987343,154.96624809621673
110.08185604959799,157.16516070397628
110.85480641932256,153.98593861893016
111.62775678904713,151.77126837804718
112.40070715877168,154.5227551550058
113.17365752849625,154.78809702902544
113.9466078982208,157.01701859729803
114.71955826794537,158.80388317432178
115.49250863766994,161.41455679905164
116.2654590073945,155.82900827863284
117.03840937711907,152.953716705678
117.81135974684364,156.33718198374416
118.58431011656819,156.58819631342428
119.35726048629276,156.83716151625305
120.13021085601733,157.08407700852987
120.90316122574188,157.69382382774162
121.67611159546645,157.5717565266247
122.449061965191,157.8125193850413
123.22201233491558,155.48224805399997
123.99496270464013,159.57964821537146
124.7679130743647,158.5224933533596
125.54086344408927,153.54153972415364
126.31381381381382,164.04901084096934
127.08676418353839,158.84066290632026
127.85971455326296,157.57792525406217
128.63266492298752,159.6646995887428
129.40561529271207,160.00730509959854
130.17856566243665,160.10718916407822
130.9515160321612,160.32534742005353
131.72446640188576,160.54144720996646
132.49741677161035,165.4767864456567
133.2703671413349,154.21924350793518
134.04331751105946,161.1773899463232
134.81626788078404,154.74270802779932
135.5892182505086,161.6946371731992
136.36216862023315,155.62127501461833
137.13511898995773,163.7483622617494
137.9080693596823,160.73275745453734
138.68101972940684,162.39361803575488
139.45397009913142,164.241436049999
140.22692046885598,162.7825192004837
140.99987083858053,164.75193700872677
141.7728212083051,161.52505600532535
142.54577157802967,163.35037845979346
143.31872194775423,163.53553121468508
144.09167231747878,163.71861616430294
144.86462268720334,163.89963272494646
145.63757305692792,164.07858031291488
146.41052342665247,167.68160649261029
147.18347379637703,165.8984220926121
147.9564241661016,164.60300340376264
148.72937453582617,164.77366926402374
149.50232490555072,164.94226323310625
150.2752752752753,165.10878472730948
151.04822564499986,159.30649459446082
151.82117601472441,163.09103961064469
152.594126384449,163.30828061187324
153.36707675417355,165.75413428131563
154.1400271238981,165.91028464561197
154.9129774936227,169.77528118383245
155.68592786334725,166.2163568592535
156.4588782330718,166.36627754119732
157.23182860279638,166.51412049495553
158.00477897252094,163.25546919493456
158.7777293422455,163.98387858443044
159.55067971197008,166.9451771501097
160.32363008169463,167.08470335411872
161.0965804514192,167.22214891143855
161.86953082114377,167.35751323836868
162.64248119086832,167.4624053203185
163.41543156059288,170.33194952837133
164.18838193031743,167.75111299981327
164.961332300042,166.94414929932057
165.73428266976657,167.78005494317364
166.50723303949113,166.61356524100773
167.28018340921568,168.24674004510686
168.05313377894026,165.89492490991506
168.82608414866482,168.48204050258425
169.59903451838937,168.59656042207814
170.37198488811396,168.70899269047453
171.1449352578385,169.6204408424304
171.91788562756307,168.92759193917217
172.69083599728765,166.6309785244466
173.4637863670122,171.64520381455833
174.23673673673676,162.60709164748778
175.00968710646134,172.29803128651966
175.7826374761859,169.4375153076616
176.55558784591045,169.53322535405306
177.32853821563504,166.0947224534727
178.1014885853596,169.7183661499241
178.87443895508414,170.49517076778383
179.64738932480873,169.89513065857446
180.42033969453328,169.98037034594012
181.19329006425784,169.94289301588418
181.96624043398242,170.144561668249
182.73919080370695,171.42442563126016
183.51214117343153,172.9623045542209
184.2850915431561,171.61513258108252
185.05804191288064,170.44777575955723
185.83099228260522,170.51833242885738
186.6039426523298,175.24545437394903
187.37689302205433,170.1975406012325
188.14984339177892,175.2799692185099
188.92279376150347,170.7795541809295
189.69574413122803,170.83960546916185
190.4686945009526,172.99034285913524
191.24164487067716,173.28757236461715
192.01459524040172,177.50594023983956
192.7875456101263,170.82525492994316
193.56049597985086,171.10830782657493
194.3334463495754,169.25440957509824
195.1063967193,171.201052634711
195.87934708902455,171.24426496079852
196.6522974587491,168.56705006769155
197.4252478284737,171.3243665385092
198.19819819819824,171.36125462273085
198.9711485679228,167.99322649383757
199.74409893764738,171.4287024634035
200.51704930737193,171.4592610524531
201.2899996770965,170.30098771564553
202.06295004682107,171.51404464947512
202.8359004165456,166.93072517335955
203.60885078627018,174.01675565491215
204.38180115599476,171.58037733680507
205.1547515257193,171.59826117559146
205.92770189544387,174.9380052179285
206.70065226516846,169.68599912727234
207.47360263489298,171.62628681827056
208.24655300461757,173.5717019882188
209.01950337434212,176.7809223061027
209.79245374406668,171.66113925086256
210.56540411379126,172.85788951707298
211.33835448351581,173.14365955071048
212.11130485324037,171.66399312075072
212.88425522296495,167.77075953469864
213.6572055926895,173.3161057382043
214.43015596241406,171.6477691989154
215.20310633213865,171.63811899176181
215.9760567018632,166.47927226483284
216.74900707158776,169.96417855431727
217.52195744131234,167.34855478732447
218.2949078110369,172.97707908346592
219.06785818076145,172.94036038169472
219.84080855048603,171.53563344110216
220.61375892021059,171.51111635016275
221.38670928993514,171.48447308387966
222.15965965965972,169.69489143225786
222.93261002938428,171.42480569047973
223.70556039910883,171.39178039596155
224.47851076883342,171.3566265912969
225.25146113855794,171.31934369278514
226.02441150828253,171.92616800538173
226.7973618780071,176.27300156173558
227.57031224773164,171.19471459716002
228.34326261745622,171.1489094862527
229.11621298718077,171.7076786992724
229.88916335690536,172.79579357242113
230.6621137266299,172.51685101478225
231.43506409635447,170.9443630821102
232.20801446607902,170.88789207244275
232.9809648358036,173.59567347360976
233.75391520552816,169.18376433475282
234.5268655752527,167.04974437835097
235.2998159449773,170.64065288822462
236.07276631470185,170.57350131015457
236.8457166844264,170.5042014221653
237.618667054151,170.29584986952636
238.39161742387554,171.40411918935425
239.1645677936001,170.93073994609293
239.93751816332468,171.95070394648474
240.71046853304924,170.12432496468065
241.4834189027738,169.64142617265867
242.25636927249835,168.64295500681519
243.02931964222293,173.85137084900342
243.80227001194748,169.77833312807778
244.57522038167204,169.10275950593612
245.34817075139662,170.7653490692303
246.12112112112118,169.49285958473527
246.89407149084573,174.70960209979845
247.66702186057032,169.28966305730972
248.43997223029487,169.18409863155932
249.21292260001943,169.07584480334904
249.985872969744,171.57569225173143
250.75882333946856,168.6058786640579
251.53177370919312,169.39967595482665
252.30472407891767,168.61525604938544
253.07767444864226,168.49304564648318
253.8506248183668,168.36794201616408
254.62357518809137,164.41639995564924
255.39652555781595,168.1089191899708
256.1694759275405,167.9749320524444
256.94242629726506,173.46112822662857
257.71537666698964,164.97755003674445
258.48832703671417,167.55466009223176
259.26127740643875,169.59149659234947
260.03422777616333,167.25888028746755
260.80717814588786,167.10620892322024
261.58012851561244,165.73482879277196
262.353078885337,171.31324679022217
263.12602925506155,166.54236865420862
263.89897962478614,166.4628544011862
264.6719299945107,166.29367865028578
265.44488036423525,166.12110010957628
266.21783073395983,165.94508480823154
266.9907811036844,165.76559877542542
267.76373147340894,167.6923681498553
268.5366818431335,165.6672862632904
269.3096322128581,159.4260531190508
270.08258258258263,165.01226791306425
270.8555329523072,165.79067130442706
271.6284833220318,166.14849582656473
272.4014336917563,158.2086756189523
273.1743840614809,164.20068768122914
273.9473344312055,163.98843637809392
274.72028480093,163.7723746352359
275.4932351706546,165.55993622952872
276.2661855403792,163.32868394704653
277.0391359101037,170.51240368847914
277.8120862798283,162.869343850052
278.5850366495529,162.63372034618726
279.3579870192774,164.88802307993444
280.130937389002,162.15039657359256
280.90388775872657,156.0642951046026
281.6768381284511,161.65074397566963
282.4497884981757,158.74315295995342
283.22273886790026,161.13449078580913
283.9956892376248,160.870054041837
284.7686396073493,160.60136523740206
285.54158997707395,158.50896783919362
286.3145403467985,158.9244258959056
287.087490716523,159.76944675305896
287.86044108624765,159.48340999851123
288.6333914559722,161.43405394934237
289.4063418256967,158.89803677480907
290.17929219542134,157.3749704862376
290.95224256514587,155.7389268080609
291.7251929348704,160.03466391390697
292.49814330459503,157.67314047038272
293.27109367431956,157.35547365053577
294.0440440440441,157.0332993131072
294.81699441376867,156.1224202991637
295.58994478349325,156.37579687614402
296.3628951532178,156.04065317192888
297.13584552294236,156.5554503965493
297.90879589266694,155.35804178033032
298.68174626239147,154.8644715951861
299.45469663211605,158.90838304068922
300.22764700184064,154.3046976999073
301.00059737156516,153.94610459893192
301.77354774128975,153.58392595697217
302.54649811101433,149.92262590021414
303.31944848073886,152.84918084073857
304.09239885046344,151.45497558430037
304.865349220188,152.15415197090545
305.63829958991255,151.72247655049884
306.41124995963713,152.72488055433504
307.1842003293617,150.05562787707092
307.95715069908624,145.03250558069087
308.7301010688108,150.17818144889452
309.5030514385354,150.22357369393706
310.27600180825993,148.60537080731132
311.0489521779845,148.99167000481825
311.8219025477091,155.7654880555414
312.5948529174336,148.18857385562862
313.3678032871582,147.78367581807126
314.1407536568828,146.35127996754017
314.9137040266073,146.96764080533043
315.6866543963319,144.58682379537103
316.4596047660565,146.14390186015265
317.232555135781,140.73271724419877
318.0055055055056,145.31319656381598
318.7784558752302,145.88969829968053
319.5514062449547,144.4762624975981
320.3243566146793,144.055690169933
321.0973069844039,148.7817816417883
321.8702573541284,139.64023425988012
322.643207723853,142.13514687743304
323.41615809357756,143.93122193824533
324.1891084633021,141.99361685114718
324.9620588330266,139.00343002493483
325.73500920275126,141.30564630032623
326.5079595724758,142.8839540014105
327.2809099422003,140.2239759630151
328.05386031192495,136.51779493150073
328.8268106816495,139.36515847521372
329.599761051374,146.84285059736916
330.37271142109864,135.82604528895902
331.14566179082317,138.0751457592757
331.9186121605477,131.24816154248
332.69156253027234,137.85444020195183
333.46451289999686,136.06880750049817
334.2374632697214,137.49731802482714
335.010413639446,135.9263006685335
335.78336400917055,134.3333845920002
336.5563143788951,134.36041125088977
337.32926474861966,134.40585191304393
338.10221511834425,138.7289841219182
338.8751654880688,137.00016282162176
339.64811585779336,133.36332194841776
340.42106622751794,138.7524365594575
341.19401659724247,132.51586892220706
341.96696696696705,135.7350688151405
342.73991733669163,131.673038201583
343.51286770641616,132.88582385156343
344.28581807614074,130.8355412057493
345.0587684458653,130.41901517312994
345.83171881558985,130.00408935390956
346.60466918531444,121.67915548609609
347.377619555039,129.1793940652674
348.15056992476354,128.76980245064652
348.9235202944881,127.89189469869365
349.6964706642127,127.95657591780753
350.46942103393724,130.99990874252808
351.2423714036618,127.33479241761663
352.0153217733864,126.75296177056275
352.78827214311093,128.20962395996762
353.5612225128355,125.9624069267473
354.3341728825601,125.5709526633453
355.1071232522846,124.92752111808142
355.8800736220092,124.79613509055488
356.6530239917338,124.41294963596742
357.4259743614583,123.46742280051906
358.1989247311829,123.65547002741023
358.9718751009075,125.25304480812463
359.744825470632,122.91043833567977
360.5177758403566,123.2000455907877
361.2907262100811,125.53927553297657
362.0636765798057,121.81778687164211
362.8366269495303,124.04353580443359
363.6095773192548,119.22500749867369
364.3825276889794,118.85302587531253
365.155478058704,120.41112587438596
365.9284284284285,120.06901912109774
366.7013787981531,119.73091362102069
367.47432916787767,116.62137790678327
368.2472795376022,117.80298771363107
369.0202299073268,118.74149391406151
369.79318027705136,120.12046884349733
370.5661306467759,118.10351737781986
371.3390810165005,117.79128687241973
372.11203138622506,117.16903564108523
372.8849817559496,112.57803931119336
373.65793212567417,117.83858923516901
374.43088249539875,117.07835598120921
375.2038328651233,114.3772281858706
375.97678323484786,120.96733345058442
376.74973360457244,112.95373315374374
377.52268397429697,115.90481342633645
378.29563434402155,115.19995213752155
379.06858471374613,115.13012133559481
379.84153508347066,114.68148251206942
380.61448545319524,117.00485097124113
381.3874358229198,106.49464121949143
382.16038619264435,107.25924456949187
382.93333656236894,113.71247803740167
383.70628693209346,113.48489874028668
384.47923730181805,113.26336602659335
385.25218767154263,117.34963264500975
386.02513804126716,111.31925380558367
386.79808841099174,107.54459184310787
387.5710387807163,113.61060191905833
388.34398915044085,105.81335538496315
389.11693952016543,114.10664372196341
389.88988988989,114.58959068362505
390.66284025961454,111.19754980274544
391.4357906293391,111.5438364365049
392.2087409990637,111.3825205441545
392.98169136878823,110.03937340064543
393.7546417385128,111.07718251403885
394.5275921082374,111.73092849322741
395.3005424779619,115.65946245797724
396.0734928476865,110.66171895220702
396.8464432174111,112.9902921161449
397.6193935871356,109.8744451902952
398.3923439568602,116.45172502815478
399.1652943265848,110.18524750992964
399.9382446963093,112.91794674438812
400.7111950660339,109.97938840797333
401.4841454357585,110.69056392016353
402.257095805483,105.94345736228604
403.0300461752076,109.71003417433502
403.8029965449321,109.63058103410225
404.5759469146567,109.55621692901263
405.3488972843813,109.83005483634089
406.1218476541058,109.42257158343067
406.8947980238304,109.36319822252213
407.667748393555,110.50143597395359
408.4406987632795,102.3272790209794
409.2136491330041,110.656357725032
409.98659950272867,109.17429211991575
410.7595498724532,109.13898212848069
411.5325002421778,109.10834663031608
412.30545061190236,109.08233956521383
413.0784009816269,109.06091487296585
413.85135135135147,109.04402649336414
414.62430172107605,109.0316283662005
415.3972520908006,109.02367443126691
416.17020246052516,110.14863617768155
416.94315283024974,109.0209148972575
417.71610319997427,109.02601717776554
418.48905356969885,109.03537940967125
419.26200393942344,108.89735340034389
420.03495430914796,108.70177889030299
420.80790467887255,109.08856521169395
421.58085504859713,115.13775190730836
422.35380541832166,109.9026213585906
423.12675578804624,109.17843240880512
423.89970615777077,109.6681145262682
424.67265652749535,108.74701804333878
425.44560689721993,117.24449359324801
426.21855726694446,104.6559567612783
426.99150763666904,109.40634753337207
427.7644580063936,109.46323648581998
428.53740837611815,109.52378660696054
429.31035874584273,112.86989252704927
430.0833091155673,111.0892629221904
430.85625948529184,105.8973605076348
431.6292098550164,109.8016775742876
432.402160224741,109.87984263577016
433.17511059446554,111.50037005752355
433.9480609641901,109.16317776814427
434.7210113339147,109.29018522185521
435.49396170363923,110.22589035406112
436.2669120733638,110.3205188506837
437.0398624430884,110.41830185370996
437.8128128128129,110.5191933029319
438.5857631825375,108.4007647645957
439.3587135522621,114.00962051323287
440.1316639219866,110.84005772569088
440.9046142917112,108.1836860627207
441.6775646614358,112.83894371315067
442.4505150311603,111.18723999671992
443.2234654008849,111.3086008834852
443.9964157706095,110.29339683329407
444.769366140334,111.55949649040076
445.5423165100586,111.68893909013482
446.3152668797831,111.82098347377567
447.0882172495077,112.17901762617744
447.8611676192323,112.09269335194533
448.6341179889568,112.23226672605796
449.4070683586814,107.41251256708503
450.18001872840597,112.51862004329851
450.9529690981305,115.26536823791915
451.7259194678551,114.81856332057589
452.49886983757966,117.48353575921328
453.2718202073042,116.26065870826802
454.04477057702877,113.27439217927818
454.81772094675335,117.51482780479974
455.5906713164779,116.46398027930843
456.36362168620246,113.75336540194499
457.13657205592705,115.43059667495822
457.9095224256516,114.08254235570442
458.68247279537616,110.29912143927687
459.45542316510074,112.44180647866783
460.22837353482527,113.94200525056985
461.00132390454985,114.7629056284881
461.77427427427443,111.69890140462914
462.54722464399896,110.6217622056538
463.32017501372354,117.22874641933586
464.0931253834481,115.70400527816679
464.86607575317265,119.2518724433647
465.63902612289723,115.83294672585572
466.41197649262176,115.91497537678167
467.18492686234634,117.96032541995037
467.9578772320709,117.76241075828666
468.73082760179545,116.57500596347461
469.50377797152004,118.02802656289387
470.2767283412446,115.25558403213975
471.04967871096915,116.53550692291567
471.82262908069373,117.33658484372242
472.5955794504183,117.52968405638453
473.36852982014284,117.72377294567055
474.1414801898674,117.91880594287585
474.914430559592,111.53342410197124
475.68738092931653,118.3115945641813
476.4603312990411,116.89553288534142
477.2332816687657,119.56966835778042
478.0062320384902,118.90736065773044
478.7791824082148,119.10764642617997
479.5521327779394,119.3087563802803
480.3250831476639,119.51067591024204
481.0980335173885,116.96012330741821
481.8709838871131,119.91688525859186
482.6439342568376,119.48745977799308
483.4168846265622,114.46557198219125
484.1898349962868,120.31164560372046
484.9627853660113,120.73837603489277
485.7357357357359,118.00525719092069
486.5086861054604,121.91515316706774
487.281636475185,121.36197197840211
488.0545868449096,128.5327236046235
488.8275372146341,121.78104434689226
489.6004875843587,120.1396449803876
490.3734379540833,115.95035081257495
491.1463883238078,123.03002617170429
491.9193386935324,122.62668330621403
492.69228906325696,121.49700923587665
493.4652394329815,126.76442430369131
494.2381898027061,123.26700976188681
495.01114017243066,128.15819867215882
495.7840905421552,123.69657836462765
496.55704091187977,123.9121241263175
497.32999128160435,123.15875296935191
498.1029416513289,124.3446655213887
498.87589202105346,118.41631196788917
499.64884239077804,124.77904268011905
500.42179276050257,123.58734652963523
501.19474313022715,125.15902814152288
501.96769349995174,128.08289788136773
502.74064386967626,126.13017031314308
503.51359423940085,125.87225002900789
504.28654460912543,123.50237505561687
505.05949497884995,126.31213194381036
505.83244534857454,126.532571385321
506.6053957182991,126.75332366985205
507.37834608802365,124.6861963245244
508.15129645774823,128.35543998707823
508.92424682747276,127.41731148367292
509.69719719719734,127.639169042391
510.4701475669219,126.79353594996104
511.24309793664645,122.72863329666762
512.016048306371,128.45988676650748
512.7889986760956,128.52885112010046
513.5619490458201,128.75176155128986
514.3348994155447,131.55067275295124
515.1078497852693,131.89588587485426
515.8808001549938,126.81457506463472
516.6537505247184,131.99254430721427
517.426700894443,129.86852268833744
518.1996512641675,130.09221444344092
518.972601633892,132.74997983565265
519.7455520036167,130.53982060302636
520.5185023733412,130.02896459071226
521.2914527430657,130.98762622985342
522.0644031127904,131.21156731900896
522.8373534825149,131.4355144456066
523.6103038522394,131.65945299985685
524.3832542219641,131.88336837197033
525.1562045916886,132.1072459521576
525.9291549614131,132.33107113062914
526.7021053311378,132.5548292975956
527.4750557008623,133.04523661336037
528.2480060705868,132.14891392130505
529.0209564403115,133.22555563156973
529.793906810036,133.44889965462124
530.5668571797605,137.78586840918166
531.3398075494852,133.14458186830402
532.1127579192097,139.3887085213778
532.8857082889342,136.90091090451173
533.6586586586589,134.0004441523728
534.4316090283834,134.78551118429905
535.2045593981079,135.00756869729787
535.9775097678325,135.22938687219437
536.7504601375571,135.45095358402662
537.5234105072816,136.50857718815604
538.2963608770062,135.89328411865165
539.0693112467308,137.05407869564868
539.8422616164553,134.67883682391277
540.6152119861799,135.3947182064539
541.3881623559045,131.99477589050392
542.161112725629,131.02785759319977
542.9340630953536,137.17530628805937
543.7070134650781,137.43173753393265
544.4799638348027,141.56525295478457
545.2529142045273,139.21204774911624
546.0258645742518,138.08572652091306
546.7988149439764,139.17601611003906
547.571765313701,138.5196939493314
548.3447156834255,144.97553226209126
549.1176660531501,139.5639096679389
549.8906164228747,134.63143793087048
550.6635667925992,139.38233175657865
551.4365171623238,139.5968169274488
552.2094675320484,141.6454386803826
552.9824179017729,140.46464531729495
553.7553682714974,140.23726016641012
554.5283186412221,141.76015578968025
555.3012690109466,135.30198225148746
556.0742193806711,140.8729303707
556.8471697503958,143.22119183798202
557.6201201201203,141.66786246829463
558.3930704898448,141.5035001663497
559.1660208595695,141.71250009093555
559.938971229294,143.2548559254062
560.7119215990185,136.3846612651753
561.4848719687432,142.33576009333572
562.2578223384677,142.54222642047725
563.0307727081922,142.74802903585322
563.8037230779169,142.95315581450174
564.5766734476414,151.00894707218995
565.3496238173659,143.36133336176945
566.1225741870905,143.56435988046493
566.8955245568151,143.76666206258585
567.6684749265396,147.0170388037565
568.4414252962642,144.16904491725649
569.2143756659888,141.69351625052812
569.9873260357133,144.56838492608694
570.7602764054379,145.9698095002119
571.5332267751623,145.836020946374
572.306177144887,145.14648460158006
573.0791275146116,143.3441436845529
573.852077884336,145.55278593711728
574.6250282540607,146.29924706332866
575.3979786237853,138.0233355039081
576.1709289935097,148.53717234564402
576.9438793632344,144.8740679478986
577.716829732959,146.51604729333013
578.4897801026834,154.21106598894255
579.2627304724081,146.8950932335358
580.0356808421327,152.6365145645525
580.8086312118571,145.75279622375498
581.5815815815818,144.8530896917742
582.3545319513064,149.18144504366833
583.1274823210308,147.8262128310246
583.9004326907555,148.00951199316643
584.6733830604801,146.16440985191306
585.4463334302045,149.61306371274904
586.2192837999291,148.55334171556748
586.9922341696538,150.11030408296605
587.7651845393782,148.68515748758205
588.5381349091028,150.8108212718071
589.3110852788275,149.2638372308046
590.0840356485519,145.12132077475016
590.8569860182765,149.6126049756973
591.629936388001,149.78532640759587
592.4028867577256,151.94770634263344
593.1758371274502,150.12738376548845
593.9487874971747,156.57490638725298
594.7217378668993,149.39989777580317
595.4946882366239,150.63182416313862
596.2676386063484,150.79761695872452
597.040588976073,150.96221254422525
597.8135393457976,151.92460062661564
598.5864897155221,150.93484862465823
599.3594400852467,151.44869479059884
600.1323904549713,151.60838028614114
600.9053408246958,151.7668079467892
601.6782911944204,151.33162503554942
602.451241564145,152.0798412635558
603.2241919338695,153.84962315958725
603.997142303594,152.3876977412041
604.7700926733187,155.4213284933746
605.5430430430432,150.48869021095294
606.3159934127677,153.54022162054116
607.0889437824924,152.98749218036815
607.8618941522169,155.81133233192108
608.6348445219414,155.72711091986014
609.4077948916661,148.03478392338607
610.1807452613906,153.5654152667256
610.9536956311151,154.90786681550154
611.7266460008398,151.63672600634422
612.4995963705643,157.19283337587234
613.2725467402888,154.1206910027209
614.0454971100135,157.8597734185883
614.8184474797381,157.87069496078925
615.5913978494625,160.39287415389433
616.3643482191871,150.35553340776397
617.1372985889118,157.16464320381797
617.9102489586362,154.90944333013172
618.6831993283608,149.4209457343358
619.4561496980855,155.16019643340232
620.2291000678099,148.45233350302482
621.0020504375345,153.92692822713207
621.775000807259,155.52458858385864
622.5479511769836,155.64287413297708
623.3209015467082,155.41597576622058
624.0938519164326,155.8746160976242
624.8668022861573,155.98808101980472
625.6397526558819,149.7737800646575
626.4127030256063,156.21025259094552
627.185653395331,156.31898105415965
627.9586037650556,156.42615251197205
628.73155413478,156.5317778715095
629.5045045045047,156.63586803989907
630.2774548742293,154.2216154180946
631.0504052439537,156.83948643174162
631.8233556136784,156.9390364694484
632.596305983403,157.03709494451462
633.3692563531274,157.13367276406723
634.142206722852,157.22878083523307
634.9151570925767,154.91340223603385
635.6881074623011,155.96485124397915
636.4610578320257,159.45373222741406
637.2340082017504,157.5947337785659
638.0069585714748,150.9023340754569
638.7799089411994,157.76917534521016
639.5528593109241,157.8543005772208
640.3258096806485,158.69389937011076
641.0987600503731,159.05994540543387
641.8717104200978,155.03206314230343
642.6446607898222,150.2987682595496
643.4176111595468,158.27390868236623
644.1905615292715,161.54645886382727
644.9635118989959,158.41207824198847
645.7364622687205,158.48644894257671
646.5094126384452,160.4590722407309
647.2823630081696,158.2386692686047
648.0553133778942,157.5493280289549
648.8282637476188,158.7710884726294
649.6012141173433,156.50868179603503
650.3741644870679,158.90585497405172
651.1471148567925,162.05857272506879
651.920065226517,156.92474539304828
652.6930155962416,159.0170899858173
653.4659659659662,159.16071773476307
654.2389163356906,161.85421828368573
655.0118667054153,153.7669552870851
655.7848170751399,160.53578838073255
656.5577674448643,159.39660188606294
657.330717814589,159.45268931961888
658.1036681843136,159.50764512572093
658.876618554038,159.561480211496
659.6495689237627,156.5672179887691
660.4225192934873,160.97740223196794
661.1954696632117,158.23361145211928
661.9684200329364,161.51837244603908
662.741370402661,157.25632675319042
663.5143207723854,159.86156639838367
664.2872711421101,159.9078618414219
665.0602215118347,159.95312382114815
665.8331718815591,159.99736324468918
666.6061222512838,160.0405910191718
667.3790726210084,160.08281805172308
668.1520229907328,160.1240552494697
668.9249733604574,160.16431351953858
669.6979237301821,159.99815685723806
670.4708740999065,165.26372662604282
671.2438244696311,160.27932383494766
672.0167748393558,160.31577546557432
672.7897252090802,164.7224708293683
673.5626755788048,161.66411058872382
674.3356259485295,159.10254936550777
675.1085763182539,161.76183051625787
675.8815266879785,160.48438588059423
676.6544770577032,157.83664221444042
677.4274274274276,160.5456647018507
678.2003777971522,160.0157668502448
678.9733281668769,157.67192412930893
679.7462785366013,160.63124988538786
680.5192289063259,159.6252926263223
681.2921792760505,160.6842118919943
682.065129645775,158.6816246448388
682.8380800154996,159.06559988991475
683.6110303852242,160.75773087081384
684.3839807549487,160.7807010839705
685.1569311246733,160.8029214191136
685.9298814943979,160.82440278337006
686.7028318641223,157.63456331781293
687.475782233847,155.93774543453003
688.2487326035716,160.88452212208838
689.021682973296,163.5630507662934
689.7946333430207,160.92110679079332
690.5675837127453,160.93838337939425
691.3405340824697,160.95499734699658
692.1134844521944,153.6133825534733
692.886434821919,160.98628104771305
693.6593851916434,162.35117130327282
694.4323355613681,161.0150451499577
695.2052859310927,159.90804089888806
695.9782363008171,167.40464238660394
696.7511866705418,161.05365793091022
697.5241370402664,161.06536358709138
698.2970874099908,161.07650478641574
699.0700377797154,162.19985108446073
699.8429881494401,161.09713744300169
700.6159385191645,168.8751125954885
701.3888888888891,155.47628289170027
702.1618392586138,161.12412567962673
702.9347896283382,161.13210918747487
703.7077399980628,153.96255163179194
704.4806903677875,161.14662278939198
705.2536407375119,162.3727774591603
706.0265911072365,161.15927122044926
706.7995414769609,159.8525015464892
707.5724918466856,161.17014173766177
708.3454422164102,161.17493754639338
709.1183925861346,163.16367559057502
709.8913429558593,161.18330479974173
710.6642933255839,161.1868980586122
711.4372436953083,155.7207353326963
712.210194065033,165.74043906585848
712.9831444347576,161.19544724953101
713.756094804482,161.7915779235859
714.5290451742067,161.19939696000185
715.3019955439313,158.90214905412302
716.0749459136557,157.82940800290612
716.8478962833804,165.57341438171153
717.620846653105,160.9530708574695
718.3937970228294,165.51163795007955
719.166747392554,161.20380711789838
719.9396977622787,161.20357181874215
720.7126481320031,163.0491231216506
721.4855985017277,163.58066569320113
722.2585488714524,161.20142064871553
723.0314992411768,164.15130673026442
723.8044496109014,159.29861577348052
724.5773999806261,161.71773358969477
725.3503503503505,164.02525288714358
726.1233007200751,166.16938548480402
726.8962510897998,157.64531976389785
727.6692014595242,161.1893702433465
728.4421518292488,161.73471972946984
729.2151021989735,161.18451195330078
729.9880525686979,158.51449114734092
730.7610029384225,161.17918460463437
731.5339533081471,161.1763723011356
732.3069036778716,161.1734754543623
733.0798540475962,161.17050497144126
733.8528044173208,161.16747175949942
734.6257547870453,161.16438672566366
735.3987051567699,161.16126077706076
736.1716555264945,161.15810482081764
736.944605896219,162.3023627708823
737.7175562659436,161.15174651391825
738.4905066356682,167.36922112961284
739.2634570053926,161.14539906198033
740.0364073751173,161.14225667443912
740.8093577448419,161.1391497220189
741.5823081145663,162.97180371928425
742.355258484291,154.66723477099865
743.1282088540156,162.56101121758974
743.90115922374,161.1272944060853
744.6741095934647,161.124528236173
745.4470599631893,155.13392066006423
746.2200103329137,161.1193093645855
746.9929607026384,161.11687375348487
747.765911072363,168.20471952067703
748.5388614420874,161.11235190205426
749.311811811812,161.1102624377216
750.0847621815367,161.1082851316422
750.8577125512611,161.1064183718148
751.6306629209857,162.38694894383195
752.4036132907104,161.10301004291094
753.1765636604348,162.98900546728478
753.9495140301594,161.10002455499927
754.7224643998841,159.18860950717703
755.4954147696085,162.89392958231386
756.2683651393331,163.01771463675814
757.0413155090578,161.0952705181108
757.8142658787822,156.88748025078527
758.5872162485068,154.63705961931532
759.3601666182315,161.09271903397092
760.1331169879559,161.49297272726344
760.9060673576805,167.07976104744228
761.6790177274052,161.09098836995724
762.4519680971296,161.05584751764957
763.2249184668542,160.2022507750918
763.9978688365788,158.73913091643126
764.7708192063033,161.08988242251837
765.5437695760279,156.93142781002274
766.3167199457525,161.08981540616645
767.089670315477,159.580221529335
767.8626206852016,162.04793914294635
768.6355710549262,161.09028605831836
769.4085214246506,166.2553961191178
770.1814717943753,161.09096180419084
770.9544221640999,159.64235094243944
771.7273725338243,158.07215401915693
772.500322903549,157.66080128226787
773.2732732732736,161.09312401053933
774.046223642998,161.7228410408117
774.8191740127227,159.54273378911117
775.5921243824473,161.09540426253747
776.3650747521717,167.42453312130388
777.1380251218964,161.09721386824825
777.910975491621,161.0982006664133
778.6839258613454,156.77563587550313
779.45687623107,160.17257165195417
780.2298266007947,161.10146969813147
781.0027769705191,160.84332941468776
781.7757273402437,161.10389013028288
782.5486777099684,159.87933192846606
783.3216280796928,160.68388556300448
784.0945784494174,159.9987536110907
784.8675288191421,161.1092515489526
785.6404791888665,161.98472505302192
786.4134295585911,158.52690845109876
787.1863799283158,163.03868548842232
787.9593302980402,165.59994017166434
788.7322806677648,161.11679637161953
789.5052310374892,161.11840162271704
790.2781814072139,155.82174762652542
791.0511317769385,154.59656574833113
791.8240821466629,160.47285872156576
792.5970325163876,166.6203416603486
793.3699828861122,159.36996622840448
794.1429332558366,158.3938289863039
794.9158836255613,161.48328283669443
795.6888339952859,161.13212825404614
796.4617843650103,163.9844126211684
797.234734734735,161.13574653364938
798.0076851044596,161.27776285472413
798.780635474184,161.13941366994
799.5535858439086,159.3243681992335
800.3265362136333,161.1431167669074
801.0994865833577,159.21066771450117
801.8724369530823,161.1468429285412
802.645387322807,161.14871062860465
803.4183376925314,161.15057925883076
804.191288062256,161.1524472072182
804.9642384319807,158.56874614638568
805.7371888017051,162.64529175334863
806.5101391714297,162.8307749536453
807.2830895411544,161.15987994235485
808.0560399108788,161.1617203015292
808.8289902806034,154.67586645961026
809.6019406503281,161.16536834633686
810.3748910200525,158.7632553556205
811.1478413897771,156.58345326792391
811.9207917595018,157.53086576124275
812.6937421292262,161.1724886057514
813.4666924989508,161.1742226359722
814.2396428686754,158.95363742236117
815.0125932383999,155.8728920691781
815.7855436081245,161.6702513706018
816.5584939778491,161.18092625828464
817.3314443475736,162.07803227130572
818.1043947172982,160.80929881585848
818.8773450870228,160.26323673338462
819.6502954567472,159.93022605727347
820.4232458264719,161.18866176429233
821.1961961961965,161.19010687589636
821.9691465659209,157.56267393072096
822.7420969356456,161.1928822134964
823.5150473053702,161.04212469989565
824.2879976750946,161.1954936236103
825.0609480448193,163.22162376961313
825.8338984145439,158.34404664214532
826.6068487842683,163.96330009280126
827.379799153993,165.12860211358833
828.1527495237176,166.81219725670485
828.925699893442,159.72534228976494
829.6986502631667,161.93583849966507
830.4716006328913,161.20404206899417
831.2445510026157,154.86655688622312
832.0175013723403,159.61218973818546
832.790451742065,168.12778354513472
833.5634021117894,161.2069974304959
834.336352481514,161.20758142614977
835.1093028512387,161.671751248242
835.8822532209631,161.20855231978248
836.6552035906877,160.6935271152702
837.4281539604124,165.59510778946174
838.2011043301368,161.20949173602418
838.9740546998614,161.20966058031084
839.7470050695861,161.2474458535685
840.5199554393105,160.63778545011905
841.2929058090351,160.3224830890059
842.0658561787598,161.20957149845304
842.8388065484842,161.20935005323088
843.6117569182088,160.90889331200913
844.3847072879335,161.20865686906814
845.1576576576579,157.83913659200286
845.9306080273825,163.98650565181566
846.7035583971071,167.01490203795618
847.4765087668316,158.5943448006564
848.2494591365562,166.1007678793975
849.0224095062808,161.20445890273783
849.7953598760053,164.44520947808397
850.5683102457299,164.08652706498657
851.3412606154545,161.0189223783552
852.1142109851789,159.91801398752241
852.8871613549036,161.19834115144516
853.6601117246282,161.19681249942354
854.4330620943526,161.19517838547773
855.2060124640773,163.9292008940942
855.9789628338019,161.19158732380862
856.7519132035263,161.18962715208266
857.524863573251,161.18755507042732
858.2978139429756,160.97456520659028
859.0707643127,161.1830687293233
859.8437146824247,159.53403943764178
860.6166650521493,161.17811540448605
861.3896154218737,161.53636289495057
862.1625657915984,161.17268219990504
862.935516161323,161.16978161270737
863.7084665310474,161.1667562195698
864.481416900772,161.16360440849098
865.2543672704967,160.60768897719836
866.0273176402211,160.46257373070145
866.8002680099457,160.72654326224261
867.5732183796704,161.14970074473771
868.3461687493948,161.14589266393327
869.1191191191194,159.66743597020854
869.8920694888441,161.13786662047582
870.6650198585685,154.49142047449504
871.4379702282931,161.12928332121152
872.2109205980175,164.45001731247626
872.9838709677422,164.60540462642385
