100.80645161290323,149.42099715817963
101.5794019826278,152.6556147795128
102.35235235235236,152.16919213358497
103.12530272207692,151.60195369823126
103.89825309180148,154.02377349468418
104.67120346152605,155.6333025618808
105.44415383125062,153.2902195138054
106.21710420097517,145.11060955550383
106.99005457069974,148.3196186164006
107.76300494042431,152.59637381060003
108.53595531014886,159.65547879706745
109.30890567987343,148.72018945738918
110.08185604959799,149.41104185127526
110.85480641932256,152.83006176694892
111.62775678904713,153.8962642164302
112.40070715877168,151.53179171838045
113.17365752849625,158.03526128722362
113.9466078982208,152.0659951089704
114.71955826794537,157.35541203778334
115.49250863766994,155.46648292518256
116.2654590073945,157.60396431509358
117.03840937711907,155.29432591672307
117.81135974684364,152.9136043423442
118.58431011656819,160.16001328318492
119.35726048629276,156.83716151625305
120.13021085601733,157.8337494531955
120.90316122574188,156.84078402278246
121.67611159546645,157.6432377719012
122.449061965191,151.593107575824
123.22201233491558,153.89316518531058
123.99496270464013,150.60164861419187
124.7679130743647,151.69190661275687
125.54086344408927,159.63906797608126
126.31381381381382,159.97414340671511
127.08676418353839,162.0125244320512
127.85971455326296,156.6183550732258
128.63266492298752,159.06799393534718
129.40561529271207,156.48546786592607
130.17856566243665,158.21986171332517
130.9515160321612,162.18209397784514
131.72446640188576,163.1283179261489
132.49741677161035,162.35280163052758
133.2703671413349,163.0019842361278
134.04331751105946,161.79706070387257
134.81626788078404,163.30962894823355
135.5892182505086,157.76713784523741
136.36216862023315,161.7180429704623
137.13511898995773,163.68575238613457
137.9080693596823,155.6816933167166
138.68101972940684,162.6794215511973
139.45397009913142,162.01721004673
140.22692046885598,164.47340048012424
140.99987083858053,162.88080520179633
141.7728212083051,158.09984095117517
142.54577157802967,168.2368930905256
143.31872194775423,161.7220524183443
144.09167231747878,170.41722422770815
144.86462268720334,167.8183887725971
145.63757305692792,162.3139390947175
146.41052342665247,167.157436083042
147.18347379637703,166.19385957864455
147.9564241661016,166.0368578540951
148.72937453582617,162.23441394099314
149.50232490555072,163.94368537470567
150.2752752752753,168.46548863597485
151.04822564499986,164.33510180985348
151.82117601472441,168.06112007590735
152.594126384449,158.1340191735804
153.36707675417355,160.87089571155997
154.1400271238981,165.1329262555906
154.9129774936227,166.03925185749375
155.68592786334725,164.62478355917787
156.4588782330718,162.20256139059745
157.23182860279638,173.83764564625133
158.00477897252094,171.54406301301574
158.7777293422455,171.41221513329575
159.55067971197008,168.92480836958902
160.32363008169463,165.938068643042
161.0965804514192,165.40964263606114
161.86953082114377,170.42784207923046
162.64248119086832,170.74703838927164
163.41543156059288,170.10985223603328
164.18838193031743,166.8355085521485
164.961332300042,163.4302769884979
165.73428266976657,166.80079763926906
166.50723303949113,167.12106523393646
167.28018340921568,169.6648973140489
168.05313377894026,169.18531312179246
168.82608414866482,174.04659893960712
169.59903451838937,173.76737368796714
170.37198488811396,171.76989538183204
171.1449352578385,168.76233389908447
171.91788562756307,174.67986294420803
172.69083599728765,168.96923020853333
173.4637863670122,167.72894774588343
174.23673673673676,167.0925006213109
175.00968710646134,168.3012520101914
175.7826374761859,169.8736580794083
176.55558784591045,170.66375321292514
177.32853821563504,171.03821919761126
178.1014885853596,168.3820511455865
178.87443895508414,173.89260706487116
179.64738932480873,176.25019461604145
180.42033969453328,171.3523065453693
181.19329006425784,169.80069227583388
181.96624043398242,175.9371879757242
182.73919080370695,166.59588220007964
183.51214117343153,170.15204347174836
184.2850915431561,169.43253874479535
185.05804191288064,172.46393809403543
185.83099228260522,169.4455599030679
186.6039426523298,165.60545916453484
187.37689302205433,170.8767458282862
188.14984339177892,171.70574711185736
188.92279376150347,169.45632447955975
189.69574413122803,171.60760750760792
190.4686945009526,173.4603557671934
191.24164487067716,177.22093522025014
192.01459524040172,169.5891523362619
192.7875456101263,175.7090464983619
193.56049597985086,169.84428273332256
194.3334463495754,171.61783563656752
195.1063967193,173.77948942576825
195.87934708902455,170.32376849583036
196.6522974587491,165.49374812264196
197.4252478284737,170.47055719873404
198.19819819819824,170.1304232510171
198.9711485679228,168.7925149640546
199.74409893764738,165.46513571486517
200.51704930737193,173.18962194430392
201.2899996770965,172.37073216254777
202.06295004682107,172.6913952273624
202.8359004165456,174.26078466937506
203.60885078627018,175.4486281358481
204.38180115599476,178.98950408493204
205.1547515257193,166.5036965939273
205.92770189544387,174.94168673708208
206.70065226516846,172.78016787528114
207.47360263489298,170.55962976048704
208.24655300461757,175.8424765141157
209.01950337434212,165.95278117297113
209.79245374406668,178.50175014530043
210.56540411379126,171.9035318650572
211.33835448351581,166.7430743631466
212.11130485324037,172.19071509843417
212.88425522296495,169.7247265909541
213.6572055926895,167.97331348148893
214.43015596241406,166.16477455032975
215.20310633213865,176.87899288886567
215.9760567018632,174.4657466313064
216.74900707158776,171.18339252166325
217.52195744131234,174.34960615056315
218.2949078110369,169.76470430583726
219.06785818076145,170.34845080705588
219.84080855048603,173.7515149595503
220.61375892021059,179.2009310442712
221.38670928993514,170.22838878064906
222.15965965965972,167.38684156814517
222.93261002938428,171.95846621495411
223.70556039910883,177.82379024621753
224.47851076883342,170.1319196163742
225.25146113855794,168.35673557880867
226.02441150828253,170.30338591936072
226.7973618780071,173.90874957675007
227.57031224773164,167.25375722525152
228.34326261745622,170.75295033188402
229.11621298718077,165.60087667934226
229.88916335690536,176.99621672260116
230.6621137266299,166.54110035010837
231.43506409635447,169.14268345833597
232.20801446607902,167.5908932043394
232.9809648358036,175.03534633193377
233.75391520552816,163.86703178367264
234.5268655752527,169.55564571706142
235.2998159449773,172.91401352653935
236.07276631470185,175.63370975704512
236.8457166844264,170.5042014221653
237.618667054151,170.43272169410832
238.39161742387554,170.7056482047148
239.1645677936001,170.42367312697408
239.93751816332468,167.42567731506315
240.71046853304924,174.71300733344657
241.4834189027738,169.3291797632013
242.25636927249835,164.14110264673252
243.02931964222293,169.04337625273047
243.80227001194748,164.8226483575027
244.57522038167204,169.49711139929013
245.34817075139662,168.98696892665177
246.12112112112118,172.57923280909415
246.89407149084573,168.04383156154407
247.66702186057032,176.05242760600612
248.43997223029487,167.60778410607327
249.21292260001943,167.28301922342598
249.985872969744,164.0370132190683
250.75882333946856,167.41556570429543
251.53177370919312,162.95971427802286
252.30472407891767,169.16649939581268
253.07767444864226,170.4750171058832
253.8506248183668,170.4792339792312
254.62357518809137,167.7759309407365
255.39652555781595,167.78393673338533
256.1694759275405,164.6300889597273
256.94242629726506,170.0252759382135
257.71537666698964,170.538683659272
258.48832703671417,167.86143249830525
259.26127740643875,166.94043409285965
260.03422777616333,165.6078088037981
260.80717814588786,166.78202408988534
261.58012851561244,163.99526341246994
262.353078885337,167.51045653566595
263.12602925506155,172.6009880519752
263.89897962478614,163.8419622239714
264.6719299945107,171.3424223972995
265.44488036423525,165.6976928588112
266.21783073395983,162.11239216271915
266.9907811036844,162.74868067192597
267.76373147340894,162.20266856747836
268.5366818431335,160.76055319599814
269.3096322128581,163.77282027198882
270.08258258258263,172.81948156326612
270.8555329523072,166.41137948719287
271.6284833220318,162.5830237527383
272.4014336917563,163.45055198708496
273.1743840614809,159.85017753628668
273.9473344312055,165.13580327325442
274.72028480093,169.50837086523921
275.4932351706546,166.0967117867876
276.2661855403792,157.95519266856178
277.0391359101037,163.4694880908282
277.8120862798283,161.59259706623257
278.5850366495529,158.2131468973044
279.3579870192774,163.58037161374253
280.130937389002,167.55895301513746
280.90388775872657,161.6780206349789
281.6768381284511,155.52298401512473
282.4497884981757,158.59605029738148
283.22273886790026,154.21374254079586
283.9956892376248,159.06282670128923
284.7686396073493,158.27451789823948
285.54158997707395,162.90410320207664
286.3145403467985,163.34469930921966
287.087490716523,160.53109300409278
287.86044108624765,155.76615183005603
288.6333914559722,156.2546692959956
289.4063418256967,152.1472447252193
290.17929219542134,155.94449189384136
290.95224256514587,158.17242554913793
291.7251929348704,161.429039495573
292.49814330459503,161.5626463511755
293.27109367431956,163.34020572797633
294.0440440440441,159.9784807088761
294.81699441376867,157.77619285881016
295.58994478349325,156.37579687614402
296.3628951532178,154.22713624181893
297.13584552294236,158.18795056981452
297.90879589266694,153.47836386857327
298.68174626239147,154.85121867750428
299.45469663211605,160.0416367112103
300.22764700184064,152.60239563165104
301.00059737156516,158.3947452224273
301.77354774128975,152.33217436034425
302.54649811101433,147.65492759590953
303.31944848073886,155.0211520513394
304.09239885046344,152.63456489288498
304.865349220188,153.0102357478491
305.63829958991255,154.57103414270352
306.41124995963713,158.45604020228814
307.1842003293617,151.64593584808745
307.95715069908624,150.66589695190768
308.7301010688108,149.00635232309992
309.5030514385354,147.26182580964206
310.27600180825993,153.0557550778148
311.0489521779845,146.4381583803818
311.8219025477091,144.53496968030223
312.5948529174336,153.5623147929497
313.3678032871582,146.5842146205884
314.1407536568828,145.71363513508211
314.9137040266073,143.37836186873855
315.6866543963319,148.5809415070247
316.4596047660565,146.78680652607494
317.232555135781,147.6995841489864
318.0055055055056,152.54172157790143
318.7784558752302,142.00474483235425
319.5514062449547,149.03447480229948
320.3243566146793,143.8759325384474
321.0973069844039,144.84941241839758
321.8702573541284,144.9113230596745
322.643207723853,143.61734802323647
323.41615809357756,140.12715167711318
324.1891084633021,144.86774502350156
324.9620588330266,141.6309046437923
325.73500920275126,139.1051191955304
326.5079595724758,139.14345813602267
327.2809099422003,137.24010811569397
328.05386031192495,141.25047623719882
328.8268106816495,140.53375226183354
329.599761051374,138.36096675729564
330.37271142109864,138.46327248288017
331.14566179082317,132.17289152427148
331.9186121605477,134.71640927408774
332.69156253027234,137.7264631541299
333.46451289999686,136.78512872505448
334.2374632697214,139.53897891300994
335.010413639446,133.98632509323383
335.78336400917055,128.6536764214554
336.5563143788951,130.39143920667857
337.32926474861966,137.49852817457497
338.10221511834425,133.1608069527958
338.8751654880688,136.1875310651187
339.64811585779336,138.19924706281543
340.42106622751794,130.44056189111967
341.19401659724247,133.2797648195686
341.96696696696705,129.5196728644967
342.73991733669163,132.80960721012033
343.51286770641616,132.66843833528458
344.28581807614074,128.95845773575456
345.0587684458653,128.566608585613
345.83171881558985,129.3116904877916
346.60466918531444,126.55321303201714
347.377619555039,130.53283279730726
348.15056992476354,132.16625922129788
348.9235202944881,127.21256741691734
349.6964706642127,129.7652858176682
350.46942103393724,131.72036781427272
351.2423714036618,127.48426254920396
352.0153217733864,126.07425007786594
352.78827214311093,125.27156856656636
353.5612225128355,129.67410913885158
354.3341728825601,127.61930542063648
355.1071232522846,129.31548706322403
355.8800736220092,130.4625970087535
356.6530239917338,122.58596312271132
357.4259743614583,120.25159629113377
358.1989247311829,126.54875653331871
358.9718751009075,124.37498164630672
359.744825470632,125.28559832211518
360.5177758403566,125.29425583825773
361.2907262100811,119.90789595416783
362.0636765798057,124.33412020044237
362.8366269495303,121.85564187126583
363.6095773192548,126.44419387504128
364.3825276889794,116.33337881159385
365.155478058704,116.26299577443737
365.9284284284285,119.6288197819484
366.7013787981531,123.10216074657528
367.47432916787767,119.73638273804332
368.2472795376022,114.62469682212262
369.0202299073268,119.82561096087649
369.79318027705136,116.81644334152227
370.5661306467759,120.60197925806845
371.3390810165005,115.87865889012224
372.11203138622506,122.20407529786223
372.8849817559496,119.28380614803577
373.65793212567417,118.53470735992668
374.43088249539875,114.8948869840075
375.2038328651233,111.11602943732294
375.97678323484786,111.82464043781364
376.74973360457244,119.15606384508332
377.52268397429697,116.56250886490012
378.29563434402155,114.31831112956927
379.06858471374613,107.37570640325586
379.84153508347066,110.50135765712439
380.61448545319524,108.8218657704085
381.3874358229198,115.60696418344263
382.16038619264435,115.71044891201065
382.93333656236894,117.08150582930504
383.70628693209346,115.84648483065077
384.47923730181805,114.77013784423963
385.25218767154263,111.33792173758015
386.02513804126716,112.76632406555258
386.79808841099174,113.99880266707336
387.5710387807163,105.54599250166164
388.34398915044085,114.69819624860332
389.11693952016543,113.6463848679438
389.88988988989,109.84894092177345
390.66284025961454,113.0466980674303
391.4357906293391,118.21660607543826
392.2087409990637,105.64796007736449
392.98169136878823,108.23266716505192
393.7546417385128,111.96456894546493
394.5275921082374,112.87151296236685
395.3005424779619,112.74870129527044
396.0734928476865,110.59185381809674
396.8464432174111,112.30467500910778
397.6193935871356,113.05113695359162
398.3923439568602,108.89950016268358
399.1652943265848,111.82454976316397
399.9382446963093,116.7490667567567
400.7111950660339,111.23514400489067
401.4841454357585,111.9114242020811
402.257095805483,107.40894700574613
403.0300461752076,102.42359826771917
403.8029965449321,111.8534922167479
404.5759469146567,112.9964744986666
405.3488972843813,102.94978312480028
406.1218476541058,101.69624742442387
406.8947980238304,112.7725846818988
407.667748393555,109.67423090063313
408.4406987632795,106.7378062451859
409.2136491330041,114.46273337267348
409.98659950272867,106.9349375677004
410.7595498724532,110.95979444272433
411.5325002421778,112.06768023847327
412.30545061190236,108.66755952792998
413.0784009816269,108.80692749607783
413.85135135135147,106.89316539482455
414.62430172107605,113.83879454639401
415.3972520908006,109.77337839680743
416.17020246052516,108.68906490023095
416.94315283024974,107.8901755101898
417.71610319997427,104.39958819172831
418.48905356969885,107.96173093938296
419.26200393942344,109.3698145266702
420.03495430914796,108.61642468525976
420.80790467887255,111.25109843758534
421.58085504859713,105.53025117445767
422.35380541832166,109.16494545128924
423.12675578804624,109.23909553903641
423.89970615777077,110.29497049749409
424.67265652749535,107.17767154290762
425.44560689721993,116.77651441840737
426.21855726694446,102.3056560682714
426.99150763666904,110.95814961984593
427.7644580063936,114.4144706226138
428.53740837611815,109.89781635911189
429.31035874584273,111.24448193610026
430.0833091155673,108.54840678098502
430.85625948529184,107.51719163581546
431.6292098550164,113.28729188703251
432.402160224741,108.82606205616
433.17511059446554,115.61414234186228
433.9480609641901,114.26335314818198
434.7210113339147,110.99695134569626
435.49396170363923,109.69284278330382
436.2669120733638,111.83749100969472
437.0398624430884,111.7420211423923
437.8128128128129,109.56319511461415
438.5857631825375,111.29990128067313
439.3587135522621,108.94205593024166
440.1316639219866,111.54286840425547
440.9046142917112,109.01705779071737
441.6775646614358,113.06508549801217
442.4505150311603,110.16013015304976
443.2234654008849,110.15147483346726
443.9964157706095,110.62440564562415
444.769366140334,118.34539403567531
445.5423165100586,110.85197255270035
446.3152668797831,109.51004635537929
447.0882172495077,117.63445175105451
447.8611676192323,110.08582697877996
448.6341179889568,112.05686165826492
449.4070683586814,113.51059981133997
450.18001872840597,118.41837764802071
450.9529690981305,116.19827107794586
451.7259194678551,113.95085500519852
452.49886983757966,111.94795840122771
453.2718202073042,111.20353788387173
454.04477057702877,116.96549746268622
454.81772094675335,107.84765985047775
455.5906713164779,112.32384325229941
456.36362168620246,117.73535962925071
457.13657205592705,115.69409793285769
457.9095224256516,110.872245741657
458.68247279537616,117.4203871398323
459.45542316510074,112.69823144182125
460.22837353482527,109.10729205289859
461.00132390454985,116.66910486591861
461.77427427427443,109.57982628256929
462.54722464399896,118.32314190226552
463.32017501372354,119.26034556095564
464.0931253834481,122.62656143831626
464.86607575317265,113.23544115447186
465.63902612289723,117.16661421167012
466.41197649262176,117.172832288814
467.18492686234634,116.99597280436917
467.9578772320709,118.11195915537766
468.73082760179545,110.60250992942763
469.50377797152004,117.66951433903455
470.2767283412446,116.33570603239566
471.04967871096915,117.29191433434194
471.82262908069373,118.10638043272891
472.5955794504183,115.93799599040577
473.36852982014284,118.87406869828331
474.1414801898674,118.69011278428532
474.914430559592,115.44113890833118
475.68738092931653,117.11421244141634
476.4603312990411,123.65371059072928
477.2332816687657,118.15719557968161
478.0062320384902,120.49988393729006
478.7791824082148,125.81163854767644
479.5521327779394,120.11124091708145
480.3250831476639,117.67630275939067
481.0980335173885,112.20069839460763
481.8709838871131,120.57709595171674
482.6439342568376,117.59041786819307
483.4168846265622,120.88100780409985
484.1898349962868,122.94298910693128
484.9627853660113,118.46921957993405
485.7357357357359,121.88285636715747
486.5086861054604,120.83101079618751
487.281636475185,119.44725508283409
488.0545868449096,120.29533290951309
488.8275372146341,121.78104434689226
489.6004875843587,119.35661022874336
490.3734379540833,126.66891335310982
491.1463883238078,119.28201294546702
491.9193386935324,118.95287513267142
492.69228906325696,116.24074902954945
493.4652394329815,122.32255219949046
494.2381898027061,124.68287614282778
495.01114017243066,123.96129425299449
495.7840905421552,126.14922508589439
496.55704091187977,124.62894077721263
497.32999128160435,120.9107827289155
498.1029416513289,125.32294526063892
498.87589202105346,122.15633402653124
499.64884239077804,122.30026906911351
500.42179276050257,122.03503020318259
501.19474313022715,126.60599244907836
501.96769349995174,125.43379480376016
502.74064386967626,132.79350466624766
503.51359423940085,127.32171672036219
504.28654460912543,125.5745654826691
505.05949497884995,121.62287165947652
505.83244534857454,126.18977960679172
506.6053957182991,120.10927267228182
507.37834608802365,127.68094754312182
508.15129645774823,129.1409637071216
508.92424682747276,133.02156664168984
509.69719719719734,125.94839865579948
510.4701475669219,125.7790119446415
511.24309793664645,126.55096820858807
512.016048306371,127.14086909130009
512.7889986760956,132.4035734942085
513.5619490458201,134.5338231371395
514.3348994155447,130.17118815786324
515.1078497852693,124.77797107624619
515.8808001549938,130.90505263812486
516.6537505247184,133.65459045106516
517.426700894443,133.85393233218295
518.1996512641675,130.6673264664999
518.972601633892,123.88943574389813
519.7455520036167,135.9854484402395
520.5185023733412,122.95491457447416
521.2914527430657,127.35147217690081
522.0644031127904,133.08872926073485
522.8373534825149,130.47917773381454
523.6103038522394,127.27204479914249
524.3832542219641,131.50525601987195
525.1562045916886,132.668844259091
525.9291549614131,130.67536265873548
526.7021053311378,127.78065261049262
527.4750557008623,130.36324372391067
528.2480060705868,130.74110239760404
529.0209564403115,133.92577401351122
529.793906810036,129.96342971347968
530.5668571797605,140.8534351387339
531.3398075494852,134.00230093106848
532.1127579192097,131.44094467529675
532.8857082889342,134.07446581773047
533.6586586586589,132.5429427485788
534.4316090283834,134.74067353180203
535.2045593981079,137.32291318089412
535.9775097678325,137.03951638276905
536.7504601375571,137.1089628922314
537.5234105072816,135.415629120118
538.2963608770062,134.78800004313706
539.0693112467308,139.0199605499809
539.8422616164553,137.63152827967122
540.6152119861799,138.10965530132358
541.3881623559045,140.22305347256707
542.161112725629,140.6513018394315
542.9340630953536,140.29809837183137
543.7070134650781,137.6867736737671
544.4799638348027,135.81212493698558
545.2529142045273,133.29320988392263
546.0258645742518,143.68091977274253
546.7988149439764,136.09675468101392
547.571765313701,141.65616419602912
548.3447156834255,136.92594247291007
549.1176660531501,139.37406592172653
549.8906164228747,136.353041207647
550.6635667925992,137.4525318711538
551.4365171623238,140.8415186706505
552.2094675320484,139.01485725838256
552.9824179017729,133.20175895112027
553.7553682714974,140.23726016641012
554.5283186412221,140.0237061587439
555.3012690109466,139.7796548756794
556.0742193806711,135.44484899303995
556.8471697503958,143.0216630133745
557.6201201201203,144.16368294487984
558.3930704898448,136.61056894504125
559.1660208595695,141.9812606102852
559.938971229294,142.39459668470852
560.7119215990185,144.4392360385724
561.4848719687432,136.9079361658374
562.2578223384677,142.8232704149852
563.0307727081922,136.58517186855806
563.8037230779169,138.33354169840453
564.5766734476414,148.59169407299407
565.3496238173659,142.50154314517968
566.1225741870905,149.25619141448266
566.8955245568151,144.7197327312815
567.6684749265396,146.01130012214625
568.4414252962642,141.67641701731543
569.2143756659888,146.17389993955473
569.9873260357133,141.77365854089697
570.7602764054379,143.83702336871642
571.5332267751623,143.4546853827666
572.306177144887,143.1172263230437
573.0791275146116,145.54803159037385
573.852077884336,143.05023902066637
574.6250282540607,144.91691907304966
575.3979786237853,141.4489063973301
576.1709289935097,144.78030813591042
576.9438793632344,148.09271960317906
577.716829732959,141.3300165262481
578.4897801026834,147.476332805676
579.2627304724081,145.43701113644116
580.0356808421327,140.60825486427547
580.8086312118571,148.66869237480688
581.5815815815818,150.401996030064
582.3545319513064,152.93163751306273
583.1274823210308,149.21329091515295
583.9004326907555,150.71022385559564
584.6733830604801,149.13106422573637
585.4463334302045,151.14598760085255
586.2192837999291,151.46651456195278
586.9922341696538,149.79475768609282
587.7651845393782,152.10483146723084
588.5381349091028,148.12207303695774
589.3110852788275,150.13938269757838
590.0840356485519,149.04149440326626
590.8569860182765,148.15397194714987
591.629936388001,152.87428489636142
592.4028867577256,150.44018824727254
593.1758371274502,148.9199228910802
593.9487874971747,150.2714745376646
594.7217378668993,155.23980785278852
595.4946882366239,154.6004808498256
596.2676386063484,150.5683355716066
597.040588976073,150.2385395588415
597.8135393457976,150.2048867849873
598.5864897155221,148.48448592233282
599.3594400852467,152.556687883411
600.1323904549713,151.28786691965817
600.9053408246958,153.5579409312844
601.6782911944204,150.50589831045815
602.451241564145,146.60165404698938
603.2241919338695,152.89439858602321
603.997142303594,153.3929863774989
604.7700926733187,152.90284619094632
605.5430430430432,151.99340897567228
606.3159934127677,151.5938022266502
607.0889437824924,156.40580925804852
607.8618941522169,153.2758916795136
608.6348445219414,154.78096354806826
609.4077948916661,154.62948608759606
610.1807452613906,152.54293002948012
610.9536956311151,152.21820580846045
611.7266460008398,151.43617443875067
612.4995963705643,153.46223541889043
613.2725467402888,152.50067640940287
614.0454971100135,153.33518783770927
614.8184474797381,151.23943498229278
615.5913978494625,150.88140904580231
616.3643482191871,153.75214808970097
617.1372985889118,157.13405138568538
617.9102489586362,151.6207495713654
618.6831993283608,150.58943865969457
619.4561496980855,153.60517346925036
620.2291000678099,153.45390243709127
621.0020504375345,154.324468093415
621.775000807259,154.1853000096141
622.5479511769836,160.0057352351172
623.3209015467082,157.79612791759732
624.0938519164326,152.58015045601084
624.8668022861573,153.4794894421361
625.6397526558819,156.4912103249025
626.4127030256063,156.63351588779554
627.185653395331,153.35271437677662
627.9586037650556,153.3285199008234
628.73155413478,154.45051584413466
629.5045045045047,156.19004250200177
630.2774548742293,157.3535853847496
631.0504052439537,160.58520897178718
631.8233556136784,156.5726990370274
632.596305983403,158.73557719314604
633.3692563531274,160.937423361617
634.142206722852,156.31462814523212
634.9151570925767,159.26333335501306
635.6881074623011,164.28050794142487
636.4610578320257,164.9455238339399
637.2340082017504,160.1937828885843
638.0069585714748,161.03224787903156
638.7799089411994,156.45665491376081
639.5528593109241,158.83557317357895
640.3258096806485,158.47948850412513
641.0987600503731,157.60058518698924
641.8717104200978,155.9151942201904
642.6446607898222,152.56828452647693
643.4176111595468,151.5183217216751
644.1905615292715,156.49343765515215
644.9635118989959,153.29895962358452
645.7364622687205,157.54293870640436
646.5094126384452,159.0019770725661
647.2823630081696,159.52120630365786
648.0553133778942,151.71163345744387
648.8282637476188,159.57491714604956
649.6012141173433,159.08349841893735
650.3741644870679,154.54199539075938
651.1471148567925,158.2068117840427
651.920065226517,163.57112979471873
652.6930155962416,159.72445953322392
653.4659659659662,164.33020930257845
654.2389163356906,158.33034401421236
655.0118667054153,156.04486601367302
655.7848170751399,163.80498523127932
656.5577674448643,157.75585473169627
657.330717814589,162.77611562620356
658.1036681843136,151.82449726086628
658.876618554038,156.65013137720743
659.6495689237627,159.30986074714448
660.4225192934873,161.4640874243961
661.1954696632117,159.1745298382771
661.9684200329364,158.97248637827084
662.741370402661,158.65654048417755
663.5143207723854,158.1112809348861
664.2872711421101,159.01051920711072
665.0602215118347,159.29632714685363
665.8331718815591,158.60114791466918
666.6061222512838,159.16729726756708
667.3790726210084,163.5941421908511
668.1520229907328,157.35854553234998
668.9249733604574,163.02940661779417
669.6979237301821,155.88829479285138
670.4708740999065,157.04749899741515
671.2438244696311,156.93321137521787
672.0167748393558,160.34467022060497
672.7897252090802,163.4401316187531
673.5626755788048,162.68818648110462
674.3356259485295,168.28301057826698
675.1085763182539,160.88106303343167
675.8815266879785,156.9865164025332
676.6544770577032,156.48916151472568
677.4274274274276,162.35404810632062
678.2003777971522,162.77709306616234
678.9733281668769,160.2551662433595
679.7462785366013,162.87948353223916
680.5192289063259,158.46652017328424
681.2921792760505,158.18333613939487
682.065129645775,164.18938098157466
682.8380800154996,159.72421903891208
683.6110303852242,161.0144035493684
684.3839807549487,154.34079508607192
685.1569311246733,158.01004901294112
685.9298814943979,159.45774925868585
686.7028318641223,160.43396598253364
687.475782233847,155.98072859591818
688.2487326035716,156.90169249617296
689.021682973296,159.07911494796687
689.7946333430207,166.21828609909687
690.5675837127453,160.3478805841609
691.3405340824697,157.37047880308685
692.1134844521944,161.89672033306016
692.886434821919,158.7857990089785
693.6593851916434,159.5623309134172
694.4323355613681,161.6223918493728
695.2052859310927,156.4803495412076
695.9782363008171,163.6301378318424
696.7511866705418,165.09791848643485
697.5241370402664,166.34239813696712
698.2970874099908,163.00336356916284
699.0700377797154,159.218421465716
699.8429881494401,164.75827340801033
700.6159385191645,163.8187520658256
701.3888888888891,164.24082852032123
702.1618392586138,162.0988429270051
702.9347896283382,157.21113287137314
703.7077399980628,156.780773623173
704.4806903677875,162.82778390567614
705.2536407375119,157.89240499945927
706.0265911072365,160.32832705210456
706.7995414769609,165.48393744154737
707.5724918466856,161.87506575288558
708.3454422164102,162.45327499966132
709.1183925861346,162.6922680797957
709.8913429558593,159.90629015083658
710.6642933255839,163.20193750722083
711.4372436953083,156.47714432220147
712.210194065033,161.19295837637992
712.9831444347576,166.94723360478008
713.756094804482,167.18162518536013
714.5290451742067,155.6552528137248
715.3019955439313,162.22385425607555
716.0749459136557,163.21799584993298
716.8478962833804,162.81481064710235
717.620846653105,160.27717110737984
718.3937970228294,158.4098806615187
719.166747392554,160.08761875313127
719.9396977622787,161.6376991923065
720.7126481320031,158.97140612831126
721.4855985017277,163.8199784928872
722.2585488714524,167.30336228154272
723.0314992411768,163.73149174170538
723.8044496109014,159.299675972461
724.5773999806261,157.47095412781715
725.3503503503505,164.22957852320883
726.1233007200751,158.82308191340204
726.8962510897998,160.83814182171145
727.6692014595242,164.37582233374437
728.4421518292488,163.16798157794054
729.2151021989735,163.15883556050696
729.9880525686979,157.6136854912286
730.7610029384225,158.7273983221257
731.5339533081471,161.9615667083666
732.3069036778716,154.53876271712295
733.0798540475962,159.99318347617634
733.8528044173208,162.3085842360184
734.6257547870453,159.11568788600997
735.3987051567699,160.77043883932433
736.1716555264945,163.49678319949783
736.944605896219,158.98385918195336
737.7175562659436,162.7784606525457
738.4905066356682,159.41792153330277
739.2634570053926,158.1223382163258
740.0364073751173,159.13497006362078
740.8093577448419,165.12538526294878
741.5823081145663,159.08185002722664
742.355258484291,160.55797207887878
743.1282088540156,160.26126593184762
743.90115922374,162.76520903174747
744.6741095934647,164.66942547259822
745.4470599631893,165.1292248088052
746.2200103329137,155.84023067798947
746.9929607026384,159.03737442321884
747.765911072363,156.93761253556983
748.5388614420874,160.40733273152412
749.311811811812,164.95001590485722
750.0847621815367,161.30616753782132
750.8577125512611,159.1017986454835
751.6306629209857,165.93227691283303
752.4036132907104,161.00068350988477
753.1765636604348,159.42711311366546
753.9495140301594,163.93941274721377
754.7224643998841,161.47274246637255
755.4954147696085,160.4811573714589
756.2683651393331,161.1799541090768
757.0413155090578,158.5734095637716
757.8142658787822,161.0305334103981
758.5872162485068,159.46117373666198
759.3601666182315,166.46734257922404
760.1331169879559,161.68462827520756
760.9060673576805,160.91687837879138
761.6790177274052,165.60672891822708
762.4519680971296,160.87089762487074
763.2249184668542,163.98174339662228
763.9978688365788,163.31859431320396
764.7708192063033,156.49369945382523
765.5437695760279,165.67505333985346
766.3167199457525,160.11091571338972
767.089670315477,160.46096800176886
767.8626206852016,163.9540494978991
768.6355710549262,161.6648114914166
769.4085214246506,157.15005005836588
770.1814717943753,164.8310008323297
770.9544221640999,161.02147995919387
771.7273725338243,161.95602992226864
772.500322903549,164.8291569650961
773.2732732732736,159.44163043730512
774.046223642998,157.46475099268721
774.8191740127227,159.4798260863753
775.5921243824473,159.03055943751195
776.3650747521717,156.91138998579345
777.1380251218964,162.24831282710903
777.910975491621,156.44049641307794
778.6839258613454,157.77373994394443
779.45687623107,159.9179572834625
780.2298266007947,159.347419993121
781.0027769705191,160.8829187415638
781.7757273402437,162.17345185185064
782.5486777099684,164.2118963060213
783.3216280796928,166.58201876233778
784.0945784494174,158.71407762935004
784.8675288191421,163.79096088087098
785.6404791888665,163.09518256419418
786.4134295585911,153.92184949411663
787.1863799283158,165.66650990807827
787.9593302980402,155.2683445319271
788.7322806677648,159.41746489785314
789.5052310374892,157.8816589484855
790.2781814072139,162.26442947501485
791.0511317769385,159.1392501321182
791.8240821466629,159.76253306842906
792.5970325163876,162.3305965122554
793.3699828861122,162.15790730586366
794.1429332558366,162.02703527617433
794.9158836255613,167.09961717813005
795.6888339952859,160.070770895662
796.4617843650103,156.12560163950462
797.234734734735,165.81642760408965
798.0076851044596,164.62239847743868
798.780635474184,160.42527544105707
799.5535858439086,160.30307937682522
800.3265362136333,157.35871699252291
801.0994865833577,162.92010240966488
801.8724369530823,159.69497423277684
802.645387322807,157.52790378524435
803.4183376925314,163.44699996747354
804.191288062256,159.16010254056044
804.9642384319807,164.07709672411667
805.7371888017051,167.10698971320315
806.5101391714297,155.60301814901828
807.2830895411544,164.94741558946046
808.0560399108788,163.9204621173275
808.8289902806034,165.43275326551068
809.6019406503281,162.30486680489307
810.3748910200525,160.22158309342137
811.1478413897771,163.21089361029016
811.9207917595018,161.17428646804137
812.6937421292262,155.51851003315483
813.4666924989508,163.5785518646134
814.2396428686754,161.38211321824775
815.0125932383999,161.17762417084518
815.7855436081245,158.86168430132082
816.5584939778491,161.45817894109942
817.3314443475736,155.6467332316528
818.1043947172982,164.69376129023578
818.8773450870228,158.3520708885543
819.6502954567472,160.69715852145876
820.4232458264719,156.87372351483165
821.1961961961965,167.0436260188276
821.9691465659209,155.35426217278132
822.7420969356456,162.4916913171016
823.5150473053702,158.6617948797734
824.2879976750946,163.5211855114481
825.0609480448193,162.74991874748915
825.8338984145439,161.66579739988902
826.6068487842683,164.05919216485
827.379799153993,165.30338373774364
828.1527495237176,162.64072448092057
828.925699893442,156.39933250436727
829.6986502631667,162.44656064344034
830.4716006328913,162.94025695609253
831.2445510026157,158.41534637286583
832.0175013723403,155.18952285709088
832.790451742065,161.3854684588914
833.5634021117894,161.93530383734827
834.336352481514,162.5831730145938
835.1093028512387,157.66551510033798
835.8822532209631,162.38356233321431
836.6552035906877,166.30977354935547
837.4281539604124,164.01896683688693
838.2011043301368,156.0819727595441
838.9740546998614,158.77216025027894
839.7470050695861,160.76391532522007
840.5199554393105,162.94212045784957
841.2929058090351,159.27386401496085
842.0658561787598,163.25534350043444
842.8388065484842,164.6594339759236
843.6117569182088,161.46885782129877
844.3847072879335,159.78769696194755
845.1576576576579,160.67853138435476
845.9306080273825,159.85988992989624
846.7035583971071,165.47670170993433
847.4765087668316,153.99168165061053
848.2494591365562,160.81894721677418
849.0224095062808,163.1707553131061
849.7953598760053,158.78161032166784
850.5683102457299,157.93532958269267
851.3412606154545,157.73467543057063
852.1142109851789,162.16983772910936
852.8871613549036,164.1765949198338
853.6601117246282,161.50040372277934
854.4330620943526,164.35211647951368
855.2060124640773,160.20711120029537
855.9789628338019,155.00912630317214
856.7519132035263,158.41389172945517
857.524863573251,164.37466472201925
858.2978139429756,158.41916328111034
859.0707643127,159.9942425801324
859.8437146824247,163.83097322078856
860.6166650521493,165.00408582096077
861.3896154218737,156.94068891168575
862.1625657915984,160.71709724784722
862.935516161323,162.4316753577264
863.7084665310474,161.6453417431219
864.481416900772,165.22335641581572
865.2543672704967,158.09193309181447
866.0273176402211,163.1883713919668
866.8002680099457,164.74257880215757
867.5732183796704,156.33166235014772
868.3461687493948,162.62957277882387
869.1191191191194,159.87983359280275
869.8920694888441,163.3544173446002
870.6650198585685,166.0828598878866
871.4379702282931,163.56779021352315
872.2109205980175,158.42229569664352
872.9838709677422,157.77636870868977
