100.80645161290323,151.3459335094102
101.5794019826278,149.24936447301462
102.35235235235236,150.25541769641524
103.12530272207692,146.81259203468713
103.89825309180148,151.4691887767276
104.67120346152605,149.54677554719106
105.44415383125062,151.89471791255173
106.21710420097517,152.5035892444809
106.99005457069974,154.92605870529863
107.76300494042431,152.06223571804296
108.53595531014886,152.92160385168637
109.30890567987343,153.70524913974305
110.08185604959799,150.8953528013583
110.85480641932256,157.15689122192657
111.62775678904713,155.30503675423557
112.40070715877168,154.5227551550058
113.17365752849625,155.82726386234322
113.9466078982208,158.08736566517976
114.71955826794537,148.80527674385397
115.49250863766994,159.95149449806118
116.2654590073945,153.92616685421865
117.03840937711907,155.63955872173017
117.81135974684364,153.74786330837833
118.58431011656819,159.40267410206218
119.35726048629276,155.66270379385296
120.13021085601733,154.59614361159726
120.90316122574188,153.95512114658933
121.67611159546645,152.49403697144763
122.449061965191,157.2436123533929
123.22201233491558,151.81248113576308
123.99496270464013,160.24545958729317
124.7679130743647,158.754742104749
125.54086344408927,163.19412285088708
126.31381381381382,159.98749084015935
127.08676418353839,162.38728376357292
127.85971455326296,160.09260543372494
128.63266492298752,160.3661455013684
129.40561529271207,162.48223814596645
130.17856566243665,163.5109947338841
130.9515160321612,160.32534742005353
131.72446640188576,160.54144720996646
132.49741677161035,157.6901240280518
133.2703671413349,159.52005533703164
134.04331751105946,166.3498708737534
134.81626788078404,155.27667391824636
135.5892182505086,160.43604821113342
136.36216862023315,155.78046910994928
137.13511898995773,162.50655868800922
137.9080693596823,157.9151051360064
138.68101972940684,161.4443814832569
139.45397009913142,167.37751416270603
140.22692046885598,166.18550084903939
140.99987083858053,160.34771390069375
141.7728212083051,161.458604308958
142.54577157802967,161.55680063290168
143.31872194775423,157.8113389026422
144.09167231747878,159.88685038761653
144.86462268720334,162.2524877267099
145.63757305692792,159.26225390148514
146.41052342665247,156.84069286978516
147.18347379637703,164.07537144117572
147.9564241661016,166.643943157431
148.72937453582617,170.8811352723971
149.50232490555072,166.4960086625327
150.2752752752753,167.52713015541417
151.04822564499986,167.9110734785214
151.82117601472441,173.16942869064474
152.594126384449,166.96608936002542
153.36707675417355,162.63109257734834
154.1400271238981,171.1665364869929
154.9129774936227,171.19414338970344
155.68592786334725,166.00416260727684
156.4588782330718,169.83996618048747
157.23182860279638,173.17630410001698
158.00477897252094,164.35969478522125
158.7777293422455,165.08905001241996
159.55067971197008,166.9451771501097
160.32363008169463,167.1367708148768
161.0965804514192,165.9825977844291
161.86953082114377,167.35457096953752
162.64248119086832,166.3922720612137
163.41543156059288,172.7282355368203
164.18838193031743,168.45538448068893
164.961332300042,163.83199093104167
165.73428266976657,162.53218999723327
166.50723303949113,171.7011671208809
167.28018340921568,166.48274142230179
168.05313377894026,164.86755257477014
168.82608414866482,169.30154495433763
169.59903451838937,169.8320863945218
170.37198488811396,167.49898112160017
171.1449352578385,168.75415752361178
171.91788562756307,163.16121798094616
172.69083599728765,175.31596916484577
173.4637863670122,169.13783357907153
174.23673673673676,164.73251754295202
175.00968710646134,170.29417366695128
175.7826374761859,163.5671504433229
176.55558784591045,171.79210016352084
177.32853821563504,171.48004456113176
178.1014885853596,167.5868674725238
178.87443895508414,166.90614582726195
179.64738932480873,165.54966957156745
180.42033969453328,169.98858276955482
181.19329006425784,171.2841669578391
181.96624043398242,174.30571097627143
182.73919080370695,164.60972483439775
183.51214117343153,176.78620304116419
184.2850915431561,169.48866964517563
185.05804191288064,167.9082713218785
185.83099228260522,171.84545735013006
186.6039426523298,172.26644321251004
187.37689302205433,165.9135784428773
188.14984339177892,175.41588221929106
188.92279376150347,172.09194012537515
189.69574413122803,170.87764293054255
190.4686945009526,170.89755393007857
191.24164487067716,171.2762636468776
192.01459524040172,168.44067293616914
192.7875456101263,174.03271904312643
193.56049597985086,169.74102264352433
194.3334463495754,171.4252375317734
195.1063967193,171.0862932598077
195.87934708902455,176.0081853130012
196.6522974587491,170.89596891357485
197.4252478284737,172.75283148367745
198.19819819819824,175.1687330127462
198.9711485679228,168.78050961818508
199.74409893764738,165.01819138392372
200.51704930737193,173.9024886943984
201.2899996770965,169.54004902729065
202.06295004682107,173.3577292318764
202.8359004165456,166.48315209607227
203.60885078627018,167.74563246995294
204.38180115599476,168.787652138059
205.1547515257193,171.67139522316737
205.92770189544387,172.58201917035677
206.70065226516846,169.04187936811604
207.47360263489298,167.3614630315231
208.24655300461757,175.0827827973326
209.01950337434212,179.44599571593145
209.79245374406668,176.14140387659714
210.56540411379126,172.79924641461048
211.33835448351581,175.61653351456766
212.11130485324037,172.40123177413963
212.88425522296495,175.4241937279312
213.6572055926895,175.46710403205293
214.43015596241406,174.9236070651892
215.20310633213865,173.2565992859168
215.9760567018632,172.99859683534598
216.74900707158776,171.53570192033524
217.52195744131234,167.6330716878736
218.2949078110369,171.57829143175303
219.06785818076145,177.75013476499288
219.84080855048603,172.3725895229222
220.61375892021059,173.8282650430696
221.38670928993514,178.71708593356462
222.15965965965972,171.4557030585522
222.93261002938428,171.7973623991649
223.70556039910883,171.51857205068973
224.47851076883342,173.10329075464776
225.25146113855794,170.93406042700855
226.02441150828253,168.40011295577753
226.7973618780071,173.6201074108872
227.57031224773164,171.19471459716002
228.34326261745622,169.84130485718563
229.11621298718077,178.8095875364767
229.88916335690536,171.63856763013067
230.6621137266299,164.39767557791095
231.43506409635447,174.19435303154782
232.20801446607902,172.80282765998385
232.9809648358036,175.6921929484626
233.75391520552816,164.9829938113968
234.5268655752527,164.81335010982545
235.2998159449773,171.31019855234527
236.07276631470185,174.12626533552884
236.8457166844264,171.77809153170728
237.618667054151,168.3062515730027
238.39161742387554,168.8256642675603
239.1645677936001,168.96705169064205
239.93751816332468,169.4963758929922
240.71046853304924,170.12432496468065
241.4834189027738,169.47234103825772
242.25636927249835,168.86498649003917
243.02931964222293,170.12724072796667
243.80227001194748,173.9823194699039
244.57522038167204,173.45442429479047
245.34817075139662,167.52013718102543
246.12112112112118,172.49114911798054
246.89407149084573,172.68874894430877
247.66702186057032,175.89611545650178
248.43997223029487,173.0367595649377
249.21292260001943,170.78448132868343
249.985872969744,167.08863771082287
250.75882333946856,172.50888385758944
251.53177370919312,169.48439051027273
252.30472407891767,168.15791712699485
253.07767444864226,170.94744773565552
253.8506248183668,168.41273961373753
254.62357518809137,169.4532584197388
255.39652555781595,167.1888564671193
256.1694759275405,167.52053190394983
256.94242629726506,170.56654508781767
257.71537666698964,166.8683311061142
258.48832703671417,165.6454472644899
259.26127740643875,166.329210346512
260.03422777616333,165.00869299541918
260.80717814588786,166.25514264321794
261.58012851561244,165.9192853313884
262.353078885337,168.98861391407715
263.12602925506155,163.59071197420343
263.89897962478614,168.46025399188807
264.6719299945107,163.44808090706368
265.44488036423525,164.42130895264768
266.21783073395983,165.63153836100415
266.9907811036844,167.5406075757256
267.76373147340894,163.9371239654075
268.5366818431335,165.41913304428255
269.3096322128581,163.01923775341015
270.08258258258263,167.65389686902924
270.8555329523072,165.62483647698505
271.6284833220318,168.94880929033738
272.4014336917563,167.30846585031807
273.1743840614809,164.20068768122914
273.9473344312055,164.5925880297946
274.72028480093,168.1334442261924
275.4932351706546,163.59235384557275
276.2661855403792,161.37296759355007
277.0391359101037,162.6067787897528
277.8120862798283,164.8258918023876
278.5850366495529,155.4397760981797
279.3579870192774,163.91407690034552
280.130937389002,162.65028428042484
280.90388775872657,165.8962065063043
281.6768381284511,156.8475948233379
282.4497884981757,166.62720892744028
283.22273886790026,158.84440556379383
283.9956892376248,161.5507943077175
284.7686396073493,158.52319813574667
285.54158997707395,157.31103839548297
286.3145403467985,158.2760373440108
287.087490716523,163.50489507493305
287.86044108624765,158.26038614089032
288.6333914559722,162.2768667060458
289.4063418256967,161.77065612697868
290.17929219542134,155.83510113499418
290.95224256514587,164.9319582395712
291.7251929348704,156.94363684880187
292.49814330459503,159.54403017711698
293.27109367431956,156.9584103899775
294.0440440440441,161.55911231840196
294.81699441376867,150.7789640207918
295.58994478349325,156.92639366840564
296.3628951532178,159.0192873741438
297.13584552294236,153.5105900490633
297.90879589266694,155.150822104163
298.68174626239147,148.41252345390245
299.45469663211605,153.22970882481198
300.22764700184064,155.56566169034895
301.00059737156516,150.47621955859515
301.77354774128975,152.97944211788118
302.54649811101433,152.3705247816429
303.31944848073886,150.80297245032372
304.09239885046344,149.00391040840677
304.865349220188,156.61058714956508
305.63829958991255,152.64230459148425
306.41124995963713,154.62083937487088
307.1842003293617,150.95602491910967
307.95715069908624,149.4353632024094
308.7301010688108,153.32415207575463
309.5030514385354,147.7445159914455
310.27600180825993,151.08783905934393
311.0489521779845,142.36529068154618
311.8219025477091,149.62645673935108
312.5948529174336,144.0361280356961
313.3678032871582,148.73279274517424
314.1407536568828,145.316888828937
314.9137040266073,144.89340383876885
315.6866543963319,145.2760453085835
316.4596047660565,146.14390186015265
317.232555135781,147.2468335191113
318.0055055055056,146.26475693599076
318.7784558752302,144.7533234647311
319.5514062449547,145.82261964124947
320.3243566146793,145.12286274633
321.0973069844039,141.00790477740327
321.8702573541284,147.75908718902235
322.643207723853,137.5092681839415
323.41615809357756,144.33358980755926
324.1891084633021,139.7775962513384
324.9620588330266,137.75179290352781
325.73500920275126,141.75711542662356
326.5079595724758,141.4041863402121
327.2809099422003,137.06192799636668
328.05386031192495,145.03324067259308
328.8268106816495,132.55528973822769
329.599761051374,140.0656168845626
330.37271142109864,144.93048138204364
331.14566179082317,138.4158380645589
331.9186121605477,132.99798077861465
332.69156253027234,137.68898018141562
333.46451289999686,137.6819865821655
334.2374632697214,133.50071816216237
335.010413639446,140.0433308281702
335.78336400917055,133.52621333606677
336.5563143788951,128.27591805498213
337.32926474861966,141.0993983583942
338.10221511834425,135.92415347265458
338.8751654880688,132.19244262155635
339.64811585779336,132.4296753715025
340.42106622751794,132.07241441735331
341.19401659724247,130.86624589271855
341.96696696696705,137.6464075520966
342.73991733669163,132.0786585355884
343.51286770641616,133.9590806839089
344.28581807614074,135.9907385581272
345.0587684458653,130.41901517312994
345.83171881558985,128.76348562487448
346.60466918531444,129.08623929554466
347.377619555039,129.1793940652674
348.15056992476354,134.50700175634367
348.9235202944881,128.59476247299838
349.6964706642127,127.19625355696324
350.46942103393724,122.01980092098042
351.2423714036618,128.6938065593122
352.0153217733864,124.67465107119229
352.78827214311093,123.58519230975872
353.5612225128355,129.63041027099035
354.3341728825601,129.19473534366688
355.1071232522846,121.28395061337476
355.8800736220092,123.11225784633353
356.6530239917338,120.94441582012463
357.4259743614583,124.03269830578571
358.1989247311829,130.33270440652703
358.9718751009075,121.70898194103631
359.744825470632,127.60485344902065
360.5177758403566,118.59505467340776
361.2907262100811,122.78222439807735
362.0636765798057,121.36546398803794
362.8366269495303,123.95956636529276
363.6095773192548,116.50250141276447
364.3825276889794,126.59025922891252
365.155478058704,122.05565544902691
365.9284284284285,118.66648876373272
366.7013787981531,120.92262220830482
367.47432916787767,121.63942400697522
368.2472795376022,118.14255544557291
369.0202299073268,119.97570167816893
369.79318027705136,118.39359706841864
370.5661306467759,124.83013272746555
371.3390810165005,115.89267094108473
372.11203138622506,113.0840675535734
372.8849817559496,111.40501884448199
373.65793212567417,111.29558777431679
374.43088249539875,118.49810828931916
375.2038328651233,118.70524928759868
375.97678323484786,115.77534936495172
376.74973360457244,115.92169638084363
377.52268397429697,110.43784473112602
378.29563434402155,114.34345886470916
379.06858471374613,114.84029104768075
379.84153508347066,117.53784607302879
380.61448545319524,108.63757107194668
381.3874358229198,116.50499639043878
382.16038619264435,116.65324469124963
382.93333656236894,108.8155892742924
383.70628693209346,116.01585582293002
384.47923730181805,116.40748804812499
385.25218767154263,106.30565045524118
386.02513804126716,111.71806405269109
386.79808841099174,113.65342293076539
387.5710387807163,112.55285572109477
388.34398915044085,111.79607075557023
389.11693952016543,116.15256452749617
389.88988988989,114.94535110780886
390.66284025961454,112.7942840860424
391.4357906293391,117.49722027880301
392.2087409990637,108.36952183771797
392.98169136878823,117.88766367463228
393.7546417385128,112.71228766491764
394.5275921082374,111.85134548011129
395.3005424779619,112.41798801447426
396.0734928476865,110.41364010562688
396.8464432174111,114.00599890376
397.6193935871356,110.41256819745264
398.3923439568602,112.06120236094897
399.1652943265848,107.04927977638897
399.9382446963093,108.60756053786298
400.7111950660339,108.22890622226261
401.4841454357585,105.57356068136941
402.257095805483,111.60059798267311
403.0300461752076,110.47150979543595
403.8029965449321,105.58062836570082
404.5759469146567,109.05053271328084
405.3488972843813,103.4755956676634
406.1218476541058,104.14202153926357
406.8947980238304,113.2693775370221
407.667748393555,110.29269603168814
408.4406987632795,107.08801785449262
409.2136491330041,114.0788778038916
409.98659950272867,115.11443730357946
410.7595498724532,113.60343408176074
411.5325002421778,109.10834663031608
412.30545061190236,112.92705217892086
413.0784009816269,109.38861637008492
413.85135135135147,108.44512216515965
414.62430172107605,111.52112936826035
415.3972520908006,108.67030131953472
416.17020246052516,110.58700757206557
416.94315283024974,107.55273413327792
417.71610319997427,111.93815355313703
418.48905356969885,109.27065540919504
419.26200393942344,109.55793772787521
420.03495430914796,108.30044035990663
420.80790467887255,109.99605061678076
421.58085504859713,108.06535660561997
422.35380541832166,113.23337143345103
423.12675578804624,107.60126688869238
423.89970615777077,109.35630669570835
424.67265652749535,114.49392740231379
425.44560689721993,111.56613829655674
426.21855726694446,116.30098061428183
426.99150763666904,108.14670689788417
427.7644580063936,107.22620643697769
428.53740837611815,113.5616614622698
429.31035874584273,105.85568734058735
430.0833091155673,107.21695674151542
430.85625948529184,109.72694338045724
431.6292098550164,110.57945320961241
432.402160224741,107.7515938651868
433.17511059446554,110.47492249510827
433.9480609641901,112.28741214640478
434.7210113339147,116.00751806031248
435.49396170363923,110.59759062402416
436.2669120733638,113.09998105406656
437.0398624430884,111.16444803558306
437.8128128128129,110.4564080565998
438.5857631825375,113.05685823830025
439.3587135522621,109.78060612002783
440.1316639219866,111.65424100243769
440.9046142917112,107.49037157743717
441.6775646614358,111.06866513469367
442.4505150311603,112.55396172396671
443.2234654008849,111.8815914069078
443.9964157706095,108.91260411729505
444.769366140334,114.13836741047083
445.5423165100586,109.22410589385744
446.3152668797831,113.16229381959904
447.0882172495077,111.90950957711092
447.8611676192323,110.91493507951648
448.6341179889568,117.67532669545282
449.4070683586814,113.2070223683558
450.18001872840597,112.77061929884218
450.9529690981305,113.0468856574096
451.7259194678551,116.20482365991862
452.49886983757966,114.46748652257146
453.2718202073042,114.06129881427144
454.04477057702877,114.98375616320287
454.81772094675335,115.93399357204233
455.5906713164779,111.86382462109705
456.36362168620246,115.71270346480942
457.13657205592705,109.65365200614525
457.9095224256516,112.69457437763104
458.68247279537616,111.28138405250036
459.45542316510074,114.39550376099783
460.22837353482527,110.79764920544359
461.00132390454985,113.6132854087725
461.77427427427443,114.97846066335032
462.54722464399896,118.66186397765145
463.32017501372354,113.38074503261956
464.0931253834481,113.82656896075738
464.86607575317265,115.6508273121724
465.63902612289723,109.86411228691242
466.41197649262176,119.11465765784288
467.18492686234634,117.82890992723483
467.9578772320709,117.54322823379005
468.73082760179545,113.10514453656093
469.50377797152004,122.49269624038907
470.2767283412446,116.79778258049626
471.04967871096915,111.68115151066651
471.82262908069373,115.47492329352538
472.5955794504183,117.5718854691411
473.36852982014284,121.23635675271456
474.1414801898674,115.35961837499187
474.914430559592,114.37253790746206
475.68738092931653,118.03554738275145
476.4603312990411,116.87060979712037
477.2332816687657,117.74315660196093
478.0062320384902,119.99156101265764
478.7791824082148,125.89911191450115
479.5521327779394,122.29915209581976
480.3250831476639,115.91864216706314
481.0980335173885,122.19488905680608
481.8709838871131,116.2787324307917
482.6439342568376,118.07583404790094
483.4168846265622,122.90412665724683
484.1898349962868,123.29343083751114
484.9627853660113,120.7159833010641
485.7357357357359,123.02619582805292
486.5086861054604,120.64584676888674
487.281636475185,121.97809886441411
488.0545868449096,118.67085588348748
488.8275372146341,126.93403435785466
489.6004875843587,121.99153922361421
490.3734379540833,124.3587847073552
491.1463883238078,123.7572186138921
491.9193386935324,126.37109450693222
492.69228906325696,122.29587045732806
493.4652394329815,124.45468273045779
494.2381898027061,120.80545485304164
495.01114017243066,128.17471792864828
495.7840905421552,122.00599783849164
496.55704091187977,125.52380588726227
497.32999128160435,121.73937095775405
498.1029416513289,122.68232214574445
498.87589202105346,123.88256535516363
499.64884239077804,119.17388442385743
500.42179276050257,123.55991893289293
501.19474313022715,119.36527397595653
501.96769349995174,125.36240928564735
502.74064386967626,122.12849637770157
503.51359423940085,121.46348661819987
504.28654460912543,124.16188320081302
505.05949497884995,126.31213194381036
505.83244534857454,125.77822321971188
506.6053957182991,130.24803504179368
507.37834608802365,129.13910482990383
508.15129645774823,127.22953574140196
508.92424682747276,123.00834800778745
509.69719719719734,125.17063297198172
510.4701475669219,128.46305034743858
511.24309793664645,126.3020768190508
512.016048306371,126.49729947623035
512.7889986760956,124.02385948865215
513.5619490458201,126.0981310612489
514.3348994155447,123.88226158211701
515.1078497852693,133.5228523932833
515.8808001549938,132.63506896089615
516.6537505247184,137.286021972593
517.426700894443,133.0848141685241
518.1996512641675,135.66608019854374
518.972601633892,133.83506724216113
519.7455520036167,138.24566008417662
520.5185023733412,128.18372930967126
521.2914527430657,129.49982748880743
522.0644031127904,127.77833888441904
522.8373534825149,126.7587168099107
523.6103038522394,138.1810349269921
524.3832542219641,137.49270679754386
525.1562045916886,136.26221371794477
525.9291549614131,130.21015949285584
526.7021053311378,132.84166446608032
527.4750557008623,131.99667322083576
528.2480060705868,133.9294735030124
529.0209564403115,132.63916734713428
529.793906810036,132.41300269721737
530.5668571797605,138.29977019091874
531.3398075494852,140.6164086148554
532.1127579192097,132.64793654924608
532.8857082889342,129.50839488160466
533.6586586586589,133.53087749047967
534.4316090283834,134.05839072431502
535.2045593981079,133.1332202187583
535.9775097678325,135.22938687219437
536.7504601375571,128.9399417339779
537.5234105072816,135.67225670783304
538.2963608770062,141.3680711440367
539.0693112467308,135.49361605890417
539.8422616164553,137.23484665827917
540.6152119861799,139.52812552244427
541.3881623559045,136.76123195465797
542.161112725629,142.43824701727507
542.9340630953536,132.38801969468793
543.7070134650781,136.93761652191637
544.4799638348027,137.26378008945255
545.2529142045273,137.86812311287147
546.0258645742518,138.73068078321606
546.7988149439764,135.57646095861332
547.571765313701,140.7087946755825
548.3447156834255,143.4477790014261
549.1176660531501,138.11237885173074
549.8906164228747,140.8394087534137
550.6635667925992,140.71318017729735
551.4365171623238,136.74912603269345
552.2094675320484,133.77189934432198
552.9824179017729,140.02706334306134
553.7553682714974,140.17679993493135
554.5283186412221,137.70370480458092
555.3012690109466,144.74529339881727
556.0742193806711,141.0119269703553
556.8471697503958,139.5762524430235
557.6201201201203,139.38269708464156
558.3930704898448,145.3450017596947
559.1660208595695,137.67433544971993
559.938971229294,148.66247053328297
560.7119215990185,139.787908137171
561.4848719687432,142.68256778445115
562.2578223384677,150.25329665019086
563.0307727081922,139.83093826310915
563.8037230779169,146.84479367796683
564.5766734476414,141.09939822427958
565.3496238173659,140.56857291321478
566.1225741870905,143.59370164592008
566.8955245568151,144.74211931857684
567.6684749265396,147.2950038454902
568.4414252962642,146.45897069753866
569.2143756659888,144.50320800362894
569.9873260357133,146.65435602429594
570.7602764054379,148.43238538570773
571.5332267751623,145.90347814564726
572.306177144887,144.84986693389948
573.0791275146116,146.85606108238235
573.852077884336,149.5309151839777
574.6250282540607,143.5748982061426
575.3979786237853,151.34281902275336
576.1709289935097,147.14393457413289
576.9438793632344,146.3251589442438
577.716829732959,146.0132831014287
578.4897801026834,152.29367126342132
579.2627304724081,143.56217444412127
580.0356808421327,144.85245585868225
580.8086312118571,146.94984831846065
581.5815815815818,144.85773685560125
582.3545319513064,149.39985174316226
583.1274823210308,154.7854039682489
583.9004326907555,154.5872298396622
584.6733830604801,146.02034156754652
585.4463334302045,154.76599629887968
586.2192837999291,149.45162206260954
586.9922341696538,149.22910986432186
587.7651845393782,152.9178027785969
588.5381349091028,149.93951584031726
589.3110852788275,149.06800830284928
590.0840356485519,150.29477646873409
590.8569860182765,148.61149005637336
591.629936388001,151.76052480753708
592.4028867577256,147.6033530965169
593.1758371274502,154.34607649127003
593.9487874971747,151.78251372823954
594.7217378668993,150.46484628242942
595.4946882366239,145.29482094633067
596.2676386063484,148.80911852960372
597.040588976073,148.43613480902314
597.8135393457976,151.20426827972796
598.5864897155221,147.69792317541655
599.3594400852467,155.46948231232597
600.1323904549713,158.5848862855512
600.9053408246958,150.1598978470725
601.6782911944204,147.57463742586845
602.451241564145,155.16277069396534
603.2241919338695,150.40766218721183
603.997142303594,151.1628249830699
604.7700926733187,152.89700521543168
605.5430430430432,147.2464970053075
606.3159934127677,150.711214785944
607.0889437824924,155.84089574343975
607.8618941522169,153.13405370368764
608.6348445219414,152.08266298004116
609.4077948916661,155.21241751026
610.1807452613906,152.70841204658467
610.9536956311151,157.44707013703285
611.7266460008398,147.7544312668524
612.4995963705643,157.97358514202213
613.2725467402888,154.7567305127168
614.0454971100135,151.95681657563827
614.8184474797381,154.3845922106852
615.5913978494625,161.92683752907956
616.3643482191871,155.94617178097943
617.1372985889118,147.75889070703275
617.9102489586362,157.0097678040531
618.6831993283608,155.07032587694076
619.4561496980855,154.24190686579394
620.2291000678099,153.70679625520552
621.0020504375345,155.40470570091557
621.775000807259,153.22302123151036
622.5479511769836,153.64265938480227
623.3209015467082,156.11353384756583
624.0938519164326,156.18845976387843
624.8668022861573,157.44576617611855
625.6397526558819,162.61414185315599
626.4127030256063,157.0740304080548
627.185653395331,156.64714249943643
627.9586037650556,159.22690841125507
628.73155413478,162.5244239251224
629.5045045045047,156.97832222967133
630.2774548742293,154.43739546979967
631.0504052439537,155.08705267262226
631.8233556136784,155.89462265334853
632.596305983403,157.60749457766414
633.3692563531274,159.28109436966358
634.142206722852,158.03707188512408
634.9151570925767,158.86523860465073
635.6881074623011,157.14088177460357
636.4610578320257,159.5507530812691
637.2340082017504,158.17467586412553
638.0069585714748,160.44297814090137
638.7799089411994,159.75631363489583
639.5528593109241,162.382909034262
640.3258096806485,154.5466772965449
641.0987600503731,154.68582100014342
641.8717104200978,159.70748061697736
642.6446607898222,165.03876072788543
643.4176111595468,157.904182127359
644.1905615292715,156.68115386491536
644.9635118989959,156.66977464573333
645.7364622687205,151.84363523750147
646.5094126384452,157.604305003385
647.2823630081696,159.50115650270192
648.0553133778942,157.91628340993685
648.8282637476188,155.15699206657902
649.6012141173433,154.9422719877552
650.3741644870679,154.80591342363732
651.1471148567925,158.97138808380595
651.920065226517,158.25522535152155
652.6930155962416,162.48597136305895
653.4659659659662,154.84219176746984
654.2389163356906,160.08735609557772
655.0118667054153,154.81467538023838
655.7848170751399,161.31200450259243
656.5577674448643,162.7498856148138
657.330717814589,162.49657553392046
658.1036681843136,160.903652081483
658.876618554038,160.618835998445
659.6495689237627,158.40128268235043
660.4225192934873,159.80803888089156
661.1954696632117,157.25714897955154
661.9684200329364,162.20918648084847
662.741370402661,166.26157521983512
663.5143207723854,157.57343225464524
664.2872711421101,155.7339890212548
665.0602215118347,158.05627288241837
665.8331718815591,164.9267140926316
666.6061222512838,155.55231687604152
667.3790726210084,159.51045330778385
668.1520229907328,161.00459644633054
668.9249733604574,162.73030678763777
669.6979237301821,164.43799799744423
670.4708740999065,160.94266021575908
671.2438244696311,161.10676203934952
672.0167748393558,156.10375338178505
672.7897252090802,162.86694999376803
673.5626755788048,159.14424674585192
674.3356259485295,162.25096383896647
675.1085763182539,163.43350863967618
675.8815266879785,162.7175883921223
676.6544770577032,161.63205349108952
677.4274274274276,161.4060927062535
678.2003777971522,162.16779371270962
678.9733281668769,163.23563717590437
679.7462785366013,156.89644841415338
680.5192289063259,162.6224660448842
681.2921792760505,162.13928222081347
682.065129645775,159.2644928927576
682.8380800154996,156.89848473173925
683.6110303852242,160.75773087081384
684.3839807549487,156.90174799729567
685.1569311246733,160.60801187824393
685.9298814943979,158.97053331348897
686.7028318641223,162.28701683725467
687.475782233847,160.26902514374538
688.2487326035716,161.90209698925224
689.021682973296,165.6001420625075
689.7946333430207,163.70968658528992
690.5675837127453,156.2495041797964
691.3405340824697,156.5737747725251
692.1134844521944,158.30605294755338
692.886434821919,157.9414162258976
693.6593851916434,161.0009725950809
694.4323355613681,163.96829590568964
695.2052859310927,159.29654256820024
695.9782363008171,158.33542547786365
696.7511866705418,164.53964606112515
697.5241370402664,161.99878762010738
698.2970874099908,161.21188188201685
699.0700377797154,164.62362829382042
699.8429881494401,158.284665549737
700.6159385191645,161.10665071451703
701.3888888888891,160.44127537641398
702.1618392586138,161.24659275099148
702.9347896283382,162.7031619527144
703.7077399980628,161.29949231935794
704.4806903677875,161.27607153764995
705.2536407375119,161.1531746977146
706.0265911072365,163.32192896690228
706.7995414769609,160.11851705543322
707.5724918466856,162.279064110307
708.3454422164102,163.91127192561103
709.1183925861346,161.17932159804445
709.8913429558593,155.45364102653028
710.6642933255839,158.95276171466887
711.4372436953083,158.45362981831644
712.210194065033,161.93803877080694
712.9831444347576,160.10842139374714
713.756094804482,156.75340474217901
714.5290451742067,159.8934622567904
715.3019955439313,160.63286400007982
716.0749459136557,156.1461359148817
716.8478962833804,167.33408207781042
717.620846653105,165.26084842685697
718.3937970228294,159.72120191196234
719.166747392554,154.52909262054825
719.9396977622787,162.34127711993227
720.7126481320031,161.2291134579234
721.4855985017277,157.3365348283804
722.2585488714524,161.74396807693876
723.0314992411768,159.32164621798745
723.8044496109014,162.44562370735468
724.5773999806261,163.0169313396852
725.3503503503505,155.7532104314689
726.1233007200751,163.402721412354
726.8962510897998,161.8616029162618
727.6692014595242,163.52986419154757
728.4421518292488,156.19793192247698
729.2151021989735,162.6799008293802
729.9880525686979,162.72142942847574
730.7610029384225,153.5314689495185
731.5339533081471,158.71674618220865
732.3069036778716,161.9569645712339
733.0798540475962,161.17050497144126
733.8528044173208,166.00037726991096
734.6257547870453,157.07762569800784
735.3987051567699,163.8005815378147
736.1716555264945,161.15810482081764
736.944605896219,159.59952566770227
737.7175562659436,155.96698530497065
738.4905066356682,159.34146404397137
739.2634570053926,156.65926009862108
740.0364073751173,158.57491824597895
740.8093577448419,165.89762254344117
741.5823081145663,157.9470423192076
742.355258484291,161.13308575104895
743.1282088540156,159.68493362039544
743.90115922374,160.87937829844353
744.6741095934647,164.96940755150314
745.4470599631893,158.5703542762009
746.2200103329137,164.1727752672269
746.9929607026384,165.40564619200592
747.765911072363,164.0545535998359
748.5388614420874,162.66997759803724
749.311811811812,163.44298469194004
750.0847621815367,166.2285544318528
750.8577125512611,163.0546154938038
751.6306629209857,163.3980347183391
752.4036132907104,154.87274536057598
753.1765636604348,158.54691590939922
753.9495140301594,160.18793868321387
754.7224643998841,163.02382690404033
755.4954147696085,164.05983731811529
756.2683651393331,161.09631093996936
757.0413155090578,155.52885302769207
757.8142658787822,163.82920431080865
758.5872162485068,154.98011465704434
759.3601666182315,161.8057965422535
760.1331169879559,160.0833822301848
760.9060673576805,163.79654226765916
761.6790177274052,162.35524572269202
762.4519680971296,158.54221497235343
763.2249184668542,156.50032875381555
763.9978688365788,155.95415418682626
764.7708192063033,167.54370448932568
765.5437695760279,157.4333169811783
766.3167199457525,162.0361105312636
767.089670315477,162.59395805152184
767.8626206852016,163.898203910999
768.6355710549262,164.92438324882397
769.4085214246506,157.59637662098012
770.1814717943753,158.18104657036753
770.9544221640999,160.81913827962313
771.7273725338243,159.43911330774654
772.500322903549,159.160532817724
773.2732732732736,166.60663745266447
774.046223642998,160.7899324788573
774.8191740127227,167.05361375638662
775.5921243824473,156.37891278327865
776.3650747521717,162.499524012017
777.1380251218964,163.20083840601905
777.910975491621,161.69099058060246
778.6839258613454,161.9401024083639
779.45687623107,160.56002142826935
780.2298266007947,164.52735220478743
781.0027769705191,161.10265688110744
781.7757273402437,161.77687222702426
782.5486777099684,163.2535443920417
783.3216280796928,159.34988229462064
784.0945784494174,157.15541149088511
784.8675288191421,162.3543026269223
785.6404791888665,162.34856609943304
786.4134295585911,165.26485309596407
787.1863799283158,159.6643736941754
787.9593302980402,159.35445638871346
788.7322806677648,160.8762076370633
789.5052310374892,157.37615633530626
790.2781814072139,160.84492409995627
791.0511317769385,161.1216955154657
791.8240821466629,161.1233809331142
792.5970325163876,153.69510902630884
793.3699828861122,159.30950449352167
794.1429332558366,161.4799492509014
794.9158836255613,158.54827326876818
795.6888339952859,163.16458157030408
796.4617843650103,159.24663982692988
797.234734734735,162.48279494197118
798.0076851044596,162.07489023622156
798.780635474184,164.7560447373571
799.5535858439086,161.14126152933974
800.3265362136333,161.03474648121212
801.0994865833577,163.93401566513526
801.8724369530823,162.03532555395662
802.645387322807,161.53973639470823
803.4183376925314,162.41531809905436
804.191288062256,164.90587089201713
804.9642384319807,167.24789536710523
805.7371888017051,160.06070118242937
806.5101391714297,162.9407329724583
807.2830895411544,166.07498246427133
808.0560399108788,158.7874626763161
808.8289902806034,157.7758615316551
809.6019406503281,160.9363000833374
810.3748910200525,155.265226240212
811.1478413897771,157.64032777917453
811.9207917595018,155.64302598232894
812.6937421292262,161.29988847636727
813.4666924989508,154.80276221311877
814.2396428686754,160.33846159569612
815.0125932383999,153.39343567769606
815.7855436081245,155.55047715625827
816.5584939778491,154.480971734498
817.3314443475736,157.6895460814304
818.1043947172982,159.40090909558134
818.8773450870228,161.87359284388378
819.6502954567472,164.83831018982016
820.4232458264719,167.31546613154916
821.1961961961965,164.934455700328
821.9691465659209,159.25929080486304
822.7420969356456,163.87659508889033
823.5150473053702,160.4164405049934
824.2879976750946,160.15148199412408
825.0609480448193,162.82868126773147
825.8338984145439,163.14019952348056
826.6068487842683,161.29168457003678
827.379799153993,164.2684846184656
828.1527495237176,157.1183890853404
828.925699893442,162.07017205851454
829.6986502631667,161.13343367732423
830.4716006328913,161.8169618863446
831.2445510026157,161.22574113547032
832.0175013723403,161.21281822250626
832.790451742065,160.26308089803425
833.5634021117894,158.90038852054738
834.336352481514,162.75203458450608
835.1093028512387,166.11147444942316
835.8822532209631,162.8530713440824
836.6552035906877,155.5278363003438
837.4281539604124,161.7574072321782
838.2011043301368,159.2122990040793
838.9740546998614,154.4690961442871
839.7470050695861,163.16606924558607
840.5199554393105,161.122444765295
841.2929058090351,162.3923497665097
842.0658561787598,157.48739576730418
842.8388065484842,163.74781284547203
843.6117569182088,166.05993101451898
844.3847072879335,162.18051102769718
845.1576576576579,163.1065108825016
845.9306080273825,163.04763373448776
846.7035583971071,159.5992747627523
847.4765087668316,161.20622418983214
848.2494591365562,156.4614720106696
849.0224095062808,158.99936810903017
849.7953598760053,160.91465401742744
850.5683102457299,162.72103351386977
851.3412606154545,163.75123311310531
852.1142109851789,158.7287888140852
852.8871613549036,163.6007543030761
853.6601117246282,160.26992161698666
854.4330620943526,168.2216710637881
855.2060124640773,163.42120012862563
855.9789628338019,162.360059573383
856.7519132035263,164.87604541435542
857.524863573251,162.40408516635426
858.2978139429756,162.27125855292937
859.0707643127,166.47921852321144
859.8437146824247,159.3248960060854
860.6166650521493,161.17811540448605
861.3896154218737,161.20926441636496
862.1625657915984,157.5860262480968
862.935516161323,158.93675297605122
863.7084665310474,161.1667562195698
864.481416900772,164.97667566563396
865.2543672704967,162.50763619570952
866.0273176402211,159.26315230964917
866.8002680099457,162.18220321951577
867.5732183796704,161.96903557387452
868.3461687493948,167.43945240295034
869.1191191191194,158.68516837219528
869.8920694888441,161.9972722625308
870.6650198585685,163.91631065822205
871.4379702282931,161.12928332121152
872.2109205980175,161.11215504182837
872.9838709677422,162.32218380216054
