100.80645161290323,149.08252299012244
101.5794019826278,153.2499178044314
102.35235235235236,151.83801033034257
103.12530272207692,150.94643552107578
103.89825309180148,153.52734206204423
104.67120346152605,151.42788615937312
105.44415383125062,148.81719163778808
106.21710420097517,150.0033351889299
106.99005457069974,151.9181614092016
107.76300494042431,151.30626379555392
108.53595531014886,159.8952993417109
109.30890567987343,149.87225542096724
110.08185604959799,152.95579049651374
110.85480641932256,150.20085658770748
111.62775678904713,154.4827970449251
112.40070715877168,155.67296823284536
113.17365752849625,155.91963940953073
113.9466078982208,152.41327183166842
114.71955826794537,153.60464616604253
115.49250863766994,156.79820738614126
116.2654590073945,149.71652205519575
117.03840937711907,161.03714986554246
117.81135974684364,151.74231599503526
118.58431011656819,158.61556039711553
119.35726048629276,152.65024289239187
120.13021085601733,160.57496244879687
120.90316122574188,156.78902308631473
121.67611159546645,161.7349406060681
122.449061965191,158.00567115847514
123.22201233491558,160.96179315118732
123.99496270464013,164.06608310825254
124.7679130743647,159.55138303566642
125.54086344408927,159.53692559171478
126.31381381381382,158.10602285705286
127.08676418353839,157.32752886702565
127.85971455326296,157.70832639592913
128.63266492298752,164.06748677657095
129.40561529271207,159.73300206134138
130.17856566243665,161.50844661948878
130.9515160321612,160.32534742005353
131.72446640188576,156.90980655038524
132.49741677161035,157.3495797004134
133.2703671413349,161.06954828623142
134.04331751105946,160.0558789993153
134.81626788078404,164.68489801511416
135.5892182505086,158.56962209169978
136.36216862023315,162.17259736090875
137.13511898995773,162.3830475315758
137.9080693596823,158.08775616364835
138.68101972940684,163.48440213461785
139.45397009913142,164.173797249708
140.22692046885598,165.5273371179982
140.99987083858053,168.55994392927204
141.7728212083051,160.0326967107918
142.54577157802967,167.7357995236368
143.31872194775423,167.2109612899407
144.09167231747878,170.56299428336015
144.86462268720334,166.86390865498996
145.63757305692792,162.630967783444
146.41052342665247,165.39197729580408
147.18347379637703,163.8858735494004
147.9564241661016,163.9278923257759
148.72937453582617,164.6332016414844
149.50232490555072,169.91987603229344
150.2752752752753,166.25545210976495
151.04822564499986,160.83078579762181
151.82117601472441,169.7688179088772
152.594126384449,164.04208644552605
153.36707675417355,165.3712306674895
154.1400271238981,168.19892715360388
154.9129774936227,164.33382598967032
155.68592786334725,164.6513519587399
156.4588782330718,171.12830690526977
157.23182860279638,163.9721844922996
158.00477897252094,161.48480429008603
158.7777293422455,166.09110647313705
159.55067971197008,170.56140667212043
160.32363008169463,169.62187744134468
161.0965804514192,169.1133222244374
161.86953082114377,170.59718286655146
162.64248119086832,167.49079575120828
163.41543156059288,164.2731753592472
164.18838193031743,171.86604370699206
164.961332300042,174.8014476756728
165.73428266976657,163.76885224781665
166.50723303949113,161.6892575489315
167.28018340921568,169.66251848514383
168.05313377894026,168.59908744684014
168.82608414866482,171.0777665024545
169.59903451838937,168.0379435976809
170.37198488811396,166.08831002753297
171.1449352578385,169.22819495493692
171.91788562756307,167.23578432829262
172.69083599728765,165.38384075000863
173.4637863670122,165.89718539634146
174.23673673673676,172.4430376433674
175.00968710646134,163.70404002743317
175.7826374761859,168.3570225250116
176.55558784591045,169.73848186243842
177.32853821563504,176.05529563650967
178.1014885853596,168.82151037989843
178.87443895508414,167.3770252381312
179.64738932480873,164.50535718456126
180.42033969453328,176.93849259430618
181.19329006425784,172.39638744792848
181.96624043398242,169.73218715983023
182.73919080370695,174.285984030137
183.51214117343153,169.74689509515113
184.2850915431561,164.69761161912413
185.05804191288064,168.03736317143228
185.83099228260522,167.6953272852789
186.6039426523298,175.23305626674468
187.37689302205433,170.3104547255994
188.14984339177892,171.30554774866974
188.92279376150347,170.48255164360054
189.69574413122803,167.92105663371598
190.4686945009526,172.84776361541333
191.24164487067716,173.3710540884069
192.01459524040172,172.58281290464228
192.7875456101263,173.0144305665445
193.56049597985086,171.89529612595499
194.3334463495754,174.76761600058933
195.1063967193,174.1415037797408
195.87934708902455,170.86822385100325
196.6522974587491,172.69507052946497
197.4252478284737,175.11390341816096
198.19819819819824,177.38948141703824
198.9711485679228,169.99878333715102
199.74409893764738,174.0443614031972
200.51704930737193,167.91645292395825
201.2899996770965,175.63568135847353
202.06295004682107,172.87641387837814
202.8359004165456,175.0272488778475
203.60885078627018,167.87897093754853
204.38180115599476,171.42381969267643
205.1547515257193,164.4208074000429
205.92770189544387,169.655296001322
206.70065226516846,178.35771235575453
207.47360263489298,174.2485874097967
208.24655300461757,171.09139499086484
209.01950337434212,168.2075442053514
209.79245374406668,172.9405019776723
210.56540411379126,171.7659638956837
211.33835448351581,171.02938575884758
212.11130485324037,173.6921036438637
212.88425522296495,175.49982990526456
213.6572055926895,172.03011167298604
214.43015596241406,167.50264019662097
215.20310633213865,171.63811899176181
215.9760567018632,177.43399042130983
216.74900707158776,173.80273684851133
217.52195744131234,172.6265474223509
218.2949078110369,170.2689490626119
219.06785818076145,173.87764851242756
219.84080855048603,176.89508234164867
220.61375892021059,168.3132250762679
221.38670928993514,170.1243923871947
222.15965965965972,170.25057978708793
222.93261002938428,176.85968879310514
223.70556039910883,171.7494989585153
224.47851076883342,172.53674314876142
225.25146113855794,170.5244857381096
226.02441150828253,176.08846691621204
226.7973618780071,168.06758678830994
227.57031224773164,175.85735371308817
228.34326261745622,171.1489094862527
229.11621298718077,172.70581461396063
229.88916335690536,172.28140250099673
230.6621137266299,168.8984014519978
231.43506409635447,167.23581290892568
232.20801446607902,173.49527063175213
232.9809648358036,173.90306879864588
233.75391520552816,168.676415094479
234.5268655752527,170.7056671235128
235.2998159449773,173.0913309548631
236.07276631470185,169.57397648491062
236.8457166844264,172.83890983686265
237.618667054151,176.44754975341124
238.39161742387554,172.00644707928134
239.1645677936001,164.45522667726107
239.93751816332468,172.07069400116958
240.71046853304924,166.3375955414119
241.4834189027738,174.97358791129244
242.25636927249835,177.9127158969894
243.02931964222293,169.41265188462765
243.80227001194748,168.41683276815303
244.57522038167204,169.93440573524265
245.34817075139662,171.77118422475993
246.12112112112118,164.30118206499498
246.89407149084573,169.39257205142633
247.66702186057032,168.65637779672656
248.43997223029487,172.49346975661
249.21292260001943,169.07584480334904
249.985872969744,168.17443117328233
250.75882333946856,167.76972090919648
251.53177370919312,172.19169936990528
252.30472407891767,167.55369234143456
253.07767444864226,167.21566426742118
253.8506248183668,168.32243161386043
254.62357518809137,171.61281384258027
255.39652555781595,165.99279249740198
256.1694759275405,171.15620658510917
256.94242629726506,171.72164374076894
257.71537666698964,168.07529992186448
258.48832703671417,168.95568004585968
259.26127740643875,173.65440887003928
260.03422777616333,170.71590051173345
260.80717814588786,167.27787389249465
261.58012851561244,166.83380326531153
262.353078885337,165.19976151703074
263.12602925506155,166.62866133310376
263.89897962478614,165.52601655923354
264.6719299945107,170.70852597515403
265.44488036423525,171.57697355687222
266.21783073395983,162.75915388079355
266.9907811036844,164.90444943827953
267.76373147340894,159.9929407281605
268.5366818431335,167.5069726644312
269.3096322128581,169.84114579558624
270.08258258258263,167.24057447052948
270.8555329523072,161.6702980096505
271.6284833220318,166.09152210659454
272.4014336917563,170.54323860604603
273.1743840614809,165.37639610237787
273.9473344312055,165.9739738645289
274.72028480093,164.70125710430415
275.4932351706546,167.69339958744192
276.2661855403792,158.37542937589032
277.0391359101037,161.73581834569052
277.8120862798283,159.82487047986942
278.5850366495529,160.8267384456306
279.3579870192774,157.57340138375494
280.130937389002,156.46133488602425
280.90388775872657,158.88298027729715
281.6768381284511,161.4488137655186
282.4497884981757,159.55951992300615
283.22273886790026,160.74981168119453
283.9956892376248,155.2690926476666
284.7686396073493,160.78330051316803
285.54158997707395,161.27770362118588
286.3145403467985,154.79531716092592
287.087490716523,162.36762811207527
287.86044108624765,158.06141011104458
288.6333914559722,157.78783932205124
289.4063418256967,151.10081839594977
290.17929219542134,159.36062963616357
290.95224256514587,154.8777515979301
291.7251929348704,155.8995021601637
292.49814330459503,158.13386064605086
293.27109367431956,156.76912426017836
294.0440440440441,157.0332993131072
294.81699441376867,154.2305741183241
295.58994478349325,156.37579687614402
296.3628951532178,155.15950771716294
297.13584552294236,152.25022232652995
297.90879589266694,157.13665948781033
298.68174626239147,154.05003722789746
299.45469663211605,157.5089438447754
300.22764700184064,150.98993393287483
301.00059737156516,156.05029257448112
301.77354774128975,149.79483021732707
302.54649811101433,150.51142527081967
303.31944848073886,151.54034778885975
304.09239885046344,149.22231363754827
304.865349220188,145.16364963088802
305.63829958991255,152.24526322601938
306.41124995963713,155.3507067157894
307.1842003293617,147.20692661496903
307.95715069908624,151.67979023533368
308.7301010688108,148.96424400354078
309.5030514385354,152.38637290033205
310.27600180825993,148.9567830554665
311.0489521779845,147.43501713817395
311.8219025477091,146.2214004063602
312.5948529174336,147.64692967050178
313.3678032871582,148.03269492749675
314.1407536568828,147.13474487278978
314.9137040266073,149.1520093164333
315.6866543963319,141.7838284596422
316.4596047660565,149.01672052847428
317.232555135781,145.17763795495833
318.0055055055056,141.41143899740794
318.7784558752302,147.4592124124054
319.5514062449547,148.8398150387633
320.3243566146793,145.49173303970568
321.0973069844039,141.32840079866145
321.8702573541284,143.44871321523877
322.643207723853,143.3999150382293
323.41615809357756,143.3867314909811
324.1891084633021,142.77828330638002
324.9620588330266,141.5505080780894
325.73500920275126,141.08099015947138
326.5079595724758,144.3163307252852
327.2809099422003,140.45541634343186
328.05386031192495,135.12205593787488
328.8268106816495,139.66991809465267
329.599761051374,138.9353029287111
330.37271142109864,140.01490626254224
331.14566179082317,136.95664129283057
331.9186121605477,142.99299569485405
332.69156253027234,137.78532931545757
333.46451289999686,144.42095937953215
334.2374632697214,136.1517353823107
335.010413639446,134.5844040335303
335.78336400917055,139.66969848726924
336.5563143788951,133.36301868873883
337.32926474861966,133.85371040872934
338.10221511834425,128.9990449608296
338.8751654880688,134.00341569351886
339.64811585779336,128.20524839329846
340.42106622751794,135.06025043703542
341.19401659724247,137.54542878749663
341.96696696696705,135.7340727394357
342.73991733669163,125.15239987705468
343.51286770641616,133.11398142780078
344.28581807614074,128.48524910038643
345.0587684458653,133.86805543074144
345.83171881558985,134.44023024826015
346.60466918531444,130.03406576948453
347.377619555039,129.81162816394246
348.15056992476354,132.8757606149324
348.9235202944881,134.9053025231156
349.6964706642127,130.5406648040291
350.46942103393724,126.2201802788491
351.2423714036618,131.8577926087755
352.0153217733864,123.6627841477389
352.78827214311093,124.34583113018778
353.5612225128355,130.68088582302855
354.3341728825601,125.9100219475233
355.1071232522846,124.28763790607803
355.8800736220092,126.62442263990899
356.6530239917338,124.25373171082478
357.4259743614583,127.68150169328528
358.1989247311829,124.93815609923574
358.9718751009075,123.02231237542598
359.744825470632,120.74288063130498
360.5177758403566,122.11050532975034
361.2907262100811,120.20229706158138
362.0636765798057,117.55438052032383
362.8366269495303,122.12070405683572
363.6095773192548,118.50920005067289
364.3825276889794,112.9454508015461
365.155478058704,120.66909710732494
365.9284284284285,117.6354413805418
366.7013787981531,120.50722754704275
367.47432916787767,118.04738533324317
368.2472795376022,116.28310173811136
369.0202299073268,112.95220737212053
369.79318027705136,120.31301853867299
370.5661306467759,119.64790899160053
371.3390810165005,116.62244952973975
372.11203138622506,115.87142214679382
372.8849817559496,113.62030280601822
373.65793212567417,122.21352228454572
374.43088249539875,120.28918369833109
375.2038328651233,121.8920439045927
375.97678323484786,120.94001440929674
376.74973360457244,120.27221452773811
377.52268397429697,115.03671556881125
378.29563434402155,114.74758851989014
379.06858471374613,114.041660441151
379.84153508347066,116.03023500817754
380.61448545319524,112.13713222138496
381.3874358229198,114.66606281706932
382.16038619264435,115.11461851457102
382.93333656236894,112.3003145258802
383.70628693209346,119.33993955948746
384.47923730181805,119.11844681106086
385.25218767154263,117.28719228935256
386.02513804126716,111.77563706337936
386.79808841099174,114.84484739773812
387.5710387807163,109.34165362288982
388.34398915044085,114.76062446070286
389.11693952016543,115.90867630728081
389.88988988989,111.05456166266964
390.66284025961454,110.67944389704147
391.4357906293391,110.94074149131686
392.2087409990637,110.65701267730776
392.98169136878823,109.00926740374051
393.7546417385128,109.15116069816648
394.5275921082374,118.86891344818785
395.3005424779619,110.15818065551944
396.0734928476865,111.69555411608779
396.8464432174111,113.85233808817226
397.6193935871356,110.7266290195004
398.3923439568602,105.95429526018485
399.1652943265848,105.78908756644269
399.9382446963093,107.64226357836847
400.7111950660339,117.70380528184099
401.4841454357585,109.90707889107328
402.257095805483,105.00703355612478
403.0300461752076,104.80962006666574
403.8029965449321,110.04076897583343
404.5759469146567,104.68475453330943
405.3488972843813,109.19748909554389
406.1218476541058,113.30965856688121
406.8947980238304,106.36553200364521
407.667748393555,113.02504933476038
408.4406987632795,109.29254845210343
409.2136491330041,105.81013534838446
409.98659950272867,104.58610089982821
410.7595498724532,106.6732172901322
411.5325002421778,105.82136029678995
412.30545061190236,106.8291420306627
413.0784009816269,115.8699037162837
413.85135135135147,110.53439241990628
414.62430172107605,101.56939949823767
415.3972520908006,105.90810666744002
416.17020246052516,110.53484016556969
416.94315283024974,111.85056233563363
417.71610319997427,114.68164045475258
418.48905356969885,112.55721472820198
419.26200393942344,104.21109382353299
420.03495430914796,109.12839461570132
420.80790467887255,111.8424716713085
421.58085504859713,104.21409633943719
422.35380541832166,113.64193717149286
423.12675578804624,112.85388026471901
423.89970615777077,109.94807789530546
424.67265652749535,108.52517898453534
425.44560689721993,107.72050771839048
426.21855726694446,106.24349600676722
426.99150763666904,108.94605208357157
427.7644580063936,110.48902698948122
428.53740837611815,109.8538042152536
429.31035874584273,106.86943096707428
430.0833091155673,105.08048562093177
430.85625948529184,105.8489067580066
431.6292098550164,110.98411983046097
432.402160224741,110.74183754980092
433.17511059446554,111.49815281825815
433.9480609641901,116.88598932496181
434.7210113339147,105.77104170888316
435.49396170363923,111.69203466884512
436.2669120733638,110.85978205075115
437.0398624430884,114.21070285610124
437.8128128128129,110.23108945527856
438.5857631825375,110.6231471381414
439.3587135522621,111.38474946028443
440.1316639219866,110.84005772569088
440.9046142917112,108.73522790150373
441.6775646614358,116.60177805852764
442.4505150311603,111.13960900482213
443.2234654008849,109.22983419458552
443.9964157706095,114.71394638559015
444.769366140334,118.92044537286915
445.5423165100586,115.01791552516877
446.3152668797831,110.3205564441881
447.0882172495077,112.60175638828647
447.8611676192323,113.53686983384462
448.6341179889568,108.93158602025407
449.4070683586814,114.19404649831615
450.18001872840597,116.47745849973666
450.9529690981305,113.93734220348252
451.7259194678551,112.91745894090994
452.49886983757966,105.90496053038247
453.2718202073042,109.19678108990837
454.04477057702877,118.77545986671726
454.81772094675335,113.36423028322956
455.5906713164779,117.11155104266926
456.36362168620246,108.01728312496226
457.13657205592705,112.24318554712727
457.9095224256516,114.08254235570442
458.68247279537616,108.02255924168587
459.45542316510074,114.41917859177367
460.22837353482527,114.01356627994015
461.00132390454985,116.49729048600729
461.77427427427443,115.90481165637675
462.54722464399896,111.15327669892129
463.32017501372354,117.83406150641994
464.0931253834481,117.45195936623222
464.86607575317265,113.91796459862717
465.63902612289723,116.82268175697955
466.41197649262176,116.9915960090553
467.18492686234634,115.30826495635127
467.9578772320709,116.6246621919675
468.73082760179545,116.27649366047712
469.50377797152004,124.14780478539727
470.2767283412446,115.17375254309015
471.04967871096915,113.18082282726265
471.82262908069373,118.32179309613618
472.5955794504183,113.68292998091964
473.36852982014284,117.543693352464
474.1414801898674,121.72234736501741
474.914430559592,111.70845664601089
475.68738092931653,117.60903782798022
476.4603312990411,121.70691871342456
477.2332816687657,120.57725367509529
478.0062320384902,123.59105992026655
478.7791824082148,115.89705177680027
479.5521327779394,116.84362677678047
480.3250831476639,124.58667311285419
481.0980335173885,121.1868345025929
481.8709838871131,121.46165088550242
482.6439342568376,123.84518369135627
483.4168846265622,119.36174738423865
484.1898349962868,119.55160070926938
484.9627853660113,120.99310627747344
485.7357357357359,122.6003209270258
486.5086861054604,119.21502664813553
487.281636475185,115.66709325263531
488.0545868449096,116.7855640087506
488.8275372146341,118.5334713500931
489.6004875843587,128.5817810733181
490.3734379540833,118.44546469106896
491.1463883238078,126.0997900065282
491.9193386935324,119.52880590311196
492.69228906325696,123.70624113839519
493.4652394329815,126.80879012216309
494.2381898027061,121.63822067297652
495.01114017243066,123.99490859081041
495.7840905421552,123.69657836462765
496.55704091187977,127.73180434947997
497.32999128160435,125.12297200843517
498.1029416513289,124.86866506427171
498.87589202105346,129.21857626549766
499.64884239077804,124.2872366654913
500.42179276050257,124.34435278445656
501.19474313022715,127.33964828304164
501.96769349995174,124.89514870505923
502.74064386967626,119.3352840762998
503.51359423940085,127.52087996484069
504.28654460912543,128.9726267822795
505.05949497884995,120.81188676546873
505.83244534857454,124.2031075691956
506.6053957182991,130.6429798461749
507.37834608802365,122.81340958599979
508.15129645774823,127.19570832881745
508.92424682747276,123.34004082619262
509.69719719719734,125.99953138199112
510.4701475669219,125.04896086351678
511.24309793664645,126.20056754127117
512.016048306371,127.55580895677379
512.7889986760956,123.65948786870108
513.5619490458201,131.23733764310103
514.3348994155447,126.6980613203639
515.1078497852693,130.76705777580744
515.8808001549938,131.16672844315266
516.6537505247184,127.86389120881158
517.426700894443,130.68789621274433
518.1996512641675,122.44980006951545
518.972601633892,127.17831995365235
519.7455520036167,131.8424647010458
520.5185023733412,126.93440884485514
521.2914527430657,133.4212949567726
522.0644031127904,132.9564195461456
522.8373534825149,134.30697154591726
523.6103038522394,129.77182475322007
524.3832542219641,137.58930913954939
525.1562045916886,134.08975332538984
525.9291549614131,133.56070611681176
526.7021053311378,132.5548292975956
527.4750557008623,128.6056069175607
528.2480060705868,131.5411705267979
529.0209564403115,134.95975983500168
529.793906810036,133.6650991816637
530.5668571797605,130.8078562020535
531.3398075494852,137.10701870093322
532.1127579192097,138.52385244198976
532.8857082889342,137.64769180356512
533.6586586586589,133.10542865125754
534.4316090283834,131.71326994859908
535.2045593981079,136.69045248821763
535.9775097678325,133.39304288617166
536.7504601375571,139.26917017670115
537.5234105072816,132.46573450645195
538.2963608770062,140.20818426815464
539.0693112467308,136.21393259976173
539.8422616164553,134.9164413488422
540.6152119861799,142.3843343002424
541.3881623559045,137.22613470811268
542.161112725629,137.42644168236788
542.9340630953536,133.6813202426106
543.7070134650781,134.2495692426457
544.4799638348027,138.58218617516394
545.2529142045273,138.9835590359933
546.0258645742518,131.85018796232714
546.7988149439764,136.0668296643025
547.571765313701,136.91037229493375
548.3447156834255,141.7146310807038
549.1176660531501,135.1864050079841
549.8906164228747,139.1673647483701
550.6635667925992,140.08628613784558
551.4365171623238,137.6063871466018
552.2094675320484,140.60418002440318
552.9824179017729,138.06348787245275
553.7553682714974,135.34112944164852
554.5283186412221,135.82105297312637
555.3012690109466,143.71557749878872
556.0742193806711,138.55382151140344
556.8471697503958,140.26580968820065
557.6201201201203,136.56296351227365
558.3930704898448,141.19259464838763
559.1660208595695,144.38680707858524
559.938971229294,144.76920073483723
560.7119215990185,136.02249120020056
561.4848719687432,142.11135039475812
562.2578223384677,142.3445377715379
563.0307727081922,148.0767662504949
563.8037230779169,143.26986847545552
564.5766734476414,140.40175590212849
565.3496238173659,142.66969675589215
566.1225741870905,143.07975699850314
566.8955245568151,143.90064611722426
567.6684749265396,141.14666305889486
568.4414252962642,141.06115507456738
569.2143756659888,137.8774542912779
569.9873260357133,144.16952087018115
570.7602764054379,142.0553410691435
571.5332267751623,141.07723009042138
572.306177144887,143.73067105833204
573.0791275146116,147.55799881908962
573.852077884336,145.80997458086654
574.6250282540607,144.46591370193912
575.3979786237853,141.4521479694455
576.1709289935097,148.5249723491172
576.9438793632344,143.9293093040133
577.716829732959,140.35760450949107
578.4897801026834,151.11147656988496
579.2627304724081,144.88095549221902
580.0356808421327,148.73037721646958
580.8086312118571,145.92565135803213
581.5815815815818,148.25635447521506
582.3545319513064,150.1679273437252
583.1274823210308,149.91029287045848
583.9004326907555,149.99669938273288
584.6733830604801,148.33863523247916
585.4463334302045,150.02824002478582
586.2192837999291,148.55334171556748
586.9922341696538,149.508622891692
587.7651845393782,147.3376922544193
588.5381349091028,152.07530408024522
589.3110852788275,147.70338166537036
590.0840356485519,147.97269539292833
590.8569860182765,151.52176008675198
591.629936388001,142.40778367805277
592.4028867577256,151.64034097151836
593.1758371274502,149.9151337936686
593.9487874971747,150.29669544155877
594.7217378668993,156.28461329204498
595.4946882366239,152.78108645947336
596.2676386063484,152.27128549854413
597.040588976073,153.39001867833977
597.8135393457976,152.27753441043936
598.5864897155221,151.38489832071693
599.3594400852467,146.5378829658499
600.1323904549713,154.88202866023238
600.9053408246958,151.34208093181698
601.6782911944204,149.04568059166726
602.451241564145,156.58071858867277
603.2241919338695,158.87507267520613
603.997142303594,152.65283435289783
604.7700926733187,152.53965435295444
605.5430430430432,148.2437108144614
606.3159934127677,152.2846592884883
607.0889437824924,158.21477134405802
607.8618941522169,158.60715782398483
608.6348445219414,153.17785967779085
609.4077948916661,146.6699382781886
610.1807452613906,154.1769368364899
610.9536956311151,150.70364020454483
611.7266460008398,148.21351107181735
612.4995963705643,148.48184010439573
613.2725467402888,154.52923943609338
614.0454971100135,153.34634746655138
614.8184474797381,154.3895936150966
615.5913978494625,161.60029770337908
616.3643482191871,153.400256383846
617.1372985889118,149.15940370788644
617.9102489586362,156.20085279793125
618.6831993283608,152.1258711131387
619.4561496980855,154.83873527994496
620.2291000678099,155.6055556446409
621.0020504375345,155.75727892140313
621.775000807259,155.15462682089964
622.5479511769836,152.08611404312737
623.3209015467082,154.37775289480257
624.0938519164326,156.22264618901977
624.8668022861573,150.10452261556918
625.6397526558819,156.11815735948684
626.4127030256063,154.89861284955728
627.185653395331,156.7220699704128
627.9586037650556,156.6604401611422
628.73155413478,155.2263990572887
629.5045045045047,156.82500847080667
630.2774548742293,155.70138056390226
631.0504052439537,155.69378318590603
631.8233556136784,158.12539036696725
632.596305983403,151.81539252182012
633.3692563531274,158.31308070117666
634.142206722852,157.38602100569588
634.9151570925767,157.23614582543547
635.6881074623011,155.4662133426756
636.4610578320257,157.5053956296785
637.2340082017504,153.2864384967599
638.0069585714748,159.0061195634074
638.7799089411994,157.76917534521016
639.5528593109241,158.5527810892862
640.3258096806485,158.50612240931406
641.0987600503731,156.9447738414012
641.8717104200978,157.02195633255576
642.6446607898222,155.20039720573996
643.4176111595468,157.49063825714504
644.1905615292715,157.85128215146122
644.9635118989959,153.81965824987992
645.7364622687205,154.96476232737754
646.5094126384452,156.80748758971112
647.2823630081696,163.02653776053842
648.0553133778942,157.38170951588447
648.8282637476188,155.98019594722575
649.6012141173433,158.83909207270182
650.3741644870679,152.34221011570963
651.1471148567925,157.45989767836997
651.920065226517,154.3909567142883
652.6930155962416,164.32384733733002
653.4659659659662,160.74121191434585
654.2389163356906,160.83805887952178
655.0118667054153,161.14804281336677
655.7848170751399,161.31480101221894
656.5577674448643,159.5475071020594
657.330717814589,157.89570938812915
658.1036681843136,163.7187871136606
658.876618554038,164.97435077374277
659.6495689237627,161.5902853008208
660.4225192934873,158.71105101751112
661.1954696632117,160.18555234178748
661.9684200329364,161.91926873786716
662.741370402661,153.13359897133844
663.5143207723854,162.4388094325092
664.2872711421101,161.1927967666947
665.0602215118347,159.95312382114815
665.8331718815591,163.72773434046735
666.6061222512838,158.74541390704815
667.3790726210084,161.03794489339265
668.1520229907328,164.13495756799276
668.9249733604574,160.16431351953858
669.6979237301821,164.55726291770762
670.4708740999065,156.44934884473923
671.2438244696311,160.27932383494766
672.0167748393558,159.54870762710044
672.7897252090802,163.9921233730496
673.5626755788048,159.74519707985672
674.3356259485295,161.26006147707338
675.1085763182539,159.0373193684664
675.8815266879785,163.0094717931913
676.6544770577032,165.45906399393817
677.4274274274276,164.5851981704216
678.2003777971522,160.49714984069647
678.9733281668769,163.40235102356232
679.7462785366013,160.28659655870152
680.5192289063259,163.82191486736752
681.2921792760505,155.86569472586834
682.065129645775,163.0931751347404
682.8380800154996,163.45211376641942
683.6110303852242,159.3226814682811
684.3839807549487,160.78410870517357
685.1569311246733,160.79668521641233
685.9298814943979,166.4971243168813
686.7028318641223,161.5919561547417
687.475782233847,163.0715735110766
688.2487326035716,168.1995668178309
689.021682973296,158.94038815986318
689.7946333430207,157.75494877228564
690.5675837127453,166.26242066751155
691.3405340824697,162.74533675346456
692.1134844521944,160.0115442289266
692.886434821919,165.72585050405561
693.6593851916434,164.88988659259496
694.4323355613681,161.0150451499577
695.2052859310927,161.45220379541598
695.9782363008171,160.20096074342652
696.7511866705418,165.22599680379503
697.5241370402664,164.62884339689913
698.2970874099908,159.99203490404696
699.0700377797154,156.20526874666223
699.8429881494401,161.09713744300169
700.6159385191645,165.88228186519046
701.3888888888891,159.25561168101407
702.1618392586138,160.59265003738642
702.9347896283382,160.47492784936352
703.7077399980628,161.58635936749457
704.4806903677875,159.98941424863273
705.2536407375119,160.53837775623194
706.0265911072365,160.95795409343842
706.7995414769609,161.00704982239338
707.5724918466856,161.38149033970782
708.3454422164102,160.03596008605433
709.1183925861346,161.46342083760095
709.8913429558593,157.60795243850419
710.6642933255839,163.88204069397455
711.4372436953083,162.62838585472366
712.210194065033,162.15414460260038
712.9831444347576,165.10278371760018
713.756094804482,165.34513505279224
714.5290451742067,158.8737887922651
715.3019955439313,154.73836842059148
716.0749459136557,163.93195704577658
716.8478962833804,160.46534913843414
717.620846653105,162.11537974867096
718.3937970228294,160.00148531756474
719.166747392554,160.67078347245763
719.9396977622787,161.5017565789316
720.7126481320031,164.12386939586537
721.4855985017277,160.9883678195584
722.2585488714524,166.7387422377174
723.0314992411768,161.76765955749258
723.8044496109014,161.5482964263599
724.5773999806261,160.19619540113825
725.3503503503505,159.50162136449555
726.1233007200751,161.1936722177566
726.8962510897998,157.7867797596298
727.6692014595242,159.12792684243487
728.4421518292488,159.5652686959222
729.2151021989735,156.17088036732162
729.9880525686979,160.07828560252594
730.7610029384225,158.1593182723977
731.5339533081471,168.72836858964
732.3069036778716,167.836933793857
733.0798540475962,160.27380786280787
733.8528044173208,166.03633911148708
734.6257547870453,160.0033587708714
735.3987051567699,163.2993433720683
736.1716555264945,161.5922042585266
736.944605896219,162.1251633149474
737.7175562659436,160.22129514791888
738.4905066356682,161.14856597751563
739.2634570053926,162.52667710481475
740.0364073751173,162.36636550072907
740.8093577448419,162.28563941343853
741.5823081145663,159.08451656082818
742.355258484291,159.4356028148822
743.1282088540156,157.06474600938728
743.90115922374,157.1676365461674
744.6741095934647,157.75702260976027
745.4470599631893,162.47300218804824
746.2200103329137,160.2094358118913
746.9929607026384,159.1060412453937
747.765911072363,155.60863728253105
748.5388614420874,159.6625821713528
749.311811811812,161.45523362338946
750.0847621815367,164.59276236266263
750.8577125512611,154.95893813456038
751.6306629209857,159.14538652959078
752.4036132907104,166.12782791043026
753.1765636604348,159.8626717066923
753.9495140301594,165.07273662393473
754.7224643998841,162.62087240959121
755.4954147696085,162.5568772119632
756.2683651393331,160.5791454343998
757.0413155090578,159.49451529023145
757.8142658787822,159.80166571566676
758.5872162485068,160.54824725544603
759.3601666182315,160.70786522595606
760.1331169879559,159.8295200449084
760.9060673576805,155.06336100424426
761.6790177274052,161.09098836995724
762.4519680971296,159.39143861913055
763.2249184668542,159.63684741837
763.9978688365788,160.6641106458771
764.7708192063033,157.94144377933299
765.5437695760279,161.855362656258
766.3167199457525,164.44862265441245
767.089670315477,161.85461088790214
767.8626206852016,163.28704046361287
768.6355710549262,161.05632111176982
769.4085214246506,161.09058880814501
770.1814717943753,159.02776770547916
770.9544221640999,160.29438408989512
771.7273725338243,159.6330977294278
772.500322903549,161.77825597219103
773.2732732732736,159.01044934048815
774.046223642998,160.9991091865923
774.8191740127227,160.4185432176371
775.5921243824473,163.17254737890534
776.3650747521717,163.6237416727882
777.1380251218964,166.33922552007246
777.910975491621,161.17747464931224
778.6839258613454,165.38016273744103
779.45687623107,153.86302247140023
780.2298266007947,161.99628457462464
781.0027769705191,164.56236453815742
781.7757273402437,167.22066523839578
782.5486777099684,156.47354545688265
783.3216280796928,163.43423171032268
784.0945784494174,165.08690979700683
784.8675288191421,159.60655781869508
785.6404791888665,160.38683974156294
786.4134295585911,166.12718428233336
787.1863799283158,161.7236358516492
787.9593302980402,166.74347817511517
788.7322806677648,162.5711767120149
789.5052310374892,154.5853981256184
790.2781814072139,160.48373718179946
791.0511317769385,158.5583160610046
791.8240821466629,163.6834505300866
792.5970325163876,160.64066744244954
793.3699828861122,163.17791104375604
794.1429332558366,165.999978278167
794.9158836255613,167.9649498772075
795.6888339952859,163.7844309126873
796.4617843650103,159.67670690067874
797.234734734735,161.13574653364938
798.0076851044596,155.52461937619933
798.780635474184,160.41552255388294
799.5535858439086,166.41719751041498
800.3265362136333,157.48538617214692
801.0994865833577,160.20282766003754
801.8724369530823,162.01707066791627
802.645387322807,160.52371071908198
803.4183376925314,160.8642745301718
804.191288062256,161.04280239043692
804.9642384319807,155.3051773831617
805.7371888017051,160.98588077862618
806.5101391714297,160.52821038597165
807.2830895411544,159.698919637992
808.0560399108788,161.1617203015292
808.8289902806034,165.80778100486398
809.6019406503281,159.59795407224883
810.3748910200525,163.87210545258853
811.1478413897771,157.24399198768458
811.9207917595018,156.23714171865896
812.6937421292262,158.4134397325343
813.4666924989508,166.4043165605656
814.2396428686754,154.75226926892677
815.0125932383999,160.03556859709903
815.7855436081245,165.7121536289208
816.5584939778491,159.7595605612082
817.3314443475736,161.1825359792134
818.1043947172982,158.9740246872771
818.8773450870228,166.19699814884632
819.6502954567472,158.21705876547924
820.4232458264719,158.93179247220021
821.1961961961965,157.6044221584196
821.9691465659209,157.4631540823776
822.7420969356456,161.46571468726327
823.5150473053702,164.08078068512899
824.2879976750946,165.3465852842269
825.0609480448193,163.12465614134163
825.8338984145439,161.90529424061953
826.6068487842683,163.50730592188353
827.379799153993,164.0740721528626
828.1527495237176,160.9548814465021
828.925699893442,163.90525059744766
829.6986502631667,156.9142350059576
830.4716006328913,159.66677560357792
831.2445510026157,158.0772271337576
832.0175013723403,161.56565409725093
832.790451742065,166.23647498835945
833.5634021117894,161.2069974304959
834.336352481514,159.7232652272864
835.1093028512387,160.63935657489458
835.8822532209631,159.88213702616147
836.6552035906877,160.84214128068882
837.4281539604124,159.31649563592552
838.2011043301368,162.95643988530867
838.9740546998614,159.37038913858558
839.7470050695861,160.1098503193613
840.5199554393105,167.93374652061013
841.2929058090351,165.48099000359645
842.0658561787598,163.33870502089252
842.8388065484842,164.21759213862242
843.6117569182088,160.48985524318937
844.3847072879335,153.8060344697271
845.1576576576579,166.4482312661272
845.9306080273825,161.15551645624217
846.7035583971071,154.50079856478786
847.4765087668316,160.4957452792505
848.2494591365562,161.24316804321322
849.0224095062808,155.39259002582918
849.7953598760053,158.92989453309332
850.5683102457299,156.27104181924543
851.3412606154545,163.96108065351618
852.1142109851789,163.2314572065751
852.8871613549036,158.4703795802583
853.6601117246282,162.61579697438506
854.4330620943526,157.16552901285576
855.2060124640773,163.50454841559136
855.9789628338019,164.84384405286355
856.7519132035263,161.42631151257757
857.524863573251,161.90692459527182
858.2978139429756,164.10202794700118
859.0707643127,162.3628995156848
859.8437146824247,158.84206933538556
860.6166650521493,165.69342167163404
861.3896154218737,160.45613032164323
862.1625657915984,165.83961773506772
862.935516161323,161.71544167175182
863.7084665310474,160.06253452882237
864.481416900772,159.07288514209023
865.2543672704967,160.86282490451325
866.0273176402211,162.31602978807302
866.8002680099457,161.47353250069918
867.5732183796704,155.3479485063609
868.3461687493948,160.50822498443702
869.1191191191194,159.05259781181744
869.8920694888441,162.7172891884743
870.6650198585685,164.85672020062734
871.4379702282931,156.62904654683885
872.2109205980175,163.43691127131893
872.9838709677422,161.2353957019526
