100.80645161290323,153.46716168310735
101.5794019826278,151.29508980585675
102.35235235235236,150.88747765044658
103.12530272207692,151.17935194000574
103.89825309180148,151.4691887767276
104.67120346152605,151.7569875769115
105.44415383125062,152.04274775685664
106.21710420097517,148.34790654108843
106.99005457069974,152.6081499212281
107.76300494042431,153.3188906886611
108.53595531014886,153.16539060023624
109.30890567987343,153.44094892347735
110.08185604959799,152.3419028125878
110.85480641932256,155.438458422289
111.62775678904713,154.2553688237405
112.40070715877168,154.5227551550058
113.17365752849625,153.30770137028088
113.9466078982208,149.53106773633124
114.71955826794537,156.54176400550475
115.49250863766994,150.95656294797823
116.2654590073945,156.21698484735563
117.03840937711907,154.83037147765643
117.81135974684364,156.33718198374416
118.58431011656819,156.14576859321218
119.35726048629276,156.83716151625305
120.13021085601733,157.08407700852987
120.90316122574188,157.328942206554
121.67611159546645,157.5717565266247
122.449061965191,157.8125193850413
123.22201233491558,153.08644475625712
123.99496270464013,158.28788838210943
124.7679130743647,158.5224933533596
125.54086344408927,158.7550445281528
126.31381381381382,159.23036710981754
127.08676418353839,159.93063020300212
127.85971455326296,162.34066331922213
128.63266492298752,159.6646995887428
129.40561529271207,156.34684507732533
130.17856566243665,160.10718916407822
130.9515160321612,160.32534742005353
131.72446640188576,160.54144720996646
132.49741677161035,156.52058519703996
133.2703671413349,160.96746905680192
134.04331751105946,161.1773899463232
134.81626788078404,163.57261393508355
135.5892182505086,161.591048739069
136.36216862023315,161.79478547489228
137.13511898995773,158.04116188640054
137.9080693596823,162.19607070693587
138.68101972940684,162.39361803575488
139.45397009913142,162.58910106150438
140.22692046885598,162.7825192004837
140.99987083858053,165.83406831320104
141.7728212083051,163.16315848332897
142.54577157802967,163.35037845979346
143.31872194775423,163.53553121468508
144.09167231747878,163.71861616430294
144.86462268720334,162.8736158669298
145.63757305692792,164.07858031291488
146.41052342665247,164.2554583445075
147.18347379637703,159.4396828462289
147.9564241661016,164.34249189213713
148.72937453582617,165.72037376138582
149.50232490555072,171.01799622281328
150.2752752752753,165.10878472730948
151.04822564499986,162.21951141579893
151.82117601472441,165.43560795627528
152.594126384449,165.59590852363652
153.36707675417355,165.75413428131563
154.1400271238981,165.91028464561197
154.9129774936227,166.06435903282483
155.68592786334725,166.2163568592535
156.4588782330718,166.36627754119732
157.23182860279638,159.6345346002978
158.00477897252094,166.5125273283146
158.7777293422455,169.63364171286653
159.55067971197008,163.2560883654206
160.32363008169463,165.20622933737957
161.0965804514192,167.22214891143855
161.86953082114377,166.44205472946436
162.64248119086832,167.49079575120828
163.41543156059288,164.82978597484126
164.18838193031743,167.75111299981327
164.961332300042,167.8781465681773
165.73428266976657,169.40742690895758
166.50723303949113,165.23045412999056
167.28018340921568,167.1281367369258
168.05313377894026,168.474011406642
168.82608414866482,168.48204050258425
169.59903451838937,168.59656042207814
170.37198488811396,168.70899269047453
171.1449352578385,176.1022231625131
171.91788562756307,169.14602917933854
172.69083599728765,169.033757752072
173.4637863670122,169.13783357907153
174.23673673673676,173.49998640293518
175.00968710646134,167.79554740766287
175.7826374761859,169.4375153076616
176.55558784591045,168.92474977513297
177.32853821563504,167.8409057653109
178.1014885853596,169.7183661499241
178.87443895508414,167.38067615700146
179.64738932480873,169.89513065857446
180.42033969453328,169.98037034594012
181.19329006425784,170.06351421039852
181.96624043398242,170.144561668249
182.73919080370695,172.4489968635523
183.51214117343153,170.30036502932327
184.2850915431561,165.722604088556
185.05804191288064,170.44777575955723
185.83099228260522,171.04577914283703
186.6039426523298,172.69764226290906
187.37689302205433,174.31601201022968
188.14984339177892,171.81214516493043
188.92279376150347,170.7795541809295
189.69574413122803,171.27267444445863
190.4686945009526,171.1852475008143
191.24164487067716,170.9533989799789
192.01459524040172,170.7079959975321
192.7875456101263,171.05877651192782
193.56049597985086,169.6009008551357
194.3334463495754,173.9849069290465
195.1063967193,168.88364133530536
195.87934708902455,174.33888238068653
196.6522974587491,165.59893251797217
197.4252478284737,171.3243665385092
198.19819819819824,170.44733589172318
198.9711485679228,171.39603345892925
199.74409893764738,172.88099125222914
200.51704930737193,175.38320387310694
201.2899996770965,173.57028915396327
202.06295004682107,171.51404464947512
202.8359004165456,171.53826849004622
203.60885078627018,171.7894036181814
204.38180115599476,167.4121986976377
205.1547515257193,171.59826117559146
205.92770189544387,171.61403051304814
206.70065226516846,172.77538134581448
207.47360263489298,171.63922334916987
208.24655300461757,171.64864568043342
209.01950337434212,171.6559511755646
209.79245374406668,168.44472446612914
210.56540411379126,171.66420932262676
211.33835448351581,172.2836060089502
212.11130485324037,171.66399312075072
212.88425522296495,169.04566984382782
213.6572055926895,171.65529790033094
214.43015596241406,170.08325447575893
215.20310633213865,173.53116769265023
215.9760567018632,171.62634669516945
216.74900707158776,171.61245172543772
217.52195744131234,171.5964334988658
218.2949078110369,171.57829143175303
219.06785818076145,171.5580249403987
219.84080855048603,169.58638341296486
220.61375892021059,171.51111635016275
221.38670928993514,171.48447308387966
222.15965965965972,171.4557030585522
222.93261002938428,172.8825564732676
223.70556039910883,171.39178039596155
224.47851076883342,173.2736692664729
225.25146113855794,171.31934369278514
226.02441150828253,171.63904940276925
226.7973618780071,173.01400251088657
227.57031224773164,171.19471459716002
228.34326261745622,171.1489094862527
229.11621298718077,171.10097236299475
229.88916335690536,177.3350788171304
230.6621137266299,170.9986997446242
231.43506409635447,166.05352383070453
232.20801446607902,171.05234184537377
232.9809648358036,169.88809227356506
233.75391520552816,171.4502087413554
234.5268655752527,170.7056671235128
235.2998159449773,166.26090014161403
236.07276631470185,168.10242968879848
236.8457166844264,170.5042014221653
237.618667054151,170.43272169410832
238.39161742387554,170.3590281551576
239.1645677936001,170.28308683448677
239.93751816332468,172.0888403881884
240.71046853304924,170.12432496468065
241.4834189027738,170.04143647389296
242.25636927249835,169.95616431808068
243.02931964222293,174.9721366521735
243.80227001194748,169.77833312807778
244.57522038167204,168.17812725561595
245.34817075139662,169.59055962806272
246.12112112112118,169.49285958473527
246.89407149084573,169.39257205142633
247.66702186057032,169.28966305730972
248.43997223029487,169.18409863155932
249.21292260001943,164.7999919370982
249.985872969744,168.9648676018526
250.75882333946856,168.851133056244
251.53177370919312,164.64031689320794
252.30472407891767,168.61525604938544
253.07767444864226,168.49304564648318
253.8506248183668,176.18622444892307
254.62357518809137,172.07785397955905
255.39652555781595,168.1089191899708
256.1694759275405,167.9749320524444
256.94242629726506,167.83791580419646
257.71537666698964,167.69783647440096
258.48832703671417,167.55466009223176
259.26127740643875,170.05580379267758
260.03422777616333,167.25888028746755
260.80717814588786,161.54783302198203
261.58012851561244,166.95030462329458
262.353078885337,166.79113341686445
263.12602925506155,166.62866133310376
263.89897962478614,165.75080543719932
264.6719299945107,166.29367865028578
265.44488036423525,166.49619640897453
266.21783073395983,165.94508480823154
266.9907811036844,168.2509078258039
267.76373147340894,165.02154094751427
268.5366818431335,167.58231910117274
269.3096322128581,165.20597657997735
270.08258258258263,165.01226791306425
270.8555329523072,164.81491866055902
271.6284833220318,164.61389485163554
272.4014336917563,163.51929017544518
273.1743840614809,164.92617810720665
273.9473344312055,169.47776113013063
274.72028480093,157.35418168118338
275.4932351706546,163.55246848182878
276.2661855403792,165.11473464105984
277.0391359101037,163.10098706006298
277.8120862798283,162.869343850052
278.5850366495529,158.38787770512064
279.3579870192774,162.3940825776429
280.130937389002,162.15039657359256
280.90388775872657,161.9026283632102
281.6768381284511,161.65074397566963
282.4497884981757,161.39470944014465
283.22273886790026,160.28685308926126
283.9956892376248,160.870054041837
284.7686396073493,160.60136523740206
285.54158997707395,155.17834389425113
286.3145403467985,160.05109556383917
287.087490716523,159.76944675305896
287.86044108624765,161.0995361761759
288.6333914559722,159.19295132937
289.4063418256967,158.89803677480907
290.17929219542134,158.59863236400224
290.95224256514587,158.29470412612346
291.7251929348704,158.50002058157534
292.49814330459503,157.67314047038272
293.27109367431956,159.24965246257403
294.0440440440441,157.0332993131072
294.81699441376867,152.30818163469192
295.58994478349325,155.63002536643245
296.3628951532178,154.94006997718893
297.13584552294236,155.70137074077113
297.90879589266694,154.45359335051435
298.68174626239147,155.01075848826625
299.45469663211605,154.65961306223866
300.22764700184064,154.3046976999073
301.00059737156516,153.94610459893192
301.77354774128975,153.58392595697217
302.54649811101433,153.21825397168774
303.31944848073886,152.84918084073857
304.09239885046344,152.47679876178412
304.865349220188,153.80470542201633
305.63829958991255,151.72247655049884
306.41124995963713,151.3407208134874
307.1842003293617,150.95602491910967
307.95715069908624,150.5684810650255
308.7301010688108,150.17818144889452
309.5030514385354,149.78521826837652
310.27600180825993,149.3896837211312
311.0489521779845,145.34850923471498
311.8219025477091,148.59126931709747
312.5948529174336,144.14144932642128
313.3678032871582,145.3881122600546
314.1407536568828,147.89635681088063
314.9137040266073,146.99137996920047
315.6866543963319,142.61048882280625
316.4596047660565,146.14390186015265
317.232555135781,145.7293739070494
318.0055055055056,145.31319656381598
318.7784558752302,144.8954620281123
319.5514062449547,144.4762624975981
320.3243566146793,146.4030289399968
321.0973069844039,143.63383724277682
321.8702573541284,136.04253771571751
322.643207723853,142.78665838063006
323.41615809357756,144.45899560044512
324.1891084633021,141.93546349243564
324.9620588330266,141.5085905327199
325.73500920275126,141.08099015947138
326.5079595724758,140.65275457034988
327.2809099422003,139.38262835487612
328.05386031192495,139.79474653512676
328.8268106816495,134.53427842984308
329.599761051374,138.55224650914
330.37271142109864,138.50526904759818
331.14566179082317,135.09254371343317
331.9186121605477,137.64502199114395
332.69156253027234,137.21498667060337
333.46451289999686,136.78512872505448
334.2374632697214,136.3555370818977
335.010413639446,135.9263006685335
335.78336400917055,135.7304303272001
336.5563143788951,135.06924924078461
337.32926474861966,134.64161208120083
338.10221511834425,134.2146858610115
338.8751654880688,135.3117791000028
339.64811585779336,133.59631230303816
340.42106622751794,132.9390621108143
341.19401659724247,128.91857389302336
341.96696696696705,132.0938313099965
342.73991733669163,134.9523377549422
343.51286770641616,131.25357852436716
344.28581807614074,130.8355412057493
345.0587684458653,130.41901517312994
345.83171881558985,130.00408935390956
346.60466918531444,133.94160749096872
347.377619555039,129.1793940652674
348.15056992476354,128.76980245064652
348.9235202944881,123.15992448749638
349.6964706642127,127.95657591780753
350.46942103393724,127.55311885439035
351.2423714036618,127.69219888391588
352.0153217733864,126.75296177056275
352.78827214311093,129.82205432448168
353.5612225128355,122.16886238122744
354.3341728825601,125.5709526633453
355.1071232522846,125.18216574214767
355.8800736220092,124.79613509055488
356.6530239917338,124.41294963596742
357.4259743614583,127.2277136610777
358.1989247311829,124.78764825867943
358.9718751009075,124.67266305622587
359.744825470632,119.36316683256638
360.5177758403566,123.96841069752057
361.2907262100811,122.17856597997965
362.0636765798057,121.81778687164211
362.8366269495303,116.47826795662107
363.6095773192548,120.1186950998392
364.3825276889794,120.75714495348498
365.155478058704,117.45376643759582
365.9284284284285,120.06901912109774
366.7013787981531,119.73091362102069
367.47432916787767,119.39689830155531
368.2472795376022,119.27781547622023
369.0202299073268,117.96377011472688
369.79318027705136,123.65099664969357
370.5661306467759,118.10351737781986
371.3390810165005,117.79128687241973
372.11203138622506,117.48368011203402
372.8849817559496,115.86339969928966
373.65793212567417,116.8826935359076
374.43088249539875,116.58949157496785
375.2038328651233,116.30126906864434
375.97678323484786,109.48434896971422
376.74973360457244,115.74011812944778
377.52268397429697,117.45861506707662
378.29563434402155,115.74295639933104
379.06858471374613,117.96839426615759
379.84153508347066,112.55466959217975
380.61448545319524,114.4306061552722
381.3874358229198,115.38202594945412
382.16038619264435,116.70399616460745
382.93333656236894,113.71247803740167
383.70628693209346,113.48489874028668
384.47923730181805,107.47601995788682
385.25218767154263,111.85456278433615
386.02513804126716,110.76718972362087
386.79808841099174,113.49066147008519
387.5710387807163,111.04220975129977
388.34398915044085,109.71277964134212
389.11693952016543,115.9358708210782
389.88988988989,109.24576381557102
390.66284025961454,109.43530368899907
391.4357906293391,111.5438364365049
392.2087409990637,108.3266871791812
392.98169136878823,111.22698459006851
393.7546417385128,111.0332076459506
394.5275921082374,115.85071538625489
395.3005424779619,112.70978796315573
396.0734928476865,106.972438088628
396.8464432174111,111.17905602157735
397.6193935871356,110.41256819745264
398.3923439568602,110.29620212539128
399.1652943265848,110.18524750992964
399.9382446963093,110.0796582908597
400.7111950660339,109.97938840797333
401.4841454357585,111.62814104658774
402.257095805483,115.76245098305387
403.0300461752076,109.71003417433502
403.8029965449321,109.63058103410225
404.5759469146567,110.49717649227529
405.3488972843813,109.48689579885813
406.1218476541058,109.42257158343067
406.8947980238304,108.63152686048082
407.667748393555,109.30872965592445
408.4406987632795,109.25911982342954
409.2136491330041,109.21432266482934
409.98659950272867,103.52330052244423
410.7595498724532,109.13898212848069
411.5325002421778,102.61565789249673
412.30545061190236,109.39711708623042
413.0784009816269,109.06091487296585
413.85135135135147,109.04402649336414
414.62430172107605,109.0316283662005
415.3972520908006,110.38138775049535
416.17020246052516,109.02011862835525
416.94315283024974,109.9259276601374
417.71610319997427,111.92065649327606
418.48905356969885,109.03537940967125
419.26200393942344,110.03601071195898
420.03495430914796,109.06669948684356
420.80790467887255,109.08856521169395
421.58085504859713,113.9621040669667
422.35380541832166,114.50374832973529
423.12675578804624,112.00870872559902
423.89970615777077,111.45188505091967
424.67265652749535,109.25810829026504
425.44560689721993,109.30373737538655
426.21855726694446,109.35316580982487
426.99150763666904,103.14233838386197
427.7644580063936,109.46323648581998
428.53740837611815,109.52378660696054
429.31035874584273,108.8093544383387
430.0833091155673,115.69030994100679
430.85625948529184,104.7703169941242
431.6292098550164,109.8016775742876
432.402160224741,111.75726558587448
433.17511059446554,111.63289114134261
433.9480609641901,110.04628112085967
434.7210113339147,110.13446242405045
435.49396170363923,115.35312775759546
436.2669120733638,110.3205188506837
437.0398624430884,110.41830185370996
437.8128128128129,108.53928483891346
438.5857631825375,110.6231471381414
439.3587135522621,110.73011729913044
440.1316639219866,109.9863868040698
440.9046142917112,110.36068665752637
441.6775646614358,111.06866513469367
442.4505150311603,105.6892626624962
443.2234654008849,111.3086008834852
443.9964157706095,111.43270173478152
444.769366140334,111.55949649040076
445.5423165100586,111.68893909013482
446.3152668797831,113.05205408114715
447.0882172495077,109.52277446097068
447.8611676192323,112.09269335194533
448.6341179889568,113.1859290505015
449.4070683586814,112.3742576432451
450.18001872840597,117.59252225397536
450.9529690981305,110.24694503430912
451.7259194678551,112.81427505117215
452.49886983757966,112.96547553857616
453.2718202073042,113.11886326801418
454.04477057702877,117.2424243564313
454.81772094675335,119.74901452077235
455.5906713164779,113.59168930645167
456.36362168620246,113.75336540194499
457.13657205592705,113.20394093724798
457.9095224256516,115.79450318527533
458.68247279537616,114.24995109355436
459.45542316510074,114.41917859177367
460.22837353482527,111.71923498211676
461.00132390454985,110.80858555486562
461.77427427427443,114.93731304656703
462.54722464399896,110.72690474036993
463.32017501372354,115.29098538112795
464.0931253834481,110.64253299505472
464.86607575317265,116.87691171629223
465.63902612289723,115.83294672585572
466.41197649262176,116.0164703580357
467.18492686234634,116.20135214850423
467.9578772320709,116.38754603705323
468.73082760179545,116.57500596347461
469.50377797152004,116.22300534980607
470.2767283412446,116.95353968910223
471.04967871096915,118.63609575841791
471.82262908069373,117.33658484372242
472.5955794504183,110.63771522249485
473.36852982014284,117.72377294567055
474.1414801898674,117.91880594287585
474.914430559592,118.1147516362296
475.68738092931653,115.20756195034403
476.4603312990411,117.60332632371976
477.2332816687657,118.70791368472123
478.0062320384902,117.26500653581812
478.7791824082148,116.49550387840661
479.5521327779394,119.3087563802803
480.3250831476639,118.64072689783312
481.0980335173885,119.71339040627566
481.8709838871131,119.91688525859186
482.6439342568376,124.88815599508082
483.4168846265622,119.77866093197953
484.1898349962868,118.94230181541934
484.9627853660113,123.38992902195623
485.7357357357359,121.9658636656972
486.5086861054604,121.15342370621275
487.281636475185,123.80351814084503
488.0545868449096,121.57118372855842
488.8275372146341,121.78104434689226
489.6004875843587,121.99153922361421
490.3734379540833,121.25253422898025
491.1463883238078,122.41437331306453
491.9193386935324,124.85006203189175
492.69228906325696,122.83956911859391
493.4652394329815,117.43773400728566
494.2381898027061,123.26700976188681
495.01114017243066,123.48153537322098
495.7840905421552,122.1809312413074
496.55704091187977,123.90432240505183
497.32999128160435,127.84597767053472
498.1029416513289,124.3446655213887
498.87589202105346,123.94217580449231
499.64884239077804,124.77904268011905
500.42179276050257,123.10692910869308
501.19474313022715,126.87219591928186
501.96769349995174,125.43379480376016
502.74064386967626,125.65283677529497
503.51359423940085,125.87225002900789
504.28654460912543,126.09201995510949
505.05949497884995,126.31213194381036
505.83244534857454,126.532571385321
506.6053957182991,127.58999792268183
507.37834608802365,126.97437418761398
508.15129645774823,127.19570832881745
508.92424682747276,132.71096960303453
509.69719719719734,127.639169042391
510.4701475669219,127.86126639518224
511.24309793664645,127.86717388268843
512.016048306371,128.3061220438264
512.7889986760956,128.52885112010046
513.5619490458201,128.95369698990805
514.3348994155447,128.97483872760523
515.1078497852693,129.19806803925715
515.8808001549938,128.69636061241326
516.6537505247184,129.64492462941269
517.426700894443,129.86852268833744
518.1996512641675,130.09221444344092
518.972601633892,130.31598528493367
519.7455520036167,130.53982060302636
520.5185023733412,131.4251699452944
521.2914527430657,134.056138967334
522.0644031127904,131.21156731900896
522.8373534825149,131.4355144456066
523.6103038522394,129.742219366766
524.3832542219641,131.88336837197033
525.1562045916886,130.2296615353022
525.9291549614131,132.33107113062914
526.7021053311378,132.5548292975956
527.4750557008623,132.77850584326745
528.2480060705868,126.5439351424638
529.0209564403115,133.22555563156973
529.793906810036,133.44889965462124
530.5668571797605,133.77073969296615
531.3398075494852,131.76443332990073
532.1127579192097,134.1180329219041
532.8857082889342,134.34072904440958
533.6586586586589,134.56322666730506
534.4316090283834,134.78551118429905
535.2045593981079,131.9178088836336
535.9775097678325,135.22938687219437
536.7504601375571,135.45095358402662
537.5234105072816,135.67225670783304
538.2963608770062,135.89328411865165
539.0693112467308,136.11402369152069
539.8422616164553,136.33446330147834
540.6152119861799,132.01685664206957
541.3881623559045,144.26943945744299
542.161112725629,132.43719269839806
542.9340630953536,139.1527928864334
543.7070134650781,137.43173753393265
544.4799638348027,132.34431817637426
545.2529142045273,137.86812311287147
546.0258645742518,138.08572652091306
546.7988149439764,130.9790405193419
547.571765313701,138.5196939493314
548.3447156834255,138.73603371978467
549.1176660531501,138.9519280277848
549.8906164228747,142.19477924311747
550.6635667925992,139.24344136161798
551.4365171623238,143.03640084516496
552.2094675320484,146.5572623069849
552.9824179017729,140.02429325732632
553.7553682714974,141.92449357769
554.5283186412221,133.59490389515366
555.3012690109466,140.66159084805878
556.0742193806711,141.76469485393974
556.8471697503958,141.08370318127012
557.6201201201203,141.29389715480727
558.3930704898448,142.58865347133977
559.1660208595695,138.57859809371053
559.938971229294,141.92088480360303
560.7119215990185,142.12864217939034
561.4848719687432,142.33576009333572
562.2578223384677,139.4024027921964
563.0307727081922,143.32561088895497
563.8037230779169,141.5193107765317
564.5766734476414,140.8347674216809
565.3496238173659,136.10450860236412
566.1225741870905,143.56435988046493
566.8955245568151,145.46684385157857
567.6684749265396,147.60422929601228
568.4414252962642,144.16904491725649
569.2143756659888,144.36910133988266
569.9873260357133,144.56838492608694
570.7602764054379,144.76688355090758
571.5332267751623,144.9645850893827
572.306177144887,145.1614774165506
573.0791275146116,147.06656320263806
573.852077884336,144.44797949348873
574.6250282540607,145.74717788059252
575.3979786237853,145.9407121129132
576.1709289935097,146.13337650911757
576.9438793632344,144.27563442202444
577.716829732959,139.39481851411398
578.4897801026834,143.55258667932944
579.2627304724081,149.29179845177623
580.0356808421327,147.0832265747315
580.8086312118571,147.27041733003998
581.5815815815818,148.84311398068638
582.3545319513064,147.64192258314836
583.1274823210308,143.36476174225788
583.9004326907555,150.6392322604165
584.6733830604801,148.19180794461207
585.4463334302045,148.37308856039968
586.2192837999291,148.55334171556748
586.9922341696538,148.73255528515372
587.7651845393782,148.9107171441965
588.5381349091028,154.57136655781483
589.3110852788275,145.968029109833
590.0840356485519,148.28849357873784
590.8569860182765,149.6126049756973
591.629936388001,144.031540325184
592.4028867577256,151.03507296963758
593.1758371274502,151.3214179403916
593.9487874971747,149.73039080707701
594.7217378668993,150.82012893180217
595.4946882366239,151.34740517343334
596.2676386063484,148.55983655229926
597.040588976073,150.96221254422525
597.8135393457976,146.98426837482188
598.5864897155221,151.1167156946478
599.3594400852467,147.62006408061012
600.1323904549713,151.60838028614114
600.9053408246958,151.7668079467892
601.6782911944204,154.834198077876
602.451241564145,152.0798412635558
603.2241919338695,152.23442266975064
603.997142303594,156.14062081802462
604.7700926733187,156.85360334442458
605.5430430430432,156.060757467843
606.3159934127677,152.83956369749822
607.0889437824924,155.07826710125636
607.8618941522169,153.13405370368764
608.6348445219414,153.27923614249494
609.4077948916661,153.42302737182817
610.1807452613906,153.5654152667256
610.9536956311151,153.70638770222538
611.7266460008398,153.84593255336574
612.4995963705643,153.9840376951849
613.2725467402888,154.25206448118567
614.0454971100135,154.25588035101208
614.8184474797381,153.01258298019175
615.5913978494625,154.5218186700126
616.3643482191871,155.65138404211436
617.1372985889118,153.0379264503463
617.9102489586362,154.90944333013172
618.6831993283608,155.03559429875574
619.4561496980855,155.16019643340232
620.2291000678099,154.69537284654157
621.0020504375345,155.40470570091557
621.775000807259,161.56216666078444
622.5479511769836,155.64287413297708
623.3209015467082,153.583595743221
624.0938519164326,155.8746160976242
624.8668022861573,155.42048993583083
625.6397526558819,153.3573556148636
626.4127030256063,156.21025259094552
627.185653395331,156.31898105415965
627.9586037650556,156.42615251197205
628.73155413478,161.16917537102182
629.5045045045047,154.17386715699308
630.2774548742293,161.55719816263343
631.0504052439537,153.68744773376392
631.8233556136784,155.46255957538855
632.596305983403,154.41378603441024
633.3692563531274,159.73650140492597
634.142206722852,157.22878083523307
634.9151570925767,158.857264194165
635.6881074623011,157.4146313609118
636.4610578320257,157.5053956296785
637.2340082017504,157.5947337785659
638.0069585714748,156.6195970528676
638.7799089411994,157.76917534521016
639.5528593109241,153.97494294160353
640.3258096806485,158.40408784971655
641.0987600503731,158.02041447425344
641.8717104200978,158.1014249535292
642.6446607898222,158.1810856628137
643.4176111595468,155.40363942074765
644.1905615292715,158.33640139991647
644.9635118989959,158.41207824198847
645.7364622687205,158.48644894257671
646.5094126384452,162.17690857339107
647.2823630081696,158.63131554780935
648.0553133778942,162.26578234453876
648.8282637476188,156.2043909856943
649.6012141173433,157.48941449095315
650.3741644870679,158.90585497405172
651.1471148567925,158.97138808380595
651.920065226517,159.0357023090913
652.6930155962416,165.8033627341855
653.4659659659662,156.7927369530757
654.2389163356906,159.2214407494032
655.0118667054153,153.94592576009907
655.7848170751399,159.33937191792623
656.5577674448643,160.73637164506667
657.330717814589,159.45268931961888
658.1036681843136,159.77533420881846
658.876618554038,154.0885367827412
659.6495689237627,158.44532657567615
660.4225192934873,159.66583185057252
661.1954696632117,162.32019074617688
661.9684200329364,160.34610221038554
662.741370402661,159.12438830272086
663.5143207723854,167.1449287531771
664.2872711421101,157.3409949052256
665.0602215118347,159.95312382114815
665.8331718815591,163.06790616356727
666.6061222512838,160.0405910191718
667.3790726210084,160.08281805172308
668.1520229907328,160.1240552494697
668.9249733604574,160.16431351953858
669.6979237301821,158.01198642208894
670.4708740999065,160.2419369051507
671.2438244696311,162.56598034272466
672.0167748393558,160.31577546557432
672.7897252090802,160.35130270415758
673.5626755788048,153.4877780032016
674.3356259485295,160.41962763370145
675.1085763182539,163.41078066359776
675.8815266879785,160.48438588059423
676.6544770577032,160.51545476586355
677.4274274274276,158.79255810744732
678.2003777971522,160.5750265956826
678.9733281668769,161.59861269285636
679.7462785366013,163.42677956268406
680.5192289063259,160.658133095515
681.2921792760505,162.99854502362285
682.065129645775,160.70949718195268
682.8380800154996,160.73399987251688
683.6110303852242,159.76649509866942
684.3839807549487,160.7807010839705
685.1569311246733,160.8029214191136
685.9298814943979,165.85391202794668
686.7028318641223,160.84515608386678
687.475782233847,160.86519222773057
688.2487326035716,159.7555590713864
689.021682973296,157.34313771925463
689.7946333430207,160.92110679079332
690.5675837127453,160.93838337939425
691.3405340824697,160.95499734699658
692.1134844521944,160.97095960072718
692.886434821919,160.98628104771305
693.6593851916434,161.0009725950809
694.4323355613681,161.44100699133753
695.2052859310927,161.02850961947027
695.9782363008171,161.04137691074553
696.7511866705418,161.05365793091022
697.5241370402664,161.06536358709138
698.2970874099908,161.07650478641574
699.0700377797154,160.3442308819494
699.8429881494401,161.09713744300169
700.6159385191645,161.5630812609173
701.3888888888891,161.11564315768308
702.1618392586138,161.12412567962673
702.9347896283382,161.13210918747487
703.7077399980628,161.1396045883543
704.4806903677875,161.14662278939198
705.2536407375119,161.1531746977146
706.0265911072365,161.888390155777
706.7995414769609,153.21929721278667
707.5724918466856,161.17014173766177
708.3454422164102,162.15053019058487
709.1183925861346,161.17932159804445
709.8913429558593,161.18330479974173
710.6642933255839,163.87650985113427
711.4372436953083,161.19011228178263
712.210194065033,160.09307371083688
712.9831444347576,161.19544724953101
713.756094804482,168.67688161791418
714.5290451742067,161.19939696000185
715.3019955439313,161.20087961157537
716.0749459136557,162.90432029423548
716.8478962833804,161.20291504303285
717.620846653105,161.20348963717055
718.3937970228294,161.20378335975013
719.166747392554,161.20380711789838
719.9396977622787,161.20357181874215
720.7126481320031,159.85601012805546
721.4855985017277,160.69712995241576
722.2585488714524,161.20142064871553
723.0314992411768,167.31165225235372
723.8044496109014,161.1988912128348
724.5773999806261,161.19733061951615
725.3503503503505,161.19558731878112
726.1233007200751,161.1936722177566
726.8962510897998,163.85464957367043
727.6692014595242,161.1893702433465
728.4421518292488,168.84036686706634
729.2151021989735,163.20125064610744
729.9880525686979,159.14272780480545
730.7610029384225,161.17918460463437
731.5339533081471,159.5232232233244
732.3069036778716,157.92510683707224
733.0798540475962,159.37813735697256
733.8528044173208,161.16747175949942
734.6257547870453,161.16438672566366
735.3987051567699,159.8469440519386
736.1716555264945,161.15810482081764
736.944605896219,154.44220239561344
737.7175562659436,161.15174651391825
738.4905066356682,161.14856597751563
739.2634570053926,158.520216573859
740.0364073751173,160.02094359167185
740.8093577448419,159.15226656236737
741.5823081145663,163.77419729597116
742.355258484291,161.13308575104895
743.1282088540156,159.27401621851988
743.90115922374,161.1272944060853
744.6741095934647,161.124528236173
745.4470599631893,161.12186294414295
746.2200103329137,162.71810105735358
746.9929607026384,155.8715508180317
747.765911072363,159.37345121164165
748.5388614420874,161.11235190205426
749.311811811812,161.1102624377216
750.0847621815367,162.8887363198174
750.8577125512611,161.1064183718148
751.6306629209857,158.37412545199368
752.4036132907104,164.12878665753468
753.1765636604348,157.6706794212006
753.9495140301594,162.6182961745446
754.7224643998841,163.5933391371265
755.4954147696085,158.0923724023363
756.2683651393331,159.28371336238558
757.0413155090578,161.0952705181108
757.8142658787822,161.09432613449235
758.5872162485068,165.68571610158065
759.3601666182315,164.9635193018471
760.1331169879559,162.7359332020047
760.9060673576805,161.0914767423944
761.6790177274052,161.09098836995724
762.4519680971296,161.09058636375235
763.2249184668542,157.80527824410666
763.9978688365788,161.09003500203426
764.7708192063033,161.08988242251837
765.5437695760279,161.08980976122956
766.3167199457525,161.5410643509256
767.089670315477,164.37856204228763
767.8626206852016,165.38136923868473
768.6355710549262,161.09028605831836
769.4085214246506,161.09058880814501
770.1814717943753,161.09096180419084
770.9544221640999,163.7867864014864
771.7273725338243,157.61879070604618
772.500322903549,163.46783807172025
773.2732732732736,161.83402074766832
774.046223642998,154.41608472041025
774.8191740127227,167.88464999764622
775.5921243824473,158.9650934525516
776.3650747521717,161.3269614522136
777.1380251218964,161.09721386824825
777.910975491621,161.0982006664133
778.6839258613454,161.0992399787831
779.45687623107,165.90314520046326
780.2298266007947,161.0153246206527
781.0027769705191,161.07056879631446
781.7757273402437,161.10389013028288
782.5486777099684,161.10516783365642
783.3216280796928,161.10648837922676
784.0945784494174,163.97526180400837
784.8675288191421,161.1092515489526
785.6404791888665,161.11069094910553
786.4134295585911,161.11216674345
787.1863799283158,159.3525804637417
787.9593302980402,155.8184709624368
788.7322806677648,159.4548160209366
789.5052310374892,161.11840162271704
790.2781814072139,161.12003520799954
791.0511317769385,161.1216955154657
791.8240821466629,159.63395265668004
792.5970325163876,160.16591564312392
793.3699828861122,161.12682065095305
794.1429332558366,161.1285717271408
794.9158836255613,161.13034146550558
795.6888339952859,161.01620044193604
796.4617843650103,161.1339304807612
797.234734734735,161.13574653364938
798.0076851044596,161.13757480070942
798.780635474184,161.13941366994
799.5535858439086,161.14126152933974
800.3265362136333,161.1431167669074
801.0994865833577,159.6983597499205
801.8724369530823,161.1468429285412
802.645387322807,161.14871062860465
803.4183376925314,161.15057925883076
804.191288062256,161.1524472072182
804.9642384319807,161.15431286176562
805.7371888017051,161.412535661883
806.5101391714297,161.15803084133526
807.2830895411544,161.15987994235485
808.0560399108788,159.96291726143323
808.8289902806034,159.65182334814574
809.6019406503281,161.16536834633686
810.3748910200525,165.74253692966002
811.1478413897771,161.16896207974779
811.9207917595018,161.17073454967615
812.6937421292262,164.95392147843356
813.4666924989508,161.1742226359722
814.2396428686754,161.00929108705904
815.0125932383999,160.3009405459209
815.7855436081245,161.17928845149476
816.5584939778491,161.18092625828464
817.3314443475736,161.1825359792134
818.1043947172982,161.18411600227998
818.8773450870228,154.33990859803492
819.6502954567472,158.9953143440311
820.4232458264719,161.18866176429233
821.1961961961965,161.19010687589636
821.9691465659209,161.1915142296315
822.7420969356456,159.1672369706641
823.5150473053702,161.19420921548974
824.2879976750946,161.1954936236103
825.0609480448193,164.3354683332775
825.8338984145439,165.56541649634778
826.6068487842683,161.19907516472162
827.379799153993,161.20017307733758
828.1527495237176,163.8420299569536
828.925699893442,161.20221532892998
829.6986502631667,161.20315644390377
830.4716006328913,162.7837436989952
831.2445510026157,161.20487059219985
832.0175013723403,163.79792623329362
832.790451742065,161.2063498849521
833.5634021117894,159.9911207369372
834.336352481514,161.20758142614977
835.1093028512387,161.17698553626968
835.8822532209631,158.99466423244493
836.6552035906877,161.2089359937587
837.4281539604124,161.20924966983966
838.2011043301368,161.20949173602418
838.9740546998614,161.20966058031084
839.7470050695861,161.20975459069837
840.5199554393105,166.98392723198464
841.2929058090351,162.18564983652038
842.0658561787598,161.20957149845304
842.8388065484842,161.20935005323088
843.6117569182088,161.209045714103
844.3847072879335,160.42264815743482
845.1576576576579,161.20818190612493
845.9306080273825,153.80202166844634
846.7035583971071,167.0970679984208
847.4765087668316,162.1259911134397
848.2494591365562,161.20538863524243
849.0224095062808,163.17477657548554
849.7953598760053,161.203433380317
850.5683102457299,161.2023104559786
851.3412606154545,161.20108851772142
852.1142109851789,160.60432030450562
852.8871613549036,161.19834115144516
853.6601117246282,161.19681249942354
854.4330620943526,161.19517838547773
855.2060124640773,161.19343719760656
855.9789628338019,161.23039103672292
856.7519132035263,161.18962715208266
857.524863573251,161.18755507042732
858.2978139429756,161.18536946684134
859.0707643127,161.1830687293233
859.8437146824247,161.18065124587199
860.6166650521493,161.17811540448605
861.3896154218737,159.24765805551914
862.1625657915984,161.17268219990504
862.935516161323,161.16978161270737
863.7084665310474,161.1667562195698
864.481416900772,161.16360440849098
865.2543672704967,161.16032456746973
866.0273176402211,160.0867032922562
866.8002680099457,161.1533743475944
867.5732183796704,161.14970074473771
868.3461687493948,160.0859798824317
869.1191191191194,161.14194849317974
869.8920694888441,162.33104629209643
870.6650198585685,157.27586222096815
871.4379702282931,161.12928332121152
872.2109205980175,161.12477867064848
872.9838709677422,161.12012987012986
