100.80645161290323,150.34868055939907
101.5794019826278,150.59356649175066
102.35235235235236,156.05114585271815
103.12530272207692,151.17935194000574
103.89825309180148,144.97005129616073
104.67120346152605,157.62364522336864
105.44415383125062,146.32941698345212
106.21710420097517,150.7677597665109
106.99005457069974,152.6081499212281
107.76300494042431,152.88779073825293
108.53595531014886,149.94557544391742
109.30890567987343,156.26277715557902
110.08185604959799,153.71446512427556
110.85480641932256,153.53074208520545
111.62775678904713,154.2553688237405
112.40070715877168,154.5227551550058
113.17365752849625,152.12435167908114
113.9466078982208,150.36086443152945
114.71955826794537,155.31264507052475
115.49250863766994,154.5381157808227
116.2654590073945,155.82900827863284
117.03840937711907,161.05177192564867
117.81135974684364,157.0180752964615
118.58431011656819,155.07387771998566
119.35726048629276,156.83716151625305
120.13021085601733,161.54426238858892
120.90316122574188,157.328942206554
121.67611159546645,154.23669395254606
122.449061965191,157.8125193850413
123.22201233491558,158.0512301981031
123.99496270464013,158.17056563858768
124.7679130743647,153.84150774952474
125.54086344408927,158.7550445281528
126.31381381381382,158.10833662957097
127.08676418353839,159.21398315356578
127.85971455326296,158.22932606782715
128.63266492298752,160.2633606837279
129.40561529271207,161.34908782753334
130.17856566243665,160.10718916407822
130.9515160321612,159.56994490822603
131.72446640188576,161.69654358254817
132.49741677161035,160.52731748498596
133.2703671413349,160.96746905680192
134.04331751105946,161.55426299103848
134.81626788078404,159.00546517394142
135.5892182505086,157.2399470402717
136.36216862023315,157.0182931111497
137.13511898995773,161.9964596587481
137.9080693596823,164.63633472591826
138.68101972940684,163.43458968191135
139.45397009913142,166.28267619713984
140.22692046885598,162.42240302018072
140.99987083858053,158.53839932578643
141.7728212083051,159.71864239786103
142.54577157802967,164.70658516413616
143.31872194775423,163.53553121468508
144.09167231747878,163.7147138434693
144.86462268720334,167.32864249581613
145.63757305692792,164.07858031291488
146.41052342665247,164.2554583445075
147.18347379637703,163.65865370841288
147.9564241661016,164.95123046260144
148.72937453582617,164.77366926402374
149.50232490555072,162.98890587192014
150.2752752752753,165.10878472730948
151.04822564499986,167.76804652190273
151.82117601472441,162.86700692830524
152.594126384449,165.59590852363652
153.36707675417355,165.75413428131563
154.1400271238981,165.91028464561197
154.9129774936227,167.6898323944075
155.68592786334725,161.1643243561162
156.4588782330718,169.31938881981515
157.23182860279638,166.0361733018752
158.00477897252094,162.8782330233475
158.7777293422455,168.744882940468
159.55067971197008,173.08779652497267
160.32363008169463,167.66421949627983
161.0965804514192,167.22214891143855
161.86953082114377,166.30283054903722
162.64248119086832,167.49079575120828
163.41543156059288,167.6219958662567
164.18838193031743,162.41823373702638
164.961332300042,169.14156295299517
165.73428266976657,168.003095987648
166.50723303949113,170.56891267030383
167.28018340921568,168.24674004510686
168.05313377894026,169.39581212997007
168.82608414866482,172.7830179019161
169.59903451838937,168.59656042207814
170.37198488811396,171.6446910633619
171.1449352578385,165.50537638075033
171.91788562756307,168.31538040742822
172.69083599728765,169.033757752072
173.4637863670122,169.13783357907153
174.23673673673676,164.48671098860547
175.00968710646134,169.33971294056707
175.7826374761859,169.4375153076616
176.55558784591045,169.53322535405306
177.32853821563504,167.70312452608178
178.1014885853596,169.7183661499241
178.87443895508414,170.72535805725948
179.64738932480873,169.89513065857446
180.42033969453328,169.98037034594012
181.19329006425784,168.7529069116501
181.96624043398242,170.144561668249
182.73919080370695,164.90150103109062
183.51214117343153,169.4549591570263
184.2850915431561,166.37987618306417
185.05804191288064,168.8765405250417
185.83099228260522,171.69268133819392
186.6039426523298,174.05365076138406
187.37689302205433,170.65314545732056
188.14984339177892,172.29037443074088
188.92279376150347,172.39191885894235
189.69574413122803,170.83960546916185
190.4686945009526,170.89755393007857
191.24164487067716,170.89974178167782
192.01459524040172,169.21867135026167
192.7875456101263,168.20456678721567
193.56049597985086,173.12442883635296
194.3334463495754,170.31445391393132
195.1063967193,173.7767239970412
195.87934708902455,164.9641545783549
196.6522974587491,170.30546727108194
197.4252478284737,172.4631718093695
198.19819819819824,171.36125462273085
198.9711485679228,173.21850300119337
199.74409893764738,172.52901855046952
200.51704930737193,171.4592610524531
201.2899996770965,173.48561986425835
202.06295004682107,168.39617685198243
202.8359004165456,173.69450523988058
203.60885078627018,171.5603795803898
204.38180115599476,171.677262510223
205.1547515257193,170.71531509896042
205.92770189544387,171.61403051304814
206.70065226516846,175.24393354626432
207.47360263489298,165.89174673641423
208.24655300461757,168.69458795996607
209.01950337434212,167.23314067599836
209.79245374406668,171.66113925086256
210.56540411379126,171.66420932262676
211.33835448351581,167.30593487788374
212.11130485324037,171.66399312075072
212.88425522296495,169.18822592374795
213.6572055926895,175.75838595509595
214.43015596241406,169.30780202094428
215.20310633213865,171.63811899176181
215.9760567018632,170.03650655769204
216.74900707158776,171.7066527994683
217.52195744131234,174.35043669696915
218.2949078110369,171.57829143175303
219.06785818076145,173.51055399351353
219.84080855048603,169.95313208832013
220.61375892021059,176.89177898884714
221.38670928993514,171.48447308387966
222.15965965965972,171.4557030585522
222.93261002938428,171.13086939320675
223.70556039910883,171.39178039596155
224.47851076883342,168.81788454378056
225.25146113855794,171.31934369278514
226.02441150828253,169.11363643011
226.7973618780071,171.64605539751832
227.57031224773164,171.19471459716002
228.34326261745622,172.93154042084424
229.11621298718077,169.02750477546425
229.88916335690536,164.4532479455849
230.6621137266299,171.98601338389275
231.43506409635447,166.60094798151718
232.20801446607902,172.5489808496923
232.9809648358036,170.82928613192115
233.75391520552816,172.84686152721738
234.5268655752527,170.7056671235128
235.2998159449773,173.94985011371497
236.07276631470185,167.68432374447949
236.8457166844264,167.60433140694957
237.618667054151,169.7793744173607
238.39161742387554,167.01225590236396
239.1645677936001,167.99492898971837
239.93751816332468,172.53377085375783
240.71046853304924,170.61402002606235
241.4834189027738,169.7300175229052
242.25636927249835,162.83008542160525
243.02931964222293,176.73852869703154
243.80227001194748,172.91757991670784
244.57522038167204,166.93899625893732
245.34817075139662,171.317365351185
246.12112112112118,167.13531415060754
246.89407149084573,169.39257205142633
247.66702186057032,169.3463226915582
248.43997223029487,169.18409863155932
249.21292260001943,171.9445675024456
249.985872969744,171.58752712614807
250.75882333946856,165.45141141799297
251.53177370919312,168.99284937490356
252.30472407891767,163.9808119638484
253.07767444864226,171.54774903435282
253.8506248183668,169.8930990938885
254.62357518809137,168.23991118760205
255.39652555781595,170.33962043446294
256.1694759275405,167.9749320524444
256.94242629726506,165.38035248042402
257.71537666698964,167.69783647440096
258.48832703671417,167.55466009223176
259.26127740643875,167.52786926311828
260.03422777616333,167.25888028746755
260.80717814588786,166.41971886753498
261.58012851561244,166.83306090414055
262.353078885337,166.79113341686445
263.12602925506155,165.47198746679217
263.89897962478614,170.843570360959
264.6719299945107,167.03322596068864
265.44488036423525,164.185938067098
266.21783073395983,165.94508480823154
266.9907811036844,165.76559877542542
267.76373147340894,163.67781047551216
268.5366818431335,167.63351983429322
269.3096322128581,164.2385641745485
270.08258258258263,165.01226791306425
270.8555329523072,164.81491866055902
271.6284833220318,162.96434856087447
272.4014336917563,165.64115833347734
273.1743840614809,162.691495829944
273.9473344312055,162.49924718162302
274.72028480093,170.40650216329038
275.4932351706546,163.55246848182878
276.2661855403792,163.32868394704653
277.0391359101037,165.2517489131834
277.8120862798283,166.59887445642534
278.5850366495529,158.14535716993706
279.3579870192774,163.35768453964766
280.130937389002,162.15039657359256
280.90388775872657,163.96369420601758
281.6768381284511,160.97079344534004
282.4497884981757,158.54237812721948
283.22273886790026,155.65516471199916
283.9956892376248,160.870054041837
284.7686396073493,163.55083913262493
285.54158997707395,157.1087713192395
286.3145403467985,160.48467986984056
287.087490716523,157.43997262351678
287.86044108624765,158.71209471816317
288.6333914559722,157.9500747224262
289.4063418256967,154.96271666234716
290.17929219542134,158.38615267477053
290.95224256514587,162.44888050652236
291.7251929348704,154.88091419110512
292.49814330459503,156.00123408667275
293.27109367431956,159.29951760024022
294.0440440440441,157.0332993131072
294.81699441376867,156.7067096557567
295.58994478349325,159.19985381928325
296.3628951532178,154.51477105772162
297.13584552294236,152.19490437008162
297.90879589266694,155.35804178033032
298.68174626239147,159.80847877646977
299.45469663211605,154.65961306223866
300.22764700184064,154.3046976999073
301.00059737156516,149.91419077416043
301.77354774128975,154.09858361054603
302.54649811101433,153.21825397168774
303.31944848073886,152.84918084073857
304.09239885046344,150.3988476305564
304.865349220188,151.0610362451221
305.63829958991255,154.13885391501577
306.41124995963713,151.3407208134874
307.1842003293617,150.95602491910967
307.95715069908624,150.5684810650255
308.7301010688108,150.17818144889452
309.5030514385354,148.07930946965286
310.27600180825993,150.33077110046847
311.0489521779845,152.51038042623108
311.8219025477091,151.12542877831484
312.5948529174336,156.1001006257437
313.3678032871582,147.78367581807126
314.1407536568828,147.3766674020853
314.9137040266073,146.96764080533043
315.6866543963319,146.55668822546633
316.4596047660565,147.83872698834995
317.232555135781,145.7293739070494
318.0055055055056,142.54158062970905
318.7784558752302,142.47081703791815
319.5514062449547,142.4982182603132
320.3243566146793,144.055690169933
321.0973069844039,148.4954857735186
321.8702573541284,147.17151101637498
322.643207723853,142.78665838063006
323.41615809357756,138.973054430004
324.1891084633021,149.0720588400669
324.9620588330266,141.5085905327199
325.73500920275126,135.41461563355216
326.5079595724758,138.24529150146765
327.2809099422003,134.86269592706006
328.05386031192495,141.3030096924684
328.8268106816495,139.36515847521372
329.599761051374,138.9353029287111
330.37271142109864,138.50526904759818
331.14566179082317,130.29836836920674
331.9186121605477,133.76026998672097
332.69156253027234,137.21498667060337
333.46451289999686,136.77784620318113
334.2374632697214,135.46960150891937
335.010413639446,134.9526350271179
335.78336400917055,138.3859410197525
336.5563143788951,135.06924924078461
337.32926474861966,134.64161208120083
338.10221511834425,134.2146858610115
338.8751654880688,131.64360699898288
339.64811585779336,133.87074167613477
340.42106622751794,137.96938072365083
341.19401659724247,131.7403293891214
341.96696696696705,132.0938313099965
342.73991733669163,131.673038201583
343.51286770641616,131.62112897348192
344.28581807614074,130.8355412057493
345.0587684458653,130.41901517312994
345.83171881558985,133.63133532253607
346.60466918531444,130.86463675458137
347.377619555039,123.76405671450408
348.15056992476354,128.76980245064652
348.9235202944881,124.9268539596995
349.6964706642127,129.86943754246838
350.46942103393724,127.45721730523513
351.2423714036618,129.70597625038852
352.0153217733864,122.88881552919119
352.78827214311093,124.00502647199619
353.5612225128355,127.47109171471185
354.3341728825601,124.05255081864786
355.1071232522846,124.4329680059611
355.8800736220092,125.24705848575731
356.6530239917338,124.41294963596742
357.4259743614583,125.88985177895638
358.1989247311829,123.65547002741023
358.9718751009075,124.62123586076477
359.744825470632,121.88822736218272
360.5177758403566,121.00869836136876
361.2907262100811,124.42789733733326
362.0636765798057,121.81778687164211
362.8366269495303,121.46056437951349
363.6095773192548,121.10698743099435
364.3825276889794,121.41640897954002
365.155478058704,120.41112587438596
365.9284284284285,121.24235150027638
366.7013787981531,119.54715977002681
367.47432916787767,119.00654686696863
368.2472795376022,119.06706209010214
369.0202299073268,121.76361379379094
369.79318027705136,122.03905363834785
370.5661306467759,119.621506953898
371.3390810165005,112.14557217897556
372.11203138622506,117.48368011203402
372.8849817559496,117.18078602406315
373.65793212567417,118.36215206286438
374.43088249539875,113.79345606324972
375.2038328651233,116.30126906864434
375.97678323484786,115.05023427885686
376.74973360457244,115.74011812944778
377.52268397429697,111.124779978157
378.29563434402155,115.19995213752155
379.06858471374613,117.59128150373031
379.84153508347066,115.05486914016424
380.61448545319524,111.06334205938028
381.3874358229198,106.4422541190881
382.16038619264435,113.94601499053788
382.93333656236894,117.18436619103898
383.70628693209346,113.48489874028668
384.47923730181805,113.26336602659335
385.25218767154263,113.04796857779698
386.02513804126716,112.83875501184029
386.79808841099174,108.80148818436824
387.5710387807163,109.83316680196376
388.34398915044085,111.56149870696619
389.11693952016543,114.36003468969257
389.88988988989,113.22048927770847
390.66284025961454,109.3910332864175
391.4357906293391,115.1523132469281
392.2087409990637,115.29787337501344
392.98169136878823,114.66882626795916
393.7546417385128,115.38920315452414
394.5275921082374,114.06050753286573
395.3005424779619,110.79459575531621
396.0734928476865,111.00407064659932
396.8464432174111,110.53439178632188
397.6193935871356,112.15815596531472
398.3923439568602,104.91882999911724
399.1652943265848,115.05355991238964
399.9382446963093,110.0796582908597
400.7111950660339,109.97938840797333
401.4841454357585,109.8843918010625
402.257095805483,104.49545534574963
403.0300461752076,109.71003417433502
403.8029965449321,111.28883536492489
404.5759469146567,111.01560099010712
405.3488972843813,107.63512315212901
406.1218476541058,106.14682868452944
406.8947980238304,109.36319822252213
407.667748393555,107.48496425196393
408.4406987632795,110.10520874864609
409.2136491330041,110.60088542479257
409.98659950272867,110.58768936493465
410.7595498724532,106.21123065624668
411.5325002421778,109.10834663031608
412.30545061190236,111.06100693549271
413.0784009816269,106.27617717540245
413.85135135135147,104.48358495958831
414.62430172107605,109.0316283662005
415.3972520908006,109.16809992647912
416.17020246052516,108.1447032880804
416.94315283024974,105.25346743830157
417.71610319997427,116.0893293699321
418.48905356969885,112.14711510630205
419.26200393942344,109.04895553276664
420.03495430914796,109.94711970330046
420.80790467887255,107.69107001349197
421.58085504859713,109.11450664710974
422.35380541832166,107.79000815557364
423.12675578804624,111.2052988176296
423.89970615777077,109.21632461466854
424.67265652749535,109.4200291065108
425.44560689721993,103.31751469320461
426.21855726694446,113.40926502665309
426.99150763666904,109.40634753337207
427.7644580063936,107.62494919623265
428.53740837611815,113.50657782252507
429.31035874584273,109.58795183658565
430.0833091155673,107.43947545364442
430.85625948529184,111.71561571893417
431.6292098550164,112.53750812958828
432.402160224741,109.87984263577016
433.17511059446554,109.60065163001651
433.9480609641901,115.99146257906688
434.7210113339147,110.13446242405045
435.49396170363923,110.97776295286418
436.2669120733638,105.70545069969815
437.0398624430884,110.41830185370996
437.8128128128129,111.72298108549063
438.5857631825375,110.6231471381414
439.3587135522621,110.73011729913044
440.1316639219866,110.84005772569088
440.9046142917112,110.33086641476655
441.6775646614358,115.29090016779188
442.4505150311603,116.63539887770297
443.2234654008849,114.06498334135284
443.9964157706095,111.43270173478152
444.769366140334,110.03426079480553
445.5423165100586,114.2157514749548
446.3152668797831,115.8026258418599
447.0882172495077,111.95558358111522
447.8611676192323,111.71276299040306
448.6341179889568,110.8584308991659
449.4070683586814,111.55522998256268
450.18001872840597,112.51862004329851
450.9529690981305,112.66530786601024
451.7259194678551,108.86459441089036
452.49886983757966,119.22325866753677
453.2718202073042,113.11886326801418
454.04477057702877,115.7381339710803
454.81772094675335,113.54988342349225
455.5906713164779,113.96523108458021
456.36362168620246,108.0569044512803
457.13657205592705,113.91699843843196
457.9095224256516,121.03534858626384
458.68247279537616,114.24995109355436
459.45542316510074,113.42344073429712
460.22837353482527,115.41533908382705
461.00132390454985,114.7629056284881
461.77427427427443,119.78568085332824
462.54722464399896,119.72838601033197
463.32017501372354,114.49957392573543
464.0931253834481,118.80801118385774
464.86607575317265,117.1974277182113
465.63902612289723,115.83294672585572
466.41197649262176,116.0164703580357
467.18492686234634,116.20135214850423
467.9578772320709,116.85789547292218
468.73082760179545,115.04043178331585
469.50377797152004,118.82868376507547
470.2767283412446,116.95353968910223
471.04967871096915,117.14452136789228
471.82262908069373,116.69515067863463
472.5955794504183,117.52968405638453
473.36852982014284,117.72377294567055
474.1414801898674,119.2214230232838
474.914430559592,118.1147516362296
475.68738092931653,119.02950820648427
476.4603312990411,116.84982136181694
477.2332816687657,120.49776745487213
478.0062320384902,121.45728950759806
478.7791824082148,119.04893387885029
479.5521327779394,119.46376129755174
480.3250831476639,113.77934256081433
481.0980335173885,117.74688313173772
481.8709838871131,119.91688525859186
482.6439342568376,120.12114585740112
483.4168846265622,120.32615759291394
484.1898349962868,120.53190585534101
484.9627853660113,116.84611853880742
485.7357357357359,117.3769052808263
486.5086861054604,125.38021147183058
487.281636475185,121.36197197840211
488.0545868449096,122.89121763583188
488.8275372146341,121.78104434689226
489.6004875843587,126.93324868160128
490.3734379540833,122.20265374893476
491.1463883238078,122.41437331306453
491.9193386935324,122.62668330621403
492.69228906325696,122.83956911859391
493.4652394329815,125.03535287762736
494.2381898027061,129.99923700641924
495.01114017243066,122.06422376112471
495.7840905421552,123.69657836462765
496.55704091187977,116.15917610720376
497.32999128160435,124.12815804850099
498.1029416513289,124.3446655213887
498.87589202105346,124.56163193519119
499.64884239077804,124.22547500305735
500.42179276050257,126.47767068275304
501.19474313022715,123.20707574231932
501.96769349995174,126.52217151635057
502.74064386967626,125.65283677529497
503.51359423940085,125.87225002900789
504.28654460912543,122.8934576956138
505.05949497884995,127.19376428913212
505.83244534857454,126.532571385321
506.6053957182991,126.75332366985205
507.37834608802365,126.97437418761398
508.15129645774823,127.19570832881745
508.92424682747276,127.41731148367292
509.69719719719734,129.78033730892543
510.4701475669219,127.86126639518224
511.24309793664645,128.08358893225721
512.016048306371,132.77352067535085
512.7889986760956,128.52885112010046
513.5619490458201,129.83490886083365
514.3348994155447,128.97483872760523
515.1078497852693,129.19806803925715
515.8808001549938,129.42143487645612
516.6537505247184,129.64492462941269
517.426700894443,129.86852268833744
518.1996512641675,130.45265369326472
518.972601633892,131.72574873274652
519.7455520036167,131.4229347552274
520.5185023733412,132.2439554156592
521.2914527430657,130.98762622985342
522.0644031127904,132.42468266269918
522.8373534825149,130.27198699608465
523.6103038522394,133.64498319046191
524.3832542219641,127.80958928417638
525.1562045916886,132.1072459521576
525.9291549614131,136.9408643252916
526.7021053311378,130.61678548235722
527.4750557008623,132.77850584326745
528.2480060705868,139.23352789866215
529.0209564403115,135.11175573686378
529.793906810036,134.23435017507782
530.5668571797605,134.56115929589572
531.3398075494852,132.78147647941998
532.1127579192097,136.10500609719014
532.8857082889342,134.15699150666606
533.6586586586589,130.357197149334
534.4316090283834,132.55076237158946
535.2045593981079,135.3444615082536
535.9775097678325,133.66520529794983
536.7504601375571,136.72681968758422
537.5234105072816,138.48017841837526
538.2963608770062,135.89328411865165
539.0693112467308,133.39857998386856
539.8422616164553,141.5574336502049
540.6152119861799,137.3919650920364
541.3881623559045,139.62043108718268
542.161112725629,138.51059735448038
542.9340630953536,137.212979612959
543.7070134650781,139.70844221586336
544.4799638348027,137.65012274222406
545.2529142045273,133.92041410382558
546.0258645742518,139.5152408879978
546.7988149439764,138.30292084138696
547.571765313701,138.31102054849404
548.3447156834255,138.73603371978467
549.1176660531501,138.9519280277848
549.8906164228747,141.77644269399838
550.6635667925992,138.76630122953844
551.4365171623238,139.5968169274488
552.2094675320484,143.11797264284561
552.9824179017729,139.5080417892646
553.7553682714974,142.03433599151583
554.5283186412221,135.02472069827425
555.3012690109466,139.09574913546732
556.0742193806711,142.52596012023693
556.8471697503958,134.45766183975908
557.6201201201203,141.29389715480727
558.3930704898448,141.5035001663497
559.1660208595695,141.71250009093555
559.938971229294,141.92088480360303
560.7119215990185,141.55621157765043
561.4848719687432,142.33576009333572
562.2578223384677,138.6954493692498
563.0307727081922,138.01775142583344
563.8037230779169,142.95315581450174
564.5766734476414,143.15759463146114
565.3496238173659,143.9821850652636
566.1225741870905,143.56435988046493
566.8955245568151,147.59067816691456
567.6684749265396,143.9682277831703
568.4414252962642,144.16904491725649
569.2143756659888,149.61592320120673
569.9873260357133,146.61796891814788
570.7602764054379,146.84410211552074
571.5332267751623,144.9645850893827
572.306177144887,145.1614774165506
573.0791275146116,139.0606741355604
573.852077884336,143.1471435331663
574.6250282540607,150.75707221097338
575.3979786237853,145.9407121129132
576.1709289935097,142.92313562886466
576.9438793632344,151.34758148744433
577.716829732959,146.51604729333013
578.4897801026834,150.33952656380634
579.2627304724081,148.66417932323353
580.0356808421327,145.27567593594102
580.8086312118571,147.27041733003998
581.5815815815818,146.3210942255917
582.3545319513064,150.82047888944592
583.1274823210308,147.8262128310246
583.9004326907555,148.00951199316643
584.6733830604801,143.7074881993231
585.4463334302045,148.37308856039968
586.2192837999291,151.43433450776607
586.9922341696538,148.73255528515372
587.7651845393782,147.3273903969488
588.5381349091028,149.08781516773405
589.3110852788275,149.32280507304597
590.0840356485519,151.99077692201757
590.8569860182765,153.16093548838614
591.629936388001,149.78532640759587
592.4028867577256,149.95692337918018
593.1758371274502,150.12738376548845
593.9487874971747,150.29669544155877
594.7217378668993,146.64409495811987
595.4946882366239,150.94545204771902
596.2676386063484,149.14260060356253
597.040588976073,150.96221254422525
597.8135393457976,151.12559879467912
598.5864897155221,147.63912948032805
599.3594400852467,148.28938125862112
600.1323904549713,151.60838028614114
600.9053408246958,151.7668079467892
601.6782911944204,153.88682411704232
602.451241564145,152.6820349489359
603.2241919338695,158.04859192941393
603.997142303594,149.76612049124552
604.7700926733187,151.2493419627353
605.5430430430432,152.69028038003967
606.3159934127677,150.85521391788413
607.0889437824924,152.98749218036815
607.8618941522169,156.6823093528061
608.6348445219414,156.2260482807778
609.4077948916661,153.42302737182817
610.1807452613906,153.5654152667256
610.9536956311151,153.70638770222538
611.7266460008398,153.84593255336574
612.4995963705643,155.1097610347518
613.2725467402888,154.1206910027209
614.0454971100135,153.07686994839378
614.8184474797381,156.12749747066857
615.5913978494625,149.54878737911883
616.3643482191871,153.23350472612614
617.1372985889118,153.03131595306343
617.9102489586362,152.39680732358102
618.6831993283608,155.03559429875574
619.4561496980855,156.3014509133696
620.2291000678099,155.28323760910948
621.0020504375345,155.1571581321808
621.775000807259,155.52458858385864
622.5479511769836,155.64287413297708
623.3209015467082,155.39687925114424
624.0938519164326,158.50937173807355
624.8668022861573,157.06528392016406
625.6397526558819,161.14857788852137
626.4127030256063,157.2670800460617
627.185653395331,156.31898105415965
627.9586037650556,150.75028854975375
628.73155413478,156.5317778715095
629.5045045045047,159.81924871187363
630.2774548742293,162.65234420313112
631.0504052439537,154.99842458337136
631.8233556136784,159.98714764842194
632.596305983403,159.18914995524057
633.3692563531274,157.13367276406723
634.142206722852,157.22878083523307
634.9151570925767,161.06379796999127
635.6881074623011,158.5191092316908
636.4610578320257,156.43211828988453
637.2340082017504,157.5947337785659
638.0069585714748,157.6826567147008
638.7799089411994,163.68102606617998
639.5528593109241,157.8543005772208
640.3258096806485,157.9380433178596
641.0987600503731,157.2921927215643
641.8717104200978,159.06403623409494
642.6446607898222,159.10082215298485
643.4176111595468,158.25940750923382
644.1905615292715,155.79496577274244
644.9635118989959,154.61596081915283
645.7364622687205,155.45364201758002
646.5094126384452,154.98698112107098
647.2823630081696,160.84978513058218
648.0553133778942,158.70183326670752
648.8282637476188,159.34513206354734
649.6012141173433,164.0083157027494
650.3741644870679,160.70479421659098
651.1471148567925,158.97138808380595
651.920065226517,159.0357023090913
652.6930155962416,159.09880855703472
653.4659659659662,156.66645116310835
654.2389163356906,156.88416188721536
655.0118667054153,158.9989467037983
655.7848170751399,159.33937191792623
656.5577674448643,159.39660188606294
657.330717814589,162.4168353487326
658.1036681843136,159.50764512572093
658.876618554038,158.15903874133437
659.6495689237627,159.61420548407088
660.4225192934873,159.66583185057252
661.1954696632117,157.5980017175093
661.9684200329364,159.7658314938634
662.741370402661,161.74475236440074
663.5143207723854,162.73487716554376
664.2872711421101,157.27585681048268
665.0602215118347,159.95312382114815
665.8331718815591,159.99736324468918
666.6061222512838,159.02864901122516
667.3790726210084,160.08281805172308
668.1520229907328,160.1240552494697
668.9249733604574,162.4353787616853
669.6979237301821,160.20360376905666
670.4708740999065,165.95805330757034
671.2438244696311,162.15890574687228
672.0167748393558,168.05916510288134
672.7897252090802,161.49196489633545
673.5626755788048,160.38591645782435
674.3356259485295,160.85840901346347
675.1085763182539,158.00115389474004
675.8815266879785,164.21071601593442
676.6544770577032,162.3745502611611
677.4274274274276,156.9899354095518
678.2003777971522,162.58789442114744
678.9733281668769,159.4094283403209
679.7462785366013,158.27242722916023
680.5192289063259,160.658133095515
681.2921792760505,160.6842118919943
682.065129645775,160.70949718195268
682.8380800154996,155.88741510855908
683.6110303852242,160.75773087081384
684.3839807549487,159.61621913226068
685.1569311246733,167.9443914148151
685.9298814943979,157.51658373301171
686.7028318641223,160.84515608386678
687.475782233847,160.86519222773057
688.2487326035716,157.33429081752712
689.021682973296,164.66142554932597
689.7946333430207,166.92021768146384
690.5675837127453,159.5899465203949
691.3405340824697,162.84427881645945
692.1134844521944,161.15534067714358
692.886434821919,160.98470508007438
693.6593851916434,161.0009725950809
694.4323355613681,161.0150451499577
695.2052859310927,161.02850961947027
695.9782363008171,161.04137691074553
696.7511866705418,158.47799292673542
697.5241370402664,162.85410466838186
698.2970874099908,161.59035680264802
699.0700377797154,169.03112958452968
699.8429881494401,166.13318014453031
700.6159385191645,157.86545057547323
701.3888888888891,161.11564315768308
702.1618392586138,166.72501588625516
702.9347896283382,161.13210918747487
703.7077399980628,161.1396045883543
704.4806903677875,161.14662278939198
705.2536407375119,157.661994196215
706.0265911072365,155.72822872850364
706.7995414769609,161.05180987959113
707.5724918466856,161.17014173766177
708.3454422164102,157.22243524041912
709.1183925861346,161.17932159804445
709.8913429558593,161.18330479974173
710.6642933255839,161.1868980586122
711.4372436953083,162.89484930718373
712.210194065033,164.98456817672454
712.9831444347576,165.60305279304094
713.756094804482,159.4640374536502
714.5290451742067,164.25363962924249
715.3019955439313,156.9051075024103
716.0749459136557,160.78467548931852
716.8478962833804,164.6058816056322
717.620846653105,158.55337965261342
718.3937970228294,164.44702035062895
719.166747392554,161.20380711789838
719.9396977622787,161.15795441497437
720.7126481320031,161.2030883694084
721.4855985017277,161.20236767702391
722.2585488714524,161.20142064871553
723.0314992411768,163.74068115684045
723.8044496109014,161.48473934800322
724.5773999806261,162.51272602666114
725.3503503503505,157.412625747643
726.1233007200751,157.37560946924347
726.8962510897998,161.1915962235694
727.6692014595242,167.14864862929375
728.4421518292488,161.18700518421466
729.2151021989735,164.95777533690065
729.9880525686979,161.5462906796755
730.7610029384225,156.40756863043245
731.5339533081471,167.3428328810803
732.3069036778716,159.1308765053895
733.0798540475962,161.17050497144126
733.8528044173208,160.5809675230135
734.6257547870453,166.3986963668722
735.3987051567699,165.69790666111936
736.1716555264945,161.15810482081764
736.944605896219,161.15492976406117
737.7175562659436,161.15174651391825
738.4905066356682,161.14856597751563
739.2634570053926,159.56040327699776
740.0364073751173,161.07616429228807
740.8093577448419,161.1391497220189
741.5823081145663,161.13608911184656
742.355258484291,164.21381671479713
743.1282088540156,162.53206816097548
743.90115922374,162.5314362531791
744.6741095934647,156.89959279467217
745.4470599631893,160.02899837072917
746.2200103329137,161.1193093645855
746.9929607026384,161.11687375348487
747.765911072363,162.67213392199494
748.5388614420874,161.4022465263883
749.311811811812,154.84964865158392
750.0847621815367,160.22459336428744
750.8577125512611,161.1064183718148
751.6306629209857,165.5211447069764
752.4036132907104,165.641265418947
753.1765636604348,161.1014652498317
753.9495140301594,165.77472830137953
754.7224643998841,164.9107120866698
755.4954147696085,160.2710229003279
756.2683651393331,161.6866967489141
757.0413155090578,161.0952705181108
757.8142658787822,162.2054870869123
758.5872162485068,161.3718939516368
759.3601666182315,163.14059224260308
760.1331169879559,159.27714504006036
760.9060673576805,160.27235371551905
761.6790177274052,161.09098836995724
762.4519680971296,161.09058636375235
763.2249184668542,161.0902691117785
763.9978688365788,161.38250707607637
764.7708192063033,161.08988242251837
765.5437695760279,154.85501475454004
766.3167199457525,164.656380358592
767.089670315477,162.2352536391397
767.8626206852016,163.89813458563026
768.6355710549262,161.90920003306223
769.4085214246506,159.72210433864896
770.1814717943753,161.09096180419084
770.9544221640999,160.79841806646186
771.7273725338243,164.01270582844026
772.500322903549,161.67808543265025
773.2732732732736,161.09312401053933
774.046223642998,162.0313582478522
774.8191740127227,161.09458467899435
775.5921243824473,156.59506059528874
776.3650747521717,161.0962811962892
777.1380251218964,161.63214663494884
777.910975491621,161.0982006664133
778.6839258613454,164.80051551241414
779.45687623107,162.11298930430078
780.2298266007947,161.10146969813147
781.0027769705191,166.8702524755546
781.7757273402437,161.10389013028288
782.5486777099684,162.0233782662234
783.3216280796928,159.65810025359676
784.0945784494174,161.3238162432349
784.8675288191421,161.1092515489526
785.6404791888665,161.11069094910553
786.4134295585911,161.11216674345
787.1863799283158,155.80396258369504
787.9593302980402,161.97402219191238
788.7322806677648,155.89077000700286
789.5052310374892,159.5831442355634
790.2781814072139,161.12003520799954
791.0511317769385,161.1216955154657
791.8240821466629,164.77017073533233
792.5970325163876,157.89938721661903
793.3699828861122,161.12682065095305
794.1429332558366,155.13772439146567
794.9158836255613,163.0977273460706
795.6888339952859,161.13212825404614
796.4617843650103,154.82506084428854
797.234734734735,161.13574653364938
798.0076851044596,160.78874939943387
798.780635474184,162.25642734532906
799.5535858439086,161.05827355785883
800.3265362136333,165.8319183048474
801.0994865833577,163.0183196797289
801.8724369530823,161.1468429285412
802.645387322807,158.90247323549255
803.4183376925314,160.700901847614
804.191288062256,161.1524472072182
804.9642384319807,158.7787915032773
805.7371888017051,161.15617461047174
806.5101391714297,161.15803084133526
807.2830895411544,160.7630142937076
808.0560399108788,160.177544600208
808.8289902806034,161.16355030685696
809.6019406503281,161.16536834633686
810.3748910200525,161.16717280796757
811.1478413897771,161.16896207974779
811.9207917595018,163.15501263292973
812.6937421292262,160.70578249780783
813.4666924989508,158.71022878510718
814.2396428686754,166.25964146670825
815.0125932383999,166.43869099258524
815.7855436081245,161.17928845149476
816.5584939778491,160.55799380293712
817.3314443475736,161.1825359792134
818.1043947172982,163.8762043859236
818.8773450870228,162.53013747630368
819.6502954567472,163.66967123975783
820.4232458264719,161.02820254795824
821.1961961961965,158.73781029075403
821.9691465659209,162.44721244625438
822.7420969356456,161.1928822134964
823.5150473053702,161.19420921548974
824.2879976750946,161.79660837997645
825.0609480448193,161.19673382585665
825.8338984145439,161.1979282102275
826.6068487842683,159.39453923728666
827.379799153993,164.94210512275433
828.1527495237176,158.1531570714411
828.925699893442,161.89423583742715
829.6986502631667,159.027912210241
830.4716006328913,155.6276477758291
831.2445510026157,161.19484899944248
832.0175013723403,161.20564040151964
832.790451742065,157.06707903167518
833.5634021117894,157.59484091069774
834.336352481514,160.54085039473583
835.1093028512387,155.21987752791122
835.8822532209631,161.20855231978248
836.6552035906877,161.2089359937587
837.4281539604124,162.4191947810145
838.2011043301368,160.03103963877024
838.9740546998614,158.20817903457672
839.7470050695861,164.00200112060963
840.5199554393105,161.07190202006495
841.2929058090351,158.83891614207695
842.0658561787598,161.8204344839258
842.8388065484842,163.21936861837813
843.6117569182088,161.209045714103
844.3847072879335,153.94870278876894
845.1576576576579,157.66532331885233
845.9306080273825,163.44206549990733
846.7035583971071,168.19505048131518
847.4765087668316,157.89454499485117
848.2494591365562,161.20538863524243
849.0224095062808,162.26679850134613
849.7953598760053,160.63090456768637
850.5683102457299,161.2023104559786
851.3412606154545,159.9107153076004
852.1142109851789,167.58900633016358
852.8871613549036,156.61685052881282
853.6601117246282,161.19681249942354
854.4330620943526,161.19517838547773
855.2060124640773,161.19343719760656
855.9789628338019,161.19158732380862
856.7519132035263,161.18962715208266
857.524863573251,156.10866880908944
858.2978139429756,161.18536946684134
859.0707643127,157.9994178760183
859.8437146824247,159.57015630898306
860.6166650521493,159.7817849035708
861.3896154218737,161.1754595931642
862.1625657915984,164.44558614982878
862.935516161323,163.5802391316337
863.7084665310474,161.1667562195698
864.481416900772,165.06771721213886
865.2543672704967,159.1013024254663
866.0273176402211,161.15691508450465
866.8002680099457,159.52103198155788
867.5732183796704,161.14970074473771
868.3461687493948,163.2996622717443
869.1191191191194,165.18699058665544
869.8920694888441,157.73394396679683
870.6650198585685,160.15135733120002
871.4379702282931,161.12928332121152
872.2109205980175,166.55638347453038
872.9838709677422,163.68479572598048
