100.80645161290323,150.29761904761904
101.5794019826278,150.59356649175066
102.35235235235236,150.88747765044658
103.12530272207692,151.57102596658228
103.89825309180148,149.67934569039474
104.67120346152605,157.44034436827215
105.44415383125062,152.04274775685664
106.21710420097517,151.71908212766394
106.99005457069974,151.8333102558619
107.76300494042431,150.4949202973941
108.53595531014886,154.81656501078763
109.30890567987343,158.97482492249424
110.08185604959799,155.53450980398242
110.85480641932256,153.98593861893016
111.62775678904713,157.96297551844293
112.40070715877168,153.5751769496853
113.17365752849625,154.78809702902544
113.9466078982208,155.76987503726193
114.71955826794537,155.31264507052475
115.49250863766994,152.72689346798285
116.2654590073945,155.82900827863284
117.03840937711907,156.08411911091346
117.81135974684364,156.08215388886887
118.58431011656819,156.58819631342428
119.35726048629276,156.83716151625305
120.13021085601733,157.08407700852987
120.90316122574188,158.09571060917372
121.67611159546645,157.5717565266247
122.449061965191,157.8125193850413
123.22201233491558,160.75634120703222
123.99496270464013,158.28788838210943
124.7679130743647,158.5224933533596
125.54086344408927,156.325279839046
126.31381381381382,158.98554132278844
127.08676418353839,160.8797473816993
127.85971455326296,159.44036943678412
128.63266492298752,158.77244925694856
129.40561529271207,159.88697302574104
130.17856566243665,160.10718916407822
130.9515160321612,158.1748620630443
131.72446640188576,160.54144720996646
132.49741677161035,160.7554879501162
133.2703671413349,160.96746905680192
134.04331751105946,155.5886510434581
134.81626788078404,158.70474034997562
135.5892182505086,159.59441266956216
136.36216862023315,160.35754924841376
137.13511898995773,163.00613494963503
137.9080693596823,162.19607070693587
138.68101972940684,162.39361803575488
139.45397009913142,164.15428364360912
140.22692046885598,162.7825192004837
140.99987083858053,162.9738718689921
141.7728212083051,161.65889440356415
142.54577157802967,163.73257034464922
143.31872194775423,161.89893134944916
144.09167231747878,163.71861616430294
144.86462268720334,166.48054765905354
145.63757305692792,164.07858031291488
146.41052342665247,163.0466289849378
147.18347379637703,164.43026623602364
147.9564241661016,166.64532511632396
148.72937453582617,164.77366926402374
149.50232490555072,164.09546517471054
150.2752752752753,165.10878472730948
151.04822564499986,165.77463817708
151.82117601472441,165.43560795627528
152.594126384449,167.52905808668422
153.36707675417355,165.0034435295912
154.1400271238981,165.91028464561197
154.9129774936227,165.9920992970729
155.68592786334725,166.2163568592535
156.4588782330718,164.99270036803557
157.23182860279638,166.51412049495553
158.00477897252094,167.18272898113332
158.7777293422455,163.54983288084733
159.55067971197008,167.88756601623396
160.32363008169463,162.0677427194966
161.0965804514192,167.22214891143855
161.86953082114377,168.80728394749337
162.64248119086832,167.49079575120828
163.41543156059288,167.6219958662567
164.18838193031743,167.75111299981327
164.961332300042,167.8781465681773
165.73428266976657,169.2269570755618
166.50723303949113,169.81130987807558
167.28018340921568,168.24674004510686
168.05313377894026,166.97950077212573
168.82608414866482,168.48204050258425
169.59903451838937,168.59656042207814
170.37198488811396,170.03582802865466
171.1449352578385,168.81933672407277
171.91788562756307,170.1913683985043
172.69083599728765,170.00391340824945
173.4637863670122,169.13783357907153
174.23673673673676,169.23981883647014
175.00968710646134,169.33971294056707
175.7826374761859,167.98621143094536
176.55558784591045,168.3475289567664
177.32853821563504,169.62684249604078
178.1014885853596,169.7183661499241
178.87443895508414,169.80779573200218
179.64738932480873,173.76691197811016
180.42033969453328,163.05725947262152
181.19329006425784,170.06351421039852
181.96624043398242,168.17834092512788
182.73919080370695,170.57636918213205
183.51214117343153,165.81092598332015
184.2850915431561,170.3751197651456
185.05804191288064,170.44777575955723
185.83099228260522,178.02851521762457
186.6039426523298,177.26570515172546
187.37689302205433,169.22696371911448
188.14984339177892,168.95313793516542
188.92279376150347,170.1027150359902
189.69574413122803,170.83960546916185
190.4686945009526,170.89755393007857
191.24164487067716,172.7253799993827
192.01459524040172,171.00714003516225
192.7875456101263,171.05877651192782
193.56049597985086,171.10830782657493
194.3334463495754,171.15573339540288
195.1063967193,171.201052634711
195.87934708902455,171.24426496079852
196.6522974587491,170.73396835661728
197.4252478284737,171.96010344330998
198.19819819819824,167.48011410109677
198.9711485679228,173.23346574882459
199.74409893764738,171.4287024634035
200.51704930737193,171.4592610524531
201.2899996770965,171.48770864237716
202.06295004682107,171.51404464947512
202.8359004165456,172.85764205060457
203.60885078627018,172.57494419695007
204.38180115599476,173.3826127283253
205.1547515257193,171.59826117559146
205.92770189544387,166.35761322478203
206.70065226516846,171.62768476547456
207.47360263489298,172.464327322977
208.24655300461757,169.2706610431242
209.01950337434212,173.26909114400615
209.79245374406668,176.65919994936903
210.56540411379126,171.66420932262676
211.33835448351581,172.30338689821912
212.11130485324037,171.8465273848192
212.88425522296495,171.66070567970914
213.6572055926895,171.65529790033094
214.43015596241406,171.6477691989154
215.20310633213865,167.59314654980284
215.9760567018632,179.44474840923164
216.74900707158776,165.67768850989566
217.52195744131234,171.5964334988658
218.2949078110369,171.57829143175303
219.06785818076145,170.16234876704033
219.84080855048603,171.97974397849353
220.61375892021059,171.51111635016275
221.38670928993514,171.48447308387966
222.15965965965972,171.4557030585522
222.93261002938428,171.08465824493456
223.70556039910883,174.84263697558652
224.47851076883342,173.06429456772912
225.25146113855794,174.56171989695733
226.02441150828253,171.27993111672552
226.7973618780071,171.12973259099067
227.57031224773164,173.04708952740313
228.34326261745622,167.91943375713095
229.11621298718077,171.10097236299475
229.88916335690536,172.4978337172817
230.6621137266299,168.43498691059196
231.43506409635447,170.9443630821102
232.20801446607902,170.88789207244275
232.9809648358036,170.82928613192115
233.75391520552816,170.76854467684473
234.5268655752527,170.7056671235128
235.2998159449773,169.34794739405606
236.07276631470185,170.57350131015457
236.8457166844264,170.5042014221653
237.618667054151,171.67835855830202
238.39161742387554,165.11284727059464
239.1645677936001,170.28308683448677
239.93751816332468,170.20486376126985
240.71046853304924,163.73002045811046
241.4834189027738,167.46569183955745
242.25636927249835,171.24537028252735
243.02931964222293,167.71695082325553
243.80227001194748,172.89955282016376
244.57522038167204,170.284213823183
245.34817075139662,169.9019008710005
246.12112112112118,169.77696830340835
246.89407149084573,169.39257205142633
247.66702186057032,167.3516351795895
248.43997223029487,167.90815834178548
249.21292260001943,170.04966602044186
249.985872969744,168.9648676018526
250.75882333946856,168.851133056244
251.53177370919312,166.39598720932278
252.30472407891767,168.61525604938544
253.07767444864226,168.49304564648318
253.8506248183668,170.98043105565088
254.62357518809137,168.10079181693416
255.39652555781595,172.44159261406114
256.1694759275405,172.87894915627848
256.94242629726506,166.4343661583446
257.71537666698964,167.69783647440096
258.48832703671417,167.55466009223176
259.26127740643875,170.21183629376137
260.03422777616333,167.25888028746755
260.80717814588786,169.47973163799549
261.58012851561244,164.82650552146498
262.353078885337,167.32874602129527
263.12602925506155,165.12536109091687
263.89897962478614,163.5061423107514
264.6719299945107,166.29367865028578
265.44488036423525,172.2933181391547
266.21783073395983,159.15570535596356
266.9907811036844,165.76559877542542
267.76373147340894,170.81111195717114
268.5366818431335,165.39607863212447
269.3096322128581,163.9840575026658
270.08258258258263,165.01226791306425
270.8555329523072,159.27891976571055
271.6284833220318,167.3884160142353
272.4014336917563,164.40916251546764
273.1743840614809,168.65784950338943
273.9473344312055,163.26205893142267
274.72028480093,167.40432101742587
275.4932351706546,164.29703785923905
276.2661855403792,156.54819948946076
277.0391359101037,163.10098706006298
277.8120862798283,160.5512472112443
278.5850366495529,161.1022918729171
279.3579870192774,166.56311656806943
280.130937389002,158.3632571827905
280.90388775872657,161.9026283632102
281.6768381284511,163.95220219106406
282.4497884981757,157.79308460563033
283.22273886790026,161.4600399073585
283.9956892376248,164.21222307223064
284.7686396073493,160.60136523740206
285.54158997707395,158.74821680791166
286.3145403467985,160.05109556383917
287.087490716523,156.69839872745936
287.86044108624765,159.48340999851123
288.6333914559722,160.11809775624224
289.4063418256967,158.89803677480907
290.17929219542134,155.98506453045627
290.95224256514587,152.58201374882506
291.7251929348704,157.9862180903465
292.49814330459503,161.9822361960869
293.27109367431956,157.35547365053577
294.0440440440441,157.0332993131072
294.81699441376867,156.7067096557567
295.58994478349325,156.37579687614402
296.3628951532178,158.96169735357998
297.13584552294236,152.14465479627137
297.90879589266694,151.1069621526254
298.68174626239147,151.08084832068602
299.45469663211605,154.65961306223866
300.22764700184064,154.97009191266073
301.00059737156516,153.94610459893192
301.77354774128975,154.3290021718612
302.54649811101433,157.54219326127486
303.31944848073886,152.84918084073857
304.09239885046344,152.47679876178412
304.865349220188,152.10119993248435
305.63829958991255,151.72247655049884
306.41124995963713,148.92987261339866
307.1842003293617,147.57432529727905
307.95715069908624,150.5684810650255
308.7301010688108,150.17818144889452
309.5030514385354,146.63584222450976
310.27600180825993,148.08813194009753
311.0489521779845,147.85121917100275
311.8219025477091,148.59126931709747
312.5948529174336,148.18857385562862
313.3678032871582,143.92579280233025
314.1407536568828,147.3766674020853
314.9137040266073,146.96764080533043
315.6866543963319,146.55668822546633
316.4596047660565,146.14390186015265
317.232555135781,146.02272986119152
318.0055055055056,145.31319656381598
318.7784558752302,144.8954620281123
319.5514062449547,147.37772311395307
320.3243566146793,144.055690169933
321.0973069844039,142.67022360589428
321.8702573541284,143.2107959137893
322.643207723853,144.30178410699722
323.41615809357756,142.13802570742635
324.1891084633021,140.23347972193696
324.9620588330266,144.99032840463093
325.73500920275126,139.16153200509422
326.5079595724758,136.7669937767262
327.2809099422003,141.3793458650039
328.05386031192495,139.55815109120692
328.8268106816495,139.36515847521372
329.599761051374,135.8817349952357
330.37271142109864,138.50526904759818
331.14566179082317,138.0751457592757
331.9186121605477,137.64502199114395
332.69156253027234,137.21498667060337
333.46451289999686,138.0564823656552
334.2374632697214,136.3555370818977
335.010413639446,133.70903921601516
335.78336400917055,135.4975084123623
336.5563143788951,136.15523886171962
337.32926474861966,138.05001120402937
338.10221511834425,134.2146858610115
338.8751654880688,129.86963021581963
339.64811585779336,133.36332194841776
340.42106622751794,127.9894212814655
341.19401659724247,127.39026779651215
341.96696696696705,132.0938313099965
342.73991733669163,131.673038201583
343.51286770641616,131.25357852436716
344.28581807614074,130.8355412057493
345.0587684458653,130.41901517312994
345.83171881558985,130.00408935390956
346.60466918531444,134.7435625629524
347.377619555039,126.95564898803818
348.15056992476354,128.76980245064652
348.9235202944881,125.92517191704205
349.6964706642127,127.95657591780753
350.46942103393724,125.24241176560986
351.2423714036618,122.29752342365641
352.0153217733864,129.0006481346459
352.78827214311093,126.12992924566163
353.5612225128355,125.9624069267473
354.3341728825601,125.5709526633453
355.1071232522846,125.18216574214767
355.8800736220092,118.6160438413329
356.6530239917338,124.41294963596742
357.4259743614583,124.03269830578571
358.1989247311829,123.65547002741023
358.9718751009075,121.41833542058876
359.744825470632,122.91043833567977
360.5177758403566,122.5428127771257
361.2907262100811,120.23902872948199
362.0636765798057,122.16734406057469
362.8366269495303,121.46056437951349
363.6095773192548,123.01920254513348
364.3825276889794,120.75714495348498
365.155478058704,120.41112587438596
365.9284284284285,122.45371443456023
366.7013787981531,115.70428790829084
367.47432916787767,117.792778916074
368.2472795376022,119.06706209010214
369.0202299073268,116.66705670952753
369.79318027705136,118.42028270083392
370.5661306467759,114.56787040138813
371.3390810165005,115.37886656452615
372.11203138622506,118.50234870198898
372.8849817559496,117.18078602406315
373.65793212567417,116.8826935359076
374.43088249539875,116.58949157496785
375.2038328651233,116.30126906864434
375.97678323484786,116.01811494433747
376.74973360457244,115.74011812944778
377.52268397429697,115.46736755137566
378.29563434402155,111.92399727919936
379.06858471374613,114.937960815286
379.84153508347066,115.34179688648581
380.61448545319524,106.47613187220307
381.3874358229198,115.66803664167567
382.16038619264435,116.05509806009051
382.93333656236894,113.71247803740167
383.70628693209346,109.63991441667177
384.47923730181805,112.13859100808426
385.25218767154263,109.7736369855093
386.02513804126716,112.83875501184029
386.79808841099174,112.63568986581267
387.5710387807163,113.14443348281684
388.34398915044085,112.24782059271236
389.11693952016543,113.71104638126066
389.88988988989,111.88399227683132
390.66284025961454,117.47009786448012
391.4357906293391,110.27376656072238
392.2087409990637,111.3825205441545
392.98169136878823,111.22698459006851
393.7546417385128,115.49139354753153
394.5275921082374,109.41755776681492
395.3005424779619,113.90781234370529
396.0734928476865,110.66171895220702
396.8464432174111,111.34570175104282
397.6193935871356,110.41256819745264
398.3923439568602,106.92441458500109
399.1652943265848,110.18524750992964
399.9382446963093,107.54294364372392
400.7111950660339,109.97938840797333
401.4841454357585,108.89194807691428
402.257095805483,109.79462240991907
403.0300461752076,108.84138041875644
403.8029965449321,109.63058103410225
404.5759469146567,109.55621692901263
405.3488972843813,110.05734248142514
406.1218476541058,111.27866782555225
406.8947980238304,109.36319822252213
407.667748393555,108.9398500637309
408.4406987632795,109.25911982342954
409.2136491330041,108.65163342506392
409.98659950272867,109.17429211991575
410.7595498724532,109.13898212848069
411.5325002421778,109.10834663031608
412.30545061190236,113.92591858664002
413.0784009816269,113.54599971694111
413.85135135135147,110.85472831861165
414.62430172107605,109.0316283662005
415.3972520908006,109.02367443126691
416.17020246052516,113.34984341727667
416.94315283024974,109.57407076773272
417.71610319997427,111.22939464054814
418.48905356969885,111.81305031032261
419.26200393942344,109.04895553276664
420.03495430914796,105.06898666031692
420.80790467887255,107.70920381943269
421.58085504859713,109.11450664710974
422.35380541832166,106.50130106395233
423.12675578804624,105.22309566576799
423.89970615777077,109.21632461466854
424.67265652749535,107.98137101976539
425.44560689721993,103.59032695341119
426.21855726694446,111.28621717154337
426.99150763666904,109.40634753337207
427.7644580063936,109.46323648581998
428.53740837611815,105.96576141352782
429.31035874584273,109.81581501438626
430.0833091155673,109.65568611448724
430.85625948529184,109.72694338045724
431.6292098550164,109.8016775742876
432.402160224741,109.87984263577016
433.17511059446554,111.17270519165974
433.9480609641901,112.40137793026244
434.7210113339147,108.24794378610737
435.49396170363923,110.22589035406112
436.2669120733638,112.463291616792
437.0398624430884,110.41830185370996
437.8128128128129,110.5191933029319
438.5857631825375,109.8606900073308
439.3587135522621,110.73011729913044
440.1316639219866,107.74538384941083
440.9046142917112,109.12382026518432
441.6775646614358,111.06866513469367
442.4505150311603,111.7921304932464
443.2234654008849,111.3086008834852
443.9964157706095,104.72279926169173
444.769366140334,112.1348979794276
445.5423165100586,112.01934440419183
446.3152668797831,119.30021088708102
447.0882172495077,112.40692527713765
447.8611676192323,112.09269335194533
448.6341179889568,112.23226672605796
449.4070683586814,115.64305802382485
450.18001872840597,110.16887178999073
450.9529690981305,112.66530786601024
451.7259194678551,113.74461845432899
452.49886983757966,109.66475552163914
453.2718202073042,113.11886326801418
454.04477057702877,112.32616434127728
454.81772094675335,113.43201621216002
455.5906713164779,115.26597052064011
456.36362168620246,120.44822966559022
457.13657205592705,113.91699843843196
457.9095224256516,115.17686042370514
458.68247279537616,110.57451986050802
459.45542316510074,113.54544089428215
460.22837353482527,114.59017879015428
461.00132390454985,114.7629056284881
461.77427427427443,114.93731304656703
462.54722464399896,110.25717868728384
463.32017501372354,115.29098538112795
464.0931253834481,115.4701581771938
464.86607575317265,115.6508273121724
465.63902612289723,114.56639439285844
466.41197649262176,116.0164703580357
467.18492686234634,116.20135214850423
467.9578772320709,116.38754603705323
468.73082760179545,114.27183286907128
469.50377797152004,115.80098044922266
470.2767283412446,114.92236013914854
471.04967871096915,115.97113519215051
471.82262908069373,119.04976683374306
472.5955794504183,116.61712450465726
473.36852982014284,115.940249581984
474.1414801898674,117.91880594287585
474.914430559592,120.30331029875549
475.68738092931653,118.3115945641813
476.4603312990411,118.5093201169417
477.2332816687657,118.70791368472123
478.0062320384902,112.70408523110339
478.7791824082148,119.10764642617997
479.5521327779394,119.3087563802803
480.3250831476639,116.32911076730869
481.0980335173885,117.88619223486951
481.8709838871131,120.32448639721649
482.6439342568376,122.25005066899791
483.4168846265622,118.90721595221905
484.1898349962868,121.44599035819766
484.9627853660113,121.64968825671467
485.7357357357359,121.79538759704597
486.5086861054604,121.15342370621275
487.281636475185,122.17484483986514
488.0545868449096,122.74443411376076
488.8275372146341,121.73081146789502
489.6004875843587,122.05372260414778
490.3734379540833,127.23868580788027
491.1463883238078,123.49966694838412
491.9193386935324,121.59395350590391
492.69228906325696,122.83956911859391
493.4652394329815,123.05301614041461
494.2381898027061,126.30027550152747
495.01114017243066,130.013673030961
495.7840905421552,122.31561402633189
496.55704091187977,123.9121241263175
497.32999128160435,128.09190433853888
498.1029416513289,126.54733233127396
498.87589202105346,124.56163193519119
499.64884239077804,120.0918518418844
500.42179276050257,123.42275371685798
501.19474313022715,124.69626738917408
501.96769349995174,122.20762153901572
502.74064386967626,130.2058083141597
503.51359423940085,124.99143191067148
504.28654460912543,126.98716461146108
505.05949497884995,127.15856312281193
505.83244534857454,125.61223184548777
506.6053957182991,126.75332366985205
507.37834608802365,125.81533572806231
508.15129645774823,125.94829764471365
508.92424682747276,127.41731148367292
509.69719719719734,129.4187729702884
510.4701475669219,127.0814053646613
511.24309793664645,128.08358893225721
512.016048306371,124.06415798505806
512.7889986760956,127.62209196348854
513.5619490458201,125.30010758172395
514.3348994155447,128.10925757877942
515.1078497852693,129.19806803925715
515.8808001549938,129.42143487645612
516.6537505247184,122.89409430847499
517.426700894443,122.91846949988827
518.1996512641675,130.09221444344092
518.972601633892,133.93005172176993
519.7455520036167,134.70845234830472
520.5185023733412,130.73869081004236
521.2914527430657,130.98762622985342
522.0644031127904,129.30637061392207
522.8373534825149,131.4355144456066
523.6103038522394,138.6136908531615
524.3832542219641,129.96363909906972
525.1562045916886,132.1072459521576
525.9291549614131,127.38866907038405
526.7021053311378,127.11661078504056
527.4750557008623,132.97486321518915
528.2480060705868,138.0762286056066
529.0209564403115,133.22555563156973
529.793906810036,133.44889965462124
530.5668571797605,131.6260376345189
531.3398075494852,136.83911169710112
532.1127579192097,135.24928517491216
532.8857082889342,134.34072904440958
533.6586586586589,139.4326996460211
534.4316090283834,134.61180774272736
535.2045593981079,135.00756869729787
535.9775097678325,135.22504595049176
536.7504601375571,134.25711860410382
537.5234105072816,135.67225670783304
538.2963608770062,135.24678339843612
539.0693112467308,138.67633526073516
539.8422616164553,137.37723087489383
540.6152119861799,136.5545908235628
541.3881623559045,136.77439413281223
542.161112725629,135.84783139639075
542.9340630953536,139.9996389489136
543.7070134650781,142.25073993837296
544.4799638348027,144.02774055359302
545.2529142045273,137.86812311287147
546.0258645742518,138.97050085192708
546.7988149439764,138.24137879263088
547.571765313701,138.5196939493314
548.3447156834255,138.73603371978467
549.1176660531501,139.46212440351906
549.8906164228747,133.00810660604557
550.6635667925992,138.83910753766722
551.4365171623238,142.03210689164058
552.2094675320484,138.91317148020497
552.9824179017729,137.2922085657196
553.7553682714974,140.23726016641012
554.5283186412221,140.44969673830823
555.3012690109466,140.66159084805878
556.0742193806711,140.8729303707
556.8471697503958,139.82521665833454
557.6201201201203,138.13488426875804
558.3930704898448,140.67621973724508
559.1660208595695,141.71250009093555
559.938971229294,141.92088480360303
560.7119215990185,149.57473905650065
561.4848719687432,142.22360850833624
562.2578223384677,144.33548098175677
563.0307727081922,142.74802903585322
563.8037230779169,142.65570401097304
564.5766734476414,139.1609909436401
565.3496238173659,143.58934129733697
566.1225741870905,143.56435988046493
566.8955245568151,143.76666206258585
567.6684749265396,148.14272699256506
568.4414252962642,143.63658951356072
569.2143756659888,142.45504230046504
569.9873260357133,144.56838492608694
570.7602764054379,146.8050059878928
571.5332267751623,144.86579625695
572.306177144887,146.23579143838865
573.0791275146116,145.35754840744943
573.852077884336,145.5001905192102
574.6250282540607,143.87264085327809
575.3979786237853,145.8497896701194
576.1709289935097,145.4629709131964
576.9438793632344,149.16349545200637
577.716829732959,145.7521676678722
578.4897801026834,144.78907795007265
579.2627304724081,146.8950932335358
580.0356808421327,146.7509247885981
580.8086312118571,147.2131607432108
581.5815815815818,147.45665337449955
582.3545319513064,147.64192258314836
583.1274823210308,140.54561907694017
583.9004326907555,147.55811275075052
584.6733830604801,145.72417934666714
585.4463334302045,148.37308856039968
586.2192837999291,148.55334171556748
586.9922341696538,142.2864116150863
587.7651845393782,148.9107171441965
588.5381349091028,149.08781516773405
589.3110852788275,149.2939666900837
590.0840356485519,145.12000184180897
590.8569860182765,150.023399080586
591.629936388001,150.0337358204432
592.4028867577256,143.10096807619635
593.1758371274502,150.12738376548845
593.9487874971747,154.50447021197766
594.7217378668993,150.46484628242942
595.4946882366239,150.48401837852026
596.2676386063484,147.4736289106602
597.040588976073,150.96221254422525
597.8135393457976,148.40955246616724
598.5864897155221,151.14276142534106
599.3594400852467,151.44869479059884
600.1323904549713,151.60838028614114
600.9053408246958,156.07672465886844
601.6782911944204,148.99754868626334
602.451241564145,149.6000734229859
603.2241919338695,148.07222524944433
603.997142303594,152.3876977412041
604.7700926733187,157.21646197934254
605.5430430430432,152.69028038003967
606.3159934127677,152.83956369749822
607.0889437824924,155.33093088566784
607.8618941522169,153.13405370368764
608.6348445219414,156.2985921931625
609.4077948916661,157.0029564991271
610.1807452613906,153.5654152667256
610.9536956311151,159.6206342910999
611.7266460008398,155.5125072730482
612.4995963705643,154.23529519639467
613.2725467402888,154.1206910027209
614.0454971100135,154.25588035101208
614.8184474797381,154.3895936150966
615.5913978494625,154.5218186700126
616.3643482191871,154.65254339079837
617.1372985889118,157.7102905708108
617.9102489586362,150.06376957354473
618.6831993283608,153.04535712366484
619.4561496980855,155.16019643340232
620.2291000678099,155.28323760910948
621.0020504375345,163.07615880058296
621.775000807259,158.6334009890414
622.5479511769836,155.64287413297708
623.3209015467082,155.75955054153454
624.0938519164326,157.59722423577884
624.8668022861573,158.70566330723295
625.6397526558819,156.09995621520287
626.4127030256063,158.62846902131562
627.185653395331,156.31898105415965
627.9586037650556,156.42615251197205
628.73155413478,153.99425811288813
629.5045045045047,155.69591260991893
630.2774548742293,156.73843392426744
631.0504052439537,156.83948643174162
631.8233556136784,151.1971032303581
632.596305983403,157.03709494451462
633.3692563531274,157.13367276406723
634.142206722852,157.9297751075771
634.9151570925767,159.23074298236588
635.6881074623011,156.75519171525218
636.4610578320257,157.5053956296785
637.2340082017504,154.8425026945799
638.0069585714748,155.01812112061356
638.7799089411994,163.45777434082854
639.5528593109241,159.51268607927233
640.3258096806485,156.8826017617034
641.0987600503731,159.4359447131356
641.8717104200978,158.1014249535292
642.6446607898222,158.1810856628137
643.4176111595468,159.35724569608803
644.1905615292715,158.8771118603127
644.9635118989959,158.41207824198847
645.7364622687205,162.02186082975962
646.5094126384452,158.55952440880804
647.2823630081696,156.6297440146427
648.0553133778942,158.70183326670752
648.8282637476188,158.7710884726294
649.6012141173433,155.84092628512198
650.3741644870679,158.90585497405172
651.1471148567925,158.97138808380595
651.920065226517,158.59011906005657
652.6930155962416,160.47773075845996
653.4659659659662,155.76431464765545
654.2389163356906,157.82071038896066
655.0118667054153,160.93596355396187
655.7848170751399,156.95445064037057
656.5577674448643,159.39660188606294
657.330717814589,158.76514640009137
658.1036681843136,161.6428668170204
658.876618554038,159.561480211496
659.6495689237627,159.61420548407088
660.4225192934873,159.66583185057252
661.1954696632117,163.20389351463947
661.9684200329364,159.7658314938634
662.741370402661,159.8142265849064
663.5143207723854,159.86156639838367
664.2872711421101,159.9078618414219
665.0602215118347,161.26954550158501
665.8331718815591,163.0455758048834
666.6061222512838,160.0405910191718
667.3790726210084,165.36921995202076
668.1520229907328,161.02195341494755
668.9249733604574,162.94955293017526
669.6979237301821,166.5847280945144
670.4708740999065,160.2419369051507
671.2438244696311,160.27932383494766
672.0167748393558,160.31577546557432
672.7897252090802,152.58222329665608
673.5626755788048,160.38591645782435
674.3356259485295,160.41962763370145
675.1085763182539,160.4524471389158
675.8815266879785,159.88658217129654
676.6544770577032,160.51545476586355
677.4274274274276,160.5456647018507
678.2003777971522,160.5750265956826
678.9733281668769,160.60355135448606
679.7462785366013,159.22472954791866
680.5192289063259,162.478310593491
681.2921792760505,159.5000892908103
682.065129645775,155.8448266954275
682.8380800154996,160.73399987251688
683.6110303852242,160.75773087081384
684.3839807549487,160.25919745114496
685.1569311246733,157.95651112278424
685.9298814943979,158.04547918121352
686.7028318641223,160.84515608386678
687.475782233847,154.40348576847035
688.2487326035716,165.6041465278188
689.021682973296,163.24027317008301
689.7946333430207,160.92110679079332
690.5675837127453,162.77612919447088
691.3405340824697,159.64489884550974
692.1134844521944,160.97095960072718
692.886434821919,160.98628104771305
693.6593851916434,154.41520323188834
694.4323355613681,161.0150451499577
695.2052859310927,158.69011148762107
695.9782363008171,160.91452038754014
696.7511866705418,163.95438032626635
697.5241370402664,161.06536358709138
698.2970874099908,161.07650478641574
699.0700377797154,154.89745577775884
699.8429881494401,161.09713744300169
700.6159385191645,161.10665071451703
701.3888888888891,161.11564315768308
702.1618392586138,162.75532765017095
702.9347896283382,153.75216691278362
703.7077399980628,161.41649003653322
704.4806903677875,161.14662278939198
705.2536407375119,161.137075998835
706.0265911072365,161.15927122044926
706.7995414769609,156.7372944617751
707.5724918466856,167.18812152472063
708.3454422164102,161.17493754639338
709.1183925861346,159.80142182254383
709.8913429558593,155.6269833288144
710.6642933255839,161.24663283518603
711.4372436953083,161.19011228178263
712.210194065033,161.19295837637992
712.9831444347576,160.48897762867426
713.756094804482,161.1975898083627
714.5290451742067,166.1865264740224
715.3019955439313,165.52994227554262
716.0749459136557,161.20204867021005
716.8478962833804,161.20291504303285
717.620846653105,161.20348963717055
718.3937970228294,161.20378335975013
719.166747392554,164.97669071841554
719.9396977622787,162.34653026054244
720.7126481320031,163.00653164841654
721.4855985017277,161.20236767702391
722.2585488714524,161.05204273075995
723.0314992411768,161.2072753762654
723.8044496109014,160.5772112317088
724.5773999806261,161.19733061951615
725.3503503503505,161.19558731878112
726.1233007200751,161.80952701406244
726.8962510897998,159.97837902169832
727.6692014595242,161.1893702433465
728.4421518292488,164.85014848642209
729.2151021989735,157.54652819569614
729.9880525686979,161.58412847100038
730.7610029384225,158.55632511951057
731.5339533081471,161.1763723011356
732.3069036778716,157.58348754431267
733.0798540475962,161.17050497144126
733.8528044173208,161.16747175949942
734.6257547870453,161.88033657228328
735.3987051567699,161.16126077706076
736.1716555264945,160.5790146983593
736.944605896219,161.15492976406117
737.7175562659436,155.0174518337027
738.4905066356682,161.14856597751563
739.2634570053926,161.14539906198033
740.0364073751173,163.31200385751242
740.8093577448419,161.1391497220189
741.5823081145663,159.20095299909352
742.355258484291,161.13308575104895
743.1282088540156,159.6447789298102
743.90115922374,163.6339262648319
744.6741095934647,161.124528236173
745.4470599631893,161.12186294414295
746.2200103329137,161.1193093645855
746.9929607026384,161.11687375348487
747.765911072363,161.11455513664163
748.5388614420874,166.1119780043912
749.311811811812,161.1102624377216
750.0847621815367,162.28048537033558
750.8577125512611,161.1064183718148
751.6306629209857,161.1046605462382
752.4036132907104,162.84170176036002
753.1765636604348,161.1014652498317
753.9495140301594,159.1254668291719
754.7224643998841,161.39853415853307
755.4954147696085,159.8846068164276
756.2683651393331,163.05416251343024
757.0413155090578,161.0952705181108
757.8142658787822,160.14225457766554
758.5872162485068,166.60292734133742
759.3601666182315,161.09271903397092
760.1331169879559,159.47065089654822
760.9060673576805,161.0914767423944
761.6790177274052,159.1121432162308
762.4519680971296,162.56011179753565
763.2249184668542,163.20439397931153
763.9978688365788,158.8171970126213
764.7708192063033,161.08988242251837
765.5437695760279,161.3145515813084
766.3167199457525,161.08981540616645
767.089670315477,161.08989774532773
767.8626206852016,158.55765103618643
768.6355710549262,161.09028605831836
769.4085214246506,164.26842404282291
770.1814717943753,161.09096180419084
770.9544221640999,161.0914034344545
771.7273725338243,160.93929090654612
772.500322903549,163.61284089969917
773.2732732732736,165.6827902789117
774.046223642998,161.09382405766124
774.8191740127227,161.09458467899435
775.5921243824473,162.01077779479849
776.3650747521717,160.3868817461866
777.1380251218964,159.27488804688278
777.910975491621,158.06512888392243
778.6839258613454,161.0992399787831
779.45687623107,161.1003301933562
780.2298266007947,161.10146969813147
781.0027769705191,161.10265688110744
781.7757273402437,161.10389013028288
782.5486777099684,161.10516783365642
783.3216280796928,158.51124891726758
784.0945784494174,161.10785015499258
784.8675288191421,161.1092515489526
785.6404791888665,161.11069094910553
786.4134295585911,161.13853705325025
787.1863799283158,161.11367731998467
787.9593302980402,158.24063294278727
788.7322806677648,161.11679637161953
789.5052310374892,162.52307531546708
790.2781814072139,157.85203814307042
791.0511317769385,155.49236161294337
791.8240821466629,161.1233809331142
792.5970325163876,162.19974739910836
793.3699828861122,157.93547812105348
794.1429332558366,161.1285717271408
794.9158836255613,161.13034146550558
795.6888339952859,161.13212825404614
796.4617843650103,156.16548373964062
797.234734734735,157.29456227398202
798.0076851044596,162.1601854213244
798.780635474184,161.13941366994
799.5535858439086,162.52563901166525
800.3265362136333,167.09214961354303
801.0994865833577,161.14497777064162
801.8724369530823,157.78744411138788
802.645387322807,161.14871062860465
803.4183376925314,168.45055197701683
804.191288062256,162.2641636305219
804.9642384319807,161.15431286176562
805.7371888017051,161.15617461047174
806.5101391714297,161.15803084133526
807.2830895411544,161.15987994235485
808.0560399108788,156.71862863536097
808.8289902806034,159.43441402115718
809.6019406503281,161.16536834633686
810.3748910200525,161.16717280796757
811.1478413897771,159.24317526848537
811.9207917595018,164.63565564803116
812.6937421292262,158.3482170060142
813.4666924989508,162.18673332715986
814.2396428686754,155.5328111062738
815.0125932383999,161.17762417084518
815.7855436081245,161.5672064477327
816.5584939778491,162.9655603740754
817.3314443475736,163.00689227481215
818.1043947172982,161.23233692395422
818.8773450870228,161.18566471548283
819.6502954567472,156.53919719494988
820.4232458264719,159.09105762541768
821.1961961961965,161.19010687589636
821.9691465659209,161.1915142296315
822.7420969356456,156.45622643475852
823.5150473053702,164.54801197583973
824.2879976750946,161.96311569001827
825.0609480448193,161.19673382585665
825.8338984145439,161.1979282102275
826.6068487842683,157.03550176439524
827.379799153993,161.20017307733758
828.1527495237176,161.20122033607413
828.925699893442,160.42219744780542
829.6986502631667,161.20315644390377
830.4716006328913,164.48526698547755
831.2445510026157,155.46808084677411
832.0175013723403,168.00858409136507
832.790451742065,158.53774267763347
833.5634021117894,161.2069974304959
834.336352481514,161.20758142614977
835.1093028512387,161.20810025991244
835.8822532209631,162.6951173902063
836.6552035906877,161.0966697506865
837.4281539604124,168.76697485450563
838.2011043301368,161.20949173602418
838.9740546998614,162.56233532106285
839.7470050695861,165.24564471105128
840.5199554393105,161.20977215518545
841.2929058090351,161.2097116617708
842.0658561787598,161.20957149845304
842.8388065484842,161.20935005323088
843.6117569182088,157.41239741956826
844.3847072879335,161.20865686906814
845.1576576576579,161.20818190612493
845.9306080273825,161.20761921327207
846.7035583971071,162.65957743555035
847.4765087668316,161.20622418983214
848.2494591365562,161.94513616551035
849.0224095062808,163.13737234094773
849.7953598760053,161.203433380317
850.5683102457299,161.2023104559786
851.3412606154545,161.20108851772142
852.1142109851789,159.91223098697586
852.8871613549036,162.4698688928876
853.6601117246282,163.06737940746658
854.4330620943526,161.19517838547773
855.2060124640773,156.8497341356294
855.9789628338019,158.21229195196065
856.7519132035263,161.18962715208266
857.524863573251,161.18755507042732
858.2978139429756,159.68142964312347
859.0707643127,160.0188240243328
859.8437146824247,163.48330044393177
860.6166650521493,161.51478359760452
861.3896154218737,157.42741034768417
862.1625657915984,161.57424853589598
862.935516161323,161.16978161270737
863.7084665310474,161.4511204392478
864.481416900772,161.16360440849098
865.2543672704967,160.06005797202172
866.0273176402211,161.15691508450465
866.8002680099457,161.1533743475944
867.5732183796704,163.00916620242992
868.3461687493948,163.34140722922243
869.1191191191194,161.33925088130238
869.8920694888441,157.75599674558035
870.6650198585685,161.13364543382013
871.4379702282931,156.34635165980288
872.2109205980175,163.2168732185504
872.9838709677422,161.12012987012986
