100.80645161290323,150.29761904761904
101.5794019826278,150.59356649175066
102.35235235235236,150.06250387297754
103.12530272207692,145.1893576434156
103.89825309180148,149.10561504933904
104.67120346152605,149.4167506700583
105.44415383125062,153.04689211376964
106.21710420097517,153.16414150051497
106.99005457069974,154.34869187316124
107.76300494042431,156.7728727692966
108.53595531014886,151.73149686041737
109.30890567987343,153.44094892347735
110.08185604959799,157.57945532250494
110.85480641932256,151.594596246205
111.62775678904713,152.9718033144272
112.40070715877168,151.7036195792932
113.17365752849625,154.78809702902544
113.9466078982208,154.52225597087946
114.71955826794537,155.70849990276315
115.49250863766994,156.11602323188515
116.2654590073945,155.82900827863284
117.03840937711907,154.0571464332372
117.81135974684364,156.33718198374416
118.58431011656819,156.5847666330843
119.35726048629276,156.83716151625305
120.13021085601733,157.08407700852987
120.90316122574188,157.328942206554
121.67611159546645,157.5717565266247
122.449061965191,157.9797295320375
123.22201233491558,156.7327759637201
123.99496270464013,158.28788838210943
124.7679130743647,155.99581793563607
125.54086344408927,156.32440581001052
126.31381381381382,158.98554132278844
127.08676418353839,158.2881683977441
127.85971455326296,158.24434927459515
128.63266492298752,159.6646995887428
129.40561529271207,159.88697302574104
130.17856566243665,161.20262606587613
130.9515160321612,160.23500716323187
131.72446640188576,160.54144720996646
132.49741677161035,160.7554879501162
133.2703671413349,160.96746905680192
134.04331751105946,154.67958579665117
134.81626788078404,164.4883207077713
135.5892182505086,157.1833134870696
136.36216862023315,161.79478547489228
137.13511898995773,161.85234892971312
137.9080693596823,163.2487326760965
138.68101972940684,158.93499775147978
139.45397009913142,161.43976396004402
140.22692046885598,166.44663054755424
140.99987083858053,165.09248332859437
141.7728212083051,170.39112636397002
142.54577157802967,164.61408525110977
143.31872194775423,163.53553121468508
144.09167231747878,163.71861616430294
144.86462268720334,168.61969477418168
145.63757305692792,164.07858031291488
146.41052342665247,167.8928789142948
147.18347379637703,162.44658362366894
147.9564241661016,172.32326256091616
148.72937453582617,165.01855000815377
149.50232490555072,170.692807449011
150.2752752752753,165.10878472730948
151.04822564499986,161.03763114071705
151.82117601472441,165.43560795627528
152.594126384449,165.59590852363652
153.36707675417355,165.75413428131563
154.1400271238981,164.2780523343594
154.9129774936227,167.00680583186997
155.68592786334725,166.2163568592535
156.4588782330718,167.32523365729995
157.23182860279638,169.39611514407142
158.00477897252094,165.39508042087232
158.7777293422455,162.53442996738485
159.55067971197008,163.7292213858263
160.32363008169463,173.7600308459459
161.0965804514192,167.22214891143855
161.86953082114377,161.16002177391104
162.64248119086832,167.49079575120828
163.41543156059288,168.16531374022352
164.18838193031743,167.75111299981327
164.961332300042,173.1494191445432
165.73428266976657,168.003095987648
166.50723303949113,168.12596067452478
167.28018340921568,168.24674004510686
168.05313377894026,169.88632133210828
168.82608414866482,168.48204050258425
169.59903451838937,168.59656042207814
170.37198488811396,168.70899269047453
171.1449352578385,170.79659611521078
171.91788562756307,170.9756150232903
172.69083599728765,169.033757752072
173.4637863670122,169.13783357907153
174.23673673673676,167.82648675931367
175.00968710646134,169.33971294056707
175.7826374761859,169.4375153076616
176.55558784591045,169.53322535405306
177.32853821563504,169.62684249604078
178.1014885853596,170.69226604574368
178.87443895508414,170.69749227830783
179.64738932480873,169.89513065857446
180.42033969453328,169.98037034594012
181.19329006425784,170.06351421039852
181.96624043398242,170.144561668249
182.73919080370695,170.22351213579077
183.51214117343153,170.30036502932327
184.2850915431561,168.96010637399834
185.05804191288064,170.44777575955723
185.83099228260522,170.51833242885738
186.6039426523298,163.84188544762893
187.37689302205433,170.65314545732056
188.14984339177892,170.71740064908215
188.92279376150347,170.7795541809295
189.69574413122803,170.83960546916185
190.4686945009526,170.89755393007857
191.24164487067716,173.25897984060333
192.01459524040172,173.0968277812716
192.7875456101263,171.05877651192782
193.56049597985086,171.10830782657493
194.3334463495754,171.15573339540288
195.1063967193,171.201052634711
195.87934708902455,171.24426496079852
196.6522974587491,169.3242983083908
197.4252478284737,171.3243665385092
198.19819819819824,171.36125462273085
198.9711485679228,168.08761884996446
199.74409893764738,171.4287024634035
200.51704930737193,171.4592610524531
201.2899996770965,171.48770864237716
202.06295004682107,171.51404464947512
202.8359004165456,172.184047547223
203.60885078627018,171.5603795803898
204.38180115599476,171.58037733680507
205.1547515257193,171.59826117559146
205.92770189544387,175.51360780349458
206.70065226516846,171.62768476547456
207.47360263489298,171.63922334916987
208.24655300461757,171.64864568043342
209.01950337434212,164.74516648290893
209.79245374406668,171.66113925086256
210.56540411379126,172.15412966972295
211.33835448351581,168.70871353433566
212.11130485324037,171.66399312075072
212.88425522296495,171.66070567970914
213.6572055926895,171.65529790033094
214.43015596241406,171.8286348899986
215.20310633213865,175.31763375133602
215.9760567018632,172.57746022158702
216.74900707158776,173.76945539109528
217.52195744131234,171.5964334988658
218.2949078110369,171.57829143175303
219.06785818076145,170.12336325077598
219.84080855048603,171.53563344110216
220.61375892021059,171.09245046261807
221.38670928993514,171.48447308387966
222.15965965965972,171.4557030585522
222.93261002938428,173.9440561351853
223.70556039910883,171.39178039596155
224.47851076883342,172.29755375412847
225.25146113855794,168.35542978420364
226.02441150828253,177.08921956177835
226.7973618780071,169.3210612793146
227.57031224773164,167.24677299479546
228.34326261745622,171.1489094862527
229.11621298718077,174.18387557206853
229.88916335690536,171.0509026436855
230.6621137266299,176.77614865530077
231.43506409635447,164.35216644658826
232.20801446607902,170.88789207244275
232.9809648358036,170.82928613192115
233.75391520552816,167.3123270612567
234.5268655752527,166.9099074733844
235.2998159449773,167.13061237829902
236.07276631470185,171.65527994425716
236.8457166844264,166.19499984794146
237.618667054151,171.46973600491617
238.39161742387554,165.23111039304706
239.1645677936001,171.33401273935823
239.93751816332468,170.20486376126985
240.71046853304924,170.12432496468065
241.4834189027738,170.04143647389296
242.25636927249835,169.95616431808068
243.02931964222293,169.86847452641769
243.80227001194748,169.77833312807778
244.57522038167204,169.6857061522349
245.34817075139662,169.36903620839632
246.12112112112118,168.02935319832397
246.89407149084573,169.39257205142633
247.66702186057032,169.28966305730972
248.43997223029487,169.18409863155932
249.21292260001943,169.07584480334904
249.985872969744,168.23598354509517
250.75882333946856,161.9604933744874
251.53177370919312,175.94778303810412
252.30472407891767,168.61525604938544
253.07767444864226,168.23121503597343
253.8506248183668,168.36794201616408
254.62357518809137,168.23991118760205
255.39652555781595,168.1089191899708
256.1694759275405,168.00819485890312
256.94242629726506,168.17417095440354
257.71537666698964,167.69783647440096
258.48832703671417,167.55466009223176
259.26127740643875,169.14008753317756
260.03422777616333,167.25888028746755
260.80717814588786,167.53607672828318
261.58012851561244,165.81571158132434
262.353078885337,165.83386673848972
263.12602925506155,166.62866133310376
263.89897962478614,170.60959556346796
264.6719299945107,165.41725759697843
265.44488036423525,170.24253287925848
266.21783073395983,165.94508480823154
266.9907811036844,165.76559877542542
267.76373147340894,168.65204887655582
268.5366818431335,165.39607863212447
269.3096322128581,166.4593832729561
270.08258258258263,164.52356367982395
270.8555329523072,164.81491866055902
271.6284833220318,166.23897452724415
272.4014336917563,164.40916251546764
273.1743840614809,163.7942232686038
273.9473344312055,163.98843637809392
274.72028480093,163.7723746352359
275.4932351706546,163.55246848182878
276.2661855403792,163.22317854667517
277.0391359101037,163.10098706006298
277.8120862798283,163.02066848700431
278.5850366495529,162.63372034618726
279.3579870192774,162.3940825776429
280.130937389002,162.15039657359256
280.90388775872657,163.87640089449243
281.6768381284511,161.65074397566963
282.4497884981757,161.39470944014465
283.22273886790026,158.17115516540971
283.9956892376248,158.29321790289308
284.7686396073493,156.81870304425698
285.54158997707395,160.32839040167815
286.3145403467985,162.38596059478192
287.087490716523,159.76944675305896
287.86044108624765,159.48340999851123
288.6333914559722,157.7620888577131
289.4063418256967,159.91844716860714
290.17929219542134,159.62699349104375
290.95224256514587,155.47407863533664
291.7251929348704,157.9862180903465
292.49814330459503,158.93071517995796
293.27109367431956,157.35547365053577
294.0440440440441,157.0332993131072
294.81699441376867,158.2463956021897
295.58994478349325,156.37579687614402
296.3628951532178,153.337577464052
297.13584552294236,155.70137074077113
297.90879589266694,155.35804178033032
298.68174626239147,155.01075848826625
299.45469663211605,155.4026181818583
300.22764700184064,151.3955367888129
301.00059737156516,153.94610459893192
301.77354774128975,153.58392595697217
302.54649811101433,153.21825397168774
303.31944848073886,149.93874424627916
304.09239885046344,149.6005527545812
304.865349220188,152.10119993248435
305.63829958991255,152.0521268822672
306.41124995963713,155.73989209600666
307.1842003293617,152.04301021021394
307.95715069908624,150.5684810650255
308.7301010688108,148.59691636508592
309.5030514385354,149.78521826837652
310.27600180825993,145.57893908591416
311.0489521779845,150.31952490309325
311.8219025477091,148.8360455047559
312.5948529174336,146.22594156913195
313.3678032871582,148.1807298259778
314.1407536568828,147.3766674020853
314.9137040266073,146.96764080533043
315.6866543963319,146.55668822546633
316.4596047660565,145.46560058996823
317.232555135781,145.7293739070494
318.0055055055056,145.31319656381598
318.7784558752302,144.8954620281123
319.5514062449547,144.4762624975981
320.3243566146793,142.51297058179105
321.0973069844039,150.09355912405186
321.8702573541284,141.88182535143594
322.643207723853,142.78665838063006
323.41615809357756,141.97215183588912
324.1891084633021,145.28849146942463
324.9620588330266,141.5085905327199
325.73500920275126,138.369545452943
326.5079595724758,140.20108104673358
327.2809099422003,138.65595405090056
328.05386031192495,139.79474653512676
328.8268106816495,139.36515847521372
329.599761051374,138.9353029287111
330.37271142109864,138.50526904759818
331.14566179082317,138.0751457592757
331.9186121605477,137.64502199114395
332.69156253027234,137.21498667060337
333.46451289999686,138.45035138973768
334.2374632697214,136.3555370818977
335.010413639446,137.1499561482157
335.78336400917055,134.71439651167924
336.5563143788951,136.78974987145966
337.32926474861966,134.64161208120083
338.10221511834425,134.2146858610115
338.8751654880688,132.92181649039927
339.64811585779336,129.7488241091431
340.42106622751794,132.9390621108143
341.19401659724247,133.3089018010591
341.96696696696705,133.62822287731666
342.73991733669163,131.673038201583
343.51286770641616,131.25357852436716
344.28581807614074,131.083900893383
345.0587684458653,133.06088592930587
345.83171881558985,130.00408935390956
346.60466918531444,129.59085267548852
347.377619555039,129.1793940652674
348.15056992476354,128.61224218665498
348.9235202944881,128.36216675902642
349.6964706642127,127.95657591780753
350.46942103393724,127.55311885439035
351.2423714036618,131.20576320688647
352.0153217733864,126.75296177056275
352.78827214311093,126.3564396049533
353.5612225128355,125.9624069267473
354.3341728825601,126.12028022715981
355.1071232522846,126.45697980090489
355.8800736220092,124.79613509055488
356.6530239917338,124.41294963596742
357.4259743614583,126.82195766892826
358.1989247311829,124.39292238739007
358.9718751009075,127.94069236202779
359.744825470632,121.45487141176012
360.5177758403566,122.5428127771257
361.2907262100811,119.05999331292038
362.0636765798057,117.99310626486265
362.8366269495303,121.88322737817971
363.6095773192548,121.10698743099435
364.3825276889794,118.28546737568225
365.155478058704,120.41112587438596
365.9284284284285,120.06901912109774
366.7013787981531,120.59374864392929
367.47432916787767,118.60079810717261
368.2472795376022,119.06706209010214
369.0202299073268,113.84457797003397
369.79318027705136,118.88160006631246
370.5661306467759,118.10351737781986
371.3390810165005,122.73479145841137
372.11203138622506,117.48368011203402
372.8849817559496,118.80326561600015
373.65793212567417,118.44441140868781
374.43088249539875,116.58949157496785
375.2038328651233,115.42527456768099
375.97678323484786,116.01811494433747
376.74973360457244,115.74011812944778
377.52268397429697,115.46736755137566
378.29563434402155,118.41958697377066
379.06858471374613,114.937960815286
379.84153508347066,114.68148251206942
380.61448545319524,114.4306061552722
381.3874358229198,115.62722509659712
382.16038619264435,113.94601499053788
382.93333656236894,112.28788337049785
383.70628693209346,113.91654050180423
384.47923730181805,116.25563363320785
385.25218767154263,115.05192269712354
386.02513804126716,114.54430623298654
386.79808841099174,112.63568986581267
387.5710387807163,110.17849740557429
388.34398915044085,112.24782059271236
389.11693952016543,112.06292434522346
389.88988988989,111.88399227683132
390.66284025961454,115.7170194888518
391.4357906293391,111.5438364365049
392.2087409990637,111.3825205441545
392.98169136878823,116.804176617595
393.7546417385128,111.07718251403885
394.5275921082374,113.58317640038942
395.3005424779619,110.79459575531621
396.0734928476865,110.66171895220702
396.8464432174111,109.18133388685523
397.6193935871356,110.41256819745264
398.3923439568602,110.29620212539128
399.1652943265848,111.20251373834145
399.9382446963093,110.0796582908597
400.7111950660339,109.97938840797333
401.4841454357585,108.95887900393375
402.257095805483,109.79462240991907
403.0300461752076,109.1411750957327
403.8029965449321,109.63058103410225
404.5759469146567,110.33552143192463
405.3488972843813,109.48689579885813
406.1218476541058,104.2157454933049
406.8947980238304,106.88549154614446
407.667748393555,109.30872965592445
408.4406987632795,107.81687911379417
409.2136491330041,109.21432266482934
409.98659950272867,102.3572983097064
410.7595498724532,109.13898212848069
411.5325002421778,104.84669470313561
412.30545061190236,109.08233956521383
413.0784009816269,112.88729110161238
413.85135135135147,112.6651687422144
414.62430172107605,112.69868211751432
415.3972520908006,109.02367443126691
416.17020246052516,108.70939195091223
416.94315283024974,109.0209148972575
417.71610319997427,109.15624780036339
418.48905356969885,105.24224964832182
419.26200393942344,110.93574040021089
420.03495430914796,110.99579937477377
420.80790467887255,109.08856521169395
421.58085504859713,109.11450664710974
422.35380541832166,110.51941703419266
423.12675578804624,107.98510050884946
423.89970615777077,110.83084788838134
424.67265652749535,110.44442918970643
425.44560689721993,109.30373737538655
426.21855726694446,105.9447290304747
426.99150763666904,109.40634753337207
427.7644580063936,109.46323648581998
428.53740837611815,109.52378660696054
429.31035874584273,109.58795183658565
430.0833091155673,109.65568611448724
430.85625948529184,113.0382103946468
431.6292098550164,110.17924955964592
432.402160224741,109.87984263577016
433.17511059446554,111.55825390992618
433.9480609641901,110.04628112085967
434.7210113339147,110.13446242405045
435.49396170363923,113.60349170185792
436.2669120733638,108.90650256369929
437.0398624430884,110.37177692233551
437.8128128128129,110.5191933029319
438.5857631825375,110.6231471381414
439.3587135522621,113.54782158656577
440.1316639219866,109.79865811599805
440.9046142917112,113.51725401853207
441.6775646614358,111.06866513469367
442.4505150311603,111.41054317998076
443.2234654008849,111.3086008834852
443.9964157706095,111.43270173478152
444.769366140334,111.55949649040076
445.5423165100586,111.68893909013482
446.3152668797831,113.03241005069759
447.0882172495077,111.95558358111522
447.8611676192323,107.31687459150665
448.6341179889568,112.23226672605796
449.4070683586814,112.3742576432451
450.18001872840597,110.19907997911446
450.9529690981305,112.66530786601024
451.7259194678551,114.75422714016739
452.49886983757966,117.60667852568994
453.2718202073042,113.11886326801418
454.04477057702877,106.35405194175729
454.81772094675335,109.91811863322309
455.5906713164779,116.70399136458138
456.36362168620246,113.75336540194499
457.13657205592705,111.37942189557829
457.9095224256516,114.08254235570442
458.68247279537616,115.35897470573617
459.45542316510074,117.46662114235802
460.22837353482527,119.10825850277898
461.00132390454985,113.70102067762616
461.77427427427443,114.93731304656703
462.54722464399896,115.11335498418299
463.32017501372354,115.29098538112795
464.0931253834481,114.75332980654719
464.86607575317265,115.6508273121724
465.63902612289723,119.64860151762981
466.41197649262176,116.0164703580357
467.18492686234634,116.20135214850423
467.9578772320709,116.38754603705323
468.73082760179545,116.96951561325517
469.50377797152004,118.26118875630087
470.2767283412446,116.95353968910223
471.04967871096915,118.78247815439185
471.82262908069373,117.33658484372242
472.5955794504183,117.52968405638453
473.36852982014284,115.55325954165221
474.1414801898674,119.79450473838973
474.914430559592,118.1147516362296
475.68738092931653,121.97972042100604
476.4603312990411,122.48786382198062
477.2332816687657,120.38600283892242
478.0062320384902,118.95957468314279
478.7791824082148,115.03026810697213
479.5521327779394,119.26049943533512
480.3250831476639,119.51067591024204
481.0980335173885,120.14237987616723
481.8709838871131,120.24531232150044
482.6439342568376,122.6908902362089
483.4168846265622,120.32615759291394
484.1898349962868,118.72901799100352
484.9627853660113,120.73837603489277
485.7357357357359,120.94555352177986
486.5086861054604,121.15342370621275
487.281636475185,121.36197197840211
488.0545868449096,121.57118372855842
488.8275372146341,121.78104434689226
489.6004875843587,121.99153922361421
490.3734379540833,122.20265374893476
491.1463883238078,121.1044380458338
491.9193386935324,122.62668330621403
492.69228906325696,122.83956911859391
493.4652394329815,123.05301614041461
494.2381898027061,122.67345100433242
495.01114017243066,123.49550946839865
495.7840905421552,123.69657836462765
496.55704091187977,125.60320368921158
497.32999128160435,127.35440235124291
498.1029416513289,120.65722522031596
498.87589202105346,124.87212506955042
499.64884239077804,124.77904268011905
500.42179276050257,123.7605974588253
501.19474313022715,125.21513872419297
501.96769349995174,117.90026177440406
502.74064386967626,121.08447066661137
503.51359423940085,125.87225002900789
504.28654460912543,126.09201995510949
505.05949497884995,126.31213194381036
505.83244534857454,126.532571385321
506.6053957182991,126.75332366985205
507.37834608802365,126.97437418761398
508.15129645774823,128.72554877995216
508.92424682747276,127.41731148367292
509.69719719719734,127.639169042391
510.4701475669219,127.86126639518224
511.24309793664645,128.08358893225721
512.016048306371,128.3061220438264
512.7889986760956,128.52885112010046
513.5619490458201,130.45436951406202
514.3348994155447,128.97483872760523
515.1078497852693,128.65824370415123
515.8808001549938,133.4909028183023
516.6537505247184,129.64492462941269
517.426700894443,129.86852268833744
518.1996512641675,130.48812558012582
518.972601633892,130.31598528493367
519.7455520036167,135.22182442644825
520.5185023733412,130.76370578792944
521.2914527430657,132.65292676814258
522.0644031127904,130.56729047457046
522.8373534825149,129.67953683719685
523.6103038522394,126.22003343722093
524.3832542219641,131.88336837197033
525.1562045916886,132.1072459521576
525.9291549614131,132.33107113062914
526.7021053311378,132.5548292975956
527.4750557008623,132.69471120891654
528.2480060705868,126.97332159661521
529.0209564403115,129.6341133823468
529.793906810036,136.69476018091152
530.5668571797605,133.3640444312543
531.3398075494852,138.9536523621176
532.1127579192097,134.1180329219041
532.8857082889342,134.34072904440958
533.6586586586589,132.71260508477266
534.4316090283834,134.78551118429905
535.2045593981079,135.00756869729787
535.9775097678325,135.22938687219437
536.7504601375571,139.87668418174414
537.5234105072816,131.51879926628402
538.2963608770062,135.89328411865165
539.0693112467308,133.7562533501142
539.8422616164553,136.1174000851121
540.6152119861799,134.40568877130136
541.3881623559045,140.22566782991817
542.161112725629,136.99386110426494
542.9340630953536,138.66077142618354
543.7070134650781,132.75799960127082
544.4799638348027,136.3491842339367
545.2529142045273,136.86909427005799
546.0258645742518,134.56140846634977
546.7988149439764,138.30292084138696
547.571765313701,138.5196939493314
548.3447156834255,138.73603371978467
549.1176660531501,135.67085236583506
549.8906164228747,140.7140452381095
550.6635667925992,140.79284065972112
551.4365171623238,137.13663597328733
552.2094675320484,137.80829937692383
552.9824179017729,140.02429325732632
553.7553682714974,143.40345743903404
554.5283186412221,139.9271032592737
555.3012690109466,146.0614526907781
556.0742193806711,140.8729303707
556.8471697503958,141.08370318127012
557.6201201201203,145.1922122856279
558.3930704898448,141.5035001663497
559.1660208595695,141.71250009093555
559.938971229294,141.92088480360303
560.7119215990185,140.30285507649717
561.4848719687432,142.33576009333572
562.2578223384677,140.03976797684678
563.0307727081922,143.02309115268335
563.8037230779169,146.89959784828494
564.5766734476414,143.00839586751957
565.3496238173659,143.36133336176945
566.1225741870905,140.3252523490359
566.8955245568151,140.11033648097785
567.6684749265396,147.72919675483203
568.4414252962642,144.16904491725649
569.2143756659888,139.29485050084446
569.9873260357133,144.56838492608694
570.7602764054379,144.76688355090758
571.5332267751623,144.9645850893827
572.306177144887,143.15130557347933
573.0791275146116,140.1428473935088
573.852077884336,147.85127756095238
574.6250282540607,145.74717788059252
575.3979786237853,145.9407121129132
576.1709289935097,148.1069773535582
576.9438793632344,144.8984672516624
577.716829732959,146.51604729333013
578.4897801026834,147.48845258595313
579.2627304724081,151.87012582561846
580.0356808421327,147.0832265747315
580.8086312118571,147.27041733003998
581.5815815815818,144.290411682161
582.3545319513064,147.64192258314836
583.1274823210308,147.8262128310246
583.9004326907555,148.00951199316643
584.6733830604801,148.19180794461207
585.4463334302045,151.11891749885467
586.2192837999291,148.55334171556748
586.9922341696538,148.73255528515372
587.7651845393782,148.9107171441965
588.5381349091028,148.61244357961039
589.3110852788275,153.4823922495255
590.0840356485519,149.43877120844627
590.8569860182765,150.9369838014326
591.629936388001,149.78532640759587
592.4028867577256,147.63724251128886
593.1758371274502,150.12738376548845
593.9487874971747,150.29669544155877
594.7217378668993,147.32965446789606
595.4946882366239,154.63924641661873
596.2676386063484,151.3239954157884
597.040588976073,150.96221254422525
597.8135393457976,146.33169171001418
598.5864897155221,154.31831846112735
599.3594400852467,151.44869479059884
600.1323904549713,144.9306679463565
600.9053408246958,151.7668079467892
601.6782911944204,153.47968599581125
602.451241564145,152.0798412635558
603.2241919338695,152.23442266975064
603.997142303594,152.3876977412041
604.7700926733187,153.8487970831757
605.5430430430432,152.69028038003967
606.3159934127677,148.8998017000767
607.0889437824924,152.98749218036815
607.8618941522169,153.47619021905186
608.6348445219414,153.27923614249494
609.4077948916661,153.42302737182817
610.1807452613906,153.5654152667256
610.9536956311151,150.35270796262773
611.7266460008398,151.63899025424718
612.4995963705643,155.5368624604876
613.2725467402888,154.87432049086726
614.0454971100135,154.25588035101208
614.8184474797381,154.3895936150966
615.5913978494625,156.08234680343142
616.3643482191871,154.31634911103447
617.1372985889118,154.781755652492
617.9102489586362,153.6986590255396
618.6831993283608,155.03559429875574
619.4561496980855,155.16019643340232
620.2291000678099,154.98236552529235
621.0020504375345,159.71308841988466
621.775000807259,155.52458858385864
622.5479511769836,155.64287413297708
623.3209015467082,155.75955054153454
624.0938519164326,155.8746160976242
624.8668022861573,156.03782830193376
625.6397526558819,156.09995621520287
626.4127030256063,156.21025259094552
627.185653395331,156.31898105415965
627.9586037650556,156.42615251197205
628.73155413478,151.66107950268298
629.5045045045047,151.00904772047016
630.2774548742293,156.73843392426744
631.0504052439537,156.83948643174162
631.8233556136784,156.9390364694484
632.596305983403,157.12459540505637
633.3692563531274,157.13367276406723
634.142206722852,157.22878083523307
634.9151570925767,157.32243006513897
635.6881074623011,157.4146313609118
636.4610578320257,157.5053956296785
637.2340082017504,157.5947337785659
638.0069585714748,157.6826567147008
638.7799089411994,157.76917534521016
639.5528593109241,157.8543005772208
640.3258096806485,157.9380433178596
641.0987600503731,158.02041447425344
641.8717104200978,158.1014249535292
642.6446607898222,158.1810856628137
643.4176111595468,158.25940750923382
644.1905615292715,161.63119246241973
644.9635118989959,155.83481908382174
645.7364622687205,158.48644894257671
646.5094126384452,157.48568035507947
647.2823630081696,157.3693775461129
648.0553133778942,157.60614736454644
648.8282637476188,158.7710884726294
649.6012141173433,162.41392713262906
650.3741644870679,159.45938891113298
651.1471148567925,158.97138808380595
651.920065226517,159.97806892062877
652.6930155962416,158.97674651129114
653.4659659659662,164.2907931015785
654.2389163356906,160.48386596123567
655.0118667054153,159.28098850808195
655.7848170751399,162.07161897801882
656.5577674448643,159.39660188606294
657.330717814589,155.3668582835467
658.1036681843136,159.50764512572093
658.876618554038,159.561480211496
659.6495689237627,159.61420548407088
660.4225192934873,158.17050683143947
661.1954696632117,159.7163702181277
661.9684200329364,159.7658314938634
662.741370402661,154.40435930382228
663.5143207723854,156.15995520110303
664.2872711421101,158.00307105392648
665.0602215118347,159.95312382114815
665.8331718815591,159.6540042234376
666.6061222512838,160.0405910191718
667.3790726210084,160.08281805172308
668.1520229907328,161.4003958106928
668.9249733604574,162.38420927795067
669.6979237301821,165.55926907453167
670.4708740999065,160.96475631004864
671.2438244696311,160.27932383494766
672.0167748393558,160.31577546557432
672.7897252090802,153.3564693088932
673.5626755788048,159.95008389530437
674.3356259485295,161.13656901565446
675.1085763182539,160.4524471389158
675.8815266879785,160.48438588059423
676.6544770577032,160.51545476586355
677.4274274274276,160.5456647018507
678.2003777971522,159.30791241725788
678.9733281668769,160.60355135448606
679.7462785366013,161.53675599835466
680.5192289063259,165.62290542647222
681.2921792760505,158.9130847317753
682.065129645775,160.70949718195268
682.8380800154996,164.26735870044877
683.6110303852242,160.75773087081384
684.3839807549487,162.0504474692464
685.1569311246733,160.8029214191136
685.9298814943979,154.86868281018934
686.7028318641223,158.271776863348
687.475782233847,160.86519222773057
688.2487326035716,163.74756809558917
689.021682973296,164.92665971271546
689.7946333430207,167.11335480562624
690.5675837127453,156.63006192025293
691.3405340824697,160.95499734699658
692.1134844521944,160.97095960072718
692.886434821919,165.6702116280051
693.6593851916434,167.8788966803693
694.4323355613681,161.0150451499577
695.2052859310927,161.02850961947027
695.9782363008171,161.04137691074553
696.7511866705418,163.32462169598836
697.5241370402664,161.06536358709138
698.2970874099908,158.43991617497647
699.0700377797154,158.66671393469758
699.8429881494401,161.09713744300169
700.6159385191645,161.10665071451703
701.3888888888891,160.2202188633824
702.1618392586138,161.12412567962673
702.9347896283382,161.13210918747487
703.7077399980628,161.1396045883543
704.4806903677875,161.14662278939198
705.2536407375119,161.1531746977146
706.0265911072365,161.15927122044926
706.7995414769609,160.84323543814958
707.5724918466856,161.17014173766177
708.3454422164102,161.17493754639338
709.1183925861346,166.22453081378114
709.8913429558593,164.58385287370734
710.6642933255839,157.00064405799935
711.4372436953083,159.2014253470749
712.210194065033,160.33096852544975
712.9831444347576,161.19544724953101
713.756094804482,160.03597997419897
714.5290451742067,161.93506606375027
715.3019955439313,161.95791250038386
716.0749459136557,162.66726304317555
716.8478962833804,161.20291504303285
717.620846653105,161.8942694663418
718.3937970228294,161.20378335975013
719.166747392554,161.20380711789838
719.9396977622787,161.20357181874215
720.7126481320031,161.2030883694084
721.4855985017277,161.20236767702391
722.2585488714524,164.4824732399549
723.0314992411768,160.02685660482285
723.8044496109014,161.1988912128348
724.5773999806261,161.19733061951615
725.3503503503505,161.19558731878112
726.1233007200751,161.1936722177566
726.8962510897998,156.86172606044124
727.6692014595242,161.1893702433465
728.4421518292488,161.18700518421466
729.2151021989735,161.18451195330078
729.9880525686979,161.3105763855645
730.7610029384225,161.17918460463437
731.5339533081471,166.09660753808
732.3069036778716,162.03746943860736
733.0798540475962,163.44072829892576
733.8528044173208,161.71553390441264
734.6257547870453,153.9891612488766
735.3987051567699,163.60543859978355
736.1716555264945,162.79959099396095
736.944605896219,161.15492976406117
737.7175562659436,161.15174651391825
738.4905066356682,160.58308575207278
739.2634570053926,161.14539906198033
740.0364073751173,159.031918327623
740.8093577448419,164.10642247339672
741.5823081145663,159.83707796947974
742.355258484291,161.13308575104895
743.1282088540156,161.1301505467529
743.90115922374,161.84294332159712
744.6741095934647,164.1376683534805
745.4470599631893,158.88361852542602
746.2200103329137,161.1193093645855
746.9929607026384,161.11687375348487
747.765911072363,163.5692791822134
748.5388614420874,161.11235190205426
749.311811811812,161.1102624377216
750.0847621815367,161.1082851316422
750.8577125512611,161.1064183718148
751.6306629209857,161.35205356680805
752.4036132907104,166.04717917374202
753.1765636604348,161.1014652498317
753.9495140301594,161.03114600837932
754.7224643998841,163.79055243628926
755.4954147696085,161.09744901206943
756.2683651393331,161.09631093996936
757.0413155090578,161.0952705181108
757.8142658787822,162.7413168179395
758.5872162485068,163.25241273975777
759.3601666182315,161.09271903397092
760.1331169879559,161.0920530930652
760.9060673576805,161.0914767423944
761.6790177274052,161.09098836995724
762.4519680971296,161.09058636375235
763.2249184668542,160.38346416522555
763.9978688365788,161.09003500203426
764.7708192063033,161.08988242251837
765.5437695760279,167.11385944860137
766.3167199457525,159.93049153237186
767.089670315477,166.44546354801824
767.8626206852016,162.69488093093085
768.6355710549262,166.28701901729318
769.4085214246506,157.69676696805053
770.1814717943753,161.09096180419084
770.9544221640999,161.74066516356015
771.7273725338243,157.5611957577496
772.500322903549,161.09248614963005
773.2732732732736,164.12121246453106
774.046223642998,160.49405016417018
774.8191740127227,162.04110801033764
775.5921243824473,159.11188313558776
776.3650747521717,161.0962811962892
777.1380251218964,162.52047705543052
777.910975491621,161.0982006664133
778.6839258613454,161.0992399787831
779.45687623107,161.1003301933562
780.2298266007947,161.10146969813147
781.0027769705191,160.6169789667878
781.7757273402437,163.48034136904332
782.5486777099684,161.10516783365642
783.3216280796928,161.10648837922676
784.0945784494174,161.10785015499258
784.8675288191421,161.1092515489526
785.6404791888665,161.11069094910553
786.4134295585911,161.11216674345
787.1863799283158,161.11367731998467
787.9593302980402,161.11522106670822
788.7322806677648,161.11679637161953
789.5052310374892,161.24655133370374
790.2781814072139,161.12003520799954
791.0511317769385,161.1216955154657
791.8240821466629,161.1233809331142
792.5970325163876,161.1250898489438
793.3699828861122,159.4413618962363
794.1429332558366,161.1285717271408
794.9158836255613,167.95915406221746
795.6888339952859,161.13212825404614
796.4617843650103,163.318053821386
797.234734734735,162.64042152473533
798.0076851044596,164.41562250946023
798.780635474184,157.6684718647292
799.5535858439086,161.14126152933974
800.3265362136333,161.1431167669074
801.0994865833577,161.14497777064162
801.8724369530823,161.1468429285412
802.645387322807,161.14871062860465
803.4183376925314,160.86632270940055
804.191288062256,161.4283031796423
804.9642384319807,158.9365405494623
805.7371888017051,161.15617461047174
806.5101391714297,159.3847078901095
807.2830895411544,161.15987994235485
808.0560399108788,161.1617203015292
808.8289902806034,161.16355030685696
809.6019406503281,166.57025956260046
810.3748910200525,161.16717280796757
811.1478413897771,161.16896207974779
811.9207917595018,161.17073454967615
812.6937421292262,166.01693743611958
813.4666924989508,161.1742226359722
814.2396428686754,159.18232291148084
815.0125932383999,161.17762417084518
815.7855436081245,162.35641913348144
816.5584939778491,166.3469825681372
817.3314443475736,162.8942402019851
818.1043947172982,160.46020428377105
818.8773450870228,161.18566471548283
819.6502954567472,164.30636309527696
820.4232458264719,161.18866176429233
821.1961961961965,165.33258443988652
821.9691465659209,161.1915142296315
822.7420969356456,160.770533146552
823.5150473053702,161.19420921548974
824.2879976750946,162.6711922578603
825.0609480448193,161.19673382585665
825.8338984145439,161.1979282102275
826.6068487842683,159.2580140163662
827.379799153993,162.4461863107396
828.1527495237176,156.37965971101445
828.925699893442,155.65944343714827
829.6986502631667,161.20315644390377
830.4716006328913,162.85193588868026
831.2445510026157,161.58317635200268
832.0175013723403,160.33556961518573
832.790451742065,161.2063498849521
833.5634021117894,161.2069974304959
834.336352481514,161.20758142614977
835.1093028512387,166.1422358751904
835.8822532209631,161.20855231978248
836.6552035906877,161.2089359937587
837.4281539604124,165.64837875842824
838.2011043301368,161.20949173602418
838.9740546998614,161.20966058031084
839.7470050695861,161.20975459069837
840.5199554393105,153.64113592115012
841.2929058090351,161.2097116617708
842.0658561787598,156.89454393638837
842.8388065484842,161.20935005323088
843.6117569182088,161.209045714103
844.3847072879335,161.20865686906814
845.1576576576579,161.28142235173465
845.9306080273825,161.20761921327207
846.7035583971071,161.20696717850822
847.4765087668316,161.20622418983214
848.2494591365562,159.60134287632397
849.0224095062808,161.40736124544307
849.7953598760053,160.91220545212892
850.5683102457299,164.8031890393068
851.3412606154545,157.90593198606507
852.1142109851789,161.19976595354402
852.8871613549036,165.18759734788233
853.6601117246282,161.19681249942354
854.4330620943526,156.05579097255745
855.2060124640773,161.19343719760656
855.9789628338019,161.19158732380862
856.7519132035263,160.7850245667878
857.524863573251,161.18755507042732
858.2978139429756,161.18536946684134
859.0707643127,163.80720804674687
859.8437146824247,158.54698705999942
860.6166650521493,162.26949531542715
861.3896154218737,161.1754595931642
862.1625657915984,157.38902983952596
862.935516161323,161.16978161270737
863.7084665310474,160.31848859077263
864.481416900772,165.9801318115897
865.2543672704967,161.33791395488493
866.0273176402211,164.03808801199938
866.8002680099457,161.1533743475944
867.5732183796704,161.14970074473771
868.3461687493948,162.02168899553305
869.1191191191194,161.14194849317974
869.8920694888441,165.04113336402787
870.6650198585685,161.13364543382013
871.4379702282931,161.12928332121152
872.2109205980175,160.96405603441457
872.9838709677422,159.61048786736416
