100.80645161290323,154.15871760804833
101.5794019826278,150.59356649175066
102.35235235235236,150.88747765044658
103.12530272207692,151.17935194000574
103.89825309180148,155.61044340248702
104.67120346152605,151.7569875769115
105.44415383125062,152.04274775685664
106.21710420097517,152.32646873286237
106.99005457069974,152.6081499212281
107.76300494042431,156.76665185430943
108.53595531014886,151.24522380347867
109.30890567987343,153.44094892347735
110.08185604959799,153.71446512427556
110.85480641932256,153.98593861893016
111.62775678904713,154.2553688237405
112.40070715877168,150.8927595637711
113.17365752849625,154.78809702902544
113.9466078982208,155.05139386209865
114.71955826794537,155.31264507052475
115.49250863766994,155.57185007060303
116.2654590073945,158.8298875312097
117.03840937711907,151.61315840799045
117.81135974684364,157.02612417481626
118.58431011656819,156.58819631342428
119.35726048629276,156.83716151625305
120.13021085601733,157.08407700852987
120.90316122574188,151.36060458376824
121.67611159546645,157.5717565266247
122.449061965191,153.26318126796374
123.22201233491558,158.0512301981031
123.99496270464013,158.28788838210943
124.7679130743647,158.5224933533596
125.54086344408927,158.7550445281528
126.31381381381382,158.98554132278844
127.08676418353839,159.21398315356578
127.85971455326296,159.44036943678412
128.63266492298752,156.61071918745918
129.40561529271207,163.57788616400316
130.17856566243665,156.0309100650172
130.9515160321612,160.32534742005353
131.72446640188576,154.9175359635217
132.49741677161035,160.22344630141856
133.2703671413349,160.7926727154057
134.04331751105946,167.22691009704909
134.81626788078404,155.58631936638378
135.5892182505086,161.591048739069
136.36216862023315,165.16529736324355
137.13511898995773,160.41133079337035
137.9080693596823,162.19607070693587
138.68101972940684,162.39361803575488
139.45397009913142,162.58910106150438
140.22692046885598,159.87878830286814
140.99987083858053,162.9738718689921
141.7728212083051,163.16315848332897
142.54577157802967,163.35037845979346
143.31872194775423,166.58312660215458
144.09167231747878,163.71861616430294
144.86462268720334,163.89963272494646
145.63757305692792,162.67164393612515
146.41052342665247,164.2554583445075
147.18347379637703,163.25214522856302
147.9564241661016,164.80381437790356
148.72937453582617,164.33163744305998
149.50232490555072,164.90030698837975
150.2752752752753,165.10878472730948
151.04822564499986,165.27323316293274
151.82117601472441,165.43560795627528
152.594126384449,165.56707207555013
153.36707675417355,165.75413428131563
154.1400271238981,163.21357005307922
154.9129774936227,166.06435903282483
155.68592786334725,166.2163568592535
156.4588782330718,166.36627754119732
157.23182860279638,166.51412049495553
158.00477897252094,166.65988513682746
158.7777293422455,166.80357088311249
159.55067971197008,167.65670025663184
160.32363008169463,167.08470335411872
161.0965804514192,171.91033449931842
161.86953082114377,167.35751323836868
162.64248119086832,167.49079575120828
163.41543156059288,165.65145542699085
164.18838193031743,169.17269896675293
164.961332300042,167.8781465681773
165.73428266976657,168.003095987648
166.50723303949113,166.0429121185834
167.28018340921568,168.24674004510686
168.05313377894026,168.3654335156936
168.82608414866482,165.4641100085979
169.59903451838937,167.32255402867855
170.37198488811396,168.70899269047453
171.1449352578385,168.81933672407277
171.91788562756307,168.92759193917217
172.69083599728765,170.76271722212567
173.4637863670122,169.13783357907153
174.23673673673676,169.19671110598148
175.00968710646134,169.33971294056707
175.7826374761859,169.4375153076616
176.55558784591045,169.53322535405306
177.32853821563504,169.62684249604078
178.1014885853596,169.7183661499241
178.87443895508414,169.80779573200218
179.64738932480873,169.89513065857446
180.42033969453328,171.1831434622194
181.19329006425784,170.06351421039852
181.96624043398242,172.09389416567706
182.73919080370695,170.22351213579077
183.51214117343153,170.30036502932327
184.2850915431561,170.3751197651456
185.05804191288064,169.91650723609033
185.83099228260522,170.51833242885738
186.6039426523298,170.58678918934538
187.37689302205433,170.65314545732056
188.14984339177892,171.80315867150114
188.92279376150347,170.7795541809295
189.69574413122803,165.1000903705899
190.4686945009526,170.89755393007857
191.24164487067716,169.1575965070101
192.01459524040172,168.23776366441174
192.7875456101263,171.05877651192782
193.56049597985086,171.10830782657493
194.3334463495754,170.4851387898149
195.1063967193,171.201052634711
195.87934708902455,172.19282928485376
196.6522974587491,171.28536978996485
197.4252478284737,169.67237818988963
198.19819819819824,165.3787882726125
198.9711485679228,173.50662198797605
199.74409893764738,171.4287024634035
200.51704930737193,170.73173064231065
201.2899996770965,171.48770864237716
202.06295004682107,171.51404464947512
202.8359004165456,165.30641372451575
203.60885078627018,171.5603795803898
204.38180115599476,165.4904248702688
205.1547515257193,175.14036028584354
205.92770189544387,175.03943012252876
206.70065226516846,171.62768476547456
207.47360263489298,171.63922334916987
208.24655300461757,171.64864568043342
209.01950337434212,171.6559511755646
209.79245374406668,177.8488589869736
210.56540411379126,176.20101658574393
211.33835448351581,171.66516080715635
212.11130485324037,171.66399312075072
212.88425522296495,170.90928473709886
213.6572055926895,172.7540841363335
214.43015596241406,171.6477691989154
215.20310633213865,172.83667365402505
215.9760567018632,171.62634669516945
216.74900707158776,171.45432934620726
217.52195744131234,171.5964334988658
218.2949078110369,171.57829143175303
219.06785818076145,171.5580249403987
219.84080855048603,171.53563344110216
220.61375892021059,173.71631086330794
221.38670928993514,171.48447308387966
222.15965965965972,171.4557030585522
222.93261002938428,171.42480569047973
223.70556039910883,171.57951997829397
224.47851076883342,171.3566265912969
225.25146113855794,171.31934369278514
226.02441150828253,171.27993111672552
226.7973618780071,171.41483074204783
227.57031224773164,171.11250288735647
228.34326261745622,171.1489094862527
229.11621298718077,171.10097236299475
229.88916335690536,171.0509026436855
230.6621137266299,170.9986997446242
231.43506409635447,170.9443630821102
232.20801446607902,171.58941272083945
232.9809648358036,170.82928613192115
233.75391520552816,170.76854467684473
234.5268655752527,169.5999371883692
235.2998159449773,169.60467714127998
236.07276631470185,170.57350131015457
236.8457166844264,170.5042014221653
237.618667054151,170.43272169410832
238.39161742387554,170.3590281551576
239.1645677936001,170.28308683448677
239.93751816332468,170.20486376126985
240.71046853304924,170.12432496468065
241.4834189027738,170.04143647389296
242.25636927249835,169.95616431808068
243.02931964222293,169.86847452641769
243.80227001194748,168.5425485836598
244.57522038167204,169.6857061522349
245.34817075139662,169.59055962806272
246.12112112112118,169.49285958473527
246.89407149084573,165.22216353919092
247.66702186057032,169.28966305730972
248.43997223029487,169.18409863155932
249.21292260001943,169.07584480334904
249.985872969744,168.9648676018526
250.75882333946856,165.72457482205812
251.53177370919312,168.73460719569692
252.30472407891767,168.61525604938544
253.07767444864226,168.49304564648318
253.8506248183668,165.7213928491541
254.62357518809137,168.23991118760205
255.39652555781595,168.1089191899708
256.1694759275405,167.9749320524444
256.94242629726506,169.67170495875976
257.71537666698964,168.01262170330224
258.48832703671417,167.55466009223176
259.26127740643875,167.40835268686266
260.03422777616333,167.80443467078464
260.80717814588786,167.10620892322024
261.58012851561244,166.95030462329458
262.353078885337,166.79113341686445
263.12602925506155,166.62866133310376
263.89897962478614,166.4628544011862
264.6719299945107,165.7748971840369
265.44488036423525,166.12110010957628
266.21783073395983,165.94508480823154
266.9907811036844,165.76559877542542
267.76373147340894,165.5826080403318
268.5366818431335,169.25561861780162
269.3096322128581,165.20597657997735
270.08258258258263,165.292490185447
270.8555329523072,164.81491866055902
271.6284833220318,164.61389485163554
272.4014336917563,164.40916251546764
273.1743840614809,162.69185534518417
273.9473344312055,163.98843637809392
274.72028480093,159.75489610956384
275.4932351706546,163.55246848182878
276.2661855403792,163.32868394704653
277.0391359101037,163.10098706006298
277.8120862798283,164.4227141386324
278.5850366495529,162.63372034618726
279.3579870192774,162.3940825776429
280.130937389002,162.15039657359256
280.90388775872657,161.9026283632102
281.6768381284511,161.65074397566963
282.4497884981757,161.39470944014465
283.22273886790026,163.18240772656074
283.9956892376248,160.870054041837
284.7686396073493,160.60136523740206
285.54158997707395,160.32839040167815
286.3145403467985,160.05109556383917
287.087490716523,159.76944675305896
287.86044108624765,159.48340999851123
288.6333914559722,159.19295132937
289.4063418256967,158.89803677480907
290.17929219542134,158.16006548067168
290.95224256514587,158.29470412612346
291.7251929348704,157.9862180903465
292.49814330459503,157.7850465077258
293.27109367431956,157.35547365053577
294.0440440440441,156.5744472687333
294.81699441376867,154.7140969908864
295.58994478349325,150.0849193115864
296.3628951532178,157.06512560719966
297.13584552294236,155.62049356388536
297.90879589266694,155.35804178033032
298.68174626239147,156.6493167191784
299.45469663211605,154.65961306223866
300.22764700184064,154.3046976999073
301.00059737156516,153.94610459893192
301.77354774128975,153.58392595697217
302.54649811101433,154.68468133836404
303.31944848073886,152.84918084073857
304.09239885046344,152.47679876178412
304.865349220188,152.10119993248435
305.63829958991255,151.72247655049884
306.41124995963713,151.3407208134874
307.1842003293617,150.95602491910967
307.95715069908624,150.5684810650255
308.7301010688108,150.17818144889452
309.5030514385354,149.78521826837652
310.27600180825993,149.3896837211312
311.0489521779845,148.99167000481825
311.8219025477091,148.59126931709747
312.5948529174336,148.18857385562862
313.3678032871582,151.2802282163119
314.1407536568828,147.3766674020853
314.9137040266073,146.96764080533043
315.6866543963319,146.55668822546633
316.4596047660565,149.0175873205386
317.232555135781,146.02077555527168
318.0055055055056,151.46014387485528
318.7784558752302,144.8954620281123
319.5514062449547,146.68972116079493
320.3243566146793,144.055690169933
321.0973069844039,143.63383724277682
321.8702573541284,143.2107959137893
322.643207723853,142.78665838063006
323.41615809357756,139.94861277456462
324.1891084633021,141.93546349243564
324.9620588330266,141.5085905327199
325.73500920275126,141.08099015947138
326.5079595724758,140.65275457034988
327.2809099422003,140.2239759630151
328.05386031192495,139.79474653512676
328.8268106816495,139.36515847521372
329.599761051374,138.9353029287111
330.37271142109864,138.50526904759818
331.14566179082317,138.0751457592757
331.9186121605477,136.42802814197674
332.69156253027234,137.21498667060337
333.46451289999686,134.25577727637187
334.2374632697214,135.33617060701496
335.010413639446,135.56478009453934
335.78336400917055,135.20609201239643
336.5563143788951,141.29584819938393
337.32926474861966,134.64161208120083
338.10221511834425,134.2146858610115
338.8751654880688,133.78855950761698
339.64811585779336,133.6386002846956
340.42106622751794,133.4992171858797
341.19401659724247,134.45950175492834
341.96696696696705,131.50760084646055
342.73991733669163,127.8453232861092
343.51286770641616,131.25357852436716
344.28581807614074,130.8355412057493
345.0587684458653,130.41901517312994
345.83171881558985,130.00408935390956
346.60466918531444,129.59085267548852
347.377619555039,129.1793940652674
348.15056992476354,127.66999042631359
348.9235202944881,128.36216675902642
349.6964706642127,126.33260178360943
350.46942103393724,125.6261160835721
351.2423714036618,127.15188449617526
352.0153217733864,126.75296177056275
352.78827214311093,126.3564396049533
353.5612225128355,125.9624069267473
354.3341728825601,125.5709526633453
355.1071232522846,125.18216574214767
355.8800736220092,124.79613509055488
356.6530239917338,124.41294963596742
357.4259743614583,121.08354842167495
358.1989247311829,125.93205020645526
358.9718751009075,128.1562450139967
359.744825470632,122.91043833567977
360.5177758403566,122.5428127771257
361.2907262100811,122.17856597997965
362.0636765798057,121.81778687164211
362.8366269495303,121.46056437951349
363.6095773192548,121.10698743099435
364.3825276889794,121.60769271561385
365.155478058704,120.41112587438596
365.9284284284285,123.83482039602762
366.7013787981531,119.73091362102069
367.47432916787767,119.39689830155531
368.2472795376022,119.06706209010214
369.0202299073268,119.3616113650711
369.79318027705136,118.42028270083392
370.5661306467759,118.10351737781986
371.3390810165005,120.5586633026243
372.11203138622506,117.48368011203402
372.8849817559496,117.18078602406315
373.65793212567417,116.8826935359076
374.43088249539875,116.58949157496785
375.2038328651233,116.30126906864434
375.97678323484786,116.01811494433747
376.74973360457244,115.74011812944778
377.52268397429697,119.5922029929875
378.29563434402155,115.19995213752155
379.06858471374613,120.55721652349517
379.84153508347066,113.60277787964363
380.61448545319524,112.63780586208642
381.3874358229198,114.1854206722949
382.16038619264435,113.94601499053788
382.93333656236894,113.71247803740167
383.70628693209346,113.48489874028668
384.47923730181805,111.81274485955983
385.25218767154263,113.04796857779698
386.02513804126716,112.83875501184029
386.79808841099174,110.09105917249725
387.5710387807163,112.43872707950604
388.34398915044085,112.24782059271236
389.11693952016543,112.06292434522346
389.88988988989,111.88399227683132
390.66284025961454,107.20986761766069
391.4357906293391,107.4199671954618
392.2087409990637,111.3825205441545
392.98169136878823,111.22698459006851
393.7546417385128,111.07718251403885
394.5275921082374,110.93306825585744
395.3005424779619,110.79459575531621
396.0734928476865,114.8216604437853
396.8464432174111,110.53439178632188
397.6193935871356,110.41256819745264
398.3923439568602,110.29620212539128
399.1652943265848,110.18524750992964
399.9382446963093,110.0796582908597
400.7111950660339,109.97938840797333
401.4841454357585,109.8843918010625
402.257095805483,109.79462240991907
403.0300461752076,109.71003417433502
403.8029965449321,109.63058103410225
404.5759469146567,110.55696710702482
405.3488972843813,106.50158894444048
406.1218476541058,109.42257158343067
406.8947980238304,106.64528103542038
407.667748393555,109.30872965592445
408.4406987632795,113.59443996149403
409.2136491330041,112.82295456117028
409.98659950272867,109.17429211991575
410.7595498724532,109.13898212848069
411.5325002421778,109.10834663031608
412.30545061190236,109.08233956521383
413.0784009816269,109.06091487296585
413.85135135135147,109.04402649336414
414.62430172107605,111.93045271151931
415.3972520908006,109.02367443126691
416.17020246052516,110.82784285754586
416.94315283024974,109.0209148972575
417.71610319997427,107.18468555054035
418.48905356969885,108.08958774986547
419.26200393942344,109.04895553276664
420.03495430914796,109.06669948684356
420.80790467887255,107.99884925754748
421.58085504859713,109.11450664710974
422.35380541832166,109.14447773288282
423.12675578804624,109.17843240880512
423.89970615777077,113.90344273954955
424.67265652749535,111.27696490513733
425.44560689721993,109.30373737538655
426.21855726694446,109.35316580982487
426.99150763666904,109.40634753337207
427.7644580063936,109.46323648581998
428.53740837611815,109.52378660696054
429.31035874584273,109.58795183658565
430.0833091155673,109.65568611448724
430.85625948529184,109.72694338045724
431.6292098550164,109.8016775742876
432.402160224741,112.17898864432689
433.17511059446554,113.34812068103768
433.9480609641901,109.22790284154024
434.7210113339147,110.13446242405045
435.49396170363923,103.10241790534604
436.2669120733638,110.3205188506837
437.0398624430884,110.41830185370996
437.8128128128129,110.5191933029319
438.5857631825375,110.6231471381414
439.3587135522621,110.73011729913044
440.1316639219866,107.13220513677234
440.9046142917112,110.95292235761465
441.6775646614358,111.06866513469367
442.4505150311603,111.18723999671992
443.2234654008849,113.7306090683408
443.9964157706095,115.67916817999533
444.769366140334,111.55949649040076
445.5423165100586,111.68893909013482
446.3152668797831,113.07035202129313
447.0882172495077,111.95558358111522
447.8611676192323,112.09269335194533
448.6341179889568,113.13125546633519
449.4070683586814,112.3742576432451
450.18001872840597,112.51862004329851
450.9529690981305,106.22524681516941
451.7259194678551,112.81427505117215
452.49886983757966,117.2850227279656
453.2718202073042,113.11886326801418
454.04477057702877,117.74854268610704
454.81772094675335,113.43201621216002
455.5906713164779,113.89684735544452
456.36362168620246,113.75336540194499
457.13657205592705,120.14375910155903
457.9095224256516,114.08254235570442
458.68247279537616,114.24995109355436
459.45542316510074,114.41917859177367
460.22837353482527,114.59017879015428
461.00132390454985,114.7629056284881
461.77427427427443,110.71487757673495
462.54722464399896,115.11335498418299
463.32017501372354,115.29098538112795
464.0931253834481,121.97840250859082
464.86607575317265,115.6508273121724
465.63902612289723,118.81590101732836
466.41197649262176,116.0164703580357
467.18492686234634,116.20135214850423
467.9578772320709,119.4405192138486
468.73082760179545,116.57500596347461
469.50377797152004,116.76368586756031
470.2767283412446,116.95353968910223
471.04967871096915,117.14452136789228
471.82262908069373,117.33658484372242
472.5955794504183,117.52968405638453
473.36852982014284,117.72377294567055
474.1414801898674,121.03906928533794
474.914430559592,118.1147516362296
475.68738092931653,118.3115945641813
476.4603312990411,118.5093201169417
477.2332816687657,120.91335459220163
478.0062320384902,118.91286693026112
478.7791824082148,119.69338174816238
479.5521327779394,119.3087563802803
480.3250831476639,119.51067591024204
481.0980335173885,119.71339040627566
481.8709838871131,119.91688525859186
482.6439342568376,113.79510054414192
483.4168846265622,120.32615759291394
484.1898349962868,120.32346618035649
484.9627853660113,120.73837603489277
485.7357357357359,120.94555352177986
486.5086861054604,121.15342370621275
487.281636475185,121.36197197840211
488.0545868449096,121.57118372855842
488.8275372146341,124.05025854690713
489.6004875843587,121.99153922361421
490.3734379540833,118.24960607244499
491.1463883238078,128.4363869909038
491.9193386935324,118.21415912456943
492.69228906325696,122.83956911859391
493.4652394329815,122.52162017937411
494.2381898027061,123.26700976188681
495.01114017243066,123.48153537322098
495.7840905421552,126.31661424129395
496.55704091187977,123.9121241263175
497.32999128160435,117.26982241809141
498.1029416513289,124.3446655213887
498.87589202105346,124.56163193519119
499.64884239077804,124.77904268011905
500.42179276050257,124.99688314638274
501.19474313022715,125.21513872419297
501.96769349995174,125.43379480376016
502.74064386967626,125.65283677529497
503.51359423940085,125.87225002900789
504.28654460912543,126.09201995510949
505.05949497884995,122.40772187706173
505.83244534857454,126.532571385321
506.6053957182991,126.75332366985205
507.37834608802365,126.97437418761398
508.15129645774823,127.19570832881745
508.92424682747276,127.41731148367292
509.69719719719734,127.639169042391
510.4701475669219,127.86126639518224
511.24309793664645,126.01079279773188
512.016048306371,128.3061220438264
512.7889986760956,128.52885112010046
513.5619490458201,128.75176155128986
514.3348994155447,128.97483872760523
515.1078497852693,129.19806803925715
515.8808001549938,129.42143487645612
516.6537505247184,129.29734457566624
517.426700894443,134.66951492343827
518.1996512641675,130.09221444344092
518.972601633892,130.31598528493367
519.7455520036167,130.4055263785242
520.5185023733412,130.76370578792944
521.2914527430657,132.7775820964134
522.0644031127904,131.21156731900896
522.8373534825149,131.92981281493917
523.6103038522394,131.65945299985685
524.3832542219641,131.88336837197033
525.1562045916886,133.2073901802259
525.9291549614131,132.33107113062914
526.7021053311378,132.5548292975956
527.4750557008623,132.77850584326745
528.2480060705868,130.39712120785677
529.0209564403115,132.17495002871337
529.793906810036,133.44889965462124
530.5668571797605,133.67210361722042
531.3398075494852,133.35169256190312
532.1127579192097,134.1180329219041
532.8857082889342,134.34072904440958
533.6586586586589,133.8167696586406
534.4316090283834,134.78551118429905
535.2045593981079,138.53583365120159
535.9775097678325,137.17670434597332
536.7504601375571,135.45095358402662
537.5234105072816,135.67225670783304
538.2963608770062,135.89328411865165
539.0693112467308,136.11402369152069
539.8422616164553,136.33446330147834
540.6152119861799,139.65738641771452
541.3881623559045,136.77439413281223
542.161112725629,136.99386110426494
542.9340630953536,137.212979612959
543.7070134650781,140.6784546912311
544.4799638348027,136.87808152942583
545.2529142045273,137.86812311287147
546.0258645742518,136.32423405631945
546.7988149439764,143.25510622619757
547.571765313701,138.5196939493314
548.3447156834255,140.61614507587598
549.1176660531501,140.3664480839605
549.8906164228747,139.1673647483701
550.6635667925992,141.8878765447093
551.4365171623238,140.51209012636534
552.2094675320484,141.36350190942943
552.9824179017729,140.02429325732632
553.7553682714974,140.23726016641012
554.5283186412221,142.75891096777326
555.3012690109466,140.66159084805878
556.0742193806711,140.8729303707
556.8471697503958,141.08370318127012
557.6201201201203,141.29389715480727
558.3930704898448,138.57614343556668
559.1660208595695,141.59068298462404
559.938971229294,143.21760938701544
560.7119215990185,145.2481364070481
561.4848719687432,142.33576009333572
562.2578223384677,142.54222642047725
563.0307727081922,142.74802903585322
563.8037230779169,144.96393004563794
564.5766734476414,143.15759463146114
565.3496238173659,141.27170215615774
566.1225741870905,143.56435988046493
566.8955245568151,143.76666206258585
567.6684749265396,143.9682277831703
568.4414252962642,144.16904491725649
569.2143756659888,144.36910133988266
569.9873260357133,144.56838492608694
570.7602764054379,144.76688355090758
571.5332267751623,144.9645850893827
572.306177144887,143.9429997979914
573.0791275146116,145.35754840744943
573.852077884336,145.55278593711728
574.6250282540607,145.74717788059252
575.3979786237853,145.9407121129132
576.1709289935097,146.13337650911757
576.9438793632344,146.3251589442438
577.716829732959,146.51604729333013
578.4897801026834,146.7060294314147
579.2627304724081,146.8950932335358
580.0356808421327,147.0832265747315
580.8086312118571,147.27041733003998
581.5815815815818,149.65322132931706
582.3545319513064,147.2621928290047
583.1274823210308,153.15264281506978
583.9004326907555,150.13279960807068
584.6733830604801,148.19180794461207
585.4463334302045,148.62901167503705
586.2192837999291,148.55334171556748
586.9922341696538,148.73255528515372
587.7651845393782,148.9107171441965
588.5381349091028,149.21943970618554
589.3110852788275,142.5263370822016
590.0840356485519,147.29819682516188
590.8569860182765,149.6126049756973
591.629936388001,153.3275924342653
592.4028867577256,149.91377199361932
593.1758371274502,148.77282934437233
593.9487874971747,149.7215608148322
594.7217378668993,150.46484628242942
595.4946882366239,148.56568238976206
596.2676386063484,150.79761695872452
597.040588976073,150.96221254422525
597.8135393457976,151.12559879467912
598.5864897155221,151.28776358512425
599.3594400852467,151.44869479059884
600.1323904549713,151.60838028614114
600.9053408246958,151.7668079467892
601.6782911944204,148.32116170056696
602.451241564145,152.0798412635558
603.2241919338695,152.23442266975064
603.997142303594,155.21292503921825
604.7700926733187,152.53965435295444
605.5430430430432,153.52719098590939
606.3159934127677,152.83956369749822
607.0889437824924,152.98749218036815
607.8618941522169,153.13405370368764
608.6348445219414,153.27923614249494
609.4077948916661,153.42302737182817
610.1807452613906,153.5654152667256
610.9536956311151,153.70638770222538
611.7266460008398,153.84593255336574
612.4995963705643,153.9840376951849
613.2725467402888,154.1206910027209
614.0454971100135,154.25588035101208
614.8184474797381,154.3895936150966
615.5913978494625,152.9858996047765
616.3643482191871,151.65206769470865
617.1372985889118,154.781755652492
617.9102489586362,154.90944333013172
618.6831993283608,156.56747440974328
619.4561496980855,152.08493041929916
620.2291000678099,149.44236269929814
621.0020504375345,155.40470570091557
621.775000807259,148.59197651770134
622.5479511769836,155.64287413297708
623.3209015467082,155.75955054153454
624.0938519164326,154.42836365025016
624.8668022861573,155.67918367584596
625.6397526558819,156.09995621520287
626.4127030256063,156.21025259094552
627.185653395331,156.31898105415965
627.9586037650556,156.42615251197205
628.73155413478,156.5317778715095
629.5045045045047,152.88311333012405
630.2774548742293,156.73843392426744
631.0504052439537,156.83948643174162
631.8233556136784,163.1650081366752
632.596305983403,157.03709494451462
633.3692563531274,153.04682624602057
634.142206722852,157.22878083523307
634.9151570925767,157.32243006513897
635.6881074623011,156.9234913077864
636.4610578320257,157.5053956296785
637.2340082017504,157.5947337785659
638.0069585714748,157.6826567147008
638.7799089411994,157.76917534521016
639.5528593109241,157.8543005772208
640.3258096806485,157.9380433178596
641.0987600503731,159.67963252899798
641.8717104200978,153.38596096334226
642.6446607898222,158.1810856628137
643.4176111595468,157.1526529271959
644.1905615292715,158.33640139991647
644.9635118989959,158.41207824198847
645.7364622687205,157.637881377463
646.5094126384452,153.4436402026862
647.2823630081696,158.63131554780935
648.0553133778942,158.70183326670752
648.8282637476188,158.2441013215306
649.6012141173433,159.45368568401912
650.3741644870679,158.90585497405172
651.1471148567925,158.97138808380595
651.920065226517,158.77850825918836
652.6930155962416,158.9917327663313
653.4659659659662,154.086093752091
654.2389163356906,159.2214407494032
655.0118667054153,159.28098850808195
655.7848170751399,164.1566396553154
656.5577674448643,159.39660188606294
657.330717814589,159.45268931961888
658.1036681843136,159.50764512572093
658.876618554038,160.8999564636909
659.6495689237627,159.61420548407088
660.4225192934873,159.66583185057252
661.1954696632117,159.7163702181277
661.9684200329364,163.1107812480194
662.741370402661,159.8142265849064
663.5143207723854,159.86156639838367
664.2872711421101,159.9078618414219
665.0602215118347,160.3386397491299
665.8331718815591,161.72452930889358
666.6061222512838,160.0405910191718
667.3790726210084,161.14519440418218
668.1520229907328,160.1240552494697
668.9249733604574,158.1129389830972
669.6979237301821,164.68992705246114
670.4708740999065,161.90797985088952
671.2438244696311,160.27932383494766
672.0167748393558,161.81997029290218
672.7897252090802,160.35130270415758
673.5626755788048,160.38591645782435
674.3356259485295,160.41962763370145
675.1085763182539,160.6936431229882
675.8815266879785,160.48438588059423
676.6544770577032,160.51545476586355
677.4274274274276,162.0869125772047
678.2003777971522,160.5750265956826
678.9733281668769,164.28618686588368
679.7462785366013,160.63124988538786
680.5192289063259,160.658133095515
681.2921792760505,160.6842118919943
682.065129645775,160.70949718195268
682.8380800154996,160.73399987251688
683.6110303852242,159.52295686392995
684.3839807549487,160.7807010839705
685.1569311246733,160.8029214191136
685.9298814943979,160.40071957377458
686.7028318641223,161.7915458445747
687.475782233847,160.86519222773057
688.2487326035716,160.88452212208838
689.021682973296,163.90706304536917
689.7946333430207,160.92110679079332
690.5675837127453,160.93838337939425
691.3405340824697,160.95499734699658
692.1134844521944,160.97095960072718
692.886434821919,164.83382912305854
693.6593851916434,161.0009725950809
694.4323355613681,159.65347424701108
695.2052859310927,162.45288897612886
695.9782363008171,161.04137691074553
696.7511866705418,161.05365793091022
697.5241370402664,157.49052448327552
698.2970874099908,157.1297286215314
699.0700377797154,161.0870924360102
699.8429881494401,161.09713744300169
700.6159385191645,161.10665071451703
701.3888888888891,161.11564315768308
702.1618392586138,161.12412567962673
702.9347896283382,157.91977245532675
703.7077399980628,165.08021749124111
704.4806903677875,161.14662278939198
705.2536407375119,161.1531746977146
706.0265911072365,161.15927122044926
706.7995414769609,159.43278351429834
707.5724918466856,159.32325253465538
708.3454422164102,161.33312174504084
709.1183925861346,161.17932159804445
709.8913429558593,160.2415167837486
710.6642933255839,161.1868980586122
711.4372436953083,161.19011228178263
712.210194065033,161.19295837637992
712.9831444347576,161.19544724953101
713.756094804482,161.1975898083627
714.5290451742067,161.19939696000185
715.3019955439313,159.06091313380207
716.0749459136557,161.20204867021005
716.8478962833804,164.18064341918384
717.620846653105,161.20348963717055
718.3937970228294,161.20378335975013
719.166747392554,157.02832500584205
719.9396977622787,161.20357181874215
720.7126481320031,161.2030883694084
721.4855985017277,161.20236767702391
722.2585488714524,163.59101594797514
723.0314992411768,161.76528037169368
723.8044496109014,161.1988912128348
724.5773999806261,155.77811400672496
725.3503503503505,161.19558731878112
726.1233007200751,161.1936722177566
726.8962510897998,157.24358116794428
727.6692014595242,161.1893702433465
728.4421518292488,162.7264131923289
729.2151021989735,161.18451195330078
729.9880525686979,161.18190145773173
730.7610029384225,161.3132597879662
731.5339533081471,161.1763723011356
732.3069036778716,161.1734754543623
733.0798540475962,161.17050497144126
733.8528044173208,161.16747175949942
734.6257547870453,158.4628868076367
735.3987051567699,161.16126077706076
736.1716555264945,161.15810482081764
736.944605896219,161.15492976406117
737.7175562659436,159.85402426721873
738.4905066356682,161.14856597751563
739.2634570053926,161.14539906198033
740.0364073751173,161.14225667443912
740.8093577448419,158.7095951967184
741.5823081145663,161.13608911184656
742.355258484291,161.13308575104895
743.1282088540156,161.1301505467529
743.90115922374,161.1272944060853
744.6741095934647,161.124528236173
745.4470599631893,161.12186294414295
746.2200103329137,161.1193093645855
746.9929607026384,161.11687375348487
747.765911072363,161.11455513664163
748.5388614420874,161.11235190205426
749.311811811812,161.1102624377216
750.0847621815367,161.1082851316422
750.8577125512611,162.2045170672025
751.6306629209857,161.1046605462382
752.4036132907104,161.10301004291094
753.1765636604348,161.1014652498317
753.9495140301594,161.10002455499927
754.7224643998841,166.9497695742186
755.4954147696085,164.5792063666632
756.2683651393331,161.09631093996936
757.0413155090578,163.3443602188065
757.8142658787822,161.09432613449235
758.5872162485068,155.2158819691497
759.3601666182315,166.36661603618512
760.1331169879559,161.0920530930652
760.9060673576805,161.09444176524022
761.6790177274052,155.66038077657902
762.4519680971296,162.7066973475978
763.2249184668542,161.0902691117785
763.9978688365788,161.09003500203426
764.7708192063033,161.08988242251837
765.5437695760279,161.08980976122956
766.3167199457525,165.8301499101248
767.089670315477,157.24616289184658
767.8626206852016,162.49345005526035
768.6355710549262,161.09028605831836
769.4085214246506,160.2976932757964
770.1814717943753,161.09096180419084
770.9544221640999,158.79101505802257
771.7273725338243,161.241561711878
772.500322903549,161.85320139120688
773.2732732732736,161.09312401053933
774.046223642998,161.09382405766124
774.8191740127227,161.09458467899435
775.5921243824473,161.09540426253747
776.3650747521717,163.23482526426383
777.1380251218964,161.09721386824825
777.910975491621,161.0982006664133
778.6839258613454,161.0992399787831
779.45687623107,160.94608079594965
780.2298266007947,161.10146969813147
781.0027769705191,165.3113652914769
781.7757273402437,160.20603350227532
782.5486777099684,161.10516783365642
783.3216280796928,161.10648837922676
784.0945784494174,161.10785015499258
784.8675288191421,161.11205561026375
785.6404791888665,161.11069094910553
786.4134295585911,161.11216674345
787.1863799283158,161.00201236798094
787.9593302980402,157.1424204031776
788.7322806677648,161.11679637161953
789.5052310374892,167.0094901810641
790.2781814072139,161.12003520799954
791.0511317769385,161.1216955154657
791.8240821466629,161.1233809331142
792.5970325163876,161.1250898489438
793.3699828861122,156.47587429864979
794.1429332558366,156.957250935729
794.9158836255613,161.13034146550558
795.6888339952859,162.4571818970939
796.4617843650103,161.1339304807612
797.234734734735,166.81090283625343
798.0076851044596,161.13757480070942
798.780635474184,161.13941366994
799.5535858439086,160.0822991940125
800.3265362136333,160.96418947630008
801.0994865833577,164.08851221406334
801.8724369530823,161.1468429285412
802.645387322807,161.14871062860465
803.4183376925314,161.15057925883076
804.191288062256,161.1524472072182
804.9642384319807,161.15431286176562
805.7371888017051,161.08317549789106
806.5101391714297,162.7241226981107
807.2830895411544,161.15987994235485
808.0560399108788,161.1617203015292
808.8289902806034,161.16355030685696
809.6019406503281,161.16536834633686
810.3748910200525,162.2054140138442
811.1478413897771,161.16896207974779
811.9207917595018,161.17073454967615
812.6937421292262,161.1724886057514
813.4666924989508,161.1742226359722
814.2396428686754,161.17593502833722
815.0125932383999,162.6759759974853
815.7855436081245,158.6176958213544
816.5584939778491,161.5055569204552
817.3314443475736,156.09309310026313
818.1043947172982,159.38787063469388
818.8773450870228,161.18566471548283
819.6502954567472,157.47269635803653
820.4232458264719,165.4993188213106
821.1961961961965,161.19010687589636
821.9691465659209,161.1915142296315
822.7420969356456,161.1928822134964
823.5150473053702,160.49498070408674
824.2879976750946,161.1954936236103
825.0609480448193,161.19673382585665
825.8338984145439,161.1979282102275
826.6068487842683,161.19907516472162
827.379799153993,161.20017307733758
828.1527495237176,161.20122033607413
828.925699893442,161.20221532892998
829.6986502631667,161.20315644390377
830.4716006328913,158.8470623352616
831.2445510026157,161.20487059219985
832.0175013723403,161.20564040151964
832.790451742065,161.2063498849521
833.5634021117894,161.2069974304959
834.336352481514,158.6735110932563
835.1093028512387,161.20810025991244
835.8822532209631,161.20855231978248
836.6552035906877,159.72823006767246
837.4281539604124,161.20924966983966
838.2011043301368,161.20949173602418
838.9740546998614,161.20966058031084
839.7470050695861,158.94702825115684
840.5199554393105,161.20977215518545
841.2929058090351,159.68798151857848
842.0658561787598,158.96857643750712
842.8388065484842,161.20935005323088
843.6117569182088,157.7664528022616
844.3847072879335,163.55798743224534
845.1576576576579,161.20818190612493
845.9306080273825,165.0453239110428
846.7035583971071,161.20696717850822
847.4765087668316,161.20622418983214
848.2494591365562,161.20538863524243
849.0224095062808,161.20445890273783
849.7953598760053,160.97046914422756
850.5683102457299,159.33982004122095
851.3412606154545,160.15255216758516
852.1142109851789,163.82568085557335
852.8871613549036,161.19834115144516
853.6601117246282,161.19681249942354
854.4330620943526,161.19517838547773
855.2060124640773,161.19343719760656
855.9789628338019,161.19158732380862
856.7519132035263,161.18962715208266
857.524863573251,161.18755507042732
858.2978139429756,164.73430812539607
859.0707643127,161.1830687293233
859.8437146824247,161.18065124587199
860.6166650521493,161.17811540448605
861.3896154218737,163.9952297830053
862.1625657915984,161.17268219990504
862.935516161323,161.16978161270737
863.7084665310474,161.62018294653896
864.481416900772,161.16360440849098
865.2543672704967,161.16032456746973
866.0273176402211,161.9961051512121
866.8002680099457,161.1533743475944
867.5732183796704,161.7662476789435
868.3461687493948,158.9240205003113
869.1191191191194,163.9829783606871
869.8920694888441,166.10246458154208
870.6650198585685,159.10600145061903
871.4379702282931,164.60087396771823
872.2109205980175,161.12477867064848
872.9838709677422,161.12012987012986
