50.403225806451616,245.73841517994532
59.28233952427501,245.1253842183222
68.1614532420984,241.16042515004764
77.0405669599218,238.36325972420929
85.91968067774519,248.02509156605308
94.79879439556859,241.58441484759155
103.677908113392,241.339251687389
112.5570218312154,231.93793937816795
121.43613554903878,240.46610539984349
130.31524926686217,249.86892395854252
139.19436298468557,239.30133206937194
148.07347670250897,232.8404857829894
156.95259042033237,240.42465865130214
165.83170413815577,237.8966696148618
174.71081785597914,237.14714226330523
183.58993157380255,236.83657712232483
192.46904529162595,234.50044743167808
201.34815900944935,236.71876517193203
210.22727272727275,236.97640421162507
219.10638644509612,237.42393514989078
227.98550016291952,237.5884214419099
236.86461388074292,238.30384206009396
245.74372759856632,238.42695850147607
254.62284131638972,238.13267724667492
263.5019550342131,237.03859587493045
272.3810687520365,235.71174592498818
281.2601824698599,233.74270181498116
290.13929618768327,222.8688013233036
299.0184099055067,230.52429907406022
307.89752362333013,226.91848276231684
316.77663734115345,228.5553538583334
325.6557510589769,229.5837626304887
334.5348647768003,231.73591448386273
343.4139784946236,230.07974442605575
352.29309221244705,230.2504954732786
361.1722059302705,230.31143004390648
370.0513196480939,230.289437667577
378.9304333659172,227.30318910271237
387.80954708374065,236.34354574020534
396.6886608015641,230.0030593138264
405.5677745193874,229.9639333363481
414.4468882372108,230.04887487821517
423.32600195503426,232.58438203882872
432.2051156728576,231.09357878144687
441.084229390681,232.70803791287685
449.96334310850443,235.34573260272458
458.84245682632786,237.57962224667838
467.7215705441512,238.75565301901082
476.6006842619746,239.0646096031371
485.47979797979804,238.84965834134192
494.35891169762135,239.15064261263836
503.2380254154448,238.22046785727954
512.1171391332682,238.3632055995498
520.9962528510916,238.752852937008
529.875366568915,242.11354740722388
538.7544802867384,237.3805351235651
547.6335940045618,243.75508036632414
556.5127077223851,242.65979775471263
565.3918214402086,230.75370703650592
574.2709351580319,238.63903119399384
583.1500488758553,238.37602368277726
592.0291625936787,235.42814208802204
600.9082763115022,235.8670551708744
609.7873900293255,237.40824533491636
618.6665037471489,236.82198931913612
627.5456174649723,233.615842631756
636.4247311827957,234.61899795495063
645.3038449006191,233.70827706756194
654.1829586184425,232.30063497195528
663.0620723362659,229.6553147909227
671.9411860540893,233.96509261542178
680.8202997719127,230.95120988650342
689.6994134897361,236.46801591781528
698.5785272075594,234.96892919271366
707.4576409253829,228.57574173946355
716.3367546432063,229.56405441555063
725.2158683610296,229.42935578357108
734.094982078853,230.64929750890443
742.9740957966765,229.3377291139507
751.8532095144999,233.564367397239
760.7323232323232,236.16546715276115
769.6114369501466,229.36281142266378
778.4905506679701,225.01866876491374
787.3696643857934,229.54152018760678
796.2487781036168,229.32156356929684
805.1278918214402,234.77180363209789
814.0070055392636,227.13919504504008
822.886119257087,232.78712169282758
831.7652329749104,233.96202946894954
840.6443466927338,234.84233873615455
849.5234604105572,232.68168533676965
858.4025741283806,239.6483481273618
867.281687846204,236.51643967224953
876.1608015640273,230.8874653965119
885.0399152818508,237.93767195274515
893.9190289996742,242.12209763012154
902.7981427174976,238.95078165953697
911.6772564353209,239.0936195601496
920.5563701531444,246.37590140833342
929.4354838709678,238.23051948051943
