50.403225806451616,234.44880509797252
59.28233952427501,240.52320240151832
68.1614532420984,241.76980777634802
77.0405669599218,241.59383329113334
85.91968067774519,241.65821143609492
94.79879439556859,241.58441484759155
103.677908113392,241.339251687389
112.5570218312154,245.3856972902304
121.43613554903878,237.80446881371418
130.31524926686217,239.90376214647887
139.19436298468557,233.451156437626
148.07347670250897,242.41728798094437
156.95259042033237,239.2892557263661
165.83170413815577,229.24790978302502
174.71081785597914,241.24224540337423
183.58993157380255,236.83657712232483
192.46904529162595,235.45065840778773
201.34815900944935,236.95979902476398
210.22727272727275,241.23070075702802
219.10638644509612,237.42393514989078
227.98550016291952,237.91795768780636
236.86461388074292,245.28001455390935
245.74372759856632,238.42695850147607
254.62284131638972,238.13267724667492
263.5019550342131,233.31316272031765
272.3810687520365,238.78305322846063
281.2601824698599,233.74270181498116
290.13929618768327,233.05164637828292
299.0184099055067,232.2386130353455
307.89752362333013,229.79438897568343
316.77663734115345,229.5288260108921
325.6557510589769,229.5837626304887
334.5348647768003,229.81535128527577
343.4139784946236,226.68371275996046
352.29309221244705,233.5514662999695
361.1722059302705,225.34577731403095
370.0513196480939,231.26643838722197
378.9304333659172,230.21150663824878
387.80954708374065,230.10462823612033
396.6886608015641,230.0030593138264
405.5677745193874,225.48402953894836
414.4468882372108,230.04887487821517
423.32600195503426,230.33623931912675
432.2051156728576,235.7477646252077
441.084229390681,232.70803791287685
449.96334310850443,235.27976430280484
458.84245682632786,237.57962224667838
467.7215705441512,238.75565301901082
476.6006842619746,239.0646096031371
485.47979797979804,236.51987261503098
494.35891169762135,245.37210973906846
503.2380254154448,231.05876586078355
512.1171391332682,236.95947883180585
520.9962528510916,238.752852937008
529.875366568915,236.0133963393927
538.7544802867384,240.13729271533387
547.6335940045618,239.55722977637478
556.5127077223851,245.92001953629753
565.3918214402086,238.9514043229373
574.2709351580319,241.82454763718104
583.1500488758553,238.37602368277726
592.0291625936787,238.11499024573402
600.9082763115022,237.8084608090219
609.7873900293255,239.63386058877927
618.6665037471489,236.82198931913612
627.5456174649723,235.89030322688234
636.4247311827957,234.61899795495063
645.3038449006191,233.3147143891869
654.1829586184425,231.73578752448321
663.0620723362659,234.18989433907603
671.9411860540893,230.42511767164729
680.8202997719127,223.60510740853488
689.6994134897361,230.62449393349303
698.5785272075594,230.23678681798074
707.4576409253829,219.914483999141
716.3367546432063,224.87386385161335
725.2158683610296,229.42935578357108
734.094982078853,231.32383642155344
742.9740957966765,229.61562725446902
751.8532095144999,235.5594015721449
760.7323232323232,229.67480546802875
769.6114369501466,229.36281142266378
778.4905506679701,228.87619726240493
787.3696643857934,228.79501801584414
796.2487781036168,229.32156356929684
805.1278918214402,230.2842131171675
814.0070055392636,231.40831219956868
822.886119257087,232.8024483398589
831.7652329749104,233.96202946894954
840.6443466927338,229.02302770294685
849.5234604105572,235.3562275016932
858.4025741283806,235.86344855450716
867.281687846204,236.51643967224953
876.1608015640273,240.89842490563913
885.0399152818508,237.93767195274515
893.9190289996742,236.1341015278446
902.7981427174976,238.95078165953697
911.6772564353209,239.0936195601496
920.5563701531444,243.07273107501942
929.4354838709678,235.5387276777569
