50.403225806451616,239.72814583003927
59.28233952427501,240.52320240151832
68.1614532420984,239.00968084354787
77.0405669599218,241.52782151590992
85.91968067774519,233.63458426720734
94.79879439556859,237.0868388588155
103.677908113392,241.339251687389
112.5570218312154,240.9555418924766
121.43613554903878,243.85656127579054
130.31524926686217,239.90376214647887
139.19436298468557,236.37416568522195
148.07347670250897,235.08942742972354
156.95259042033237,238.107491191888
165.83170413815577,237.58172026548937
174.71081785597914,234.29275119923827
183.58993157380255,236.83657712232483
192.46904529162595,236.6828447795374
201.34815900944935,240.03894123188059
210.22727272727275,236.97640421162507
219.10638644509612,232.66321880844316
227.98550016291952,237.91795768780636
236.86461388074292,238.30384206009396
245.74372759856632,238.42695850147607
254.62284131638972,238.13267724667492
263.5019550342131,237.26636853041293
272.3810687520365,235.71174592498818
281.2601824698599,233.74270181498116
290.13929618768327,229.46750764686004
299.0184099055067,234.37007818687772
307.89752362333013,229.79438897568343
316.77663734115345,231.15102801246252
325.6557510589769,229.5837626304887
334.5348647768003,220.65412572214456
343.4139784946236,230.07974442605575
352.29309221244705,230.2504954732786
361.1722059302705,230.31143004390648
370.0513196480939,230.289437667577
378.9304333659172,239.01524900618887
387.80954708374065,230.10462823612033
396.6886608015641,230.0030593138264
405.5677745193874,230.62903737338183
414.4468882372108,234.9225180771325
423.32600195503426,230.33623931912675
432.2051156728576,231.09357878144687
441.084229390681,227.08226570852497
449.96334310850443,235.44245787917296
458.84245682632786,237.57962224667838
467.7215705441512,238.75565301901082
476.6006842619746,239.50011178351525
485.47979797979804,238.84965834134192
494.35891169762135,238.4539655759101
503.2380254154448,238.22046785727954
512.1171391332682,239.65314756441143
520.9962528510916,238.752852937008
529.875366568915,239.20353246875155
538.7544802867384,239.52936679387767
547.6335940045618,239.55722977637478
556.5127077223851,239.30759274948048
565.3918214402086,239.81652741812766
574.2709351580319,240.9852137214745
583.1500488758553,238.37602368277726
592.0291625936787,238.11499024573402
600.9082763115022,237.8084608090219
609.7873900293255,238.1005730553214
618.6665037471489,236.82198931913612
627.5456174649723,235.89030322688234
636.4247311827957,234.61899795495063
645.3038449006191,234.86463361365875
654.1829586184425,232.30063497195528
663.0620723362659,234.91822569303653
671.9411860540893,235.77072761744049
680.8202997719127,230.95120988650342
689.6994134897361,230.62449393349303
698.5785272075594,230.23678681798074
707.4576409253829,229.85823034500214
716.3367546432063,229.56405441555063
725.2158683610296,235.09172880585282
734.094982078853,228.8444403461768
742.9740957966765,229.61562725446902
751.8532095144999,229.72000825335488
760.7323232323232,225.7195559163814
769.6114369501466,229.57352182374842
778.4905506679701,231.06783236884104
787.3696643857934,228.79501801584414
796.2487781036168,231.72978085027526
805.1278918214402,234.53728104878317
814.0070055392636,231.50029103362226
822.886119257087,233.59790635688816
831.7652329749104,233.96202946894954
840.6443466927338,239.19714597491614
849.5234604105572,240.90817227423707
858.4025741283806,235.86344855450716
867.281687846204,233.48506797182316
876.1608015640273,241.18434728822416
885.0399152818508,237.93767195274515
893.9190289996742,241.1070078404103
902.7981427174976,238.95078165953697
911.6772564353209,239.0936195601496
920.5563701531444,238.881621632163
929.4354838709678,238.23051948051943
