50.403225806451616,238.41141441627542
59.28233952427501,244.30163590466367
68.1614532420984,241.16042515004764
77.0405669599218,236.54145529195614
85.91968067774519,241.65821143609492
94.79879439556859,241.58441484759155
103.677908113392,241.339251687389
112.5570218312154,245.63415252189273
121.43613554903878,236.00987796344006
130.31524926686217,239.90376214647887
139.19436298468557,239.30133206937194
148.07347670250897,238.69163510551192
156.95259042033237,228.8123900272002
165.83170413815577,237.58172026548937
174.71081785597914,237.14714226330523
183.58993157380255,236.83657712232483
192.46904529162595,232.06949096533017
201.34815900944935,233.72534471936444
210.22727272727275,240.2408077594208
219.10638644509612,237.42393514989078
227.98550016291952,238.29259083712617
236.86461388074292,242.91760356144002
245.74372759856632,238.42695850147607
254.62284131638972,243.52404518697384
263.5019550342131,231.7135099632853
272.3810687520365,235.71174592498818
281.2601824698599,233.74270181498116
290.13929618768327,229.2848293811521
299.0184099055067,230.52429907406022
307.89752362333013,229.79438897568343
316.77663734115345,229.5288260108921
325.6557510589769,229.5837626304887
334.5348647768003,229.81535128527577
343.4139784946236,230.07974442605575
352.29309221244705,233.4623853441558
361.1722059302705,230.31143004390648
370.0513196480939,230.289437667577
378.9304333659172,223.51987841709635
387.80954708374065,230.10462823612033
396.6886608015641,230.0030593138264
405.5677745193874,222.03384410331248
414.4468882372108,230.04887487821517
423.32600195503426,235.13250607261574
432.2051156728576,231.09357878144687
441.084229390681,232.70803791287685
449.96334310850443,235.27976430280484
458.84245682632786,237.57962224667838
467.7215705441512,238.75565301901082
476.6006842619746,239.17445757983276
485.47979797979804,232.44176813524896
494.35891169762135,237.832587634384
503.2380254154448,235.65639486036198
512.1171391332682,238.3632055995498
520.9962528510916,238.752852937008
529.875366568915,234.33437361750572
538.7544802867384,245.33027872929938
547.6335940045618,239.55722977637478
556.5127077223851,239.30759274948048
565.3918214402086,238.9514043229373
574.2709351580319,247.40623634157106
583.1500488758553,240.70966397702543
592.0291625936787,241.3094203786774
600.9082763115022,237.8084608090219
609.7873900293255,237.40824533491636
618.6665037471489,236.82198931913612
627.5456174649723,235.89030322688234
636.4247311827957,234.7189972446936
645.3038449006191,233.3147143891869
654.1829586184425,229.52942111657254
663.0620723362659,225.04565157867492
671.9411860540893,231.2510392658857
680.8202997719127,223.9942605256717
689.6994134897361,230.62449393349303
698.5785272075594,230.23678681798074
707.4576409253829,229.85823034500214
716.3367546432063,229.56405441555063
725.2158683610296,229.42935578357108
734.094982078853,229.47947294124862
742.9740957966765,223.49331602987363
751.8532095144999,229.72000825335488
760.7323232323232,229.67480546802875
769.6114369501466,229.36281142266378
778.4905506679701,234.84205178908059
787.3696643857934,228.79501801584414
796.2487781036168,232.75464651393074
805.1278918214402,226.93333981758354
814.0070055392636,239.24381646768583
822.886119257087,232.78712169282758
831.7652329749104,233.96202946894954
840.6443466927338,234.84233873615455
849.5234604105572,235.3562275016932
858.4025741283806,235.86344855450716
867.281687846204,244.91393180600647
876.1608015640273,237.23593693668144
885.0399152818508,242.34517513585476
893.9190289996742,238.53737632538295
902.7981427174976,238.95078165953697
911.6772564353209,239.0936195601496
920.5563701531444,237.47345195629057
929.4354838709678,234.7124977512244
