50.403225806451616,243.05640629305455
59.28233952427501,243.9046407318585
68.1614532420984,247.90138018770546
77.0405669599218,241.52782151590992
85.91968067774519,237.17807816702535
94.79879439556859,241.58441484759155
103.677908113392,241.339251687389
112.5570218312154,233.78351574376507
121.43613554903878,240.46610539984349
130.31524926686217,239.90376214647887
139.19436298468557,239.30133206937194
148.07347670250897,241.37295051611406
156.95259042033237,239.9380442939303
165.83170413815577,237.58172026548937
174.71081785597914,234.89678897394884
183.58993157380255,241.3014337861946
192.46904529162595,236.6828447795374
201.34815900944935,233.30348232970962
210.22727272727275,232.32788423966093
219.10638644509612,237.42393514989078
227.98550016291952,237.91795768780636
236.86461388074292,240.29060487704183
245.74372759856632,238.42695850147607
254.62284131638972,238.13267724667492
263.5019550342131,237.26636853041293
272.3810687520365,235.71174592498818
281.2601824698599,233.74270181498116
290.13929618768327,234.82432934100285
299.0184099055067,230.52429907406022
307.89752362333013,229.79438897568343
316.77663734115345,229.5288260108921
325.6557510589769,229.5837626304887
334.5348647768003,237.28897873923884
343.4139784946236,230.07974442605575
352.29309221244705,221.51323718040834
361.1722059302705,230.31143004390648
370.0513196480939,230.289437667577
378.9304333659172,234.01385983290731
387.80954708374065,229.32727514388583
396.6886608015641,230.0030593138264
405.5677745193874,235.90411351133073
414.4468882372108,230.04887487821517
423.32600195503426,229.74693476328142
432.2051156728576,231.09357878144687
441.084229390681,232.70803791287685
449.96334310850443,235.27976430280484
458.84245682632786,237.57962224667838
467.7215705441512,232.55383625836075
476.6006842619746,239.0646096031371
485.47979797979804,242.75379584279125
494.35891169762135,230.10429063327524
503.2380254154448,238.56395392663978
512.1171391332682,238.3632055995498
520.9962528510916,238.752852937008
529.875366568915,239.20353246875155
538.7544802867384,239.52936679387767
547.6335940045618,231.55323519332785
556.5127077223851,239.30759274948048
565.3918214402086,238.9514043229373
574.2709351580319,238.63903119399384
583.1500488758553,238.37602368277726
592.0291625936787,230.95475592141415
600.9082763115022,237.8084608090219
609.7873900293255,237.40824533491636
618.6665037471489,234.60214817364593
627.5456174649723,228.92607766527883
636.4247311827957,239.0642160626372
645.3038449006191,239.2319620428728
654.1829586184425,232.30063497195528
663.0620723362659,235.38770257273458
671.9411860540893,232.8437025159794
680.8202997719127,234.92073747731513
689.6994134897361,230.62449393349303
698.5785272075594,230.2054116657495
707.4576409253829,234.4018270938197
716.3367546432063,229.56405441555063
725.2158683610296,236.04761979520737
734.094982078853,229.47947294124862
742.9740957966765,229.61562725446902
751.8532095144999,229.72000825335488
760.7323232323232,234.10914844470486
769.6114369501466,229.36281142266378
778.4905506679701,228.87619726240493
787.3696643857934,228.79501801584414
796.2487781036168,229.32156356929684
805.1278918214402,233.94391476169284
814.0070055392636,228.17246016103186
822.886119257087,235.1623955495528
831.7652329749104,233.96202946894954
840.6443466927338,234.84233873615455
849.5234604105572,235.3562275016932
858.4025741283806,235.40607407468875
867.281687846204,236.51643967224953
876.1608015640273,243.20664144638056
885.0399152818508,237.93767195274515
893.9190289996742,238.53737632538295
902.7981427174976,238.95078165953697
911.6772564353209,239.0936195601496
920.5563701531444,238.881621632163
929.4354838709678,231.05106143590982
