50.403225806451616,235.21818487003307
59.28233952427501,240.52320240151832
68.1614532420984,237.75439201422887
77.0405669599218,241.52782151590992
85.91968067774519,241.65821143609492
94.79879439556859,241.58441484759155
103.677908113392,240.00640550752655
112.5570218312154,240.9555418924766
121.43613554903878,245.4236963618931
130.31524926686217,239.90376214647887
139.19436298468557,239.30133206937194
148.07347670250897,238.69163510551192
156.95259042033237,239.92840087767655
165.83170413815577,232.64112468848975
174.71081785597914,235.96234270811215
183.58993157380255,236.83657712232483
192.46904529162595,236.45925863728283
201.34815900944935,236.71876517193203
210.22727272727275,244.54116807985153
219.10638644509612,241.11065202780324
227.98550016291952,237.91795768780636
236.86461388074292,238.30384206009396
245.74372759856632,230.73472128070412
254.62284131638972,238.13267724667492
263.5019550342131,237.26636853041293
272.3810687520365,235.71174592498818
281.2601824698599,236.3170007024458
290.13929618768327,228.12698235265876
299.0184099055067,230.52429907406022
307.89752362333013,233.37285898969074
316.77663734115345,229.57185038250796
325.6557510589769,230.7289481240413
334.5348647768003,236.25722261960482
343.4139784946236,234.8856269004703
352.29309221244705,225.2607752414963
361.1722059302705,231.8162623354354
370.0513196480939,230.289437667577
378.9304333659172,230.21150663824878
387.80954708374065,230.10462823612033
396.6886608015641,230.0030593138264
405.5677745193874,226.72988562979134
414.4468882372108,230.04887487821517
423.32600195503426,228.7500306711368
432.2051156728576,231.09357878144687
441.084229390681,232.70803791287685
449.96334310850443,231.23831411040075
458.84245682632786,233.30386767494687
467.7215705441512,238.75565301901082
476.6006842619746,239.0646096031371
485.47979797979804,241.31724890943553
494.35891169762135,242.9274430765599
503.2380254154448,240.7682383218145
512.1171391332682,238.3632055995498
520.9962528510916,238.752852937008
529.875366568915,237.4621884933455
538.7544802867384,233.74040889607693
547.6335940045618,244.3495602927915
556.5127077223851,243.5741201003359
565.3918214402086,238.9514043229373
574.2709351580319,238.63903119399384
583.1500488758553,238.37602368277726
592.0291625936787,244.04680366842618
600.9082763115022,237.8084608090219
609.7873900293255,237.40824533491636
618.6665037471489,236.82198931913612
627.5456174649723,229.00032492409946
636.4247311827957,233.66898793511535
645.3038449006191,233.3147143891869
654.1829586184425,232.30063497195528
663.0620723362659,231.65569173196627
671.9411860540893,231.2510392658857
680.8202997719127,230.95120988650342
689.6994134897361,234.10345883419382
698.5785272075594,238.28585423076106
707.4576409253829,230.30208722751323
716.3367546432063,232.64120485661428
725.2158683610296,229.42935578357108
734.094982078853,229.47947294124862
742.9740957966765,229.61562725446902
751.8532095144999,229.72000825335488
760.7323232323232,224.40423998296166
769.6114369501466,229.36281142266378
778.4905506679701,226.60776939917866
787.3696643857934,231.83220845395817
796.2487781036168,219.6068025444431
805.1278918214402,235.36613718094313
814.0070055392636,231.50029103362226
822.886119257087,232.78712169282758
831.7652329749104,233.96202946894954
840.6443466927338,239.77504875024093
849.5234604105572,237.9142016345522
858.4025741283806,235.86344855450716
867.281687846204,233.99691167179017
876.1608015640273,236.58665174515758
885.0399152818508,239.2798609298105
893.9190289996742,238.53737632538295
902.7981427174976,238.95078165953697
911.6772564353209,244.06738790541172
920.5563701531444,238.881621632163
929.4354838709678,238.23051948051943
