50.403225806451616,243.38008966966612
59.28233952427501,238.59602003907915
68.1614532420984,241.16042515004764
77.0405669599218,249.48978669670112
85.91968067774519,235.12316800477785
94.79879439556859,242.3926228893142
103.677908113392,238.00069700542664
112.5570218312154,237.68856134917604
121.43613554903878,240.46610539984349
130.31524926686217,238.2882821872113
139.19436298468557,239.44224443281325
148.07347670250897,238.69163510551192
156.95259042033237,238.107491191888
165.83170413815577,237.58172026548937
174.71081785597914,239.75502473170226
183.58993157380255,236.83657712232483
192.46904529162595,240.86234848858683
201.34815900944935,236.71876517193203
210.22727272727275,236.97640421162507
219.10638644509612,234.872191080032
227.98550016291952,237.91795768780636
236.86461388074292,238.30384206009396
245.74372759856632,238.42695850147607
254.62284131638972,238.13267724667492
263.5019550342131,231.8076943747791
272.3810687520365,237.89008852921145
281.2601824698599,233.74270181498116
290.13929618768327,228.51524023707003
299.0184099055067,230.52429907406022
307.89752362333013,229.79438897568343
316.77663734115345,229.5288260108921
325.6557510589769,236.39675005999402
334.5348647768003,229.81535128527577
343.4139784946236,231.59904021908932
352.29309221244705,227.51682926579764
361.1722059302705,231.0043010871601
370.0513196480939,230.289437667577
378.9304333659172,230.21150663824878
387.80954708374065,230.10462823612033
396.6886608015641,233.8898792950377
405.5677745193874,229.9639333363481
414.4468882372108,230.04887487821517
423.32600195503426,230.33623931912675
432.2051156728576,231.09357878144687
441.084229390681,232.70803791287685
449.96334310850443,229.8414702865498
458.84245682632786,232.96252928161124
467.7215705441512,241.24447333031821
476.6006842619746,239.0646096031371
485.47979797979804,234.80765559947906
494.35891169762135,237.07754566500103
503.2380254154448,238.22046785727954
512.1171391332682,236.09804353111366
520.9962528510916,236.94513877297334
529.875366568915,232.88065538529105
538.7544802867384,239.52936679387767
547.6335940045618,239.55722977637478
556.5127077223851,239.30759274948048
565.3918214402086,241.47648708819466
574.2709351580319,238.63903119399384
583.1500488758553,239.3019126994995
592.0291625936787,231.32689774184135
600.9082763115022,243.00072152315843
609.7873900293255,237.40824533491636
618.6665037471489,237.3539505241305
627.5456174649723,235.89030322688234
636.4247311827957,234.61899795495063
645.3038449006191,233.3147143891869
654.1829586184425,232.30063497195528
663.0620723362659,227.9429777806567
671.9411860540893,231.2510392658857
680.8202997719127,230.95120988650342
689.6994134897361,230.62449393349303
698.5785272075594,228.92715060067928
707.4576409253829,229.85823034500214
716.3367546432063,227.81715958369713
725.2158683610296,229.42935578357108
734.094982078853,230.77305138969092
742.9740957966765,234.7115940775089
751.8532095144999,221.2419956694968
760.7323232323232,229.67480546802875
769.6114369501466,230.67340869655106
778.4905506679701,226.60749234421803
787.3696643857934,228.79501801584414
796.2487781036168,233.0586050811452
805.1278918214402,233.3992449813165
814.0070055392636,231.50029103362226
822.886119257087,232.78712169282758
831.7652329749104,233.96202946894954
840.6443466927338,234.84233873615455
849.5234604105572,235.3562275016932
858.4025741283806,233.6322063985019
867.281687846204,240.27747462586595
876.1608015640273,237.36109266954756
885.0399152818508,237.93767195274515
893.9190289996742,236.45417291244948
902.7981427174976,248.2882886207847
911.6772564353209,239.0936195601496
920.5563701531444,238.881621632163
929.4354838709678,238.23051948051943
