50.403225806451616,239.58333333333326
59.28233952427501,240.52320240151832
68.1614532420984,241.16042515004764
77.0405669599218,241.52782151590992
85.91968067774519,241.65821143609492
94.79879439556859,235.05873572721745
103.677908113392,241.339251687389
112.5570218312154,240.9555418924766
121.43613554903878,240.46610539984349
130.31524926686217,239.90376214647887
139.19436298468557,241.40293947273886
148.07347670250897,238.69163510551192
156.95259042033237,238.107491191888
165.83170413815577,246.0108623912323
174.71081785597914,236.7749838785301
183.58993157380255,236.83657712232483
192.46904529162595,236.6828447795374
201.34815900944935,234.3623203724535
210.22727272727275,236.97640421162507
219.10638644509612,237.42393514989078
227.98550016291952,240.7712689232647
236.86461388074292,238.30384206009396
245.74372759856632,239.3912045022954
254.62284131638972,245.2257577939981
263.5019550342131,237.26636853041293
272.3810687520365,235.71174592498818
281.2601824698599,229.96262092183508
290.13929618768327,231.18243409669728
299.0184099055067,230.52429907406022
307.89752362333013,229.79438897568343
316.77663734115345,224.83137534062416
325.6557510589769,221.32991551889447
334.5348647768003,229.81535128527577
343.4139784946236,222.3439572746671
352.29309221244705,230.2504954732786
361.1722059302705,230.31143004390648
370.0513196480939,230.289437667577
378.9304333659172,230.21150663824878
387.80954708374065,223.64047238652546
396.6886608015641,227.53931380008223
405.5677745193874,229.9639333363481
414.4468882372108,230.04887487821517
423.32600195503426,230.33623931912675
432.2051156728576,230.70438919926892
441.084229390681,231.73904584009415
449.96334310850443,236.94572265280618
458.84245682632786,232.67101818839652
467.7215705441512,238.75565301901082
476.6006842619746,234.38647155879266
485.47979797979804,243.17088215566636
494.35891169762135,238.4539655759101
503.2380254154448,238.22046785727954
512.1171391332682,236.85804560358676
520.9962528510916,238.752852937008
529.875366568915,239.20353246875155
538.7544802867384,239.52936679387767
547.6335940045618,239.55722977637478
556.5127077223851,239.30759274948048
565.3918214402086,240.49561435524498
574.2709351580319,238.63903119399384
583.1500488758553,233.78786358536829
592.0291625936787,238.74819456467387
600.9082763115022,237.8084608090219
609.7873900293255,237.40824533491636
618.6665037471489,236.82198931913612
627.5456174649723,239.27878226290863
636.4247311827957,235.16123324906107
645.3038449006191,229.53981492558407
654.1829586184425,236.80723427317432
663.0620723362659,224.58369338041024
671.9411860540893,231.2510392658857
680.8202997719127,230.95120988650342
689.6994134897361,225.2399333668725
698.5785272075594,230.23678681798074
707.4576409253829,222.27447428306584
716.3367546432063,234.054583012274
725.2158683610296,236.32665101571246
734.094982078853,234.18892759736752
742.9740957966765,229.61562725446902
751.8532095144999,229.72000825335488
760.7323232323232,229.67480546802875
769.6114369501466,229.36281142266378
778.4905506679701,230.86856338511657
787.3696643857934,233.63798726389157
796.2487781036168,229.32156356929684
805.1278918214402,227.59627419488646
814.0070055392636,231.50029103362226
822.886119257087,232.78712169282758
831.7652329749104,226.93742120258852
840.6443466927338,230.2781291509875
849.5234604105572,227.7477631183836
858.4025741283806,243.18603964701225
867.281687846204,236.51643967224953
876.1608015640273,237.4206417977816
885.0399152818508,235.53711843353653
893.9190289996742,238.53737632538295
902.7981427174976,246.321123239241
911.6772564353209,233.59211583032774
920.5563701531444,233.5366228773712
929.4354838709678,234.28415343059538
