50.403225806451616,239.9087411925465
59.28233952427501,240.52320240151832
68.1614532420984,249.14261228601728
77.0405669599218,242.6051291751278
85.91968067774519,241.65821143609492
94.79879439556859,240.8358912507939
103.677908113392,241.339251687389
112.5570218312154,240.9555418924766
121.43613554903878,237.3804227992221
130.31524926686217,241.77613135992505
139.19436298468557,234.71716932288015
148.07347670250897,238.69163510551192
156.95259042033237,235.70147956194
165.83170413815577,237.58172026548937
174.71081785597914,236.1942255785683
183.58993157380255,236.83657712232483
192.46904529162595,236.6828447795374
201.34815900944935,236.71876517193203
210.22727272727275,236.97640421162507
219.10638644509612,237.74635540542795
227.98550016291952,237.91795768780636
236.86461388074292,238.30384206009396
245.74372759856632,238.42695850147607
254.62284131638972,238.13267724667492
263.5019550342131,237.26636853041293
272.3810687520365,235.47055168630447
281.2601824698599,233.74270181498116
290.13929618768327,229.97157813196353
299.0184099055067,231.7044467001478
307.89752362333013,229.79438897568343
316.77663734115345,234.96455202938927
325.6557510589769,229.32820395436676
334.5348647768003,229.81535128527577
343.4139784946236,227.67516616269987
352.29309221244705,227.51961919667175
361.1722059302705,228.38280855524704
370.0513196480939,229.27315133649583
378.9304333659172,230.21150663824878
387.80954708374065,230.10462823612033
396.6886608015641,230.0030593138264
405.5677745193874,229.9639333363481
414.4468882372108,230.04887487821517
423.32600195503426,237.56611966487702
432.2051156728576,231.09357878144687
441.084229390681,232.70803791287685
449.96334310850443,232.06349472622261
458.84245682632786,232.82665379547052
467.7215705441512,240.26010523409155
476.6006842619746,239.0646096031371
485.47979797979804,238.84965834134192
494.35891169762135,241.03942024124217
503.2380254154448,242.5020974214135
512.1171391332682,238.3632055995498
520.9962528510916,238.752852937008
529.875366568915,239.20353246875155
538.7544802867384,244.3169469303831
547.6335940045618,239.55722977637478
556.5127077223851,241.71800189941308
565.3918214402086,240.7844511023952
574.2709351580319,238.63903119399384
583.1500488758553,245.8077492273903
592.0291625936787,235.46037263520634
600.9082763115022,244.7807606795553
609.7873900293255,237.40824533491636
618.6665037471489,234.94428223964468
627.5456174649723,232.6941973870186
636.4247311827957,234.62058793471937
645.3038449006191,236.9729163369871
654.1829586184425,232.30063497195528
663.0620723362659,231.65569173196627
671.9411860540893,231.2510392658857
680.8202997719127,230.95120988650342
689.6994134897361,230.62449393349303
698.5785272075594,230.23678681798074
707.4576409253829,229.85823034500214
716.3367546432063,229.56405441555063
725.2158683610296,229.42935578357108
734.094982078853,229.47947294124862
742.9740957966765,228.093246256475
751.8532095144999,228.256142754563
760.7323232323232,229.67480546802875
769.6114369501466,231.01145251219452
778.4905506679701,237.60873190571434
787.3696643857934,228.79501801584414
796.2487781036168,235.68737089919244
805.1278918214402,233.6389153527145
814.0070055392636,224.9983306342452
822.886119257087,231.60117233968919
831.7652329749104,239.14541388102435
840.6443466927338,237.63380631067992
849.5234604105572,227.44967060302102
858.4025741283806,235.86344855450716
867.281687846204,236.51643967224953
876.1608015640273,237.23593693668144
885.0399152818508,234.940708946394
893.9190289996742,238.53737632538295
902.7981427174976,240.33415728793474
911.6772564353209,239.0936195601496
920.5563701531444,238.881621632163
929.4354838709678,235.81032906639675
