50.403225806451616,239.58333333333326
59.28233952427501,245.05349438499042
68.1614532420984,241.16042515004764
77.0405669599218,239.15140550624122
85.91968067774519,240.43380449417955
94.79879439556859,241.58441484759155
103.677908113392,241.339251687389
112.5570218312154,240.9555418924766
121.43613554903878,240.5578659180454
130.31524926686217,239.90376214647887
139.19436298468557,239.30133206937194
148.07347670250897,238.69163510551192
156.95259042033237,238.107491191888
165.83170413815577,235.94285691664552
174.71081785597914,237.14714226330523
183.58993157380255,243.17080218686326
192.46904529162595,238.7609383217359
201.34815900944935,241.9514041362185
210.22727272727275,236.97640421162507
219.10638644509612,239.4377637907786
227.98550016291952,237.91795768780636
236.86461388074292,236.91409920953382
245.74372759856632,238.42695850147607
254.62284131638972,233.62164512473203
263.5019550342131,236.15481532545598
272.3810687520365,235.71174592498818
281.2601824698599,233.74270181498116
290.13929618768327,231.8607618233507
299.0184099055067,230.52429907406022
307.89752362333013,229.17124756236356
316.77663734115345,229.5288260108921
325.6557510589769,229.5837626304887
334.5348647768003,229.81535128527577
343.4139784946236,230.07974442605575
352.29309221244705,230.2504954732786
361.1722059302705,236.71727227238895
370.0513196480939,230.289437667577
378.9304333659172,230.21150663824878
387.80954708374065,229.3667355178946
396.6886608015641,230.0030593138264
405.5677745193874,229.9639333363481
414.4468882372108,230.04887487821517
423.32600195503426,230.33623931912675
432.2051156728576,237.31555122719664
441.084229390681,242.60430759377402
449.96334310850443,238.8505991665963
458.84245682632786,237.57962224667838
467.7215705441512,238.75565301901082
476.6006842619746,239.793970602112
485.47979797979804,238.84965834134192
494.35891169762135,238.4539655759101
503.2380254154448,234.7977826712083
512.1171391332682,238.3632055995498
520.9962528510916,238.752852937008
529.875366568915,239.20353246875155
538.7544802867384,239.52936679387767
547.6335940045618,239.55722977637478
556.5127077223851,239.30759274948048
565.3918214402086,236.9824706601458
574.2709351580319,238.63903119399384
583.1500488758553,238.37602368277726
592.0291625936787,238.11499024573402
600.9082763115022,237.8084608090219
609.7873900293255,239.43010479106954
618.6665037471489,241.54114501775996
627.5456174649723,235.89030322688234
636.4247311827957,234.61899795495063
645.3038449006191,233.3147143891869
654.1829586184425,232.30063497195528
663.0620723362659,231.65569173196627
671.9411860540893,231.2510392658857
680.8202997719127,237.2044443220313
689.6994134897361,226.60973792675318
698.5785272075594,230.23678681798074
707.4576409253829,229.01309720963008
716.3367546432063,229.56405441555063
725.2158683610296,221.18949231165783
734.094982078853,224.69065540131675
742.9740957966765,227.8211922324401
751.8532095144999,232.15167583759433
760.7323232323232,229.67480546802875
769.6114369501466,226.37628192919058
778.4905506679701,228.87619726240493
787.3696643857934,228.79501801584414
796.2487781036168,229.32156356929684
805.1278918214402,235.90588703303885
814.0070055392636,231.50029103362226
822.886119257087,232.78712169282758
831.7652329749104,238.47768065421508
840.6443466927338,234.84233873615455
849.5234604105572,235.3562275016932
858.4025741283806,238.45017521635148
867.281687846204,236.51643967224953
876.1608015640273,237.23593693668144
885.0399152818508,240.23886541441112
893.9190289996742,238.53737632538295
902.7981427174976,238.95078165953697
911.6772564353209,240.11957142171806
920.5563701531444,238.881621632163
929.4354838709678,238.23051948051943
