50.403225806451616,239.6249428339283
59.28233952427501,240.52320240151832
68.1614532420984,241.16042515004764
77.0405669599218,241.52782151590992
85.91968067774519,241.65821143609492
94.79879439556859,239.12847929538225
103.677908113392,245.66444749101237
112.5570218312154,240.9555418924766
121.43613554903878,240.46610539984349
130.31524926686217,239.90376214647887
139.19436298468557,239.30133206937194
148.07347670250897,238.74516825225422
156.95259042033237,238.107491191888
165.83170413815577,243.35472397168243
174.71081785597914,245.71804043700948
183.58993157380255,236.83657712232483
192.46904529162595,240.70450556195453
201.34815900944935,229.38787677782022
210.22727272727275,227.32665825137366
219.10638644509612,238.51052043869717
227.98550016291952,237.91795768780636
236.86461388074292,238.30384206009396
245.74372759856632,238.42695850147607
254.62284131638972,238.13267724667492
263.5019550342131,241.70058160477743
272.3810687520365,235.71174592498818
281.2601824698599,229.89296519182668
290.13929618768327,229.33227859341383
299.0184099055067,227.9237588969624
307.89752362333013,229.80547390908276
316.77663734115345,229.5288260108921
325.6557510589769,229.77245609218073
334.5348647768003,226.25754131628332
343.4139784946236,230.07974442605575
352.29309221244705,232.52553596133353
361.1722059302705,230.31143004390648
370.0513196480939,222.5885135772597
378.9304333659172,230.21150663824878
387.80954708374065,230.10462823612033
396.6886608015641,230.0030593138264
405.5677745193874,234.50000350081362
414.4468882372108,230.04887487821517
423.32600195503426,230.33623931912675
432.2051156728576,231.09357878144687
441.084229390681,236.90346298231339
449.96334310850443,235.27976430280484
458.84245682632786,237.57962224667838
467.7215705441512,237.83111282397363
476.6006842619746,244.1014506500942
485.47979797979804,237.54237625471183
494.35891169762135,245.38312926443402
503.2380254154448,238.22046785727954
512.1171391332682,237.2983477470368
520.9962528510916,243.8540044408429
529.875366568915,243.06824817488305
538.7544802867384,239.52936679387767
547.6335940045618,234.25551879916006
556.5127077223851,239.30759274948048
565.3918214402086,238.9514043229373
574.2709351580319,240.52276745247661
583.1500488758553,237.38895280067564
592.0291625936787,233.34145107805003
600.9082763115022,236.96167058765386
609.7873900293255,229.1408841277893
618.6665037471489,236.82198931913612
627.5456174649723,235.89030322688234
636.4247311827957,234.61899795495063
645.3038449006191,233.3147143891869
654.1829586184425,232.30063497195528
663.0620723362659,227.2444195975551
671.9411860540893,231.2510392658857
680.8202997719127,226.5295927213182
689.6994134897361,231.15814353916184
698.5785272075594,230.23678681798074
707.4576409253829,229.85823034500214
716.3367546432063,229.56405441555063
725.2158683610296,236.75364169475512
734.094982078853,229.47947294124862
742.9740957966765,229.61562725446902
751.8532095144999,229.72000825335488
760.7323232323232,226.5744924098011
769.6114369501466,229.36281142266378
778.4905506679701,227.75225568399543
787.3696643857934,222.65776951641615
796.2487781036168,224.47407522077614
805.1278918214402,230.2842131171675
814.0070055392636,227.5005008485685
822.886119257087,232.78712169282758
831.7652329749104,233.8888470458876
840.6443466927338,234.84233873615455
849.5234604105572,235.3562275016932
858.4025741283806,240.31220190123952
867.281687846204,236.51643967224953
876.1608015640273,237.23593693668144
885.0399152818508,237.93767195274515
893.9190289996742,237.91695739648296
902.7981427174976,238.95078165953697
911.6772564353209,234.9599437743862
920.5563701531444,238.881621632163
929.4354838709678,237.25959756015308
