54.435483870967744,200.27672239497574
62.96839361355491,201.04783958381478
71.50130335614207,201.49991348535278
80.03421309872923,201.241160766679
88.56712284131639,203.33660828848647
97.10003258390356,201.99632526963669
105.6329423264907,202.2990858066464
114.16585206907787,202.6384332642646
122.69876181166504,202.9951328121819
131.23167155425222,203.02021753673876
139.76458129683937,203.68364885767602
148.29749103942652,205.58943412967207
156.83040078201367,204.2164758190577
165.36331052460085,204.38672642249668
173.896220267188,204.47456596090606
182.42913000977518,204.6503365043459
190.96203975236233,204.348380508351
199.49494949494948,206.14781019844696
208.02785923753666,205.16799987357334
216.5607689801238,201.52770580677736
225.093678722711,204.1013745288872
233.62658846529814,202.3192123258011
242.1594982078853,201.86978790709216
250.69240795047247,201.61774163638913
259.22531769305965,203.10675610833934
267.75822743564675,205.11792124560077
276.29113717823395,202.720623966684
284.8240469208211,203.41684572902165
293.35695666340825,203.79033092368374
301.88986640599546,203.65761737221305
310.42277614858256,203.86247607620538
318.95568589116976,199.29761282416612
327.4885956337569,200.2141426046277
336.02150537634407,201.3734902642389
344.5544151189312,206.4183346119683
353.0873248615184,211.31441952174987
361.6202346041056,217.2325718470572
370.1531443466927,220.699641158226
378.6860540892799,222.21109417360032
387.21896383186703,222.92447633074232
395.75187357445424,223.09566043638446
404.2847833170414,222.85649663123036
412.81769305962854,222.72885139529998
421.3506028022157,221.66763450649663
429.88351254480284,220.78472745132981
438.41642228739,219.4386626946656
446.9493320299772,218.28720152487136
455.48224177256435,215.6184679023946
464.0151515151515,213.40421480570367
472.54806125773865,211.10865292385452
481.0809710003258,208.98770563391386
489.613880742913,207.24026171009618
498.14679048550016,205.44021747785843
506.6797002280873,205.61792592389202
515.2126099706745,205.6981459067481
523.7455197132616,205.08828340975742
532.2784294558487,205.63768034665762
540.8113391984359,205.90676258387734
549.3442489410231,204.71595352357465
557.8771586836103,204.4401647773548
566.4100684261974,205.0575263805627
574.9429781687845,205.08335253094273
583.4758879113717,205.09138787086587
592.0087976539589,204.35222635833713
600.5417073965461,204.86914062142966
609.0746171391334,203.5648114727484
617.6075268817203,203.32395001053303
626.1404366243075,205.65519747600038
634.6733463668947,204.401681805665
643.206256109482,206.59824059338
651.7391658520692,202.89543675631208
660.2720755946561,204.1278090589634
668.8049853372434,203.07682640162503
677.3378950798306,202.84687036155543
685.8708048224178,202.75689700930187
694.403714565005,200.8559797733718
702.936624307592,202.90753372005094
711.4695340501792,203.10340199617545
720.0024437927664,203.34025514769866
728.5353535353536,203.5655238300263
737.0682632779408,202.91544765065817
745.6011730205278,203.06170130356819
754.134082763115,201.68910178246884
762.6669925057022,204.41923737880265
771.1999022482894,203.72794940622506
779.7328119908764,203.73789633943733
788.2657217334636,203.73765317602616
796.7986314760508,204.56069002421995
805.331541218638,206.43501211678335
813.8644509612252,203.56481816585844
822.3973607038122,203.46324449626016
830.9302704463994,203.35066411063875
839.4631801889866,203.233667931505
847.9960899315738,203.11884688136965
856.528999674161,205.04159586866567
865.061909416748,202.93844218640635
873.5948191593352,202.93326280511235
882.1277289019224,203.03753731053658
890.6606386445096,203.29109526573566
899.1935483870968,202.9788026752956
