54.435483870967744,201.70454545454544
62.96839361355491,203.0925634760276
71.50130335614207,201.49991348535278
80.03421309872923,201.57750427868046
88.56712284131639,201.7493864835449
97.10003258390356,201.99632526963669
105.6329423264907,202.2990858066464
114.16585206907787,202.6384332642646
122.69876181166504,202.9951328121819
131.23167155425222,202.90944313367345
139.76458129683937,204.7311294391799
148.29749103942652,203.97754007223014
156.83040078201367,204.2164758190577
165.36331052460085,204.38672642249668
173.896220267188,204.47456596090606
182.42913000977518,204.4662685126443
190.96203975236233,204.348380508351
199.49494949494948,204.11768636693205
208.02785923753666,203.78407116953932
216.5607689801238,203.34505415203517
225.093678722711,202.85205403247136
233.62658846529814,201.98769535097742
242.1594982078853,201.86978790709216
250.69240795047247,201.61774163638913
259.22531769305965,201.67703437373632
267.75822743564675,202.1184376704132
276.29113717823395,202.77895143050526
284.8240469208211,203.41684572902165
293.35695666340825,203.79033092368374
301.88986640599546,203.65761737221305
310.42277614858256,202.77982470972128
318.95568589116976,202.05883643733875
327.4885956337569,198.16703786663408
336.02150537634407,200.53625766528313
344.5544151189312,204.10493751189654
353.0873248615184,211.31441952174987
361.6202346041056,217.2325718470572
370.1531443466927,220.699641158226
378.6860540892799,222.21109417360032
387.21896383186703,224.54608823058004
395.75187357445424,223.77073868098833
404.2847833170414,222.6995368433476
412.81769305962854,222.3388350559839
421.3506028022157,220.99397176435417
429.88351254480284,223.5697565315358
438.41642228739,219.4386626946656
446.9493320299772,217.62806887433342
455.48224177256435,215.6184679023946
464.0151515151515,213.40421480570367
472.54806125773865,210.1300118485178
481.0809710003258,208.98770563391386
489.613880742913,207.24026171009618
498.14679048550016,206.05955180893827
506.6797002280873,206.4697502192457
515.2126099706745,205.6981459067481
523.7455197132616,205.59904479829186
532.2784294558487,205.63768034665762
540.8113391984359,206.22857999818777
549.3442489410231,203.48521436363777
557.8771586836103,204.94811500532876
566.4100684261974,205.0575263805627
574.9429781687845,205.08335253094273
583.4758879113717,205.09138787086587
592.0087976539589,202.74114293673836
600.5417073965461,203.70298256900594
609.0746171391334,205.11894885397143
617.6075268817203,204.53286400541378
626.1404366243075,202.80791137649425
634.6733463668947,204.401681805665
643.206256109482,204.21215257012707
651.7391658520692,203.26381249409852
660.2720755946561,203.44323002963225
668.8049853372434,203.07682640162503
677.3378950798306,202.84687036155543
685.8708048224178,202.75689700930187
694.403714565005,202.78456661926384
702.936624307592,202.90753372005094
711.4695340501792,202.64778414315384
720.0024437927664,202.72362245737438
728.5353535353536,203.5655238300263
737.0682632779408,202.43129299756157
745.6011730205278,204.11428429838475
754.134082763115,203.75522780155939
762.6669925057022,203.72843327347164
771.1999022482894,203.03387857830248
779.7328119908764,204.1367709977444
788.2657217334636,203.73765317602616
796.7986314760508,203.7085816669434
805.331541218638,203.64879419692315
813.8644509612252,203.14428617476935
822.3973607038122,203.46324449626016
830.9302704463994,203.35066411063875
839.4631801889866,203.233667931505
847.9960899315738,203.11884688136965
856.528999674161,201.24203238545206
865.061909416748,204.22869745399024
873.5948191593352,202.91298735362804
882.1277289019224,204.91138470363643
890.6606386445096,203.64627055195885
899.1935483870968,203.38423280530495
