100.80645161290323,150.29761904761904
101.5794019826278,150.59356649175066
102.35235235235236,150.88747765044658
103.12530272207692,144.21236432236736
103.89825309180148,151.4691887767276
104.67120346152605,151.7569875769115
105.44415383125062,173.19029814393713
106.21710420097517,152.32646873286237
106.99005457069974,152.6081499212281
107.76300494042431,166.52437495122598
108.53595531014886,153.16539060023624
109.30890567987343,153.44094892347735
110.08185604959799,139.4442763356146
110.85480641932256,153.98593861893016
111.62775678904713,154.2553688237405
112.40070715877168,154.5227551550058
113.17365752849625,154.78809702902544
113.9466078982208,173.7691567115388
114.71955826794537,155.31264507052475
115.49250863766994,145.82504277423308
116.2654590073945,155.82900827863284
117.03840937711907,159.603555566934
117.81135974684364,156.33718198374416
118.58431011656819,172.27067858599594
119.35726048629276,161.93277209749996
120.13021085601733,157.08407700852987
120.90316122574188,165.58474019780311
121.67611159546645,161.9339861617717
122.449061965191,157.8125193850413
123.22201233491558,133.39890913466104
123.99496270464013,158.28788838210943
124.7679130743647,158.5224933533596
125.54086344408927,156.97237755588762
126.31381381381382,158.98554132278844
127.08676418353839,159.21398315356578
127.85971455326296,159.44036943678412
128.63266492298752,160.30978104469196
129.40561529271207,159.88697302574104
130.17856566243665,160.10718916407822
130.9515160321612,160.32534742005353
131.72446640188576,160.54144720996646
132.49741677161035,168.2117269999197
133.2703671413349,160.96746905680192
134.04331751105946,161.1773899463232
134.81626788078404,151.26287427928787
135.5892182505086,173.0757584543975
136.36216862023315,161.79478547489228
137.13511898995773,161.9964596587481
137.9080693596823,162.19607070693587
138.68101972940684,147.41874298621914
139.45397009913142,162.58910106150438
140.22692046885598,164.0249182610883
140.99987083858053,162.9738718689921
141.7728212083051,168.17276679838602
142.54577157802967,163.35037845979346
143.31872194775423,163.53553121468508
144.09167231747878,163.71861616430294
144.86462268720334,171.08669600705696
145.63757305692792,164.07858031291488
146.41052342665247,164.2554583445075
147.18347379637703,164.43026623602364
147.9564241661016,164.60300340376264
148.72937453582617,164.77366926402374
149.50232490555072,164.94226323310625
150.2752752752753,165.10878472730948
151.04822564499986,165.27323316293274
151.82117601472441,156.3686455193053
152.594126384449,165.59590852363652
153.36707675417355,166.32192707370237
154.1400271238981,165.91028464561197
154.9129774936227,166.06435903282483
155.68592786334725,166.2163568592535
156.4588782330718,166.36627754119732
157.23182860279638,169.80715980121025
158.00477897252094,166.65988513682746
158.7777293422455,166.80357088311249
159.55067971197008,166.9451771501097
160.32363008169463,190.87927485258797
161.0965804514192,167.22214891143855
161.86953082114377,167.35751323836868
162.64248119086832,167.49079575120828
163.41543156059288,167.6219958662567
164.18838193031743,165.48679545541793
164.961332300042,167.8781465681773
165.73428266976657,168.003095987648
166.50723303949113,168.12596067452478
167.28018340921568,177.91458301468444
168.05313377894026,168.3654335156936
168.82608414866482,177.48685677356974
169.59903451838937,168.59656042207814
170.37198488811396,164.43469646224258
171.1449352578385,170.26098813955193
171.91788562756307,168.92759193917217
172.69083599728765,166.9785734154947
173.4637863670122,169.13783357907153
174.23673673673676,169.23981883647014
175.00968710646134,169.33971294056707
175.7826374761859,163.4311375029486
176.55558784591045,169.53322535405306
177.32853821563504,169.62684249604078
178.1014885853596,169.7183661499241
178.87443895508414,177.48259170378185
179.64738932480873,169.89513065857446
180.42033969453328,169.98037034594012
181.19329006425784,170.06351421039852
181.96624043398242,170.144561668249
182.73919080370695,160.71933385455898
183.51214117343153,170.30036502932327
184.2850915431561,150.71852351063376
185.05804191288064,170.44777575955723
185.83099228260522,188.29042240496577
186.6039426523298,183.40564237645327
187.37689302205433,170.65314545732056
188.14984339177892,170.71740064908215
188.92279376150347,200.25242924739422
189.69574413122803,170.83960546916185
190.4686945009526,170.89755393007857
191.24164487067716,174.59002814125168
192.01459524040172,163.25574741885342
192.7875456101263,171.05877651192782
193.56049597985086,157.7856563617184
194.3334463495754,171.15573339540288
195.1063967193,171.201052634711
195.87934708902455,171.24426496079852
196.6522974587491,171.28536978996485
197.4252478284737,171.3243665385092
198.19819819819824,169.28376349634962
198.9711485679228,171.39603345892925
199.74409893764738,153.82404040150686
200.51704930737193,171.4592610524531
201.2899996770965,171.48770864237716
202.06295004682107,171.51404464947512
202.8359004165456,171.53826849004622
203.60885078627018,176.4961173807005
204.38180115599476,171.58037733680507
205.1547515257193,181.87660206317057
205.92770189544387,171.61403051304814
206.70065226516846,171.62768476547456
207.47360263489298,171.63922334916987
208.24655300461757,171.64864568043342
209.01950337434212,176.6502765807958
209.79245374406668,173.42525745835493
210.56540411379126,171.66420932262676
211.33835448351581,171.66516080715635
212.11130485324037,171.66399312075072
212.88425522296495,176.3600346246873
213.6572055926895,171.65529790033094
214.43015596241406,180.2116847416363
215.20310633213865,161.0647648462588
215.9760567018632,171.62634669516945
216.74900707158776,171.61245172543772
217.52195744131234,176.85095127711125
218.2949078110369,171.57829143175303
219.06785818076145,171.5580249403987
219.84080855048603,171.53563344110216
220.61375892021059,171.51111635016275
221.38670928993514,165.55182860966607
222.15965965965972,171.4557030585522
222.93261002938428,164.32862251104848
223.70556039910883,171.39178039596155
224.47851076883342,170.53038215675878
225.25146113855794,168.74109312119808
226.02441150828253,171.27993111672552
226.7973618780071,171.23838827941736
227.57031224773164,169.0287914670026
228.34326261745622,171.1489094862527
229.11621298718077,167.96135423604494
229.88916335690536,184.3608005585687
230.6621137266299,155.32340271584997
231.43506409635447,170.88532453328227
232.20801446607902,170.88789207244275
232.9809648358036,170.82928613192115
233.75391520552816,155.3573370695074
234.5268655752527,180.01809783098375
235.2998159449773,181.0415241853576
236.07276631470185,170.57350131015457
236.8457166844264,173.20723838465386
237.618667054151,170.43272169410832
238.39161742387554,170.3590281551576
239.1645677936001,168.11155802895263
239.93751816332468,167.705469297342
240.71046853304924,186.48474648426748
241.4834189027738,170.04143647389296
242.25636927249835,169.95616431808068
243.02931964222293,169.86847452641769
243.80227001194748,174.33245426246876
244.57522038167204,169.6857061522349
245.34817075139662,171.84078711037452
246.12112112112118,169.49285958473527
246.89407149084573,169.39257205142633
247.66702186057032,169.28966305730972
248.43997223029487,169.18409863155932
249.21292260001943,148.4837797937165
249.985872969744,161.2130909508945
250.75882333946856,168.851133056244
251.53177370919312,162.3328692664247
252.30472407891767,168.61525604938544
253.07767444864226,169.78245600267908
253.8506248183668,150.75018909602878
254.62357518809137,168.23991118760205
255.39652555781595,168.1089191899708
256.1694759275405,180.91518773796514
256.94242629726506,167.83791580419646
257.71537666698964,159.59183431587485
258.48832703671417,151.91431725361184
259.26127740643875,150.54977918808038
260.03422777616333,167.25888028746755
260.80717814588786,167.10620892322024
261.58012851561244,166.95030462329458
262.353078885337,166.79113341686445
263.12602925506155,166.62866133310376
263.89897962478614,161.83585569067213
264.6719299945107,178.99917172223962
265.44488036423525,168.14057614865547
266.21783073395983,156.79083425163427
266.9907811036844,179.78953611575238
267.76373147340894,161.9297794902094
268.5366818431335,165.39607863212447
269.3096322128581,148.3008427559527
270.08258258258263,165.01226791306425
270.8555329523072,164.98639865063595
271.6284833220318,160.20090306843974
272.4014336917563,155.21071567769684
273.1743840614809,179.22797308947548
273.9473344312055,163.98843637809392
274.72028480093,163.7723746352359
275.4932351706546,170.5870157826134
276.2661855403792,163.32868394704653
277.0391359101037,176.4668382429543
277.8120862798283,142.25214594656393
278.5850366495529,162.63372034618726
279.3579870192774,165.5367351803775
280.130937389002,162.15039657359256
280.90388775872657,153.3225557943494
281.6768381284511,161.65074397566963
282.4497884981757,161.39470944014465
283.22273886790026,167.85741323766553
283.9956892376248,160.870054041837
284.7686396073493,168.31732439778912
285.54158997707395,160.32839040167815
286.3145403467985,160.05109556383917
287.087490716523,159.76944675305896
287.86044108624765,146.0319200337684
288.6333914559722,147.14256480364898
289.4063418256967,158.89803677480907
290.17929219542134,158.59863236400224
290.95224256514587,182.144080907167
291.7251929348704,157.9862180903465
292.49814330459503,157.67314047038272
293.27109367431956,157.35547365053577
294.0440440440441,154.5948137421882
294.81699441376867,150.96224776563255
295.58994478349325,156.37579687614402
296.3628951532178,156.04065317192888
297.13584552294236,155.70137074077113
297.90879589266694,147.3624062180148
298.68174626239147,155.01075848826625
299.45469663211605,143.07073330682954
300.22764700184064,154.3046976999073
301.00059737156516,153.94610459893192
301.77354774128975,138.5268068797403
302.54649811101433,143.6042730918178
303.31944848073886,152.84918084073857
304.09239885046344,161.86839274670265
304.865349220188,152.10119993248435
305.63829958991255,151.72247655049884
306.41124995963713,155.46848972325012
307.1842003293617,149.40970710121732
307.95715069908624,150.5684810650255
308.7301010688108,150.17818144889452
309.5030514385354,149.78521826837652
310.27600180825993,149.3896837211312
311.0489521779845,125.6234757356745
311.8219025477091,142.6055383521201
312.5948529174336,148.18857385562862
313.3678032871582,147.78367581807126
314.1407536568828,141.5554194918421
314.9137040266073,137.32210954117002
315.6866543963319,146.55668822546633
316.4596047660565,130.60186190866577
317.232555135781,145.7293739070494
318.0055055055056,155.85217830885242
318.7784558752302,154.7630063281566
319.5514062449547,144.4762624975981
320.3243566146793,144.055690169933
321.0973069844039,160.88164783961005
321.8702573541284,143.2107959137893
322.643207723853,142.78665838063006
323.41615809357756,150.84777559885373
324.1891084633021,141.93546349243564
324.9620588330266,143.59883908993612
325.73500920275126,127.73262641030993
326.5079595724758,140.65275457034988
327.2809099422003,155.18263379399065
328.05386031192495,139.79474653512676
328.8268106816495,153.61185802847092
329.599761051374,135.91323649643283
330.37271142109864,148.65356052813328
331.14566179082317,130.92221056067746
331.9186121605477,137.64502199114395
332.69156253027234,137.21498667060337
333.46451289999686,148.9206659483974
334.2374632697214,142.54877890765522
335.010413639446,135.9263006685335
335.78336400917055,135.4975084123623
336.5563143788951,144.7548093733444
337.32926474861966,134.64161208120083
338.10221511834425,134.2146858610115
338.8751654880688,133.78855950761698
339.64811585779336,133.36332194841776
340.42106622751794,130.09667151195816
341.19401659724247,142.14767199543346
341.96696696696705,133.22058208966317
342.73991733669163,132.15401414157958
343.51286770641616,133.09721747421762
344.28581807614074,130.8355412057493
345.0587684458653,129.1295803737001
345.83171881558985,130.00408935390956
346.60466918531444,129.59085267548852
347.377619555039,131.2619785111855
348.15056992476354,128.76980245064652
348.9235202944881,141.11498896902276
349.6964706642127,127.95657591780753
350.46942103393724,112.12706803730401
351.2423714036618,127.15188449617526
352.0153217733864,126.75296177056275
352.78827214311093,144.62248284416017
353.5612225128355,125.9624069267473
354.3341728825601,134.48830803787203
355.1071232522846,125.18216574214767
355.8800736220092,110.67673603052548
356.6530239917338,108.8299413204368
357.4259743614583,123.60052355818247
358.1989247311829,123.65547002741023
358.9718751009075,123.28135372824144
359.744825470632,122.91043833567977
360.5177758403566,129.74302285823873
361.2907262100811,134.19156615791752
362.0636765798057,121.81778687164211
362.8366269495303,124.42036641705381
363.6095773192548,121.10698743099435
364.3825276889794,128.02572071575526
365.155478058704,128.2887831792377
365.9284284284285,120.06901912109774
366.7013787981531,119.73091362102069
367.47432916787767,119.39689830155531
368.2472795376022,99.66072911312898
369.0202299073268,118.74149391406151
369.79318027705136,118.42028270083392
370.5661306467759,144.8782497684622
371.3390810165005,116.78750418770423
372.11203138622506,106.44607639134658
372.8849817559496,117.52575461758661
373.65793212567417,116.8826935359076
374.43088249539875,114.09282799308002
375.2038328651233,116.30126906864434
375.97678323484786,116.01811494433747
376.74973360457244,108.46975828030597
377.52268397429697,115.46736755137566
378.29563434402155,115.19995213752155
379.06858471374613,114.937960815286
379.84153508347066,123.75519840489942
380.61448545319524,114.4306061552722
381.3874358229198,114.1854206722949
382.16038619264435,116.68327180193722
382.93333656236894,112.28773990847449
383.70628693209346,113.48489874028668
384.47923730181805,113.26336602659335
385.25218767154263,110.1295000914823
386.02513804126716,112.83875501184029
386.79808841099174,112.63568986581267
387.5710387807163,123.09277162481732
388.34398915044085,112.24782059271236
389.11693952016543,100.98950108151618
389.88988988989,113.7701619394008
390.66284025961454,111.71097832732784
391.4357906293391,88.13883572136113
392.2087409990637,111.3825205441545
392.98169136878823,111.22698459006851
393.7546417385128,111.07718251403885
394.5275921082374,112.7250408172382
395.3005424779619,114.5474429869713
396.0734928476865,87.08246510050228
396.8464432174111,110.53439178632188
397.6193935871356,106.03958950509586
398.3923439568602,105.93894776067255
399.1652943265848,113.1467168564373
399.9382446963093,110.0796582908597
400.7111950660339,109.97938840797333
401.4841454357585,103.62793520033537
402.257095805483,109.79462240991907
403.0300461752076,109.71003417433502
403.8029965449321,112.04639849813265
404.5759469146567,109.55621692901263
405.3488972843813,109.48689579885813
406.1218476541058,91.24829368487568
406.8947980238304,108.0390857602124
407.667748393555,124.04256418528038
408.4406987632795,133.1392262302079
409.2136491330041,109.21432266482934
409.98659950272867,109.17429211991575
410.7595498724532,109.13898212848069
411.5325002421778,113.07831051243573
412.30545061190236,126.17558199004222
413.0784009816269,115.77174623526801
413.85135135135147,117.1973657968499
414.62430172107605,109.0316283662005
415.3972520908006,109.02367443126691
416.17020246052516,128.82376044672452
416.94315283024974,109.0209148972575
417.71610319997427,105.08900504104697
418.48905356969885,109.03537940967125
419.26200393942344,109.04895553276664
420.03495430914796,126.62028080589516
420.80790467887255,100.991462195049
421.58085504859713,109.11450664710974
422.35380541832166,109.14447773288282
423.12675578804624,106.03105712102436
423.89970615777077,109.21632461466854
424.67265652749535,109.25810829026504
425.44560689721993,109.30373737538655
426.21855726694446,109.35316580982487
426.99150763666904,108.59882640113568
427.7644580063936,109.46323648581998
428.53740837611815,100.71498221875258
429.31035874584273,109.58795183658565
430.0833091155673,116.641693818378
430.85625948529184,109.72694338045724
431.6292098550164,109.8016775742876
432.402160224741,109.87984263577016
433.17511059446554,103.50259269034319
433.9480609641901,111.40133889848485
434.7210113339147,110.13446242405045
435.49396170363923,110.22589035406112
436.2669120733638,104.67772705961787
437.0398624430884,120.8431835645929
437.8128128128129,110.5191933029319
438.5857631825375,102.73133675488513
439.3587135522621,96.68196231991031
440.1316639219866,107.30033789874742
440.9046142917112,110.95292235761465
441.6775646614358,111.06866513469367
442.4505150311603,111.18723999671992
443.2234654008849,114.20553470283672
443.9964157706095,111.43270173478152
444.769366140334,111.55949649040076
445.5423165100586,111.68893909013482
446.3152668797831,119.03119207261966
447.0882172495077,111.95558358111522
447.8611676192323,112.09269335194533
448.6341179889568,112.23226672605796
449.4070683586814,112.3742576432451
450.18001872840597,112.51862004329851
450.9529690981305,112.66530786601024
451.7259194678551,112.81427505117215
452.49886983757966,108.9852068130226
453.2718202073042,113.11886326801418
454.04477057702877,113.27439217927818
454.81772094675335,116.3688657610745
455.5906713164779,113.59168930645167
456.36362168620246,110.61820204127457
457.13657205592705,113.91699843843196
457.9095224256516,114.08254235570442
458.68247279537616,114.24995109355436
459.45542316510074,114.41917859177367
460.22837353482527,114.59017879015428
461.00132390454985,114.7629056284881
461.77427427427443,114.93731304656703
462.54722464399896,115.11335498418299
463.32017501372354,115.29098538112795
464.0931253834481,115.4701581771938
464.86607575317265,137.85159356140682
465.63902612289723,115.83294672585572
466.41197649262176,116.0164703580357
467.18492686234634,134.47579804917478
467.9578772320709,116.38754603705323
468.73082760179545,116.57500596347461
469.50377797152004,120.35815427936308
470.2767283412446,124.4117407597913
471.04967871096915,117.14452136789228
471.82262908069373,114.37694826878791
472.5955794504183,132.1129714510426
473.36852982014284,117.72377294567055
474.1414801898674,128.20599510146883
474.914430559592,118.1147516362296
475.68738092931653,118.3115945641813
476.4603312990411,131.63690021066682
477.2332816687657,121.93524254577713
478.0062320384902,109.51559118295808
478.7791824082148,107.45140670641618
479.5521327779394,119.3087563802803
480.3250831476639,122.2836489642475
481.0980335173885,126.52913008106049
481.8709838871131,119.91688525859186
482.6439342568376,120.12114585740112
483.4168846265622,120.32615759291394
484.1898349962868,120.53190585534101
484.9627853660113,124.9633996961398
485.7357357357359,94.76626270077904
486.5086861054604,121.15342370621275
487.281636475185,134.21904052115394
488.0545868449096,121.57118372855842
488.8275372146341,113.24993724816596
489.6004875843587,121.99153922361421
490.3734379540833,102.00597582101432
491.1463883238078,144.37856100810137
491.9193386935324,104.7290839203279
492.69228906325696,136.3137088474521
493.4652394329815,123.05301614041461
494.2381898027061,123.26700976188681
495.01114017243066,123.48153537322098
495.7840905421552,123.69657836462765
496.55704091187977,107.93033569037163
497.32999128160435,124.12815804850099
498.1029416513289,111.94993460310468
498.87589202105346,106.03336152791867
499.64884239077804,143.06345624622287
500.42179276050257,125.26748877907966
501.19474313022715,125.21513872419297
501.96769349995174,125.43379480376016
502.74064386967626,145.69109550520608
503.51359423940085,125.87225002900789
504.28654460912543,130.57260885360913
505.05949497884995,126.31213194381036
505.83244534857454,122.33744394971555
506.6053957182991,124.88594607355675
507.37834608802365,116.12355045712968
508.15129645774823,127.19570832881745
508.92424682747276,127.41731148367292
509.69719719719734,127.639169042391
510.4701475669219,154.92444633205662
511.24309793664645,128.08358893225721
512.016048306371,140.67663492299187
512.7889986760956,147.19332558085284
513.5619490458201,128.75176155128986
514.3348994155447,128.97483872760523
515.1078497852693,129.19806803925715
515.8808001549938,129.42143487645612
516.6537505247184,130.7849499042835
517.426700894443,130.56966961682124
518.1996512641675,134.77693985339587
518.972601633892,130.31598528493367
519.7455520036167,130.53982060302636
520.5185023733412,131.36557145779526
521.2914527430657,119.40424382386077
522.0644031127904,131.21156731900896
522.8373534825149,141.38506304855665
523.6103038522394,140.7962428974937
524.3832542219641,133.72093483709168
525.1562045916886,132.1072459521576
525.9291549614131,132.33107113062914
526.7021053311378,132.5548292975956
527.4750557008623,132.77850584326745
528.2480060705868,133.0020861578553
529.0209564403115,133.22555563156973
529.793906810036,133.44889965462124
530.5668571797605,133.67210361722042
531.3398075494852,133.89515290957786
532.1127579192097,134.1180329219041
532.8857082889342,141.26280893940583
533.6586586586589,140.07997713104555
534.4316090283834,123.01060000497787
535.2045593981079,135.00756869729787
535.9775097678325,135.22938687219437
536.7504601375571,135.45095358402662
537.5234105072816,135.67225670783304
538.2963608770062,135.89328411865165
539.0693112467308,136.11402369152069
539.8422616164553,136.33446330147834
540.6152119861799,136.5545908235628
541.3881623559045,131.90526845288497
542.161112725629,136.99386110426494
542.9340630953536,137.212979612959
543.7070134650781,137.43173753393265
544.4799638348027,137.65012274222406
545.2529142045273,128.42779061574763
546.0258645742518,138.08572652091306
546.7988149439764,138.30292084138696
547.571765313701,138.5196939493314
548.3447156834255,138.73603371978467
549.1176660531501,158.35047236679026
549.8906164228747,139.1673647483701
550.6635667925992,139.38233175657865
551.4365171623238,139.5968169274488
552.2094675320484,139.81080813601858
552.9824179017729,137.38764509856037
553.7553682714974,140.23726016641012
554.5283186412221,140.44969673830823
555.3012690109466,140.66159084805878
556.0742193806711,140.8729303707
556.8471697503958,141.08370318127012
557.6201201201203,141.29389715480727
558.3930704898448,141.5035001663497
559.1660208595695,119.32980398819656
559.938971229294,137.72970299728962
560.7119215990185,132.15682380352078
561.4848719687432,142.33576009333572
562.2578223384677,142.54222642047725
563.0307727081922,146.6675927760956
563.8037230779169,142.95315581450174
564.5766734476414,142.90302400978007
565.3496238173659,136.9028535694794
566.1225741870905,143.56435988046493
566.8955245568151,143.76666206258585
567.6684749265396,143.9682277831703
568.4414252962642,144.16904491725649
569.2143756659888,144.36910133988266
569.9873260357133,156.6908553103134
570.7602764054379,144.76688355090758
571.5332267751623,153.9656799368638
572.306177144887,144.23517667418028
573.0791275146116,145.35754840744943
573.852077884336,148.47367102799922
574.6250282540607,136.12229638971857
575.3979786237853,145.9407121129132
576.1709289935097,146.13337650911757
576.9438793632344,146.3251589442438
577.716829732959,146.51604729333013
578.4897801026834,146.7060294314147
579.2627304724081,146.8950932335358
580.0356808421327,147.0832265747315
580.8086312118571,147.27041733003998
581.5815815815818,145.86682963064214
582.3545319513064,152.522179491919
583.1274823210308,140.24089898295676
583.9004326907555,148.00951199316643
584.6733830604801,148.19180794461207
585.4463334302045,148.37308856039968
586.2192837999291,148.55334171556748
586.9922341696538,148.73255528515372
587.7651845393782,148.9107171441965
588.5381349091028,126.48459475733233
589.3110852788275,171.3362473365646
590.0840356485519,149.43877120844627
590.8569860182765,149.6126049756973
591.629936388001,150.21050481382878
592.4028867577256,149.95692337918018
593.1758371274502,150.12738376548845
593.9487874971747,150.29669544155877
594.7217378668993,150.46484628242942
595.4946882366239,150.63182416313862
596.2676386063484,168.42330007789604
597.040588976073,150.96221254422525
597.8135393457976,151.12559879467912
598.5864897155221,154.68255619364353
599.3594400852467,151.44869479059884
600.1323904549713,151.60838028614114
600.9053408246958,151.7668079467892
601.6782911944204,151.92396564758138
602.451241564145,163.17980629831428
603.2241919338695,152.23442266975064
603.997142303594,144.2187677171518
604.7700926733187,152.53965435295444
605.5430430430432,152.69028038003967
606.3159934127677,147.27256427728858
607.0889437824924,160.80059372725532
607.8618941522169,153.13405370368764
608.6348445219414,153.27923614249494
609.4077948916661,164.59936784529373
610.1807452613906,153.5654152667256
610.9536956311151,151.66494328438432
611.7266460008398,153.84593255336574
612.4995963705643,153.28529545306623
613.2725467402888,154.1206910027209
614.0454971100135,159.37082698048818
614.8184474797381,154.3895936150966
615.5913978494625,147.98106625336357
616.3643482191871,154.65254339079837
617.1372985889118,166.5936161766141
617.9102489586362,148.5115190141932
618.6831993283608,155.03559429875574
619.4561496980855,155.16019643340232
620.2291000678099,155.28323760910948
621.0020504375345,155.40470570091557
621.775000807259,168.97792511807864
622.5479511769836,130.77241036756277
623.3209015467082,155.75955054153454
624.0938519164326,155.6238710786355
624.8668022861573,155.98808101980472
625.6397526558819,156.09995621520287
626.4127030256063,140.88029535472492
627.185653395331,160.42990809975583
627.9586037650556,159.208011446061
628.73155413478,161.6284427537661
629.5045045045047,167.11715807760135
630.2774548742293,156.73843392426744
631.0504052439537,164.6021284067729
631.8233556136784,149.2953273373858
632.596305983403,164.58325043801617
633.3692563531274,151.53090178581513
634.142206722852,157.22878083523307
634.9151570925767,145.524834791342
635.6881074623011,135.8995553471729
636.4610578320257,142.1022212680666
637.2340082017504,169.14540011483774
638.0069585714748,157.6826567147008
638.7799089411994,157.76917534521016
639.5528593109241,157.8543005772208
640.3258096806485,157.9380433178596
641.0987600503731,153.19846529813867
641.8717104200978,158.1014249535292
642.6446607898222,158.6136100246668
643.4176111595468,158.25940750923382
644.1905615292715,151.62702177964982
644.9635118989959,158.41207824198847
645.7364622687205,158.48644894257671
646.5094126384452,158.55952440880804
647.2823630081696,158.63131554780935
648.0553133778942,158.70183326670752
648.8282637476188,157.7048519036278
649.6012141173433,158.83909207270182
650.3741644870679,158.90585497405172
651.1471148567925,158.97138808380595
651.920065226517,163.97619339972343
652.6930155962416,163.4893871275656
653.4659659659662,159.16071773476307
654.2389163356906,159.2214407494032
655.0118667054153,159.28098850808195
655.7848170751399,158.40855404503822
656.5577674448643,159.39660188606294
657.330717814589,159.45268931961888
658.1036681843136,159.50764512572093
658.876618554038,159.561480211496
659.6495689237627,156.48035843614926
660.4225192934873,159.66583185057252
661.1954696632117,174.57584876697857
661.9684200329364,159.7658314938634
662.741370402661,159.8142265849064
663.5143207723854,159.86156639838367
664.2872711421101,159.9078618414219
665.0602215118347,174.62945290293783
665.8331718815591,159.99736324468918
666.6061222512838,160.0405910191718
667.3790726210084,160.08281805172308
668.1520229907328,160.1240552494697
668.9249733604574,151.64574269070775
669.6979237301821,170.39288520157416
670.4708740999065,172.8115256934758
671.2438244696311,160.27932383494766
672.0167748393558,160.31577546557432
672.7897252090802,160.35130270415758
673.5626755788048,162.53901395171107
674.3356259485295,160.41962763370145
675.1085763182539,160.4524471389158
675.8815266879785,160.48438588059423
676.6544770577032,160.51545476586355
677.4274274274276,160.5456647018507
678.2003777971522,160.5750265956826
678.9733281668769,160.60355135448606
679.7462785366013,162.35828767080136
680.5192289063259,160.658133095515
681.2921792760505,160.6842118919943
682.065129645775,160.70949718195268
682.8380800154996,152.44113700817283
683.6110303852242,160.75773087081384
684.3839807549487,160.7807010839705
685.1569311246733,160.8029214191136
685.9298814943979,172.7157061578235
686.7028318641223,174.26305409793218
687.475782233847,160.86519222773057
688.2487326035716,141.70716499326352
689.021682973296,163.03759616663814
689.7946333430207,179.09877336834631
690.5675837127453,147.2858043326979
691.3405340824697,150.40506204348554
692.1134844521944,160.97095960072718
692.886434821919,149.00886626329813
693.6593851916434,161.0009725950809
694.4323355613681,161.65160886657029
695.2052859310927,161.02850961947027
695.9782363008171,154.446753938005
696.7511866705418,163.17706492891566
697.5241370402664,161.06536358709138
698.2970874099908,161.07650478641574
699.0700377797154,141.00135670882023
699.8429881494401,150.4819936059042
700.6159385191645,161.10665071451703
701.3888888888891,161.11564315768308
702.1618392586138,159.68005022311183
702.9347896283382,161.13210918747487
703.7077399980628,154.66046297837207
704.4806903677875,166.61202760106517
705.2536407375119,163.78176688388118
706.0265911072365,161.15927122044926
706.7995414769609,161.16492326472266
707.5724918466856,184.98201349338655
708.3454422164102,161.17493754639338
709.1183925861346,157.60898255990188
709.8913429558593,161.18330479974173
710.6642933255839,153.61863759660673
711.4372436953083,161.19011228178263
712.210194065033,167.0595923042579
712.9831444347576,161.19544724953101
713.756094804482,137.6378379279316
714.5290451742067,161.19939696000185
715.3019955439313,161.20087961157537
716.0749459136557,161.20204867021005
716.8478962833804,161.20291504303285
717.620846653105,161.20348963717055
718.3937970228294,161.20378335975013
719.166747392554,161.20380711789838
719.9396977622787,161.20357181874215
720.7126481320031,151.58267280113154
721.4855985017277,161.20236767702391
722.2585488714524,181.808244320845
723.0314992411768,161.20025819161023
723.8044496109014,167.88838806516128
724.5773999806261,161.19733061951615
725.3503503503505,161.19558731878112
726.1233007200751,161.1936722177566
726.8962510897998,150.13376658057987
727.6692014595242,159.57679888044518
728.4421518292488,161.18700518421466
729.2151021989735,167.28434693885518
729.9880525686979,161.18190145773173
730.7610029384225,161.17918460463437
731.5339533081471,157.54951596619946
732.3069036778716,161.1734754543623
733.0798540475962,161.17050497144126
733.8528044173208,136.2809692449204
734.6257547870453,161.16438672566366
735.3987051567699,142.27493088482944
736.1716555264945,161.15810482081764
736.944605896219,159.92049276987606
737.7175562659436,161.15174651391825
738.4905066356682,151.34082101337526
739.2634570053926,163.01198414951904
740.0364073751173,161.14225667443912
740.8093577448419,161.1391497220189
741.5823081145663,161.13608911184656
742.355258484291,161.13308575104895
743.1282088540156,161.1301505467529
743.90115922374,161.1272944060853
744.6741095934647,156.88175528170754
745.4470599631893,149.88354561182993
746.2200103329137,161.1193093645855
746.9929607026384,161.11687375348487
747.765911072363,165.87972492251004
748.5388614420874,161.11235190205426
749.311811811812,161.1102624377216
750.0847621815367,161.1082851316422
750.8577125512611,161.1064183718148
751.6306629209857,161.1046605462382
752.4036132907104,161.10301004291094
753.1765636604348,161.1014652498317
753.9495140301594,161.10002455499927
754.7224643998841,161.09868634641228
755.4954147696085,161.09744901206943
756.2683651393331,161.09631093996936
757.0413155090578,153.32529470959136
757.8142658787822,161.09432613449235
758.5872162485068,161.0934761771129
759.3601666182315,161.09271903397092
760.1331169879559,154.83116462278366
760.9060673576805,161.0914767423944
761.6790177274052,171.5274252625719
762.4519680971296,161.09058636375235
763.2249184668542,148.83345477786446
763.9978688365788,161.09003500203426
764.7708192063033,144.00104921409462
765.5437695760279,161.08980976122956
766.3167199457525,161.08981540616645
767.089670315477,153.94054189087154
767.8626206852016,161.09005516671215
768.6355710549262,141.88538677466542
769.4085214246506,165.51221756174746
770.1814717943753,161.09096180419084
770.9544221640999,172.26104354030488
771.7273725338243,165.14844576290903
772.500322903549,160.2426172150983
773.2732732732736,161.09312401053933
774.046223642998,177.88425025753173
774.8191740127227,161.09458467899435
775.5921243824473,147.31334786856297
776.3650747521717,157.66400260420872
777.1380251218964,164.26014249940732
777.910975491621,161.0982006664133
778.6839258613454,161.0992399787831
779.45687623107,182.79224694757625
780.2298266007947,159.52414748585153
781.0027769705191,142.1851887986211
781.7757273402437,161.10389013028288
782.5486777099684,142.51782997003988
783.3216280796928,161.10648837922676
784.0945784494174,185.91570780043085
784.8675288191421,161.1092515489526
785.6404791888665,161.11069094910553
786.4134295585911,161.11216674345
787.1863799283158,174.05321246605087
787.9593302980402,149.16590518647521
788.7322806677648,163.79793746680033
789.5052310374892,142.9590012841532
790.2781814072139,161.12003520799954
791.0511317769385,161.1216955154657
791.8240821466629,161.1233809331142
792.5970325163876,161.1250898489438
793.3699828861122,161.12682065095305
794.1429332558366,161.1285717271408
794.9158836255613,161.13034146550558
795.6888339952859,161.13212825404614
796.4617843650103,161.1339304807612
797.234734734735,156.60309988325128
798.0076851044596,161.13757480070942
798.780635474184,161.13941366994
799.5535858439086,161.14126152933974
800.3265362136333,161.1431167669074
801.0994865833577,161.14497777064162
801.8724369530823,161.1468429285412
802.645387322807,152.8170798012812
803.4183376925314,173.59722185548384
804.191288062256,161.1524472072182
804.9642384319807,161.15431286176562
805.7371888017051,161.15617461047174
806.5101391714297,161.15803084133526
807.2830895411544,161.15987994235485
808.0560399108788,161.1617203015292
808.8289902806034,144.8941010269268
809.6019406503281,161.16536834633686
810.3748910200525,161.16717280796757
811.1478413897771,163.58884238912768
811.9207917595018,161.17073454967615
812.6937421292262,169.88342188205388
813.4666924989508,164.62987287948664
814.2396428686754,166.8543844024742
815.0125932383999,161.17762417084518
815.7855436081245,181.48077512539578
816.5584939778491,161.18092625828464
817.3314443475736,161.1825359792134
818.1043947172982,162.66725910393794
818.8773450870228,145.8057127220675
819.6502954567472,161.18718050682074
820.4232458264719,148.8385164187585
821.1961961961965,154.4057086091146
821.9691465659209,161.1915142296315
822.7420969356456,166.51483529940768
823.5150473053702,161.19420921548974
824.2879976750946,161.1954936236103
825.0609480448193,153.92723520949926
825.8338984145439,145.18320955469457
826.6068487842683,161.19907516472162
827.379799153993,139.32100471883612
828.1527495237176,190.17908016445816
828.925699893442,140.20774033317707
829.6986502631667,161.20315644390377
830.4716006328913,161.20404206899417
831.2445510026157,161.20487059219985
832.0175013723403,161.20564040151964
832.790451742065,161.2063498849521
833.5634021117894,141.2596737133515
834.336352481514,161.20758142614977
835.1093028512387,161.20810025991244
835.8822532209631,136.8653011213172
836.6552035906877,161.2089359937587
837.4281539604124,163.98081484997488
838.2011043301368,161.20949173602418
838.9740546998614,161.20966058031084
839.7470050695861,166.86540441561237
840.5199554393105,161.20977215518545
841.2929058090351,168.95256539257934
842.0658561787598,161.20957149845304
842.8388065484842,161.20935005323088
843.6117569182088,182.33007425904844
844.3847072879335,161.20865686906814
845.1576576576579,156.3619646611421
845.9306080273825,163.02206230673147
846.7035583971071,161.20696717850822
847.4765087668316,161.20622418983214
848.2494591365562,161.20538863524243
849.0224095062808,165.30469129386074
849.7953598760053,161.203433380317
850.5683102457299,161.2023104559786
851.3412606154545,161.20108851772142
852.1142109851789,161.19976595354402
852.8871613549036,161.19834115144516
853.6601117246282,185.0006587492791
854.4330620943526,172.31036883289505
855.2060124640773,152.26535421545185
855.9789628338019,163.64259620274768
856.7519132035263,161.18962715208266
857.524863573251,161.18755507042732
858.2978139429756,161.18536946684134
859.0707643127,161.1830687293233
859.8437146824247,161.18065124587199
860.6166650521493,153.76116300530163
861.3896154218737,146.80433456774523
862.1625657915984,159.58614012831487
862.935516161323,178.14841472805034
863.7084665310474,161.1667562195698
864.481416900772,163.72640146674706
865.2543672704967,161.61822243562207
866.0273176402211,173.01995043757188
866.8002680099457,161.1533743475944
867.5732183796704,161.14970074473771
868.3461687493948,151.22972782012175
869.1191191191194,150.62631158163055
869.8920694888441,161.13786662047582
870.6650198585685,179.80877009116367
871.4379702282931,161.12928332121152
872.2109205980175,185.29164073084377
872.9838709677422,161.12012987012986
