100.80645161290323,150.29761904761904
101.5794019826278,151.63363327344618
102.35235235235236,130.01730300351073
103.12530272207692,151.17935194000574
103.89825309180148,180.98580742464486
104.67120346152605,139.56498396973348
105.44415383125062,155.19656828351106
106.21710420097517,144.247097750383
106.99005457069974,158.5020516403981
107.76300494042431,159.22849371887432
108.53595531014886,153.16539060023624
109.30890567987343,130.56616298086217
110.08185604959799,170.27829598672022
110.85480641932256,153.98593861893016
111.62775678904713,162.3919163443807
112.40070715877168,141.84153147743737
113.17365752849625,160.79407301412073
113.9466078982208,138.8265396807659
114.71955826794537,160.08932322715467
115.49250863766994,155.57185007060303
116.2654590073945,138.07564579183116
117.03840937711907,156.08411911091346
117.81135974684364,150.31361764785996
118.58431011656819,158.94727547736056
119.35726048629276,156.83716151625305
120.13021085601733,166.23824500599284
120.90316122574188,157.328942206554
121.67611159546645,163.04703786808443
122.449061965191,168.7171467150566
123.22201233491558,166.38388589835807
123.99496270464013,158.28788838210943
124.7679130743647,162.65981366969407
125.54086344408927,158.7550445281528
126.31381381381382,151.31463104255852
127.08676418353839,173.79309278890082
127.85971455326296,155.73312089197805
128.63266492298752,142.88890393579243
129.40561529271207,159.88697302574104
130.17856566243665,159.5034926999043
130.9515160321612,160.51638570028354
131.72446640188576,152.48882616341817
132.49741677161035,157.87920146289417
133.2703671413349,160.96746905680192
134.04331751105946,169.2908223821002
134.81626788078404,161.38525003497912
135.5892182505086,180.97046921031856
136.36216862023315,161.79478547489228
137.13511898995773,161.9964596587481
137.9080693596823,156.15231832990457
138.68101972940684,147.65955879228372
139.45397009913142,162.58910106150438
140.22692046885598,171.6098286714974
140.99987083858053,172.49658685207177
141.7728212083051,163.85784216948
142.54577157802967,167.55425673431122
143.31872194775423,147.4343173783559
144.09167231747878,153.02711612405926
144.86462268720334,163.89963272494646
145.63757305692792,164.07858031291488
146.41052342665247,161.00523255732267
147.18347379637703,164.43026623602364
147.9564241661016,152.6792257687415
148.72937453582617,157.46469349402497
149.50232490555072,164.94226323310625
150.2752752752753,160.859164186963
151.04822564499986,165.27323316293274
151.82117601472441,165.43560795627528
152.594126384449,165.59590852363652
153.36707675417355,179.57485376910734
154.1400271238981,156.58414962926082
154.9129774936227,182.2080010295043
155.68592786334725,166.2163568592535
156.4588782330718,192.2277942636666
157.23182860279638,166.51412049495553
158.00477897252094,166.7407693443187
158.7777293422455,166.80357088311249
159.55067971197008,186.92992111694076
160.32363008169463,184.26715938949474
161.0965804514192,156.06312014904603
161.86953082114377,163.42592157505837
162.64248119086832,155.83486399538893
163.41543156059288,167.6219958662567
164.18838193031743,164.17655194521615
164.961332300042,153.9993688243775
165.73428266976657,148.27339599324335
166.50723303949113,160.21750670661316
167.28018340921568,179.77381004898314
168.05313377894026,147.06264126862598
168.82608414866482,168.48204050258425
169.59903451838937,149.94297363508787
170.37198488811396,168.70899269047453
171.1449352578385,171.81970115733674
171.91788562756307,168.92759193917217
172.69083599728765,158.8375991749364
173.4637863670122,180.0864469785075
174.23673673673676,169.23981883647014
175.00968710646134,156.33463990840647
175.7826374761859,157.18852417661807
176.55558784591045,169.53322535405306
177.32853821563504,174.77625168243753
178.1014885853596,169.7183661499241
178.87443895508414,155.13031991350414
179.64738932480873,169.89513065857446
180.42033969453328,150.5469750137567
181.19329006425784,170.06351421039852
181.96624043398242,170.144561668249
182.73919080370695,170.22351213579077
183.51214117343153,170.30036502932327
184.2850915431561,182.93476921640968
185.05804191288064,182.37813208217813
185.83099228260522,173.63527085514508
186.6039426523298,163.41599145261011
187.37689302205433,170.65314545732056
188.14984339177892,170.71740064908215
188.92279376150347,170.7795541809295
189.69574413122803,169.11953935239038
190.4686945009526,170.89755393007857
191.24164487067716,170.9533989799789
192.01459524040172,171.00714003516225
192.7875456101263,171.05877651192782
193.56049597985086,171.10830782657493
194.3334463495754,168.28957915561773
195.1063967193,169.28265164635252
195.87934708902455,171.24426496079852
196.6522974587491,171.28536978996485
197.4252478284737,143.4446644060691
198.19819819819824,171.36125462273085
198.9711485679228,171.39603345892925
199.74409893764738,171.4287024634035
200.51704930737193,171.4592610524531
201.2899996770965,191.58169930223374
202.06295004682107,171.51404464947512
202.8359004165456,171.53826849004622
203.60885078627018,171.5603795803898
204.38180115599476,175.30045601976624
205.1547515257193,153.7128794392097
205.92770189544387,171.61403051304814
206.70065226516846,185.92840470773095
207.47360263489298,171.63922334916987
208.24655300461757,162.36895788902882
209.01950337434212,171.6559511755646
209.79245374406668,175.64148079180262
210.56540411379126,147.96545423381355
211.33835448351581,171.66516080715635
212.11130485324037,175.28079534317837
212.88425522296495,170.60626696468074
213.6572055926895,177.97186755311813
214.43015596241406,171.6477691989154
215.20310633213865,170.7049649327835
215.9760567018632,172.3176301080965
216.74900707158776,162.9918402747672
217.52195744131234,179.8632193959044
218.2949078110369,171.57829143175303
219.06785818076145,179.3873333744476
219.84080855048603,172.18324054921328
220.61375892021059,183.13563800165306
221.38670928993514,171.48447308387966
222.15965965965972,176.051668274848
222.93261002938428,146.90124555633574
223.70556039910883,179.3709706403827
224.47851076883342,191.63966172030004
225.25146113855794,174.85274973628916
226.02441150828253,175.9487158605962
226.7973618780071,171.23838827941736
227.57031224773164,186.47254744250228
228.34326261745622,171.1489094862527
229.11621298718077,186.444787898285
229.88916335690536,171.0509026436855
230.6621137266299,166.90580362815734
231.43506409635447,172.2440474795312
232.20801446607902,155.30605872173558
232.9809648358036,177.25051751670335
233.75391520552816,157.02902362225612
234.5268655752527,170.23132000562873
235.2998159449773,160.11097356423622
236.07276631470185,194.0792931601071
236.8457166844264,154.1980044582852
237.618667054151,171.6600513358972
238.39161742387554,170.3590281551576
239.1645677936001,170.28308683448677
239.93751816332468,170.20486376126985
240.71046853304924,174.06970973583913
241.4834189027738,170.04143647389296
242.25636927249835,171.70567622163077
243.02931964222293,168.94944540117157
243.80227001194748,161.09202263885265
244.57522038167204,169.6857061522349
245.34817075139662,158.4440300461313
246.12112112112118,169.49285958473527
246.89407149084573,169.39257205142633
247.66702186057032,191.5902844631494
248.43997223029487,169.18409863155932
249.21292260001943,171.2625620182439
249.985872969744,174.11635816386118
250.75882333946856,166.6353934905357
251.53177370919312,172.42621823797623
252.30472407891767,168.61525604938544
253.07767444864226,172.40829222821912
253.8506248183668,168.39133966275753
254.62357518809137,149.63227955416383
255.39652555781595,173.96949750353167
256.1694759275405,167.9749320524444
256.94242629726506,138.3983754411289
257.71537666698964,167.69783647440096
258.48832703671417,167.55466009223176
259.26127740643875,146.2803701601218
260.03422777616333,167.25888028746755
260.80717814588786,172.67283362132903
261.58012851561244,166.95030462329458
262.353078885337,157.76558885295944
263.12602925506155,177.4423938311732
263.89897962478614,156.53232729704553
264.6719299945107,166.29367865028578
265.44488036423525,166.12110010957628
266.21783073395983,166.7301380873995
266.9907811036844,162.2149377062361
267.76373147340894,165.5826080403318
268.5366818431335,165.39607863212447
269.3096322128581,149.71728989709774
270.08258258258263,153.4434422720435
270.8555329523072,164.81491866055902
271.6284833220318,157.90348802362826
272.4014336917563,164.40916251546764
273.1743840614809,164.20068768122914
273.9473344312055,163.98843637809392
274.72028480093,168.46171593188495
275.4932351706546,163.55246848182878
276.2661855403792,153.68236485849417
277.0391359101037,163.10098706006298
277.8120862798283,162.869343850052
278.5850366495529,173.19655042227208
279.3579870192774,176.90831703701565
280.130937389002,176.844408016158
280.90388775872657,161.9026283632102
281.6768381284511,167.90037387459336
282.4497884981757,159.1659345745912
283.22273886790026,168.5730057183374
283.9956892376248,160.870054041837
284.7686396073493,160.60136523740206
285.54158997707395,160.32839040167815
286.3145403467985,170.88992892530453
287.087490716523,159.76944675305896
287.86044108624765,159.48340999851123
288.6333914559722,159.19295132937
289.4063418256967,158.89803677480907
290.17929219542134,146.21529515145323
290.95224256514587,158.29470412612346
291.7251929348704,157.9862180903465
292.49814330459503,152.10906718410294
293.27109367431956,163.64216888503773
294.0440440440441,183.15848942237992
294.81699441376867,165.04256238783867
295.58994478349325,168.1867773184049
296.3628951532178,142.8208282235288
297.13584552294236,145.60551031126155
297.90879589266694,155.35804178033032
298.68174626239147,155.01075848826625
299.45469663211605,139.91607903006906
300.22764700184064,154.3046976999073
301.00059737156516,153.94610459893192
301.77354774128975,156.94050531339155
302.54649811101433,164.3743827021131
303.31944848073886,140.97998157959884
304.09239885046344,155.92779926864924
304.865349220188,142.83535498479594
305.63829958991255,141.55597161679262
306.41124995963713,151.3407208134874
307.1842003293617,146.80006363334033
307.95715069908624,150.5684810650255
308.7301010688108,150.17818144889452
309.5030514385354,145.61292760850063
310.27600180825993,158.5299958057371
311.0489521779845,157.03003293027496
311.8219025477091,162.47306120372755
312.5948529174336,139.39473654645164
313.3678032871582,152.25357416392293
314.1407536568828,143.60946508973356
314.9137040266073,146.96764080533043
315.6866543963319,146.55668822546633
316.4596047660565,132.38980311756555
317.232555135781,124.7305878038112
318.0055055055056,145.31319656381598
318.7784558752302,145.7298086711186
319.5514062449547,144.4762624975981
320.3243566146793,152.43687338855383
321.0973069844039,143.63383724277682
321.8702573541284,143.2107959137893
322.643207723853,142.78665838063006
323.41615809357756,142.36151684095893
324.1891084633021,134.30512584619973
324.9620588330266,141.5085905327199
325.73500920275126,141.08099015947138
326.5079595724758,140.65275457034988
327.2809099422003,116.10107094800668
328.05386031192495,139.79474653512676
328.8268106816495,139.36515847521372
329.599761051374,128.94797212957147
330.37271142109864,142.0148382118631
331.14566179082317,138.0751457592757
331.9186121605477,137.64502199114395
332.69156253027234,135.6463876030832
333.46451289999686,158.49196067510076
334.2374632697214,145.06654156169336
335.010413639446,135.9263006685335
335.78336400917055,135.4975084123623
336.5563143788951,135.06924924078461
337.32926474861966,139.19493074172257
338.10221511834425,141.97409497965214
338.8751654880688,127.65254756136193
339.64811585779336,139.3996851049902
340.42106622751794,132.9390621108143
341.19401659724247,126.1684047882512
341.96696696696705,123.2449808116249
342.73991733669163,131.673038201583
343.51286770641616,131.25357852436716
344.28581807614074,130.0759823021248
345.0587684458653,123.35980583587467
345.83171881558985,136.37150290689343
346.60466918531444,121.7297997473454
347.377619555039,129.1793940652674
348.15056992476354,127.45883206143101
348.9235202944881,143.0884438750638
349.6964706642127,137.80432773764412
350.46942103393724,121.16888275333956
351.2423714036618,134.56867667830053
352.0153217733864,141.62766867038505
352.78827214311093,126.3564396049533
353.5612225128355,125.9624069267473
354.3341728825601,127.98500286342936
355.1071232522846,126.01647185554512
355.8800736220092,124.79613509055488
356.6530239917338,124.41294963596742
357.4259743614583,126.73156224701667
358.1989247311829,141.86952650639762
358.9718751009075,123.28135372824144
359.744825470632,122.91043833567977
360.5177758403566,122.5428127771257
361.2907262100811,116.63021421833876
362.0636765798057,121.81778687164211
362.8366269495303,123.54961792524942
363.6095773192548,121.10698743099435
364.3825276889794,95.19082678068008
365.155478058704,125.06021018736328
365.9284284284285,133.3700579193629
366.7013787981531,119.73091362102069
367.47432916787767,104.0070290885519
368.2472795376022,119.06706209010214
369.0202299073268,113.54322480954104
369.79318027705136,127.79865108069536
370.5661306467759,118.10351737781986
371.3390810165005,117.79128687241973
372.11203138622506,116.8272211623175
372.8849817559496,95.90128196041468
373.65793212567417,114.30998923061503
374.43088249539875,103.66151367381636
375.2038328651233,109.49573877380531
375.97678323484786,122.76376214652439
376.74973360457244,115.74011812944778
377.52268397429697,106.93606760279246
378.29563434402155,106.40386968865418
379.06858471374613,118.5389866200434
379.84153508347066,124.89579492875555
380.61448545319524,117.59885561240378
381.3874358229198,96.43092240424772
382.16038619264435,113.94601499053788
382.93333656236894,113.71247803740167
383.70628693209346,113.48489874028668
384.47923730181805,106.4439036651215
385.25218767154263,113.04796857779698
386.02513804126716,93.93255601452668
386.79808841099174,111.99234768077346
387.5710387807163,112.43872707950604
388.34398915044085,107.65285679664073
389.11693952016543,112.06292434522346
389.88988988989,111.88399227683132
390.66284025961454,131.38971943865712
391.4357906293391,121.08568920946959
392.2087409990637,106.94998190172578
392.98169136878823,111.22698459006851
393.7546417385128,111.07718251403885
394.5275921082374,110.93306825585744
395.3005424779619,105.60443333919059
396.0734928476865,94.71967541233246
396.8464432174111,110.53439178632188
397.6193935871356,123.23904966099387
398.3923439568602,105.90972168629372
399.1652943265848,121.97953482047086
399.9382446963093,88.90606730104516
400.7111950660339,108.77282870998567
401.4841454357585,129.4523441009178
402.257095805483,123.48693846633641
403.0300461752076,111.54287489181596
403.8029965449321,101.2536750324766
404.5759469146567,138.07228974531407
405.3488972843813,101.86031335683833
406.1218476541058,106.63680600539517
406.8947980238304,109.36319822252213
407.667748393555,96.19588922822179
408.4406987632795,103.19276606556859
409.2136491330041,109.21432266482934
409.98659950272867,118.91632245893646
410.7595498724532,109.13898212848069
411.5325002421778,109.10834663031608
412.30545061190236,109.08233956521383
413.0784009816269,116.60395377156034
413.85135135135147,101.50504001771903
414.62430172107605,111.11150291952478
415.3972520908006,109.02367443126691
416.17020246052516,125.55835244218345
416.94315283024974,104.67607310376638
417.71610319997427,109.02601717776554
418.48905356969885,109.91523130601318
419.26200393942344,100.40307459647947
420.03495430914796,111.475254548651
420.80790467887255,121.59807577036263
421.58085504859713,104.90804428194718
422.35380541832166,116.45963920954372
423.12675578804624,122.40792493014295
423.89970615777077,109.21632461466854
424.67265652749535,109.25810829026504
425.44560689721993,109.30373737538655
426.21855726694446,108.80190747990747
426.99150763666904,109.40634753337207
427.7644580063936,109.46323648581998
428.53740837611815,111.01717311863388
429.31035874584273,109.58795183658565
430.0833091155673,109.65568611448724
430.85625948529184,109.72694338045724
431.6292098550164,110.36671009703599
432.402160224741,88.9145661195316
433.17511059446554,109.86837250676304
433.9480609641901,133.76139493743682
434.7210113339147,103.99111604529348
435.49396170363923,110.22589035406112
436.2669120733638,110.3205188506837
437.0398624430884,116.72644416031005
437.8128128128129,110.5191933029319
438.5857631825375,116.91954254022505
439.3587135522621,110.73011729913044
440.1316639219866,96.3866965250052
440.9046142917112,100.6083159727847
441.6775646614358,111.06866513469367
442.4505150311603,121.17945504199005
443.2234654008849,111.3086008834852
443.9964157706095,99.47419172139746
444.769366140334,111.55949649040076
445.5423165100586,125.89638080199484
446.3152668797831,135.652222325846
447.0882172495077,110.63313904403849
447.8611676192323,110.04012754185271
448.6341179889568,112.23226672605796
449.4070683586814,104.5052381447295
450.18001872840597,97.29900390628254
450.9529690981305,126.8104659288342
451.7259194678551,112.81427505117215
452.49886983757966,138.83950854268176
453.2718202073042,107.2281261151207
454.04477057702877,112.24334757390501
454.81772094675335,102.52562613516704
455.5906713164779,118.53255483154703
456.36362168620246,113.75336540194499
457.13657205592705,113.91699843843196
457.9095224256516,114.08254235570442
458.68247279537616,127.13281121735984
459.45542316510074,120.32601138989811
460.22837353482527,104.22068404183293
461.00132390454985,102.41695664062165
461.77427427427443,93.91456465223257
462.54722464399896,139.95972604253495
463.32017501372354,106.06306028522249
464.0931253834481,137.1853167048593
464.86607575317265,111.95230389835862
465.63902612289723,115.83294672585572
466.41197649262176,116.0164703580357
467.18492686234634,105.54749004332609
467.9578772320709,105.65851347133886
468.73082760179545,94.04968193805546
469.50377797152004,116.76368586756031
470.2767283412446,116.95353968910223
471.04967871096915,117.14452136789228
471.82262908069373,129.6600531501067
472.5955794504183,113.8208531288783
473.36852982014284,140.35910466746228
474.1414801898674,117.91880594287585
474.914430559592,107.59266515693317
475.68738092931653,139.72851553950062
476.4603312990411,118.5093201169417
477.2332816687657,127.746506193964
478.0062320384902,124.30245691372322
478.7791824082148,129.18246957542013
479.5521327779394,125.62441936206841
480.3250831476639,118.88596765518106
481.0980335173885,119.71339040627566
481.8709838871131,134.01327893764903
482.6439342568376,118.82913029633865
483.4168846265622,111.70795142206083
484.1898349962868,120.53190585534101
484.9627853660113,133.04128718527804
485.7357357357359,114.80116208554786
486.5086861054604,121.15342370621275
487.281636475185,133.97307162440654
488.0545868449096,127.36253012487377
488.8275372146341,121.78104434689226
489.6004875843587,109.86495159814253
490.3734379540833,122.20265374893476
491.1463883238078,126.60236674763748
491.9193386935324,122.62668330621403
492.69228906325696,105.5713304426121
493.4652394329815,124.88851115114825
494.2381898027061,125.88028602491492
495.01114017243066,123.48153537322098
495.7840905421552,133.43763709015386
496.55704091187977,108.8250490309057
497.32999128160435,133.0198401990503
498.1029416513289,132.59399485869892
498.87589202105346,140.86706675738697
499.64884239077804,125.35878284294091
500.42179276050257,124.99688314638274
501.19474313022715,125.21513872419297
501.96769349995174,125.43379480376016
502.74064386967626,147.55312032040425
503.51359423940085,126.23313167396286
504.28654460912543,127.11440432494099
505.05949497884995,125.05899727368967
505.83244534857454,121.30300544893097
506.6053957182991,151.323782930577
507.37834608802365,122.38853021807351
508.15129645774823,127.19570832881745
508.92424682747276,129.06194963719332
509.69719719719734,127.639169042391
510.4701475669219,147.1392905192673
511.24309793664645,119.74357850678099
512.016048306371,128.68610284064115
512.7889986760956,128.52885112010046
513.5619490458201,153.8651132566976
514.3348994155447,138.40498227264132
515.1078497852693,121.04615701190139
515.8808001549938,129.42143487645612
516.6537505247184,145.8634523454832
517.426700894443,142.9797323120405
518.1996512641675,141.18948817221113
518.972601633892,130.31598528493367
519.7455520036167,148.73002918814097
520.5185023733412,121.20696796354443
521.2914527430657,113.33829494497274
522.0644031127904,137.08763526096527
522.8373534825149,146.4909481198108
523.6103038522394,131.65945299985685
524.3832542219641,130.65896402289425
525.1562045916886,132.1072459521576
525.9291549614131,141.0894210030184
526.7021053311378,132.5548292975956
527.4750557008623,125.04062270720945
528.2480060705868,140.5004437905915
529.0209564403115,125.51162199141615
529.793906810036,151.19861685289516
530.5668571797605,133.67210361722042
531.3398075494852,134.12140946024778
532.1127579192097,142.70583100856047
532.8857082889342,128.0782958552317
533.6586586586589,140.56073651033978
534.4316090283834,141.5361419109605
535.2045593981079,144.15312196738597
535.9775097678325,113.93090042430059
536.7504601375571,124.62558711400578
537.5234105072816,135.67225670783304
538.2963608770062,135.89328411865165
539.0693112467308,136.11402369152069
539.8422616164553,136.33446330147834
540.6152119861799,136.5545908235628
541.3881623559045,122.33800051438277
542.161112725629,132.1819992583829
542.9340630953536,149.6353178721416
543.7070134650781,137.7805993102449
544.4799638348027,148.56329353656412
545.2529142045273,137.86812311287147
546.0258645742518,130.1890132273664
546.7988149439764,151.49786028576256
547.571765313701,153.22223757093153
548.3447156834255,134.84192589116378
549.1176660531501,148.89992536022467
549.8906164228747,147.78251197753428
550.6635667925992,139.38233175657865
551.4365171623238,157.3830892758069
552.2094675320484,125.44138116221453
552.9824179017729,140.02429325732632
553.7553682714974,145.89945881707484
554.5283186412221,140.44969673830823
555.3012690109466,143.8709823063416
556.0742193806711,140.8729303707
556.8471697503958,123.96025965546852
557.6201201201203,141.27064373782383
558.3930704898448,137.26580667814983
559.1660208595695,134.68358900328698
559.938971229294,139.04400663771003
560.7119215990185,142.12864217939034
561.4848719687432,142.33576009333572
562.2578223384677,142.54222642047725
563.0307727081922,142.74802903585322
563.8037230779169,153.03341129164045
564.5766734476414,147.57034008833475
565.3496238173659,166.02878162579248
566.1225741870905,137.49373481941427
566.8955245568151,143.76666206258585
567.6684749265396,146.90184713620326
568.4414252962642,144.16904491725649
569.2143756659888,152.04091379230178
569.9873260357133,139.90295520992123
570.7602764054379,144.76688355090758
571.5332267751623,166.83480738008325
572.306177144887,139.40009318234348
573.0791275146116,159.10705278764047
573.852077884336,158.50332771436274
574.6250282540607,140.01058867263367
575.3979786237853,147.33106805226475
576.1709289935097,146.13337650911757
576.9438793632344,155.81408839567493
577.716829732959,148.270925548878
578.4897801026834,146.7060294314147
579.2627304724081,154.0606555648267
580.0356808421327,147.0832265747315
580.8086312118571,133.63130207957042
581.5815815815818,144.41062501619876
582.3545319513064,144.00243567337577
583.1274823210308,147.8262128310246
583.9004326907555,148.00951199316643
584.6733830604801,165.71205924419544
585.4463334302045,148.37308856039968
586.2192837999291,142.7705705903361
586.9922341696538,148.73255528515372
587.7651845393782,144.35053998880224
588.5381349091028,149.08781516773405
589.3110852788275,154.39840948728357
590.0840356485519,148.38340479436945
590.8569860182765,136.18657188292158
591.629936388001,154.01719480470223
592.4028867577256,142.6221492961353
593.1758371274502,150.12738376548845
593.9487874971747,130.31485944920718
594.7217378668993,170.79538670835137
595.4946882366239,148.756701315861
596.2676386063484,150.79761695872452
597.040588976073,150.96221254422525
597.8135393457976,151.12559879467912
598.5864897155221,151.28776358512425
599.3594400852467,135.2950148196196
600.1323904549713,150.88021668973917
600.9053408246958,162.90191490908344
601.6782911944204,151.92396564758138
602.451241564145,152.0798412635558
603.2241919338695,164.86226709186496
603.997142303594,166.58556365733057
604.7700926733187,153.44612567957375
605.5430430430432,152.69028038003967
606.3159934127677,139.5155190252153
607.0889437824924,152.98749218036815
607.8618941522169,149.16936377572335
608.6348445219414,134.18908779923854
609.4077948916661,159.8560792551148
610.1807452613906,157.8761224693728
610.9536956311151,138.55140091454288
611.7266460008398,145.79107193982915
612.4995963705643,153.73701082543533
613.2725467402888,171.8912347881732
614.0454971100135,154.25588035101208
614.8184474797381,154.11605085894138
615.5913978494625,158.5112860547281
616.3643482191871,148.1758786974627
617.1372985889118,159.82373407758075
617.9102489586362,146.26080643371998
618.6831993283608,172.44468853886838
619.4561496980855,158.13449168921022
620.2291000678099,155.28323760910948
621.0020504375345,155.40470570091557
621.775000807259,156.51589094985934
622.5479511769836,156.0641590452301
623.3209015467082,155.75955054153454
624.0938519164326,170.90662983991206
624.8668022861573,154.43893348610683
625.6397526558819,156.09995621520287
626.4127030256063,147.44872774830256
627.185653395331,156.31898105415965
627.9586037650556,156.7063138227855
628.73155413478,150.68854453760082
629.5045045045047,156.63586803989907
630.2774548742293,156.73843392426744
631.0504052439537,172.11169649445353
631.8233556136784,156.9390364694484
632.596305983403,157.03709494451462
633.3692563531274,163.27437141478023
634.142206722852,163.12364874572964
634.9151570925767,170.33679927320384
635.6881074623011,157.4146313609118
636.4610578320257,143.77969659605563
637.2340082017504,130.97651321534252
638.0069585714748,166.35743394942415
638.7799089411994,157.76917534521016
639.5528593109241,145.93132079189814
640.3258096806485,148.08314351151955
641.0987600503731,170.48635487554074
641.8717104200978,176.57298407225562
642.6446607898222,158.1810856628137
643.4176111595468,166.2829300028098
644.1905615292715,178.27187819425802
644.9635118989959,182.8465449184403
645.7364622687205,163.03912208388522
646.5094126384452,148.3514970682216
647.2823630081696,154.33362843002055
648.0553133778942,158.70183326670752
648.8282637476188,142.02980715880113
649.6012141173433,158.83909207270182
650.3741644870679,149.19501967526622
651.1471148567925,172.52686425149102
651.920065226517,173.54191666532495
652.6930155962416,159.09880855703472
653.4659659659662,165.6597767245015
654.2389163356906,168.87328735437052
655.0118667054153,150.23363295372772
655.7848170751399,159.33937191792623
656.5577674448643,159.39660188606294
657.330717814589,170.7034026617676
658.1036681843136,159.50764512572093
658.876618554038,157.85754850230865
659.6495689237627,164.1975309420116
660.4225192934873,158.844946463695
661.1954696632117,159.7163702181277
661.9684200329364,163.3740233424883
662.741370402661,148.14008069538735
663.5143207723854,159.86156639838367
664.2872711421101,159.9078618414219
665.0602215118347,159.95312382114815
665.8331718815591,174.41841173213476
666.6061222512838,160.0405910191718
667.3790726210084,149.72438894293788
668.1520229907328,160.1240552494697
668.9249733604574,160.16431351953858
669.6979237301821,159.09555294055946
670.4708740999065,168.6704098918728
671.2438244696311,174.77496548401177
672.0167748393558,170.0366665271805
672.7897252090802,141.38753679565565
673.5626755788048,160.38591645782435
674.3356259485295,174.79683933324026
675.1085763182539,155.74448221790698
675.8815266879785,160.48438588059423
676.6544770577032,165.05944669963836
677.4274274274276,160.5456647018507
678.2003777971522,160.5750265956826
678.9733281668769,161.93734859502644
679.7462785366013,163.64575234966384
680.5192289063259,160.658133095515
681.2921792760505,160.6842118919943
682.065129645775,162.54144608808596
682.8380800154996,160.73399987251688
683.6110303852242,155.61851255060364
684.3839807549487,160.7807010839705
685.1569311246733,166.8927027368907
685.9298814943979,160.82440278337006
686.7028318641223,172.2368309253159
687.475782233847,170.26042937477516
688.2487326035716,164.87882502966298
689.021682973296,159.34035106993218
689.7946333430207,160.92110679079332
690.5675837127453,160.93838337939425
691.3405340824697,144.649725865272
692.1134844521944,182.03956826826027
692.886434821919,175.57071907606394
693.6593851916434,164.21751052924452
694.4323355613681,159.23654095889574
695.2052859310927,161.02850961947027
695.9782363008171,161.04137691074553
696.7511866705418,161.05365793091022
697.5241370402664,146.7426032874652
698.2970874099908,161.48421640710964
699.0700377797154,161.0870924360102
699.8429881494401,156.0147591148458
700.6159385191645,170.4698005978791
701.3888888888891,136.33558229390542
702.1618392586138,170.82503080376551
702.9347896283382,168.32559919914354
703.7077399980628,176.42507597376374
704.4806903677875,140.71674927674434
705.2536407375119,140.47451857324407
706.0265911072365,161.15927122044926
706.7995414769609,161.16492326472266
707.5724918466856,161.17014173766177
708.3454422164102,161.17493754639338
709.1183925861346,167.11042667552877
709.8913429558593,161.18330479974173
710.6642933255839,161.1868980586122
711.4372436953083,168.52198283231166
712.210194065033,161.19295837637992
712.9831444347576,171.89240721664243
713.756094804482,152.13099529476418
714.5290451742067,141.02095860285723
715.3019955439313,154.36031377483812
716.0749459136557,156.10286378705837
716.8478962833804,136.4174253778935
717.620846653105,172.5634238779874
718.3937970228294,140.9337270547354
719.166747392554,179.70213226799308
719.9396977622787,167.5163876858956
720.7126481320031,177.68272057127572
721.4855985017277,156.97244515749776
722.2585488714524,162.57168169168241
723.0314992411768,187.6797837770818
723.8044496109014,161.1988912128348
724.5773999806261,161.19733061951615
725.3503503503505,160.0282818041063
726.1233007200751,161.1936722177566
726.8962510897998,161.1915962235694
727.6692014595242,148.35525177627486
728.4421518292488,172.14952025842166
729.2151021989735,161.18451195330078
729.9880525686979,142.96315057793265
730.7610029384225,153.1164500652292
731.5339533081471,161.1763723011356
732.3069036778716,170.65031991434694
733.0798540475962,144.25591624694226
733.8528044173208,161.16747175949942
734.6257547870453,161.16438672566366
735.3987051567699,153.4464286152567
736.1716555264945,142.1270842854792
736.944605896219,170.2291153102958
737.7175562659436,153.74273216677705
738.4905066356682,164.4076412962322
739.2634570053926,162.6132904867528
740.0364073751173,143.82570608122217
740.8093577448419,161.1391497220189
741.5823081145663,142.47665860065354
742.355258484291,141.7419962282002
743.1282088540156,161.1301505467529
743.90115922374,154.24907414067687
744.6741095934647,167.78240364096186
745.4470599631893,165.62360061324972
746.2200103329137,181.50245359053764
746.9929607026384,177.4592999292793
747.765911072363,168.40180838459338
748.5388614420874,161.11235190205426
749.311811811812,151.5526577083028
750.0847621815367,161.1082851316422
750.8577125512611,161.1064183718148
751.6306629209857,161.1046605462382
752.4036132907104,157.29929868760533
753.1765636604348,151.56602215244067
753.9495140301594,161.10002455499927
754.7224643998841,162.24762736580738
755.4954147696085,161.09744901206943
756.2683651393331,178.102657182549
757.0413155090578,161.0952705181108
757.8142658787822,161.09432613449235
758.5872162485068,161.0934761771129
759.3601666182315,156.32179344496276
760.1331169879559,155.2315761510966
760.9060673576805,155.97609176798804
761.6790177274052,161.09098836995724
762.4519680971296,146.27792755954778
763.2249184668542,161.0902691117785
763.9978688365788,161.09003500203426
764.7708192063033,161.08988242251837
765.5437695760279,167.70992191333158
766.3167199457525,161.08981540616645
767.089670315477,168.3574357714958
767.8626206852016,166.73077667238545
768.6355710549262,161.09028605831836
769.4085214246506,137.46958902809519
770.1814717943753,161.09096180419084
770.9544221640999,156.59715550611116
771.7273725338243,161.09191208693466
772.500322903549,161.09248614963005
773.2732732732736,161.09312401053933
774.046223642998,180.76648500012126
774.8191740127227,161.09458467899435
775.5921243824473,161.09540426253747
776.3650747521717,136.32717738283844
777.1380251218964,161.09721386824825
777.910975491621,147.56954339867883
778.6839258613454,185.44726866205113
779.45687623107,164.65715538822124
780.2298266007947,161.10146969813147
781.0027769705191,161.10265688110744
781.7757273402437,161.10389013028288
782.5486777099684,153.36327643063382
783.3216280796928,169.44190422630874
784.0945784494174,161.10785015499258
784.8675288191421,156.46142898853233
785.6404791888665,156.38631282226444
786.4134295585911,161.11216674345
787.1863799283158,161.11367731998467
787.9593302980402,161.11522106670822
788.7322806677648,161.11679637161953
789.5052310374892,161.11840162271704
790.2781814072139,154.74104016148752
791.0511317769385,161.1216955154657
791.8240821466629,161.1233809331142
792.5970325163876,160.21683740975988
793.3699828861122,161.12682065095305
794.1429332558366,157.01589643406626
794.9158836255613,168.45407368401172
795.6888339952859,161.13212825404614
796.4617843650103,176.45216741459552
797.234734734735,143.7813318679759
798.0076851044596,181.36536045292058
798.780635474184,161.13941366994
799.5535858439086,139.29982542771012
800.3265362136333,144.72219234564886
801.0994865833577,159.49227407113256
801.8724369530823,165.89482777220977
802.645387322807,161.14871062860465
803.4183376925314,161.15057925883076
804.191288062256,167.68780267633844
804.9642384319807,161.15431286176562
805.7371888017051,159.21097521436505
806.5101391714297,154.7490959507343
807.2830895411544,142.09729686643672
808.0560399108788,164.49775606593468
808.8289902806034,161.16355030685696
809.6019406503281,155.47613324480923
810.3748910200525,183.48687455058348
811.1478413897771,156.5846621070021
811.9207917595018,161.17073454967615
812.6937421292262,168.52625265480475
813.4666924989508,151.1079378534916
814.2396428686754,161.17593502833722
815.0125932383999,161.17762417084518
815.7855436081245,150.49227643499592
816.5584939778491,167.72374009045316
817.3314443475736,143.14271921257125
818.1043947172982,162.3661894401094
818.8773450870228,161.18566471548283
819.6502954567472,163.45627557975007
820.4232458264719,180.13184439960312
821.1961961961965,161.19010687589636
821.9691465659209,173.21000564025442
822.7420969356456,157.57641719106348
823.5150473053702,161.19420921548974
824.2879976750946,166.75440664152754
825.0609480448193,154.80570166343355
825.8338984145439,182.56707352019276
826.6068487842683,165.15789311701437
827.379799153993,161.20017307733758
828.1527495237176,164.420129310682
828.925699893442,147.31451120696133
829.6986502631667,161.20315644390377
830.4716006328913,169.2210495039822
831.2445510026157,178.69507998983
832.0175013723403,182.11910375230423
832.790451742065,161.2063498849521
833.5634021117894,168.1366591670341
834.336352481514,161.20758142614977
835.1093028512387,161.20810025991244
835.8822532209631,156.3682486684383
836.6552035906877,178.81689542216012
837.4281539604124,140.88714977993226
838.2011043301368,161.20949173602418
838.9740546998614,169.3969333249559
839.7470050695861,161.20975459069837
840.5199554393105,182.2221167137925
841.2929058090351,171.6189737447616
842.0658561787598,181.9339721075276
842.8388065484842,155.41338939479093
843.6117569182088,149.18772680340516
844.3847072879335,161.20865686906814
845.1576576576579,161.20818190612493
845.9306080273825,161.20761921327207
846.7035583971071,148.06573247061934
847.4765087668316,161.20622418983214
848.2494591365562,165.72140863542927
849.0224095062808,167.25285549459943
849.7953598760053,156.0078263894965
850.5683102457299,149.00780023697106
851.3412606154545,161.20108851772142
852.1142109851789,161.19976595354402
852.8871613549036,146.14583914921866
853.6601117246282,161.19681249942354
854.4330620943526,161.19517838547773
855.2060124640773,176.49523581368254
855.9789628338019,155.24463331949255
856.7519132035263,168.80169416537223
857.524863573251,168.7608219070515
858.2978139429756,163.6995341479637
859.0707643127,161.1830687293233
859.8437146824247,161.18065124587199
860.6166650521493,151.7598625228246
861.3896154218737,141.4665917236593
862.1625657915984,139.48403580237814
862.935516161323,161.16978161270737
863.7084665310474,162.43390927204263
864.481416900772,182.0196079216974
865.2543672704967,161.54702445112403
866.0273176402211,154.22045975579664
866.8002680099457,176.7586972408892
867.5732183796704,161.14970074473771
868.3461687493948,155.20213194179354
869.1191191191194,161.14194849317974
869.8920694888441,161.13786662047582
870.6650198585685,161.13364543382013
871.4379702282931,160.12547370916482
872.2109205980175,161.12477867064848
872.9838709677422,171.68342004124997
