100.80645161290323,138.46816454397685
101.5794019826278,150.59356649175066
102.35235235235236,150.88747765044658
103.12530272207692,151.17935194000574
103.89825309180148,147.67508361637832
104.67120346152605,151.7569875769115
105.44415383125062,146.37883163620867
106.21710420097517,152.32646873286237
106.99005457069974,152.6081499212281
107.76300494042431,152.88779073825293
108.53595531014886,153.16539060023624
109.30890567987343,153.44094892347735
110.08185604959799,158.21011818450273
110.85480641932256,173.3734709235619
111.62775678904713,154.2553688237405
112.40070715877168,154.5227551550058
113.17365752849625,179.99728836073675
113.9466078982208,155.05139386209865
114.71955826794537,155.31264507052475
115.49250863766994,155.57185007060303
116.2654590073945,155.82900827863284
117.03840937711907,156.08411911091346
117.81135974684364,156.33718198374416
118.58431011656819,154.4352743809854
119.35726048629276,177.70874886335224
120.13021085601733,157.08407700852987
120.90316122574188,157.328942206554
121.67611159546645,157.5717565266247
122.449061965191,152.64375242280482
123.22201233491558,158.0512301981031
123.99496270464013,161.11584053258454
124.7679130743647,167.4158082606186
125.54086344408927,146.90016384414503
126.31381381381382,167.08649544215876
127.08676418353839,159.21398315356578
127.85971455326296,159.44036943678412
128.63266492298752,159.6646995887428
129.40561529271207,153.00651948347098
130.17856566243665,168.85892041470916
130.9515160321612,160.32534742005353
131.72446640188576,160.54144720996646
132.49741677161035,160.7554879501162
133.2703671413349,133.57033546646372
134.04331751105946,176.92773569019204
134.81626788078404,150.07887677485311
135.5892182505086,161.591048739069
136.36216862023315,161.79478547489228
137.13511898995773,169.22705060479893
137.9080693596823,166.92603550844748
138.68101972940684,162.65528729156114
139.45397009913142,162.58910106150438
140.22692046885598,185.02728831185559
140.99987083858053,162.9738718689921
141.7728212083051,163.16315848332897
142.54577157802967,182.84263665108085
143.31872194775423,163.53553121468508
144.09167231747878,143.39573154844408
144.86462268720334,175.19226247949663
145.63757305692792,164.07858031291488
146.41052342665247,164.2554583445075
147.18347379637703,142.38903419490777
147.9564241661016,164.60300340376264
148.72937453582617,150.97398454181632
149.50232490555072,159.14552029068383
150.2752752752753,166.18795773304615
151.04822564499986,165.27323316293274
151.82117601472441,165.43560795627528
152.594126384449,165.59590852363652
153.36707675417355,185.85105563529171
154.1400271238981,177.10601965468953
154.9129774936227,166.06435903282483
155.68592786334725,166.2163568592535
156.4588782330718,166.36627754119732
157.23182860279638,166.51412049495553
158.00477897252094,166.65988513682746
158.7777293422455,166.80357088311249
159.55067971197008,166.9451771501097
160.32363008169463,167.08470335411872
161.0965804514192,166.32253001015346
161.86953082114377,167.35751323836868
162.64248119086832,167.49079575120828
163.41543156059288,167.6219958662567
164.18838193031743,167.75111299981327
164.961332300042,167.8781465681773
165.73428266976657,174.32552415969286
166.50723303949113,168.12596067452478
167.28018340921568,168.24674004510686
168.05313377894026,168.3654335156936
168.82608414866482,158.15656581511902
169.59903451838937,171.140084343139
170.37198488811396,168.70899269047453
171.1449352578385,172.4900182816922
171.91788562756307,178.2719413804408
172.69083599728765,169.033757752072
173.4637863670122,180.39625528918808
174.23673673673676,184.25403902558355
175.00968710646134,159.26383170467506
175.7826374761859,173.11357939320362
176.55558784591045,163.77594909622775
177.32853821563504,169.62684249604078
178.1014885853596,160.53387992365856
178.87443895508414,156.31179613270928
179.64738932480873,161.337540081232
180.42033969453328,178.45601879890347
181.19329006425784,170.06351421039852
181.96624043398242,175.02661574926339
182.73919080370695,164.51724473218405
183.51214117343153,194.45473534576436
184.2850915431561,170.3751197651456
185.05804191288064,170.44777575955723
185.83099228260522,161.10430530266373
186.6039426523298,170.58678918934538
187.37689302205433,170.65314545732056
188.14984339177892,155.56746313989868
188.92279376150347,170.7795541809295
189.69574413122803,170.83960546916185
190.4686945009526,160.1921940998866
191.24164487067716,170.9533989799789
192.01459524040172,159.7719385128613
192.7875456101263,164.9349519058722
193.56049597985086,171.10830782657493
194.3334463495754,171.15573339540288
195.1063967193,171.201052634711
195.87934708902455,158.46388514330405
196.6522974587491,171.28536978996485
197.4252478284737,189.11910829959504
198.19819819819824,171.36125462273085
198.9711485679228,151.61916064847225
199.74409893764738,171.4287024634035
200.51704930737193,171.4592610524531
201.2899996770965,171.48770864237716
202.06295004682107,184.02921291255802
202.8359004165456,170.2180754043816
203.60885078627018,171.5603795803898
204.38180115599476,171.58037733680507
205.1547515257193,167.56521711364985
205.92770189544387,163.22040628319797
206.70065226516846,171.62768476547456
207.47360263489298,158.70739685040235
208.24655300461757,183.97902134542974
209.01950337434212,171.6559511755646
209.79245374406668,171.66113925086256
210.56540411379126,172.27819133829738
211.33835448351581,171.66516080715635
212.11130485324037,177.07227344972995
212.88425522296495,171.66070567970914
213.6572055926895,171.65529790033094
214.43015596241406,171.6477691989154
215.20310633213865,182.61484827662463
215.9760567018632,186.57754617804602
216.74900707158776,160.0725191409677
217.52195744131234,175.10029854585406
218.2949078110369,181.40020372602658
219.06785818076145,171.5580249403987
219.84080855048603,171.53563344110216
220.61375892021059,171.51111635016275
221.38670928993514,171.48447308387966
222.15965965965972,171.4557030585522
222.93261002938428,171.42480569047973
223.70556039910883,171.39178039596155
224.47851076883342,171.3566265912969
225.25146113855794,160.67563753908144
226.02441150828253,186.55587211752564
226.7973618780071,171.23838827941736
227.57031224773164,171.19471459716002
228.34326261745622,171.1489094862527
229.11621298718077,171.10097236299475
229.88916335690536,171.0509026436855
230.6621137266299,170.9986997446242
231.43506409635447,170.9443630821102
232.20801446607902,170.88789207244275
232.9809648358036,170.01811356744065
233.75391520552816,175.10910753466712
234.5268655752527,170.7056671235128
235.2998159449773,170.64065288822462
236.07276631470185,170.57350131015457
236.8457166844264,170.5042014221653
237.618667054151,178.03257152829792
238.39161742387554,170.3590281551576
239.1645677936001,170.28308683448677
239.93751816332468,170.20486376126985
240.71046853304924,192.98369064336399
241.4834189027738,170.04143647389296
242.25636927249835,171.8645882017042
243.02931964222293,169.5980730987984
243.80227001194748,161.08344734722544
244.57522038167204,169.6857061522349
245.34817075139662,169.91711815841634
246.12112112112118,150.05126648846044
246.89407149084573,169.39257205142633
247.66702186057032,169.28966305730972
248.43997223029487,159.41044989971257
249.21292260001943,169.07584480334904
249.985872969744,168.9648676018526
250.75882333946856,168.851133056244
251.53177370919312,168.73460719569692
252.30472407891767,168.61525604938544
253.07767444864226,168.49304564648318
253.8506248183668,168.36794201616408
254.62357518809137,168.23991118760205
255.39652555781595,168.1089191899708
256.1694759275405,167.9749320524444
256.94242629726506,167.83791580419646
257.71537666698964,167.69783647440096
258.48832703671417,167.55466009223176
259.26127740643875,167.40835268686266
260.03422777616333,165.81733678090097
260.80717814588786,174.85198218009953
261.58012851561244,166.95030462329458
262.353078885337,166.79113341686445
263.12602925506155,166.62866133310376
263.89897962478614,166.4628544011862
264.6719299945107,166.29367865028578
265.44488036423525,158.5072351838639
266.21783073395983,165.94508480823154
266.9907811036844,165.76559877542542
267.76373147340894,165.5826080403318
268.5366818431335,162.63184166547808
269.3096322128581,169.0473041884815
270.08258258258263,165.01226791306425
270.8555329523072,160.42046952824862
271.6284833220318,172.90160680893692
272.4014336917563,164.40916251546764
273.1743840614809,164.20068768122914
273.9473344312055,163.98843637809392
274.72028480093,163.7723746352359
275.4932351706546,163.55246848182878
276.2661855403792,177.74627521121616
277.0391359101037,166.85697881728436
277.8120862798283,155.69764793946018
278.5850366495529,142.4663751190022
279.3579870192774,162.3940825776429
280.130937389002,162.15039657359256
280.90388775872657,161.9026283632102
281.6768381284511,161.65074397566963
282.4497884981757,161.39470944014465
283.22273886790026,161.13449078580913
283.9956892376248,160.870054041837
284.7686396073493,146.40914063095067
285.54158997707395,160.32839040167815
286.3145403467985,165.99641189755698
287.087490716523,159.76944675305896
287.86044108624765,159.48340999851123
288.6333914559722,159.19295132937
289.4063418256967,158.89803677480907
290.17929219542134,166.9112081034305
290.95224256514587,158.29470412612346
291.7251929348704,139.4872022449216
292.49814330459503,157.67314047038272
293.27109367431956,157.35547365053577
294.0440440440441,157.0332993131072
294.81699441376867,156.7067096557567
295.58994478349325,156.37579687614402
296.3628951532178,152.6234975457748
297.13584552294236,155.70137074077113
297.90879589266694,155.35804178033032
298.68174626239147,155.01075848826625
299.45469663211605,154.65961306223866
300.22764700184064,157.55037105948767
301.00059737156516,163.56863076038252
301.77354774128975,153.58392595697217
302.54649811101433,160.39972731871265
303.31944848073886,152.84918084073857
304.09239885046344,152.47679876178412
304.865349220188,152.10119993248435
305.63829958991255,135.7165797151669
306.41124995963713,137.6744702491085
307.1842003293617,150.95602491910967
307.95715069908624,164.6241834314858
308.7301010688108,150.17818144889452
309.5030514385354,149.78521826837652
310.27600180825993,149.3896837211312
311.0489521779845,148.99167000481825
311.8219025477091,148.59126931709747
312.5948529174336,148.18857385562862
313.3678032871582,147.78367581807126
314.1407536568828,147.3766674020853
314.9137040266073,146.96764080533043
315.6866543963319,146.55668822546633
316.4596047660565,146.14390186015265
317.232555135781,163.36378921702698
318.0055055055056,175.16965411806837
318.7784558752302,144.8954620281123
319.5514062449547,161.38667001130477
320.3243566146793,144.055690169933
321.0973069844039,146.43554174472746
321.8702573541284,130.52234082006643
322.643207723853,140.4689776113157
323.41615809357756,142.36151684095893
324.1891084633021,141.93546349243564
324.9620588330266,141.5085905327199
325.73500920275126,141.08099015947138
326.5079595724758,144.8496924496201
327.2809099422003,140.2239759630151
328.05386031192495,135.2964977349586
328.8268106816495,161.09130601784975
329.599761051374,138.9353029287111
330.37271142109864,138.50526904759818
331.14566179082317,128.65416746546458
331.9186121605477,135.00826494104402
332.69156253027234,118.8810895257548
333.46451289999686,136.78512872505448
334.2374632697214,136.3555370818977
335.010413639446,135.9263006685335
335.78336400917055,132.74035884087382
336.5563143788951,135.06924924078461
337.32926474861966,146.05537279846266
338.10221511834425,134.2146858610115
338.8751654880688,129.61148186453906
339.64811585779336,132.31194711884768
340.42106622751794,135.68702664302043
341.19401659724247,132.51586892220706
341.96696696696705,120.02945305934588
342.73991733669163,139.35789192760737
343.51286770641616,115.60500060280738
344.28581807614074,130.8355412057493
345.0587684458653,128.60508003491168
345.83171881558985,130.00408935390956
346.60466918531444,142.12746464797618
347.377619555039,129.1793940652674
348.15056992476354,128.76980245064652
348.9235202944881,143.08570722133578
349.6964706642127,129.64489196529243
350.46942103393724,127.55311885439035
351.2423714036618,127.15188449617526
352.0153217733864,150.69350793606287
352.78827214311093,126.71413061240864
353.5612225128355,123.75539224939209
354.3341728825601,125.5709526633453
355.1071232522846,125.18216574214767
355.8800736220092,150.08394739619382
356.6530239917338,111.8860855020607
357.4259743614583,124.03269830578571
358.1989247311829,123.65547002741023
358.9718751009075,107.51116242632696
359.744825470632,132.681402586337
360.5177758403566,122.5428127771257
361.2907262100811,122.17856597997965
362.0636765798057,132.06269670469058
362.8366269495303,121.46056437951349
363.6095773192548,121.10698743099435
364.3825276889794,129.93953535789507
365.155478058704,123.16059976699103
365.9284284284285,120.06901912109774
366.7013787981531,119.73091362102069
367.47432916787767,135.4729839008214
368.2472795376022,119.06706209010214
369.0202299073268,113.79495553351525
369.79318027705136,118.42028270083392
370.5661306467759,118.10351737781986
371.3390810165005,117.79128687241973
372.11203138622506,117.48368011203402
372.8849817559496,117.18078602406315
373.65793212567417,116.8826935359076
374.43088249539875,116.58949157496785
375.2038328651233,133.41482228687948
375.97678323484786,116.01811494433747
376.74973360457244,115.74011812944778
377.52268397429697,107.48313427815138
378.29563434402155,115.19995213752155
379.06858471374613,136.8824494417407
379.84153508347066,122.14343963072486
380.61448545319524,114.4306061552722
381.3874358229198,114.1854206722949
382.16038619264435,119.45403420075698
382.93333656236894,100.92868179082964
383.70628693209346,99.10245677299959
384.47923730181805,113.26336602659335
385.25218767154263,106.59695532650517
386.02513804126716,112.83875501184029
386.79808841099174,112.63568986581267
387.5710387807163,112.43872707950604
388.34398915044085,97.31904164221436
389.11693952016543,112.06292434522346
389.88988988989,110.36657027299113
390.66284025961454,107.0526686712043
391.4357906293391,111.5438364365049
392.2087409990637,99.47085656951766
392.98169136878823,111.22698459006851
393.7546417385128,111.07718251403885
394.5275921082374,110.93306825585744
395.3005424779619,110.79459575531621
396.0734928476865,110.66171895220702
396.8464432174111,110.53439178632188
397.6193935871356,110.41256819745264
398.3923439568602,105.86480634349057
399.1652943265848,109.98843327977447
399.9382446963093,104.51481889198232
400.7111950660339,109.97938840797333
401.4841454357585,98.29759424566437
402.257095805483,109.79462240991907
403.0300461752076,109.71003417433502
403.8029965449321,86.12031454095938
404.5759469146567,118.61998003142082
405.3488972843813,109.48689579885813
406.1218476541058,96.04793751373174
406.8947980238304,111.90717483636297
407.667748393555,109.30872965592445
408.4406987632795,109.25911982342954
409.2136491330041,83.9763612150988
409.98659950272867,109.17429211991575
410.7595498724532,109.13898212848069
411.5325002421778,109.10834663031608
412.30545061190236,109.08233956521383
413.0784009816269,119.81455485951066
413.85135135135147,109.04402649336414
414.62430172107605,109.0316283662005
415.3972520908006,109.02367443126691
416.17020246052516,109.02011862835525
416.94315283024974,103.4282732318751
417.71610319997427,109.02601717776554
418.48905356969885,109.03537940967125
419.26200393942344,119.01883403692791
420.03495430914796,109.06669948684356
420.80790467887255,109.08856521169395
421.58085504859713,102.91052403582847
422.35380541832166,102.72894501251582
423.12675578804624,109.17843240880512
423.89970615777077,109.21632461466854
424.67265652749535,109.25810829026504
425.44560689721993,99.29278347915266
426.21855726694446,109.35316580982487
426.99150763666904,109.40634753337207
427.7644580063936,100.44466227032822
428.53740837611815,109.52378660696054
429.31035874584273,109.58795183658565
430.0833091155673,109.65568611448724
430.85625948529184,127.37006448022925
431.6292098550164,107.44730608576265
432.402160224741,88.59882921162688
433.17511059446554,109.96139250469686
433.9480609641901,110.04628112085967
434.7210113339147,110.13446242405045
435.49396170363923,110.39854982667812
436.2669120733638,110.3205188506837
437.0398624430884,110.41830185370996
437.8128128128129,132.1305178073559
438.5857631825375,110.6231471381414
439.3587135522621,109.01890057914305
440.1316639219866,87.9894585240586
440.9046142917112,107.89689407189186
441.6775646614358,111.06866513469367
442.4505150311603,111.18723999671992
443.2234654008849,111.3086008834852
443.9964157706095,97.33610955116711
444.769366140334,111.55949649040076
445.5423165100586,111.68893909013482
446.3152668797831,111.82098347377567
447.0882172495077,102.4797391799153
447.8611676192323,112.09269335194533
448.6341179889568,112.23226672605796
449.4070683586814,110.79283795248018
450.18001872840597,112.51862004329851
450.9529690981305,112.66530786601024
451.7259194678551,112.81427505117215
452.49886983757966,112.96547553857616
453.2718202073042,108.0032172650946
454.04477057702877,85.25516396848376
454.81772094675335,113.43201621216002
455.5906713164779,123.62286028284015
456.36362168620246,113.75336540194499
457.13657205592705,113.91699843843196
457.9095224256516,114.08254235570442
458.68247279537616,114.24995109355436
459.45542316510074,114.41917859177367
460.22837353482527,114.59017879015428
461.00132390454985,120.36183740440858
461.77427427427443,121.54285780120856
462.54722464399896,115.11335498418299
463.32017501372354,111.79259642959028
464.0931253834481,115.4701581771938
464.86607575317265,115.6508273121724
465.63902612289723,115.83294672585572
466.41197649262176,131.88821122770034
467.18492686234634,116.20135214850423
467.9578772320709,116.38754603705323
468.73082760179545,116.57500596347461
469.50377797152004,122.48353296800433
470.2767283412446,116.95353968910223
471.04967871096915,122.01397395974475
471.82262908069373,117.33658484372242
472.5955794504183,107.58380000005337
473.36852982014284,117.72377294567055
474.1414801898674,117.91880594287585
474.914430559592,118.2208168840034
475.68738092931653,118.3115945641813
476.4603312990411,127.21379878264253
477.2332816687657,118.70791368472123
478.0062320384902,106.57940550689047
478.7791824082148,139.66248235284286
479.5521327779394,109.11146764959857
480.3250831476639,117.11124493415211
481.0980335173885,119.71339040627566
481.8709838871131,119.91688525859186
482.6439342568376,115.11971224035499
483.4168846265622,119.64134029802344
484.1898349962868,120.53190585534101
484.9627853660113,113.18081929044456
485.7357357357359,125.63378607098332
486.5086861054604,113.3635980339516
487.281636475185,121.36197197840211
488.0545868449096,105.37387256777168
488.8275372146341,121.78104434689226
489.6004875843587,123.82163085213224
490.3734379540833,129.40686223056488
491.1463883238078,122.41437331306453
491.9193386935324,122.62668330621403
492.69228906325696,128.34384492456016
493.4652394329815,123.05301614041461
494.2381898027061,123.26700976188681
495.01114017243066,144.6230009589562
495.7840905421552,125.37589585883123
496.55704091187977,133.9430521639058
497.32999128160435,124.12815804850099
498.1029416513289,113.87127890552509
498.87589202105346,125.69376072074257
499.64884239077804,129.4540071025082
500.42179276050257,124.99688314638274
501.19474313022715,125.21513872419297
501.96769349995174,125.43379480376016
502.74064386967626,133.3908096823028
503.51359423940085,138.13435965360605
504.28654460912543,126.09201995510949
505.05949497884995,126.31213194381036
505.83244534857454,126.532571385321
506.6053957182991,126.75332366985205
507.37834608802365,126.97437418761398
508.15129645774823,134.21631194979994
508.92424682747276,127.41731148367292
509.69719719719734,127.639169042391
510.4701475669219,121.26575927837884
511.24309793664645,128.08358893225721
512.016048306371,128.3061220438264
512.7889986760956,128.52885112010046
513.5619490458201,118.98526394625733
514.3348994155447,128.97483872760523
515.1078497852693,110.75319836831565
515.8808001549938,129.42143487645612
516.6537505247184,129.64492462941269
517.426700894443,129.86852268833744
518.1996512641675,130.09221444344092
518.972601633892,130.31598528493367
519.7455520036167,130.53982060302636
520.5185023733412,130.76370578792944
521.2914527430657,145.3062352117198
522.0644031127904,131.21156731900896
522.8373534825149,131.4355144456066
523.6103038522394,131.65945299985685
524.3832542219641,131.88336837197033
525.1562045916886,139.56567503442358
525.9291549614131,132.33107113062914
526.7021053311378,110.9698563220275
527.4750557008623,132.77850584326745
528.2480060705868,133.0020861578553
529.0209564403115,108.3339979431918
529.793906810036,133.44889965462124
530.5668571797605,132.33399488600776
531.3398075494852,130.6824555851045
532.1127579192097,146.09693659603568
532.8857082889342,134.34072904440958
533.6586586586589,134.56322666730506
534.4316090283834,134.78551118429905
535.2045593981079,136.01713984072688
535.9775097678325,135.22938687219437
536.7504601375571,135.45095358402662
537.5234105072816,135.67225670783304
538.2963608770062,117.01019118308496
539.0693112467308,136.11402369152069
539.8422616164553,136.33446330147834
540.6152119861799,136.5545908235628
541.3881623559045,133.68813411420788
542.161112725629,136.99386110426494
542.9340630953536,137.212979612959
543.7070134650781,142.00097114134132
544.4799638348027,142.45123026428934
545.2529142045273,137.86812311287147
546.0258645742518,138.97753783411952
546.7988149439764,138.30292084138696
547.571765313701,138.5196939493314
548.3447156834255,134.8301135247365
549.1176660531501,138.9519280277848
549.8906164228747,139.1673647483701
550.6635667925992,139.38233175657865
551.4365171623238,139.5968169274488
552.2094675320484,132.30490417518254
552.9824179017729,140.02429325732632
553.7553682714974,140.23726016641012
554.5283186412221,140.44969673830823
555.3012690109466,140.66159084805878
556.0742193806711,150.6010843630775
556.8471697503958,115.56843277757146
557.6201201201203,133.11888324835223
558.3930704898448,122.27007390531398
559.1660208595695,141.71250009093555
559.938971229294,143.60493821326918
560.7119215990185,142.12864217939034
561.4848719687432,142.33576009333572
562.2578223384677,142.54222642047725
563.0307727081922,142.74802903585322
563.8037230779169,142.95315581450174
564.5766734476414,143.15759463146114
565.3496238173659,140.29485316945826
566.1225741870905,134.59391257815057
566.8955245568151,143.76666206258585
567.6684749265396,143.9682277831703
568.4414252962642,136.43326104598907
569.2143756659888,144.36910133988266
569.9873260357133,134.10598999471546
570.7602764054379,144.76688355090758
571.5332267751623,145.43206945484894
572.306177144887,152.7306698942981
573.0791275146116,145.35754840744943
573.852077884336,145.55278593711728
574.6250282540607,145.74717788059252
575.3979786237853,145.9407121129132
576.1709289935097,146.13337650911757
576.9438793632344,128.61109465573196
577.716829732959,156.31934851433115
578.4897801026834,146.7060294314147
579.2627304724081,141.2519178465306
580.0356808421327,148.15856988757525
580.8086312118571,147.27041733003998
581.5815815815818,147.45665337449955
582.3545319513064,167.3552601183136
583.1274823210308,147.8262128310246
583.9004326907555,157.9485023384925
584.6733830604801,148.19180794461207
585.4463334302045,148.37308856039968
586.2192837999291,148.55334171556748
586.9922341696538,148.73255528515372
587.7651845393782,148.9107171441965
588.5381349091028,149.08781516773405
589.3110852788275,140.7067592284674
590.0840356485519,143.5005562327336
590.8569860182765,149.6126049756973
591.629936388001,149.78532640759587
592.4028867577256,163.82901379701175
593.1758371274502,150.12738376548845
593.9487874971747,123.35733168813444
594.7217378668993,159.98206100930454
595.4946882366239,150.63182416313862
596.2676386063484,150.79761695872452
597.040588976073,150.96221254422525
597.8135393457976,151.12559879467912
598.5864897155221,151.28776358512425
599.3594400852467,162.4516071383266
600.1323904549713,151.60838028614114
600.9053408246958,151.7668079467892
601.6782911944204,151.92396564758138
602.451241564145,152.0798412635558
603.2241919338695,139.6338533661545
603.997142303594,169.6537076989886
604.7700926733187,152.53965435295444
605.5430430430432,155.86167865903263
606.3159934127677,152.83956369749822
607.0889437824924,152.98749218036815
607.8618941522169,138.15441349499883
608.6348445219414,153.27923614249494
609.4077948916661,153.42302737182817
610.1807452613906,153.5654152667256
610.9536956311151,153.70638770222538
611.7266460008398,153.84593255336574
612.4995963705643,165.72455446846476
613.2725467402888,168.81348328845345
614.0454971100135,144.26815108304461
614.8184474797381,143.07830673377046
615.5913978494625,148.54115809235108
616.3643482191871,154.65254339079837
617.1372985889118,154.781755652492
617.9102489586362,154.90944333013172
618.6831993283608,155.03559429875574
619.4561496980855,155.16019643340232
620.2291000678099,150.88695046776047
621.0020504375345,168.76649508262415
621.775000807259,155.52458858385864
622.5479511769836,155.64287413297708
623.3209015467082,155.75955054153454
624.0938519164326,155.8746160976242
624.8668022861573,155.98808101980472
625.6397526558819,172.44806683684862
626.4127030256063,174.17535126712312
627.185653395331,156.31898105415965
627.9586037650556,156.42615251197205
628.73155413478,156.5317778715095
629.5045045045047,168.39649755235573
630.2774548742293,156.73843392426744
631.0504052439537,137.92959507425059
631.8233556136784,161.15806194014377
632.596305983403,157.03709494451462
633.3692563531274,157.13367276406723
634.142206722852,155.830597001004
634.9151570925767,157.32243006513897
635.6881074623011,140.76569637743322
636.4610578320257,157.5053956296785
637.2340082017504,157.5947337785659
638.0069585714748,162.61724927907082
638.7799089411994,161.75061810907545
639.5528593109241,147.84807262009963
640.3258096806485,157.9380433178596
641.0987600503731,158.02041447425344
641.8717104200978,154.3346640107313
642.6446607898222,158.1810856628137
643.4176111595468,158.25940750923382
644.1905615292715,158.33640139991647
644.9635118989959,158.41207824198847
645.7364622687205,158.48644894257671
646.5094126384452,173.76065938383744
647.2823630081696,158.63131554780935
648.0553133778942,158.70183326670752
648.8282637476188,153.21760591809718
649.6012141173433,153.6197273067238
650.3741644870679,158.90585497405172
651.1471148567925,141.71929687427297
651.920065226517,174.00285837090166
652.6930155962416,159.09880855703472
653.4659659659662,156.00210168572758
654.2389163356906,159.2214407494032
655.0118667054153,159.28098850808195
655.7848170751399,159.33937191792623
656.5577674448643,159.39660188606294
657.330717814589,159.45268931961888
658.1036681843136,159.50764512572093
658.876618554038,173.10356818505983
659.6495689237627,159.61420548407088
660.4225192934873,154.40527523964147
661.1954696632117,159.7163702181277
661.9684200329364,159.7658314938634
662.741370402661,159.8142265849064
663.5143207723854,159.86156639838367
664.2872711421101,171.0715130574378
665.0602215118347,159.95312382114815
665.8331718815591,179.72338318447493
666.6061222512838,160.0405910191718
667.3790726210084,160.08281805172308
668.1520229907328,164.3174989268152
668.9249733604574,153.21747584607647
669.6979237301821,152.56077097951416
670.4708740999065,160.2419369051507
671.2438244696311,160.27932383494766
672.0167748393558,180.06023639806628
672.7897252090802,168.03895419655908
673.5626755788048,163.31282677577195
674.3356259485295,161.90839512511545
675.1085763182539,160.4524471389158
675.8815266879785,147.60481674909968
676.6544770577032,155.43209269217132
677.4274274274276,160.5456647018507
678.2003777971522,160.5750265956826
678.9733281668769,163.9874330098725
679.7462785366013,160.63124988538786
680.5192289063259,157.29112487062088
681.2921792760505,160.6842118919943
682.065129645775,174.1880797726726
682.8380800154996,148.75714944728384
683.6110303852242,160.75773087081384
684.3839807549487,174.80468460088844
685.1569311246733,175.0180004747121
685.9298814943979,156.58156368850925
686.7028318641223,180.74206162497748
687.475782233847,173.66001636934584
688.2487326035716,160.88452212208838
689.021682973296,151.68919437373086
689.7946333430207,160.92110679079332
690.5675837127453,160.93838337939425
691.3405340824697,145.95535786749585
692.1134844521944,170.25716296092546
692.886434821919,160.98628104771305
693.6593851916434,153.0465972139284
694.4323355613681,161.0150451499577
695.2052859310927,161.02850961947027
695.9782363008171,160.7414469903951
696.7511866705418,166.23961289222262
697.5241370402664,161.06536358709138
698.2970874099908,161.07650478641574
699.0700377797154,156.03722849180872
699.8429881494401,161.09713744300169
700.6159385191645,161.10665071451703
701.3888888888891,158.12054352392664
702.1618392586138,151.7910080879481
702.9347896283382,161.13210918747487
703.7077399980628,161.1396045883543
704.4806903677875,163.73602855315266
705.2536407375119,157.3936299873949
706.0265911072365,161.15927122044926
706.7995414769609,161.16492326472266
707.5724918466856,161.17014173766177
708.3454422164102,161.17493754639338
709.1183925861346,161.17932159804445
709.8913429558593,161.18330479974173
710.6642933255839,170.8096391604289
711.4372436953083,161.19011228178263
712.210194065033,147.14120342742936
712.9831444347576,143.67522656835175
713.756094804482,161.1975898083627
714.5290451742067,159.74198374591157
715.3019955439313,161.20087961157537
716.0749459136557,158.25252268893553
716.8478962833804,161.20291504303285
717.620846653105,167.96177150215743
718.3937970228294,161.20378335975013
719.166747392554,161.19115930759546
719.9396977622787,161.20357181874215
720.7126481320031,161.2030883694084
721.4855985017277,174.45915767091674
722.2585488714524,161.20142064871553
723.0314992411768,161.20025819161023
723.8044496109014,161.1988912128348
724.5773999806261,161.19733061951615
725.3503503503505,161.19558731878112
726.1233007200751,161.1936722177566
726.8962510897998,161.1915962235694
727.6692014595242,161.1893702433465
728.4421518292488,161.18700518421466
729.2151021989735,161.18451195330078
729.9880525686979,161.18190145773173
730.7610029384225,164.98067823230627
731.5339533081471,161.1763723011356
732.3069036778716,161.1734754543623
733.0798540475962,161.17050497144126
733.8528044173208,161.16747175949942
734.6257547870453,161.16438672566366
735.3987051567699,147.52149955737553
736.1716555264945,143.04882254982255
736.944605896219,161.15492976406117
737.7175562659436,161.15174651391825
738.4905066356682,161.14856597751563
739.2634570053926,157.39968123579177
740.0364073751173,161.14225667443912
740.8093577448419,161.1391497220189
741.5823081145663,162.34513111464344
742.355258484291,157.0106687807001
743.1282088540156,145.91191809957618
743.90115922374,161.1272944060853
744.6741095934647,161.124528236173
745.4470599631893,161.12186294414295
746.2200103329137,155.3323049685833
746.9929607026384,161.11687375348487
747.765911072363,161.11455513664163
748.5388614420874,161.11235190205426
749.311811811812,161.1102624377216
750.0847621815367,161.1082851316422
750.8577125512611,164.269818863175
751.6306629209857,161.1046605462382
752.4036132907104,160.56055121568974
753.1765636604348,151.70276927138065
753.9495140301594,143.0926669878713
754.7224643998841,142.07954281676714
755.4954147696085,161.09744901206943
756.2683651393331,161.09631093996936
757.0413155090578,161.0952705181108
757.8142658787822,149.78954739528677
758.5872162485068,161.04888502481896
759.3601666182315,161.09271903397092
760.1331169879559,168.40498128469955
760.9060673576805,161.0914767423944
761.6790177274052,161.09098836995724
762.4519680971296,161.09058636375235
763.2249184668542,161.0902691117785
763.9978688365788,161.09003500203426
764.7708192063033,142.6873579954605
765.5437695760279,161.08980976122956
766.3167199457525,159.2949540266396
767.089670315477,170.2222534168747
767.8626206852016,161.09005516671215
768.6355710549262,183.44388169858217
769.4085214246506,161.09058880814501
770.1814717943753,161.09096180419084
770.9544221640999,158.3302700916539
771.7273725338243,161.09191208693466
772.500322903549,161.09248614963005
773.2732732732736,146.19212563182222
774.046223642998,161.09382405766124
774.8191740127227,159.445750534639
775.5921243824473,161.09540426253747
776.3650747521717,161.0962811962892
777.1380251218964,161.09721386824825
777.910975491621,150.12915113717858
778.6839258613454,153.16983357587483
779.45687623107,161.1003301933562
780.2298266007947,161.10146969813147
781.0027769705191,143.65559873905565
781.7757273402437,161.10389013028288
782.5486777099684,154.09210657811502
783.3216280796928,162.47218854429983
784.0945784494174,161.10785015499258
784.8675288191421,161.1092515489526
785.6404791888665,161.11069094910553
786.4134295585911,161.11216674345
787.1863799283158,161.11367731998467
787.9593302980402,160.58371342840525
788.7322806677648,171.19860411947764
789.5052310374892,163.15965042593857
790.2781814072139,153.50961887038935
791.0511317769385,161.1216955154657
791.8240821466629,161.1233809331142
792.5970325163876,182.02032790490045
793.3699828861122,161.12682065095305
794.1429332558366,165.81637435582155
794.9158836255613,161.13034146550558
795.6888339952859,161.13212825404614
796.4617843650103,151.50894197360742
797.234734734735,161.13574653364938
798.0076851044596,161.13757480070942
798.780635474184,161.13941366994
799.5535858439086,161.14126152933974
800.3265362136333,161.1431167669074
801.0994865833577,161.14497777064162
801.8724369530823,161.1468429285412
802.645387322807,161.14871062860465
803.4183376925314,161.15057925883076
804.191288062256,167.70618851722134
804.9642384319807,172.71143518650237
805.7371888017051,161.15617461047174
806.5101391714297,161.15803084133526
807.2830895411544,161.15987994235485
808.0560399108788,161.1617203015292
808.8289902806034,165.45062999850617
809.6019406503281,161.16536834633686
810.3748910200525,163.05038686857003
811.1478413897771,164.64370235782275
811.9207917595018,163.89221850160803
812.6937421292262,161.1724886057514
813.4666924989508,161.1742226359722
814.2396428686754,167.6275578698793
815.0125932383999,161.17762417084518
815.7855436081245,161.17928845149476
816.5584939778491,161.18092625828464
817.3314443475736,161.1825359792134
818.1043947172982,177.6425294307088
818.8773450870228,159.77087662698509
819.6502954567472,161.18718050682074
820.4232458264719,161.18866176429233
821.1961961961965,161.19010687589636
821.9691465659209,161.1915142296315
822.7420969356456,161.1928822134964
823.5150473053702,161.19420921548974
824.2879976750946,170.53649238914247
825.0609480448193,161.19673382585665
825.8338984145439,161.1979282102275
826.6068487842683,161.19907516472162
827.379799153993,158.5132688928327
828.1527495237176,161.20122033607413
828.925699893442,159.68806852742105
829.6986502631667,161.20315644390377
830.4716006328913,170.7768787009081
831.2445510026157,158.3011096234847
832.0175013723403,173.7942093302973
832.790451742065,161.2063498849521
833.5634021117894,178.22138558302908
834.336352481514,161.20758142614977
835.1093028512387,161.20810025991244
835.8822532209631,156.52784779819706
836.6552035906877,172.87072467596806
837.4281539604124,161.20924966983966
838.2011043301368,158.76286499026327
838.9740546998614,161.20966058031084
839.7470050695861,161.20975459069837
840.5199554393105,161.20977215518545
841.2929058090351,161.2097116617708
842.0658561787598,161.20957149845304
842.8388065484842,168.90039201423588
843.6117569182088,153.99657498856445
844.3847072879335,161.20865686906814
845.1576576576579,154.93594159502663
845.9306080273825,153.35854356136417
846.7035583971071,138.9237516987272
847.4765087668316,161.20622418983214
848.2494591365562,161.20538863524243
849.0224095062808,161.20445890273783
849.7953598760053,161.203433380317
850.5683102457299,149.46343175150116
851.3412606154545,161.20108851772142
852.1142109851789,161.19976595354402
852.8871613549036,161.19834115144516
853.6601117246282,161.19681249942354
854.4330620943526,186.93856860852765
855.2060124640773,148.12159258315486
855.9789628338019,159.35908216540736
856.7519132035263,161.18962715208266
857.524863573251,137.03816309749433
858.2978139429756,161.18536946684134
859.0707643127,148.73877280480838
859.8437146824247,143.45902232837003
860.6166650521493,161.17811540448605
861.3896154218737,161.1754595931642
862.1625657915984,163.0805606216503
862.935516161323,161.16978161270737
863.7084665310474,161.1667562195698
864.481416900772,161.16360440849098
865.2543672704967,161.85866237045437
866.0273176402211,161.15691508450465
866.8002680099457,161.1533743475944
867.5732183796704,161.14970074473771
868.3461687493948,161.14589266393327
869.1191191191194,163.53609985535178
869.8920694888441,161.13786662047582
870.6650198585685,161.13364543382013
871.4379702282931,161.12928332121152
872.2109205980175,161.12477867064848
872.9838709677422,161.12012987012986
