100.80645161290323,150.29761904761904
101.5794019826278,161.3789581890362
102.35235235235236,150.88747765044658
103.12530272207692,159.99578517117862
103.89825309180148,139.76080746302486
104.67120346152605,141.08720850388096
105.44415383125062,140.10123103689494
106.21710420097517,136.3355191952089
106.99005457069974,163.18048074387374
107.76300494042431,152.88779073825293
108.53595531014886,146.55733440416486
109.30890567987343,143.78372414815163
110.08185604959799,154.32540800546172
110.85480641932256,151.56262383202778
111.62775678904713,154.2553688237405
112.40070715877168,177.13936314992173
113.17365752849625,135.46198107514869
113.9466078982208,150.6179834680331
114.71955826794537,164.56343683808387
115.49250863766994,158.22995318508865
116.2654590073945,155.82900827863284
117.03840937711907,156.08411911091346
117.81135974684364,144.7716055107462
118.58431011656819,145.4453420072959
119.35726048629276,156.83716151625305
120.13021085601733,141.73997056029597
120.90316122574188,150.7049368485504
121.67611159546645,154.92231920242764
122.449061965191,150.32455735947698
123.22201233491558,158.0512301981031
123.99496270464013,158.28788838210943
124.7679130743647,160.75827233600538
125.54086344408927,156.0163873607841
126.31381381381382,158.98554132278844
127.08676418353839,159.21398315356578
127.85971455326296,159.44036943678412
128.63266492298752,168.91559438334284
129.40561529271207,181.5883357353158
130.17856566243665,160.1455123126929
130.9515160321612,177.6070988302646
131.72446640188576,170.65999408937532
132.49741677161035,172.53735572889101
133.2703671413349,160.96746905680192
134.04331751105946,163.55243496128944
134.81626788078404,161.38525003497912
135.5892182505086,149.7071115715451
136.36216862023315,161.79478547489228
137.13511898995773,161.9964596587481
137.9080693596823,181.65589493115968
138.68101972940684,162.39361803575488
139.45397009913142,180.26511022042064
140.22692046885598,157.68342516416266
140.99987083858053,162.9738718689921
141.7728212083051,155.60661732011644
142.54577157802967,143.90419752395675
143.31872194775423,163.53553121468508
144.09167231747878,171.44105029162085
144.86462268720334,157.78169494899402
145.63757305692792,172.93002032856106
146.41052342665247,172.3404149819639
147.18347379637703,149.47075132219
147.9564241661016,165.63961383321094
148.72937453582617,138.95052367250076
149.50232490555072,164.94226323310625
150.2752752752753,146.79528446332952
151.04822564499986,165.27323316293274
151.82117601472441,152.59767484217144
152.594126384449,153.4324924806083
153.36707675417355,166.5628376742464
154.1400271238981,165.91028464561197
154.9129774936227,169.71417652424753
155.68592786334725,184.04629340209027
156.4588782330718,164.44542041343377
157.23182860279638,166.51412049495553
158.00477897252094,166.65988513682746
158.7777293422455,154.97376677159858
159.55067971197008,188.61741799165904
160.32363008169463,160.51068798777462
161.0965804514192,167.22214891143855
161.86953082114377,167.35751323836868
162.64248119086832,175.92375588504245
163.41543156059288,167.6219958662567
164.18838193031743,158.6847158725901
164.961332300042,189.47475510035932
165.73428266976657,173.19146659668317
166.50723303949113,168.71385149500185
167.28018340921568,174.3971460609244
168.05313377894026,182.2354974617843
168.82608414866482,162.96049389032848
169.59903451838937,168.59656042207814
170.37198488811396,150.24281829508132
171.1449352578385,175.30295627293137
171.91788562756307,161.2414932598442
172.69083599728765,169.033757752072
173.4637863670122,162.67391839018265
174.23673673673676,154.76334856632639
175.00968710646134,197.41362878644264
175.7826374761859,169.4375153076616
176.55558784591045,157.4941605377467
177.32853821563504,145.14974552861653
178.1014885853596,169.7183661499241
178.87443895508414,197.6840466585525
179.64738932480873,169.89513065857446
180.42033969453328,169.98037034594012
181.19329006425784,183.45228134052599
181.96624043398242,176.86825462818442
182.73919080370695,170.22351213579077
183.51214117343153,163.42069476248082
184.2850915431561,156.2300134302189
185.05804191288064,170.44777575955723
185.83099228260522,168.6965281063612
186.6039426523298,158.42656358605802
187.37689302205433,170.65314545732056
188.14984339177892,170.71740064908215
188.92279376150347,184.63416126616684
189.69574413122803,182.3582705859254
190.4686945009526,170.89755393007857
191.24164487067716,166.6548153723305
192.01459524040172,171.00714003516225
192.7875456101263,169.02689808748156
193.56049597985086,181.96362736004363
194.3334463495754,178.70386826526772
195.1063967193,172.73696512393013
195.87934708902455,155.43147695613857
196.6522974587491,171.28536978996485
197.4252478284737,171.6433653887807
198.19819819819824,160.94301256512244
198.9711485679228,169.42354891316185
199.74409893764738,171.4287024634035
200.51704930737193,177.33681730646677
201.2899996770965,168.81657815104134
202.06295004682107,175.7426768486691
202.8359004165456,179.86900273917553
203.60885078627018,158.9460798658234
204.38180115599476,171.58037733680507
205.1547515257193,171.59826117559146
205.92770189544387,175.48485890222724
206.70065226516846,183.8266839970376
207.47360263489298,162.1618503982794
208.24655300461757,181.6651650273487
209.01950337434212,174.36348349235527
209.79245374406668,171.66113925086256
210.56540411379126,171.66420932262676
211.33835448351581,171.66516080715635
212.11130485324037,161.83814911525636
212.88425522296495,162.67432910869846
213.6572055926895,166.69775150908367
214.43015596241406,178.63084483526214
215.20310633213865,161.13570751725652
215.9760567018632,176.3236868725493
216.74900707158776,166.65854193320797
217.52195744131234,182.19830179384147
218.2949078110369,171.57829143175303
219.06785818076145,171.5580249403987
219.84080855048603,171.53563344110216
220.61375892021059,191.60243229730736
221.38670928993514,171.48447308387966
222.15965965965972,165.93745770290963
222.93261002938428,162.6504687813836
223.70556039910883,179.61330655217694
224.47851076883342,183.35138541677506
225.25146113855794,166.76008369483205
226.02441150828253,169.5320824854441
226.7973618780071,193.59617917237347
227.57031224773164,178.8800572604094
228.34326261745622,167.53655222424865
229.11621298718077,171.10097236299475
229.88916335690536,171.0509026436855
230.6621137266299,165.96493130417167
231.43506409635447,158.8690994155599
232.20801446607902,158.12481367274825
232.9809648358036,181.10682166584724
233.75391520552816,161.03677656261826
234.5268655752527,152.8227257770664
235.2998159449773,162.29142510070287
236.07276631470185,161.26305314333146
236.8457166844264,182.65897711356968
237.618667054151,170.43272169410832
238.39161742387554,182.78381287505914
239.1645677936001,166.46442983430123
239.93751816332468,170.20486376126985
240.71046853304924,170.12432496468065
241.4834189027738,171.32359061276023
242.25636927249835,169.95616431808068
243.02931964222293,178.69796375928416
243.80227001194748,171.42274793189947
244.57522038167204,171.60216421392045
245.34817075139662,175.11101929830187
246.12112112112118,177.2424751307933
246.89407149084573,152.02315575196255
247.66702186057032,169.28966305730972
248.43997223029487,169.18409863155932
249.21292260001943,155.77989429397755
249.985872969744,173.89705395317193
250.75882333946856,163.60489037745126
251.53177370919312,168.73460719569692
252.30472407891767,161.69003563292478
253.07767444864226,168.49304564648318
253.8506248183668,162.07727277122603
254.62357518809137,174.6402201156901
255.39652555781595,173.96484202163413
256.1694759275405,180.97858196538536
256.94242629726506,167.83791580419646
257.71537666698964,167.69783647440096
258.48832703671417,158.62862781472225
259.26127740643875,166.31530762429756
260.03422777616333,155.81823600470037
260.80717814588786,167.10620892322024
261.58012851561244,147.96711790050108
262.353078885337,166.79113341686445
263.12602925506155,163.75833288338333
263.89897962478614,163.8426957034563
264.6719299945107,148.83753658022266
265.44488036423525,176.86509166693048
266.21783073395983,165.94508480823154
266.9907811036844,171.3923864951254
267.76373147340894,148.3025409721196
268.5366818431335,165.39607863212447
269.3096322128581,151.6686226076902
270.08258258258263,160.9919580384573
270.8555329523072,138.6128414804101
271.6284833220318,180.15487428607457
272.4014336917563,164.40916251546764
273.1743840614809,160.69262616797252
273.9473344312055,174.32871778506393
274.72028480093,163.7723746352359
275.4932351706546,172.4412016007807
276.2661855403792,163.32868394704653
277.0391359101037,162.61724731824316
277.8120862798283,162.869343850052
278.5850366495529,167.59403028917407
279.3579870192774,162.3940825776429
280.130937389002,159.33833540386297
280.90388775872657,134.07522199904759
281.6768381284511,148.2324867129678
282.4497884981757,168.98765360547006
283.22273886790026,157.1375189076012
283.9956892376248,150.76415408328867
284.7686396073493,160.60136523740206
285.54158997707395,161.68220805435314
286.3145403467985,180.91148777940327
287.087490716523,159.6812572239869
287.86044108624765,152.88223521912548
288.6333914559722,154.07479748084816
289.4063418256967,158.89803677480907
290.17929219542134,154.4474886987159
290.95224256514587,162.4136352592398
291.7251929348704,135.02029900903287
292.49814330459503,131.26337690468256
293.27109367431956,172.23767655391362
294.0440440440441,149.2796091641332
294.81699441376867,156.7067096557567
295.58994478349325,164.30571331255925
296.3628951532178,156.04065317192888
297.13584552294236,155.70137074077113
297.90879589266694,155.35804178033032
298.68174626239147,166.9140787681987
299.45469663211605,137.776564866818
300.22764700184064,161.47435578617342
301.00059737156516,180.89674736848548
301.77354774128975,143.45859963003286
302.54649811101433,156.13854186530708
303.31944848073886,146.88439480139544
304.09239885046344,143.07445304636272
304.865349220188,146.36237024234927
305.63829958991255,149.72492513511983
306.41124995963713,175.83805535343527
307.1842003293617,161.86070335242232
307.95715069908624,143.80634223854497
308.7301010688108,150.34658026607954
309.5030514385354,160.7210853454482
310.27600180825993,152.19781048251113
311.0489521779845,172.48382982196165
311.8219025477091,148.59126931709747
312.5948529174336,150.72070901543646
313.3678032871582,149.266908812192
314.1407536568828,144.59290535812826
314.9137040266073,146.96764080533043
315.6866543963319,160.62094532117789
316.4596047660565,146.14390186015265
317.232555135781,150.01881900865737
318.0055055055056,145.31319656381598
318.7784558752302,137.8453301132451
319.5514062449547,144.4762624975981
320.3243566146793,144.055690169933
321.0973069844039,133.345783685185
321.8702573541284,159.00924790312922
322.643207723853,142.78665838063006
323.41615809357756,138.9153232792292
324.1891084633021,145.99876537251777
324.9620588330266,157.3119864958394
325.73500920275126,148.24305498613097
326.5079595724758,140.65275457034988
327.2809099422003,131.35031038989752
328.05386031192495,139.79474653512676
328.8268106816495,114.7008545577495
329.599761051374,138.9353029287111
330.37271142109864,151.00567811232116
331.14566179082317,144.83368294084067
331.9186121605477,139.27709412426046
332.69156253027234,116.48360558667989
333.46451289999686,126.97008685415084
334.2374632697214,136.3555370818977
335.010413639446,118.5272683017052
335.78336400917055,136.1050683607094
336.5563143788951,132.84430385414413
337.32926474861966,134.01526795875498
338.10221511834425,143.47940586454285
338.8751654880688,124.3243336845076
339.64811585779336,133.36332194841776
340.42106622751794,132.9390621108143
341.19401659724247,132.51586892220706
341.96696696696705,150.13822574826992
342.73991733669163,127.4362202768877
343.51286770641616,131.25357852436716
344.28581807614074,123.67211080669769
345.0587684458653,124.54380095274634
345.83171881558985,130.00408935390956
346.60466918531444,129.59085267548852
347.377619555039,129.1793940652674
348.15056992476354,126.5230293433256
348.9235202944881,132.63560686008822
349.6964706642127,146.50282330634573
350.46942103393724,127.55311885439035
351.2423714036618,137.65830555745075
352.0153217733864,119.04452687590741
352.78827214311093,129.32131837235778
353.5612225128355,125.9624069267473
354.3341728825601,152.3793520732208
355.1071232522846,116.97753460706811
355.8800736220092,124.79613509055488
356.6530239917338,121.56504166770712
357.4259743614583,124.03269830578571
358.1989247311829,129.4521397939296
358.9718751009075,103.7933031845225
359.744825470632,122.91043833567977
360.5177758403566,139.33205068552638
361.2907262100811,126.4661339600177
362.0636765798057,121.81778687164211
362.8366269495303,110.76418838991644
363.6095773192548,125.11139009245242
364.3825276889794,103.00353024249483
365.155478058704,129.17525453205218
365.9284284284285,112.46512244880763
366.7013787981531,119.73091362102069
367.47432916787767,123.0067443224276
368.2472795376022,112.48503134722311
369.0202299073268,138.62717415050713
369.79318027705136,118.42028270083392
370.5661306467759,120.59551308350481
371.3390810165005,117.79128687241973
372.11203138622506,142.77729905867946
372.8849817559496,127.90190166370121
373.65793212567417,112.80032426905882
374.43088249539875,116.58949157496785
375.2038328651233,100.79025975949158
375.97678323484786,120.15466287333655
376.74973360457244,115.04279389511949
377.52268397429697,115.46736755137566
378.29563434402155,115.19995213752155
379.06858471374613,114.937960815286
379.84153508347066,102.83453378633646
380.61448545319524,95.82884940389351
381.3874358229198,119.25653637750106
382.16038619264435,113.94601499053788
382.93333656236894,113.71247803740167
383.70628693209346,92.75943957760978
384.47923730181805,113.26336602659335
385.25218767154263,115.73302379725617
386.02513804126716,101.90179419543152
386.79808841099174,94.56627557194096
387.5710387807163,122.26282622717973
388.34398915044085,110.70667333993032
389.11693952016543,92.82287191716486
389.88988988989,109.05163286782836
390.66284025961454,99.53389818142313
391.4357906293391,123.88838150517827
392.2087409990637,111.3825205441545
392.98169136878823,108.53941041951039
393.7546417385128,112.72161761150866
394.5275921082374,110.93306825585744
395.3005424779619,110.79459575531621
396.0734928476865,110.66171895220702
396.8464432174111,110.53439178632188
397.6193935871356,110.41256819745264
398.3923439568602,113.68613098948563
399.1652943265848,110.18524750992964
399.9382446963093,91.68483270121105
400.7111950660339,117.77758231112644
401.4841454357585,136.8363281854153
402.257095805483,109.79462240991907
403.0300461752076,109.71003417433502
403.8029965449321,98.69176547544198
404.5759469146567,105.19626501831758
405.3488972843813,117.10554311642423
406.1218476541058,99.21844813855989
406.8947980238304,120.32896807528388
407.667748393555,115.34879388172793
408.4406987632795,109.25911982342954
409.2136491330041,109.21432266482934
409.98659950272867,109.17429211991575
410.7595498724532,98.79913069254653
411.5325002421778,109.10834663031608
412.30545061190236,109.08233956521383
413.0784009816269,106.50838641268572
413.85135135135147,106.64822537211997
414.62430172107605,120.84440051275963
415.3972520908006,116.07664250948923
416.17020246052516,109.02011862835525
416.94315283024974,101.91227109801635
417.71610319997427,112.04339221158082
418.48905356969885,106.83328619332573
419.26200393942344,109.04895553276664
420.03495430914796,105.6181425256566
420.80790467887255,109.08856521169395
421.58085504859713,91.72344517732974
422.35380541832166,109.14447773288282
423.12675578804624,109.17843240880512
423.89970615777077,113.27646199155811
424.67265652749535,115.31978715063558
425.44560689721993,109.30373737538655
426.21855726694446,105.90848863119581
426.99150763666904,108.0903396681837
427.7644580063936,120.22500212092353
428.53740837611815,109.52378660696054
429.31035874584273,112.4433257287727
430.0833091155673,127.90889823655563
430.85625948529184,133.87865432881208
431.6292098550164,132.6599274106836
432.402160224741,110.25979268291707
433.17511059446554,109.96139250469686
433.9480609641901,115.1029284178654
434.7210113339147,110.13446242405045
435.49396170363923,116.91728650151799
436.2669120733638,112.87483235299447
437.0398624430884,110.41830185370996
437.8128128128129,110.5191933029319
438.5857631825375,112.21583570423141
439.3587135522621,101.25262831057701
440.1316639219866,102.74355442666871
440.9046142917112,110.95292235761465
441.6775646614358,124.05066030467717
442.4505150311603,118.52094051630988
443.2234654008849,111.3086008834852
443.9964157706095,111.43270173478152
444.769366140334,103.21054061053145
445.5423165100586,100.36813673748387
446.3152668797831,114.68127615265546
447.0882172495077,105.43205912569711
447.8611676192323,103.0611467961457
448.6341179889568,129.63118425805212
449.4070683586814,109.79582599298638
450.18001872840597,115.33756243445845
450.9529690981305,112.66530786601024
451.7259194678551,90.383765674942
452.49886983757966,106.69558594737056
453.2718202073042,133.1765414401169
454.04477057702877,107.11460085570761
454.81772094675335,113.43201621216002
455.5906713164779,113.59168930645167
456.36362168620246,113.75336540194499
457.13657205592705,113.91699843843196
457.9095224256516,119.85005499694783
458.68247279537616,113.23145441946585
459.45542316510074,114.41917859177367
460.22837353482527,120.35697809044134
461.00132390454985,126.4209768100016
461.77427427427443,114.93731304656703
462.54722464399896,116.79755412385495
463.32017501372354,124.78450450947655
464.0931253834481,123.96292195129458
464.86607575317265,125.7008384055672
465.63902612289723,115.83294672585572
466.41197649262176,106.19772040787836
467.18492686234634,116.20135214850423
467.9578772320709,108.45476944340687
468.73082760179545,124.56237303084025
469.50377797152004,116.76368586756031
470.2767283412446,107.23089483863392
471.04967871096915,128.20426128981615
471.82262908069373,119.62333422327974
472.5955794504183,111.07208866530746
473.36852982014284,117.72377294567055
474.1414801898674,136.318323270621
474.914430559592,118.1147516362296
475.68738092931653,97.44232745320392
476.4603312990411,118.5093201169417
477.2332816687657,110.6125946507791
478.0062320384902,132.95692149297216
478.7791824082148,119.10764642617997
479.5521327779394,117.14348559860343
480.3250831476639,119.51067591024204
481.0980335173885,131.1908845209235
481.8709838871131,116.03372581063954
482.6439342568376,119.58246391408005
483.4168846265622,133.6250955326853
484.1898349962868,120.53190585534101
484.9627853660113,108.85046208772818
485.7357357357359,120.94555352177986
486.5086861054604,119.02119769217929
487.281636475185,119.75187467057106
488.0545868449096,135.26014049977127
488.8275372146341,121.78104434689226
489.6004875843587,113.7010319093848
490.3734379540833,122.20265374893476
491.1463883238078,115.96489281368989
491.9193386935324,143.09379870963056
492.69228906325696,122.83956911859391
493.4652394329815,115.47338669605944
494.2381898027061,136.7609800840755
495.01114017243066,119.89471920645916
495.7840905421552,123.69657836462765
496.55704091187977,128.06254905069073
497.32999128160435,124.12815804850099
498.1029416513289,124.3446655213887
498.87589202105346,136.20935768515707
499.64884239077804,139.0237899688639
500.42179276050257,122.97940505073666
501.19474313022715,121.91212877910388
501.96769349995174,124.65310751623002
502.74064386967626,125.65283677529497
503.51359423940085,125.87225002900789
504.28654460912543,111.26767998526304
505.05949497884995,126.31213194381036
505.83244534857454,127.98761741289665
506.6053957182991,126.75332366985205
507.37834608802365,118.75530477583197
508.15129645774823,148.61979670521174
508.92424682747276,121.85513363019435
509.69719719719734,153.4081376953754
510.4701475669219,126.33062885290786
511.24309793664645,135.600937118008
512.016048306371,124.68639884311695
512.7889986760956,131.42670588997112
513.5619490458201,128.75176155128986
514.3348994155447,133.921851203253
515.1078497852693,155.5706813106747
515.8808001549938,130.27290132685508
516.6537505247184,118.59063714524996
517.426700894443,128.1078876711915
518.1996512641675,145.96549242192123
518.972601633892,156.77027272915012
519.7455520036167,125.73437077744256
520.5185023733412,113.26932965284615
521.2914527430657,132.19697235878073
522.0644031127904,148.23961986441975
522.8373534825149,131.4355144456066
523.6103038522394,121.46114869232994
524.3832542219641,137.05623226144004
525.1562045916886,132.1072459521576
525.9291549614131,123.58515759428407
526.7021053311378,132.5548292975956
527.4750557008623,132.77850584326745
528.2480060705868,133.0020861578553
529.0209564403115,133.22555563156973
529.793906810036,117.43211027448018
530.5668571797605,131.73306971285467
531.3398075494852,143.49089723180438
532.1127579192097,134.1180329219041
532.8857082889342,134.34072904440958
533.6586586586589,130.77073054430906
534.4316090283834,134.78551118429905
535.2045593981079,135.00756869729787
535.9775097678325,122.30668259549569
536.7504601375571,128.23708001666398
537.5234105072816,120.70692706210683
538.2963608770062,144.96430139772932
539.0693112467308,154.297702102752
539.8422616164553,124.4237929696921
540.6152119861799,133.80993534492458
541.3881623559045,136.77439413281223
542.161112725629,111.8393574976185
542.9340630953536,137.212979612959
543.7070134650781,147.80757678766565
544.4799638348027,154.426807278522
545.2529142045273,137.86812311287147
546.0258645742518,154.4781711673556
546.7988149439764,137.9446258839522
547.571765313701,138.5196939493314
548.3447156834255,138.73603371978467
549.1176660531501,131.65627817236256
549.8906164228747,139.1673647483701
550.6635667925992,139.38233175657865
551.4365171623238,139.5968169274488
552.2094675320484,143.45964979068307
552.9824179017729,141.6507052760779
553.7553682714974,122.63265168731482
554.5283186412221,133.0948244872959
555.3012690109466,144.00327781278057
556.0742193806711,117.28305727587738
556.8471697503958,123.45147619742067
557.6201201201203,141.29389715480727
558.3930704898448,141.5035001663497
559.1660208595695,136.7028557228905
559.938971229294,141.92088480360303
560.7119215990185,125.64219288138166
561.4848719687432,130.0787941357908
562.2578223384677,142.54222642047725
563.0307727081922,134.13639308057674
563.8037230779169,134.0756830382361
564.5766734476414,132.8487748557308
565.3496238173659,143.36133336176945
566.1225741870905,129.33911118598337
566.8955245568151,143.76666206258585
567.6684749265396,139.32597350360268
568.4414252962642,121.47183084036479
569.2143756659888,144.36910133988266
569.9873260357133,146.22978187193664
570.7602764054379,142.4320381258572
571.5332267751623,141.80416820415752
572.306177144887,143.35848003095515
573.0791275146116,142.53373330508052
573.852077884336,145.55278593711728
574.6250282540607,136.6001878833273
575.3979786237853,145.9407121129132
576.1709289935097,146.13337650911757
576.9438793632344,167.71615366999706
577.716829732959,145.10608439087306
578.4897801026834,156.86568162187638
579.2627304724081,129.62964713799127
580.0356808421327,135.89791983276933
580.8086312118571,140.51186933808407
581.5815815815818,149.04907055130198
582.3545319513064,148.2566286037811
583.1274823210308,147.8262128310246
583.9004326907555,137.93705393513662
584.6733830604801,120.32611084537706
585.4463334302045,151.57825635199944
586.2192837999291,157.4454265148372
586.9922341696538,137.54231794586363
587.7651845393782,154.93587568192666
588.5381349091028,136.2704421701997
589.3110852788275,147.34041701783673
590.0840356485519,141.62930002313666
590.8569860182765,149.6126049756973
591.629936388001,148.04933311832139
592.4028867577256,132.82419262532937
593.1758371274502,135.9322058934337
593.9487874971747,154.7609222876196
594.7217378668993,132.56881457702758
595.4946882366239,141.39582275753062
596.2676386063484,150.79761695872452
597.040588976073,150.96221254422525
597.8135393457976,151.12559879467912
598.5864897155221,151.0737047925475
599.3594400852467,151.44869479059884
600.1323904549713,169.59728267331246
600.9053408246958,142.75092864951063
601.6782911944204,151.92396564758138
602.451241564145,155.36360285801405
603.2241919338695,140.15022706110042
603.997142303594,152.3876977412041
604.7700926733187,152.53965435295444
605.5430430430432,152.69028038003967
606.3159934127677,139.82725065024286
607.0889437824924,164.52879441931603
607.8618941522169,136.9513047071687
608.6348445219414,139.31015092857646
609.4077948916661,159.9965509729765
610.1807452613906,143.14647674413257
610.9536956311151,164.09290632276148
611.7266460008398,178.31402103705796
612.4995963705643,153.9840376951849
613.2725467402888,158.75062556739744
614.0454971100135,152.02980964187782
614.8184474797381,151.3047422836858
615.5913978494625,155.20308856620622
616.3643482191871,154.65254339079837
617.1372985889118,165.53307634466626
617.9102489586362,154.90944333013172
618.6831993283608,155.03559429875574
619.4561496980855,150.54434096954407
620.2291000678099,165.63729613385576
621.0020504375345,169.79751556608468
621.775000807259,155.52458858385864
622.5479511769836,155.64287413297708
623.3209015467082,144.88933850508096
624.0938519164326,155.8746160976242
624.8668022861573,155.98808101980472
625.6397526558819,155.9793597898694
626.4127030256063,174.23062175798847
627.185653395331,153.31950445433182
627.9586037650556,159.21964870185678
628.73155413478,151.06708739746688
629.5045045045047,145.00331467977574
630.2774548742293,172.5567829522243
631.0504052439537,165.23163519051698
631.8233556136784,156.9390364694484
632.596305983403,164.2073477238862
633.3692563531274,157.13367276406723
634.142206722852,153.7344525551262
634.9151570925767,157.32243006513897
635.6881074623011,161.90023473579177
636.4610578320257,147.30528541452986
637.2340082017504,173.05651325855285
638.0069585714748,137.33616119616332
638.7799089411994,157.76917534521016
639.5528593109241,157.8543005772208
640.3258096806485,154.05823397121242
641.0987600503731,158.02041447425344
641.8717104200978,149.656749639826
642.6446607898222,170.08760895233925
643.4176111595468,166.21861548759958
644.1905615292715,177.2833045040161
644.9635118989959,149.55395809191123
645.7364622687205,150.8735435869678
646.5094126384452,165.3679503467802
647.2823630081696,163.34768234176664
648.0553133778942,165.85331212475526
648.8282637476188,158.7710884726294
649.6012141173433,158.83909207270182
650.3741644870679,158.90585497405172
651.1471148567925,166.74269384368904
651.920065226517,159.0357023090913
652.6930155962416,159.09880855703472
653.4659659659662,159.16071773476307
654.2389163356906,140.27421834880295
655.0118667054153,169.24009912087942
655.7848170751399,179.1435650907822
656.5577674448643,186.6096475575753
657.330717814589,159.45268931961888
658.1036681843136,159.50764512572093
658.876618554038,159.561480211496
659.6495689237627,160.64485357823307
660.4225192934873,159.66583185057252
661.1954696632117,159.7163702181277
661.9684200329364,154.2327306931497
662.741370402661,160.20241989511504
663.5143207723854,161.35525312687753
664.2872711421101,159.9078618414219
665.0602215118347,135.35625027902176
665.8331718815591,140.97999752093702
666.6061222512838,160.0405910191718
667.3790726210084,150.87318369225116
668.1520229907328,155.04854990355892
668.9249733604574,164.8612948426096
669.6979237301821,134.52077683060384
670.4708740999065,155.81119531190618
671.2438244696311,147.33500255804876
672.0167748393558,163.76537062583753
672.7897252090802,160.35130270415758
673.5626755788048,174.50866019014902
674.3356259485295,165.5816184969688
675.1085763182539,150.81775529761248
675.8815266879785,164.10657695954248
676.6544770577032,173.85939259700146
677.4274274274276,160.5456647018507
678.2003777971522,156.96575317704819
678.9733281668769,158.44257216434875
679.7462785366013,160.10025740181777
680.5192289063259,160.658133095515
681.2921792760505,160.6842118919943
682.065129645775,163.1180331349984
682.8380800154996,156.00081381156514
683.6110303852242,176.08983894955483
684.3839807549487,169.2056312850141
685.1569311246733,171.98428270382317
685.9298814943979,146.48409691309357
686.7028318641223,174.31340856903026
687.475782233847,160.86519222773057
688.2487326035716,160.88452212208838
689.021682973296,158.61314887840976
689.7946333430207,146.68089624740892
690.5675837127453,149.32308085584341
691.3405340824697,152.45169368936823
692.1134844521944,147.60899543065185
692.886434821919,175.97194037292735
693.6593851916434,161.76839049799486
694.4323355613681,177.1943727761208
695.2052859310927,161.02850961947027
695.9782363008171,171.917356490089
696.7511866705418,159.48485782849062
697.5241370402664,173.4856867373111
698.2970874099908,156.71193799568005
699.0700377797154,143.71045139557714
699.8429881494401,133.54404652171823
700.6159385191645,161.10665071451703
701.3888888888891,181.82845673319065
702.1618392586138,161.12412567962673
702.9347896283382,151.96926137838494
703.7077399980628,150.72415650279908
704.4806903677875,161.14662278939198
705.2536407375119,175.07199901551127
706.0265911072365,159.59899179808173
706.7995414769609,147.9003909944892
707.5724918466856,183.8086323550097
708.3454422164102,171.80905995413218
709.1183925861346,161.17932159804445
709.8913429558593,174.9361384701226
710.6642933255839,172.70245062187192
711.4372436953083,166.94622291752842
712.210194065033,150.3608831079336
712.9831444347576,151.05947876753555
713.756094804482,157.86885318150235
714.5290451742067,161.19939696000185
715.3019955439313,161.20087961157537
716.0749459136557,161.20204867021005
716.8478962833804,182.44928933799514
717.620846653105,161.20348963717055
718.3937970228294,161.20378335975013
719.166747392554,161.20380711789838
719.9396977622787,146.18826596311143
720.7126481320031,164.81905480092234
721.4855985017277,158.04392623126003
722.2585488714524,150.7297494074745
723.0314992411768,161.20025819161023
723.8044496109014,167.32816360896004
724.5773999806261,157.509825486578
725.3503503503505,161.19558731878112
726.1233007200751,158.93256460228417
726.8962510897998,156.07080513619604
727.6692014595242,174.5694347771639
728.4421518292488,139.8189203825229
729.2151021989735,180.19927986666875
729.9880525686979,188.1491358398902
730.7610029384225,161.17918460463437
731.5339533081471,164.68272588889312
732.3069036778716,177.8880171096083
733.0798540475962,161.17050497144126
733.8528044173208,146.66760252806876
734.6257547870453,133.40884136313392
735.3987051567699,161.16126077706076
736.1716555264945,143.38435584458523
736.944605896219,161.60756002762278
737.7175562659436,183.5230176881098
738.4905066356682,161.14856597751563
739.2634570053926,168.66009680398287
740.0364073751173,161.14225667443912
740.8093577448419,161.1391497220189
741.5823081145663,164.84208121310476
742.355258484291,161.13308575104895
743.1282088540156,161.1301505467529
743.90115922374,157.99597319119025
744.6741095934647,171.36111999818658
745.4470599631893,161.12186294414295
746.2200103329137,161.1193093645855
746.9929607026384,155.5550450118592
747.765911072363,165.5027008507293
748.5388614420874,161.11235190205426
749.311811811812,172.75380115949693
750.0847621815367,161.1082851316422
750.8577125512611,161.1064183718148
751.6306629209857,162.6033252920997
752.4036132907104,159.6733662522111
753.1765636604348,161.1014652498317
753.9495140301594,147.5343278434502
754.7224643998841,176.68597746714312
755.4954147696085,161.09744901206943
756.2683651393331,168.47364564164647
757.0413155090578,179.1418614930874
757.8142658787822,164.00979515068713
758.5872162485068,150.69596215402902
759.3601666182315,161.09271903397092
760.1331169879559,176.2331471801456
760.9060673576805,164.71430059110764
761.6790177274052,161.09098836995724
762.4519680971296,182.28475460386176
763.2249184668542,155.92387110245585
763.9978688365788,161.09003500203426
764.7708192063033,152.1936198273613
765.5437695760279,173.395982926422
766.3167199457525,161.08981540616645
767.089670315477,165.33526151109902
767.8626206852016,176.81045510213957
768.6355710549262,160.77280561025117
769.4085214246506,161.09058880814501
770.1814717943753,145.8595435718835
770.9544221640999,161.0914034344545
771.7273725338243,155.54872749668326
772.500322903549,161.09248614963005
773.2732732732736,169.188426542354
774.046223642998,171.62806121445666
774.8191740127227,155.10937993617134
775.5921243824473,156.3727050932819
776.3650747521717,149.25993956492
777.1380251218964,181.33565462387315
777.910975491621,171.44520137071314
778.6839258613454,161.0992399787831
779.45687623107,163.65928363707732
780.2298266007947,161.10146969813147
781.0027769705191,168.0271790688015
781.7757273402437,161.10389013028288
782.5486777099684,149.6323115937256
783.3216280796928,153.68399776096436
784.0945784494174,145.06278022190264
784.8675288191421,151.92763109781538
785.6404791888665,152.97547716476106
786.4134295585911,161.11216674345
787.1863799283158,160.39756994460268
787.9593302980402,177.3182978318527
788.7322806677648,173.03352843521753
789.5052310374892,151.00518614713215
790.2781814072139,179.94630629418694
791.0511317769385,158.1578047578827
791.8240821466629,162.13082937763843
792.5970325163876,178.40315661521072
793.3699828861122,165.28920971980278
794.1429332558366,169.2033858853735
794.9158836255613,161.13034146550558
795.6888339952859,175.40705058210352
796.4617843650103,161.1339304807612
797.234734734735,161.13574653364938
798.0076851044596,167.12850880223027
798.780635474184,169.54326862158194
799.5535858439086,153.2945124124052
800.3265362136333,161.1431167669074
801.0994865833577,161.14497777064162
801.8724369530823,169.12505413465232
802.645387322807,180.77326424841425
803.4183376925314,156.9596581014937
804.191288062256,171.0088608992951
804.9642384319807,161.15431286176562
805.7371888017051,161.15617461047174
806.5101391714297,171.4613582194276
807.2830895411544,168.86403684885067
808.0560399108788,172.75773055485283
808.8289902806034,163.7623740813395
809.6019406503281,157.72842165530287
810.3748910200525,161.1052371330807
811.1478413897771,148.5052551686602
811.9207917595018,143.7473453314954
812.6937421292262,179.94746345996217
813.4666924989508,168.62272512147965
814.2396428686754,170.45690538880274
815.0125932383999,158.73334152135868
815.7855436081245,189.0892113080878
816.5584939778491,161.18092625828464
817.3314443475736,161.1825359792134
818.1043947172982,144.63638287067272
818.8773450870228,177.90842817606077
819.6502954567472,153.52712540874268
820.4232458264719,168.83061807692374
821.1961961961965,149.73754724618166
821.9691465659209,176.7072935937425
822.7420969356456,170.35161113971907
823.5150473053702,159.62657042853812
824.2879976750946,161.1954936236103
825.0609480448193,161.19673382585665
825.8338984145439,161.1979282102275
826.6068487842683,161.19907516472162
827.379799153993,161.20017307733758
828.1527495237176,161.20122033607413
828.925699893442,161.20221532892998
829.6986502631667,161.20315644390377
830.4716006328913,150.38478373838453
831.2445510026157,161.20487059219985
832.0175013723403,166.85742636864026
832.790451742065,161.2063498849521
833.5634021117894,154.29126857450967
834.336352481514,168.25702178007654
835.1093028512387,161.20810025991244
835.8822532209631,149.55600043526442
836.6552035906877,179.37725048290588
837.4281539604124,156.0214198613829
838.2011043301368,168.60270864689718
838.9740546998614,161.20966058031084
839.7470050695861,138.86314733377444
840.5199554393105,170.7195710247311
841.2929058090351,161.63201481334977
842.0658561787598,161.20957149845304
842.8388065484842,161.20935005323088
843.6117569182088,168.33254433183828
844.3847072879335,156.17065496542983
845.1576576576579,159.1285390053315
845.9306080273825,159.1837950837879
846.7035583971071,161.20696717850822
847.4765087668316,177.2541350740398
848.2494591365562,150.61547208803444
849.0224095062808,148.345361165181
849.7953598760053,153.03760266681078
850.5683102457299,148.3529092563199
851.3412606154545,174.17896890291334
852.1142109851789,161.19976595354402
852.8871613549036,167.78901521423467
853.6601117246282,161.19681249942354
854.4330620943526,182.10429359066603
855.2060124640773,161.19343719760656
855.9789628338019,179.83028620162716
856.7519132035263,153.11651151294518
857.524863573251,161.18755507042732
858.2978139429756,161.18536946684134
859.0707643127,151.50496011780484
859.8437146824247,149.5685635823404
860.6166650521493,167.75005783577237
861.3896154218737,176.26258387266313
862.1625657915984,169.96907136754803
862.935516161323,161.16978161270737
863.7084665310474,144.11753784269294
864.481416900772,157.4606800990687
865.2543672704967,173.30864418410144
866.0273176402211,139.82993007410508
866.8002680099457,174.71166397496825
867.5732183796704,184.42622669977982
868.3461687493948,161.14589266393327
869.1191191191194,161.14194849317974
869.8920694888441,158.23013202582524
870.6650198585685,166.21135713652487
871.4379702282931,170.94080383455747
872.2109205980175,143.97332613882546
872.9838709677422,161.12012987012986
