100.80645161290323,150.29761904761904
101.5794019826278,150.59356649175066
102.35235235235236,164.5456213727321
103.12530272207692,151.21222762203482
103.89825309180148,148.5442523793759
104.67120346152605,137.01267780800598
105.44415383125062,152.04274775685664
106.21710420097517,155.60638912003571
106.99005457069974,162.86199187262105
107.76300494042431,146.15158945425173
108.53595531014886,153.47910858063602
109.30890567987343,139.41735347735022
110.08185604959799,157.24444146560475
110.85480641932256,147.83101205410853
111.62775678904713,166.02798973747468
112.40070715877168,129.78755690032094
113.17365752849625,155.84918397912656
113.9466078982208,160.61609772764567
114.71955826794537,163.4765349142215
115.49250863766994,159.38346476633834
116.2654590073945,148.1453586809663
117.03840937711907,150.3060228368669
117.81135974684364,147.24799625931342
118.58431011656819,156.58819631342428
119.35726048629276,159.07818748387743
120.13021085601733,168.32200719848686
120.90316122574188,171.76897254695297
121.67611159546645,153.393911782671
122.449061965191,157.8125193850413
123.22201233491558,158.0512301981031
123.99496270464013,140.5877025835558
124.7679130743647,169.99389215068896
125.54086344408927,158.7550445281528
126.31381381381382,167.07005065868455
127.08676418353839,156.07135609063184
127.85971455326296,159.86008174831727
128.63266492298752,159.6646995887428
129.40561529271207,175.2107180959826
130.17856566243665,178.28586876570336
130.9515160321612,169.45508493290075
131.72446640188576,173.56761818110044
132.49741677161035,160.7554879501162
133.2703671413349,170.23549283132067
134.04331751105946,161.1773899463232
134.81626788078404,157.19196858768953
135.5892182505086,166.81876622681273
136.36216862023315,157.85403871363917
137.13511898995773,161.9964596587481
137.9080693596823,179.8392420861498
138.68101972940684,163.96340043849577
139.45397009913142,150.95395123038958
140.22692046885598,152.92044923988138
140.99987083858053,171.0282640756999
141.7728212083051,186.0622706636714
142.54577157802967,164.36631910956535
143.31872194775423,163.53553121468508
144.09167231747878,170.2794860221872
144.86462268720334,160.1602729083521
145.63757305692792,158.7294566174464
146.41052342665247,160.08687961341903
147.18347379637703,145.6197918978451
147.9564241661016,156.57384966004926
148.72937453582617,164.77366926402374
149.50232490555072,164.94226323310625
150.2752752752753,175.0683713016485
151.04822564499986,165.05566410998108
151.82117601472441,178.04298523564222
152.594126384449,165.59590852363652
153.36707675417355,153.55208739434113
154.1400271238981,165.65949157641845
154.9129774936227,178.0478310313443
155.68592786334725,166.2163568592535
156.4588782330718,159.60547941235592
157.23182860279638,152.8773935752971
158.00477897252094,147.6386411173261
158.7777293422455,153.1137843902623
159.55067971197008,166.9451771501097
160.32363008169463,167.08470335411872
161.0965804514192,181.42048301945186
161.86953082114377,152.88546419965573
162.64248119086832,167.49079575120828
163.41543156059288,167.6219958662567
164.18838193031743,167.92051851714044
164.961332300042,167.8781465681773
165.73428266976657,160.29429118968113
166.50723303949113,172.6353447130934
167.28018340921568,188.48137380496573
168.05313377894026,167.0783739827504
168.82608414866482,176.5803232210156
169.59903451838937,162.40161212600927
170.37198488811396,168.29624990275775
171.1449352578385,179.91075634027158
171.91788562756307,180.661629161906
172.69083599728765,176.34873444501864
173.4637863670122,169.13783357907153
174.23673673673676,160.1195019598062
175.00968710646134,169.39492537109234
175.7826374761859,169.4375153076616
176.55558784591045,163.34338601408052
177.32853821563504,165.6885606467827
178.1014885853596,169.7183661499241
178.87443895508414,164.79231426003562
179.64738932480873,176.6477895729095
180.42033969453328,175.4214022222903
181.19329006425784,170.06351421039852
181.96624043398242,171.9604763187259
182.73919080370695,170.99048061954832
183.51214117343153,173.12282455682555
184.2850915431561,173.0819135622985
185.05804191288064,181.0188506239328
185.83099228260522,170.55296126780968
186.6039426523298,180.69135529648483
187.37689302205433,159.77736124967126
188.14984339177892,170.7797622040352
188.92279376150347,166.91358295358125
189.69574413122803,178.35411756142798
190.4686945009526,162.37072155953854
191.24164487067716,168.87020441610156
192.01459524040172,145.67932678340273
192.7875456101263,168.7513668877101
193.56049597985086,171.22269040802183
194.3334463495754,177.87404900471438
195.1063967193,190.7999530693092
195.87934708902455,171.24426496079852
196.6522974587491,178.95578936224805
197.4252478284737,160.4859954244812
198.19819819819824,166.78625934211712
198.9711485679228,156.98760933135281
199.74409893764738,157.1422177361302
200.51704930737193,171.4592610524531
201.2899996770965,165.74558732414252
202.06295004682107,153.37300398203146
202.8359004165456,199.44875656180923
203.60885078627018,178.8288533572617
204.38180115599476,182.8073505001326
205.1547515257193,178.22703264758877
205.92770189544387,178.36206863942385
206.70065226516846,165.4631893153057
207.47360263489298,162.08297654046592
208.24655300461757,173.7494032675241
209.01950337434212,171.11106298320215
209.79245374406668,176.35265733362627
210.56540411379126,174.10850272674003
211.33835448351581,153.77129007054123
212.11130485324037,179.21098903204157
212.88425522296495,155.83764561372692
213.6572055926895,184.50633984630971
214.43015596241406,182.79419921910232
215.20310633213865,149.8981483603349
215.9760567018632,171.41479006435227
216.74900707158776,171.61245172543772
217.52195744131234,173.9881811782703
218.2949078110369,171.57829143175303
219.06785818076145,169.0706181610949
219.84080855048603,177.66665410739768
220.61375892021059,190.78773679422054
221.38670928993514,181.15878179844427
222.15965965965972,181.93484419661075
222.93261002938428,185.5614478128715
223.70556039910883,157.6792597741294
224.47851076883342,192.52952334190718
225.25146113855794,177.7409449983157
226.02441150828253,185.3542865259852
226.7973618780071,184.6448597509491
227.57031224773164,155.88483080354223
228.34326261745622,155.54337066092353
229.11621298718077,160.0344725013726
229.88916335690536,176.6001286062126
230.6621137266299,170.9986997446242
231.43506409635447,182.43022010637554
232.20801446607902,165.34693557088025
232.9809648358036,179.53482882133983
233.75391520552816,158.5953765145167
234.5268655752527,161.6059963276713
235.2998159449773,164.53074068139995
236.07276631470185,180.7349521536201
236.8457166844264,161.05172716577934
237.618667054151,146.28633142557473
238.39161742387554,170.3590281551576
239.1645677936001,163.14388176622384
239.93751816332468,151.46588554863388
240.71046853304924,178.30102144020938
241.4834189027738,178.05199711827578
242.25636927249835,157.17150021761796
243.02931964222293,170.10506810282845
243.80227001194748,169.77833312807778
244.57522038167204,169.6857061522349
245.34817075139662,191.57865513116434
246.12112112112118,149.7748300020351
246.89407149084573,161.51346858782668
247.66702186057032,169.28966305730972
248.43997223029487,169.18409863155932
249.21292260001943,141.33213585770832
249.985872969744,166.24541045921995
250.75882333946856,181.34633202625594
251.53177370919312,168.73460719569692
252.30472407891767,162.35516864678735
253.07767444864226,164.9974868287858
253.8506248183668,178.98567094742086
254.62357518809137,168.23991118760205
255.39652555781595,148.12628670186226
256.1694759275405,167.9749320524444
256.94242629726506,151.7637692907795
257.71537666698964,181.74061209631233
258.48832703671417,176.8413661323202
259.26127740643875,166.8409253602991
260.03422777616333,164.08890213696174
260.80717814588786,176.77556944167264
261.58012851561244,170.16851397942537
262.353078885337,166.08021229153215
263.12602925506155,160.30065747840857
263.89897962478614,161.4551504139306
264.6719299945107,156.9586066517189
265.44488036423525,184.39110665151284
266.21783073395983,157.06691166233406
266.9907811036844,157.38761128786663
267.76373147340894,172.48021640780934
268.5366818431335,181.34032959216466
269.3096322128581,165.20597657997735
270.08258258258263,154.72691964002442
270.8555329523072,167.10671970228123
271.6284833220318,166.48051051672553
272.4014336917563,153.02675948619955
273.1743840614809,149.25806915838194
273.9473344312055,163.98843637809392
274.72028480093,162.66510480260717
275.4932351706546,167.89423473591137
276.2661855403792,160.2213537389635
277.0391359101037,184.77971951027916
277.8120862798283,162.869343850052
278.5850366495529,173.5930647831986
279.3579870192774,156.21282552006303
280.130937389002,166.2166926440846
280.90388775872657,146.66890524000434
281.6768381284511,173.3221136143255
282.4497884981757,134.17213903232025
283.22273886790026,182.67974049100656
283.9956892376248,148.72996629986332
284.7686396073493,160.60136523740206
285.54158997707395,166.93706550552173
286.3145403467985,146.35444142002274
287.087490716523,182.33188360448378
287.86044108624765,168.74718656485084
288.6333914559722,144.66319285921932
289.4063418256967,158.89803677480907
290.17929219542134,143.22454055844509
290.95224256514587,178.1080496138819
291.7251929348704,145.51652371839725
292.49814330459503,153.408192002361
293.27109367431956,165.94657582412333
294.0440440440441,180.06762483659176
294.81699441376867,153.46143694029797
295.58994478349325,165.7678841339356
296.3628951532178,156.04065317192888
297.13584552294236,149.72581874513156
297.90879589266694,127.56451190097616
298.68174626239147,155.89503770102812
299.45469663211605,156.03879437965975
300.22764700184064,150.54905206069088
301.00059737156516,148.07930563763026
301.77354774128975,128.5594386122654
302.54649811101433,182.73361674130828
303.31944848073886,153.95379493024103
304.09239885046344,158.98935262637536
304.865349220188,174.96962437199807
305.63829958991255,167.43627988016743
306.41124995963713,170.86068115438292
307.1842003293617,150.95602491910967
307.95715069908624,170.90761393466894
308.7301010688108,169.06519549056392
309.5030514385354,146.8139791107148
310.27600180825993,140.81662158290158
311.0489521779845,158.72161448947452
311.8219025477091,157.68053395085008
312.5948529174336,148.18857385562862
313.3678032871582,147.78367581807126
314.1407536568828,140.77764535540456
314.9137040266073,131.9407968908931
315.6866543963319,130.80330590881107
316.4596047660565,157.56201915223693
317.232555135781,145.61972006832835
318.0055055055056,154.1948715940935
318.7784558752302,145.42368958757572
319.5514062449547,144.4762624975981
320.3243566146793,134.3630505216903
321.0973069844039,150.95987567342002
321.8702573541284,137.43379366150086
322.643207723853,148.4117807569784
323.41615809357756,143.56199720305926
324.1891084633021,138.08039865544433
324.9620588330266,141.5085905327199
325.73500920275126,136.1827122970189
326.5079595724758,165.91230825082414
327.2809099422003,162.08983271531866
328.05386031192495,146.33001962418737
328.8268106816495,155.2895331825304
329.599761051374,137.16089562302338
330.37271142109864,147.42789572659032
331.14566179082317,116.79261192132141
331.9186121605477,134.8702551913251
332.69156253027234,136.7207784304958
333.46451289999686,123.16118275808543
334.2374632697214,136.3555370818977
335.010413639446,134.22914949002745
335.78336400917055,123.05519859972583
336.5563143788951,135.06924924078461
337.32926474861966,124.67391576165946
338.10221511834425,118.88799746698078
338.8751654880688,148.77710957495765
339.64811585779336,139.35033532858301
340.42106622751794,146.95415711894367
341.19401659724247,130.43269645901555
341.96696696696705,132.0938313099965
342.73991733669163,135.63916449474897
343.51286770641616,152.0365901364928
344.28581807614074,115.39218728163792
345.0587684458653,135.63299917591377
345.83171881558985,140.43167374721224
346.60466918531444,137.69350520298414
347.377619555039,127.82962908158706
348.15056992476354,110.30832991198032
348.9235202944881,144.08442008769669
349.6964706642127,127.95657591780753
350.46942103393724,118.56895416699541
351.2423714036618,134.98872987340036
352.0153217733864,131.25333458528792
352.78827214311093,130.6433173047505
353.5612225128355,113.28542853767836
354.3341728825601,120.6313778562663
355.1071232522846,124.83063187257638
355.8800736220092,124.79613509055488
356.6530239917338,118.6871697615863
357.4259743614583,111.78742127548627
358.1989247311829,121.66286009274289
358.9718751009075,126.2214332206844
359.744825470632,127.3311118634158
360.5177758403566,103.53714573023254
361.2907262100811,127.51962208598204
362.0636765798057,133.80373577475285
362.8366269495303,135.10874597154566
363.6095773192548,131.07516844869778
364.3825276889794,118.60365224813621
365.155478058704,110.72609479694842
365.9284284284285,131.44708988521904
366.7013787981531,124.61708722834211
367.47432916787767,112.38995609425291
368.2472795376022,132.19490455989197
369.0202299073268,125.96538787103387
369.79318027705136,98.85714511442654
370.5661306467759,118.10351737781986
371.3390810165005,117.79128687241973
372.11203138622506,110.51088831648633
372.8849817559496,117.18078602406315
373.65793212567417,127.60361416169351
374.43088249539875,116.58949157496785
375.2038328651233,103.6726844251314
375.97678323484786,116.01811494433747
376.74973360457244,125.03158393444834
377.52268397429697,102.15054422478975
378.29563434402155,116.45598864562109
379.06858471374613,116.62756154005831
379.84153508347066,121.25270472819565
380.61448545319524,108.37132365485894
381.3874358229198,114.1854206722949
382.16038619264435,113.94601499053788
382.93333656236894,116.61709972270717
383.70628693209346,103.19594252623719
384.47923730181805,94.56779951030165
385.25218767154263,116.17734512351862
386.02513804126716,105.35091760229193
386.79808841099174,129.23220558917703
387.5710387807163,110.14708005450228
388.34398915044085,112.24782059271236
389.11693952016543,100.7378222146451
389.88988988989,111.88399227683132
390.66284025961454,111.71097832732784
391.4357906293391,110.21416735387746
392.2087409990637,99.6246366731237
392.98169136878823,113.05365797631302
393.7546417385128,123.56195339914095
394.5275921082374,113.58464460245315
395.3005424779619,124.2230176795789
396.0734928476865,99.36493715945235
396.8464432174111,110.53439178632188
397.6193935871356,109.09206589256787
398.3923439568602,113.57533971347878
399.1652943265848,107.14645272410498
399.9382446963093,100.22625832551127
400.7111950660339,102.1283062546467
401.4841454357585,109.8843918010625
402.257095805483,109.79462240991907
403.0300461752076,109.71003417433502
403.8029965449321,103.36275659145149
404.5759469146567,109.93637806197104
405.3488972843813,109.48689579885813
406.1218476541058,106.04992963731286
406.8947980238304,111.20765408631782
407.667748393555,109.73726722047661
408.4406987632795,90.10545230662618
409.2136491330041,106.10962272806276
409.98659950272867,104.88494133957929
410.7595498724532,97.43718398677109
411.5325002421778,112.348893628024
412.30545061190236,109.08233956521383
413.0784009816269,133.6595200061314
413.85135135135147,100.67331671862257
414.62430172107605,122.65986035557532
415.3972520908006,109.02367443126691
416.17020246052516,113.04829419120374
416.94315283024974,128.8634505759824
417.71610319997427,98.61933690101763
418.48905356969885,109.03537940967125
419.26200393942344,104.28113780154511
420.03495430914796,109.06669948684356
420.80790467887255,98.20936462855626
421.58085504859713,110.11073249148701
422.35380541832166,124.9197370044038
423.12675578804624,117.1503293539732
423.89970615777077,107.66204325941852
424.67265652749535,117.92325531905712
425.44560689721993,109.30373737538655
426.21855726694446,107.8665401688651
426.99150763666904,99.13667767994549
427.7644580063936,85.23960923068347
428.53740837611815,88.12388928152495
429.31035874584273,88.73017383831211
430.0833091155673,99.6966363285186
430.85625948529184,97.31263046972546
431.6292098550164,108.59475244475136
432.402160224741,111.18225553774275
433.17511059446554,110.89573804409932
433.9480609641901,110.04628112085967
434.7210113339147,103.57051149236956
435.49396170363923,117.16337484502671
436.2669120733638,123.41993644312893
437.0398624430884,128.26291509153242
437.8128128128129,108.63886927244502
438.5857631825375,98.63380124881195
439.3587135522621,100.73355441546214
440.1316639219866,113.13357338403819
440.9046142917112,94.52952787985367
441.6775646614358,116.63115179023865
442.4505150311603,98.11242741316265
443.2234654008849,109.00254237463818
443.9964157706095,117.3588586221404
444.769366140334,132.02376778385513
445.5423165100586,105.53631502130568
446.3152668797831,111.82098347377567
447.0882172495077,122.07375178691086
447.8611676192323,120.59414188802613
448.6341179889568,93.79379434355755
449.4070683586814,113.81716972055052
450.18001872840597,103.7811664435138
450.9529690981305,100.99523260392746
451.7259194678551,115.32708785351116
452.49886983757966,107.67356741508692
453.2718202073042,120.54067274535723
454.04477057702877,136.2941304370656
454.81772094675335,105.3947488649611
455.5906713164779,94.82320148956902
456.36362168620246,116.23350716781283
457.13657205592705,130.70106267089307
457.9095224256516,117.08897160160005
458.68247279537616,87.64197855616831
459.45542316510074,115.17303183047294
460.22837353482527,105.8935178496086
461.00132390454985,104.69930664698575
461.77427427427443,129.7983207159719
462.54722464399896,115.11335498418299
463.32017501372354,121.68585802521899
464.0931253834481,109.15724590081972
464.86607575317265,127.86712478478358
465.63902612289723,115.83294672585572
466.41197649262176,97.14383645515062
467.18492686234634,102.13540011815113
467.9578772320709,137.8180711437691
468.73082760179545,123.99156789468012
469.50377797152004,116.76368586756031
470.2767283412446,116.95353968910223
471.04967871096915,121.51433382244701
471.82262908069373,121.64862296505618
472.5955794504183,109.6684952057792
473.36852982014284,117.72377294567055
474.1414801898674,117.17152126799442
474.914430559592,108.0878988234896
475.68738092931653,93.6271387451447
476.4603312990411,114.21275733786904
477.2332816687657,113.30602334349008
478.0062320384902,118.90736065773044
478.7791824082148,119.10764642617997
479.5521327779394,115.73186307683936
480.3250831476639,121.51657642816305
481.0980335173885,116.04994173308044
481.8709838871131,120.19122223986705
482.6439342568376,128.41657033491572
483.4168846265622,120.34704937317859
484.1898349962868,120.53190585534101
484.9627853660113,125.46433021936467
485.7357357357359,148.12725146947616
486.5086861054604,110.03126233343019
487.281636475185,132.02245482588722
488.0545868449096,115.82367475681814
488.8275372146341,121.78104434689226
489.6004875843587,121.99153922361421
490.3734379540833,120.84472535261673
491.1463883238078,102.66559185948391
491.9193386935324,122.62668330621403
492.69228906325696,117.04323759467083
493.4652394329815,114.53878120486873
494.2381898027061,97.42214666046965
495.01114017243066,137.84426914672997
495.7840905421552,126.39929452414398
496.55704091187977,122.67545396915611
497.32999128160435,122.00033423578628
498.1029416513289,127.40359037581831
498.87589202105346,110.67086717199092
499.64884239077804,134.07821177464177
500.42179276050257,108.55429776053941
501.19474313022715,113.64794429785528
501.96769349995174,125.43379480376016
502.74064386967626,114.50125740131875
503.51359423940085,139.56789751774573
504.28654460912543,126.09201995510949
505.05949497884995,123.25095752161153
505.83244534857454,119.32696379917805
506.6053957182991,116.52103071448049
507.37834608802365,125.32286451735892
508.15129645774823,125.22453777842037
508.92424682747276,113.49427127231081
509.69719719719734,118.82712235580678
510.4701475669219,130.64086043905812
511.24309793664645,139.28388618959582
512.016048306371,128.3061220438264
512.7889986760956,104.32025532569448
513.5619490458201,128.75176155128986
514.3348994155447,120.59055359992196
515.1078497852693,135.1884057760143
515.8808001549938,132.01880949541396
516.6537505247184,142.21779774596035
517.426700894443,134.03702419008195
518.1996512641675,132.1757536031045
518.972601633892,131.49140704737835
519.7455520036167,130.53982060302636
520.5185023733412,141.4268435147858
521.2914527430657,116.81115342448096
522.0644031127904,131.21156731900896
522.8373534825149,134.90925288054842
523.6103038522394,131.65945299985685
524.3832542219641,131.88336837197033
525.1562045916886,135.2714436242648
525.9291549614131,125.03507582012199
526.7021053311378,132.5548292975956
527.4750557008623,137.61818555274573
528.2480060705868,133.33928771273202
529.0209564403115,127.24507677864742
529.793906810036,116.51542586125558
530.5668571797605,138.1005386497467
531.3398075494852,136.20626147146112
532.1127579192097,141.3827731183656
532.8857082889342,151.08558596772235
533.6586586586589,143.61749315671761
534.4316090283834,138.5855536610474
535.2045593981079,122.4133982115368
535.9775097678325,135.22938687219437
536.7504601375571,129.94222996878548
537.5234105072816,139.14824921433944
538.2963608770062,137.90191629218594
539.0693112467308,113.27295038425618
539.8422616164553,129.06425274780858
540.6152119861799,124.1716155225783
541.3881623559045,143.14727657835215
542.161112725629,121.30655505056741
542.9340630953536,138.1529001518758
543.7070134650781,150.3867935678033
544.4799638348027,138.0271531434308
545.2529142045273,109.67141047584897
546.0258645742518,154.51949506384665
546.7988149439764,140.46922710294274
547.571765313701,130.53208337451494
548.3447156834255,136.57684297403853
549.1176660531501,138.9519280277848
549.8906164228747,139.1673647483701
550.6635667925992,152.3551469517995
551.4365171623238,150.55206513700878
552.2094675320484,139.81080813601858
552.9824179017729,119.03734732462406
553.7553682714974,155.29384476723132
554.5283186412221,125.05445055416564
555.3012690109466,161.9115090210883
556.0742193806711,128.8250790443372
556.8471697503958,146.5272471006228
557.6201201201203,122.40486089095188
558.3930704898448,148.1151439956679
559.1660208595695,131.5019475949194
559.938971229294,142.51733687745775
560.7119215990185,146.56472094182837
561.4848719687432,142.92247148935746
562.2578223384677,137.70807700700178
563.0307727081922,128.05655506071923
563.8037230779169,158.6179622440717
564.5766734476414,143.15759463146114
565.3496238173659,143.36133336176945
566.1225741870905,148.62691217526358
566.8955245568151,117.94420250392216
567.6684749265396,146.7446266038898
568.4414252962642,144.16904491725649
569.2143756659888,155.23937916918584
569.9873260357133,116.50338953600735
570.7602764054379,150.64508230221028
571.5332267751623,173.84645741900687
572.306177144887,138.76205500726294
573.0791275146116,162.04046845984936
573.852077884336,170.38783249432237
574.6250282540607,164.79623156434047
575.3979786237853,137.5636527716676
576.1709289935097,156.14345184423092
576.9438793632344,154.68539426474405
577.716829732959,146.51604729333013
578.4897801026834,167.5671112697222
579.2627304724081,151.51910115967908
580.0356808421327,138.28022954753732
580.8086312118571,150.71571968944866
581.5815815815818,153.68880194920652
582.3545319513064,128.7677726282141
583.1274823210308,151.32956731784964
583.9004326907555,135.93665711136873
584.6733830604801,144.04276087014057
585.4463334302045,146.5500441865564
586.2192837999291,142.72853881050614
586.9922341696538,135.98676424786527
587.7651845393782,132.57757922460786
588.5381349091028,155.29218116463431
589.3110852788275,172.37024210880432
590.0840356485519,159.68385492808133
590.8569860182765,140.1031915023606
591.629936388001,148.82991388118555
592.4028867577256,149.95692337918018
593.1758371274502,141.42164618306353
593.9487874971747,159.3725665470228
594.7217378668993,153.91844449835378
595.4946882366239,145.1588443700618
596.2676386063484,147.69152244137467
597.040588976073,139.98282702262364
597.8135393457976,165.4462589385937
598.5864897155221,174.2808904843003
599.3594400852467,131.1628100698911
600.1323904549713,139.87181130191425
600.9053408246958,164.70643650325889
601.6782911944204,144.9112616019637
602.451241564145,150.6319892072906
603.2241919338695,145.89769440705672
603.997142303594,161.0721407935282
604.7700926733187,157.821388950115
605.5430430430432,152.69028038003967
606.3159934127677,152.83956369749822
607.0889437824924,163.11308461457762
607.8618941522169,149.26291867297957
608.6348445219414,142.53450889406326
609.4077948916661,156.84537523027694
610.1807452613906,133.17139636124992
610.9536956311151,164.77801146884073
611.7266460008398,155.40103644210677
612.4995963705643,142.89755553191327
613.2725467402888,172.8843869736517
614.0454971100135,131.4513512245118
614.8184474797381,143.36403919750788
615.5913978494625,154.5218186700126
616.3643482191871,172.08063337145384
617.1372985889118,147.99678598743282
617.9102489586362,149.1534326785654
618.6831993283608,143.23408582157535
619.4561496980855,169.4491043924957
620.2291000678099,156.66128054183403
621.0020504375345,161.38837858310237
621.775000807259,140.65167425300152
622.5479511769836,164.65238679355366
623.3209015467082,152.12465513040053
624.0938519164326,146.0422894509305
624.8668022861573,166.1375361423078
625.6397526558819,145.83488728718112
626.4127030256063,159.77779522996735
627.185653395331,155.86738429222586
627.9586037650556,137.83194959485704
628.73155413478,146.0359466272886
629.5045045045047,171.21765777897787
630.2774548742293,156.73843392426744
631.0504052439537,147.70451870178331
631.8233556136784,145.3712615483201
632.596305983403,144.07970876628048
633.3692563531274,156.37451358154598
634.142206722852,154.41866592591884
634.9151570925767,157.32243006513897
635.6881074623011,164.9275185229392
636.4610578320257,157.5053956296785
637.2340082017504,162.56382368544828
638.0069585714748,157.6826567147008
638.7799089411994,157.76917534521016
639.5528593109241,156.0420577677306
640.3258096806485,155.64885707860896
641.0987600503731,165.62068456765272
641.8717104200978,148.7390983208046
642.6446607898222,165.27604139552318
643.4176111595468,172.15919515950918
644.1905615292715,149.79558558034583
644.9635118989959,156.5758616458989
645.7364622687205,168.68023957924868
646.5094126384452,158.55952440880804
647.2823630081696,158.63131554780935
648.0553133778942,145.44641618302506
648.8282637476188,156.27718490212945
649.6012141173433,167.97482297930307
650.3741644870679,167.39417244976792
651.1471148567925,163.23480911419654
651.920065226517,135.83337338856157
652.6930155962416,159.09880855703472
653.4659659659662,159.088665641633
654.2389163356906,171.79123301799
655.0118667054153,159.28098850808195
655.7848170751399,160.8884510771921
656.5577674448643,154.93248408811337
657.330717814589,154.46962010424028
658.1036681843136,159.50764512572093
658.876618554038,182.14715288011223
659.6495689237627,153.8898414963925
660.4225192934873,149.2128031446489
661.1954696632117,145.54079695618597
661.9684200329364,159.7658314938634
662.741370402661,160.4633503646862
663.5143207723854,180.58049695952693
664.2872711421101,160.33163771755085
665.0602215118347,176.23930008786505
665.8331718815591,159.99736324468918
666.6061222512838,163.89265866630345
667.3790726210084,141.1890375428751
668.1520229907328,169.6806104263103
668.9249733604574,148.2199338314965
669.6979237301821,162.55275778195298
670.4708740999065,162.93918023844674
671.2438244696311,185.05903509989434
672.0167748393558,173.5400476983496
672.7897252090802,156.9817165651986
673.5626755788048,173.85774051282013
674.3356259485295,160.41962763370145
675.1085763182539,156.84344599920772
675.8815266879785,157.9841287448847
676.6544770577032,135.16561537068634
677.4274274274276,162.91182790097355
678.2003777971522,160.5750265956826
678.9733281668769,157.42619630286796
679.7462785366013,160.63124988538786
680.5192289063259,158.414560245224
681.2921792760505,154.72712343707758
682.065129645775,169.20750669881454
682.8380800154996,153.20185948993168
683.6110303852242,148.8265276489887
684.3839807549487,188.64439504138102
685.1569311246733,160.8029214191136
685.9298814943979,154.37747351564985
686.7028318641223,155.2538242828178
687.475782233847,168.93088969345655
688.2487326035716,144.25270221989047
689.021682973296,168.20159932205965
689.7946333430207,165.2054234946703
690.5675837127453,160.93838337939425
691.3405340824697,151.9216064240701
692.1134844521944,160.97095960072718
692.886434821919,152.9751166046912
693.6593851916434,143.00645081000042
694.4323355613681,161.3685852482686
695.2052859310927,161.02850961947027
695.9782363008171,175.58555100256257
696.7511866705418,158.23545603243954
697.5241370402664,169.5402403830367
698.2970874099908,156.40492865759416
699.0700377797154,155.01293938789664
699.8429881494401,162.13077873422958
700.6159385191645,164.53043808098127
701.3888888888891,164.74247468605782
702.1618392586138,166.18970136747626
702.9347896283382,171.35748785547312
703.7077399980628,165.52757142401668
704.4806903677875,167.54105095538637
705.2536407375119,163.9522586031252
706.0265911072365,132.58921529271018
706.7995414769609,155.1891631988718
707.5724918466856,161.17014173766177
708.3454422164102,164.19894912621814
709.1183925861346,160.59306506490177
709.8913429558593,161.18330479974173
710.6642933255839,166.1575575677776
711.4372436953083,167.28678820150688
712.210194065033,159.07409585648384
712.9831444347576,161.19544724953101
713.756094804482,147.39210005437525
714.5290451742067,169.48159915336498
715.3019955439313,138.49989714583148
716.0749459136557,161.20204867021005
716.8478962833804,161.41756661960818
717.620846653105,134.38370917428898
718.3937970228294,162.2196455837988
719.166747392554,179.13295759229885
719.9396977622787,180.9064613837046
720.7126481320031,158.80656185212024
721.4855985017277,160.76302926013415
722.2585488714524,150.24975452198393
723.0314992411768,184.19784937894266
723.8044496109014,162.77508954890953
724.5773999806261,161.19733061951615
725.3503503503505,146.82980929939976
726.1233007200751,161.1936722177566
726.8962510897998,152.13749404603175
727.6692014595242,168.25371536811866
728.4421518292488,157.5326233746287
729.2151021989735,135.54371102957265
729.9880525686979,161.18190145773173
730.7610029384225,138.53855369301044
731.5339533081471,164.33403183642727
732.3069036778716,161.1734754543623
733.0798540475962,166.41027522614638
733.8528044173208,163.6849353482805
734.6257547870453,153.54441570912786
735.3987051567699,170.54192191329108
736.1716555264945,162.09033759956452
736.944605896219,161.15492976406117
737.7175562659436,156.4742186312777
738.4905066356682,134.88939730724587
739.2634570053926,161.14539906198033
740.0364073751173,152.93497805082944
740.8093577448419,169.17842100121717
741.5823081145663,158.3843589996133
742.355258484291,167.00016792057022
743.1282088540156,183.3081580578745
743.90115922374,180.41625667542735
744.6741095934647,164.79753553509124
745.4470599631893,171.31987724100964
746.2200103329137,150.40301603691512
746.9929607026384,175.3030796325008
747.765911072363,158.92951612904014
748.5388614420874,151.96974801523461
749.311811811812,161.1102624377216
750.0847621815367,136.01005927931706
750.8577125512611,152.86128812271363
751.6306629209857,150.58593722938033
752.4036132907104,156.361578440997
753.1765636604348,146.78521571904545
753.9495140301594,149.6102884810637
754.7224643998841,161.0821881448357
755.4954147696085,178.97553236933098
756.2683651393331,165.61806235397455
757.0413155090578,168.46240969929968
757.8142658787822,173.28093054366312
758.5872162485068,150.27906961290626
759.3601666182315,151.6909787847187
760.1331169879559,170.90706630586178
760.9060673576805,147.3227399983635
761.6790177274052,183.90853820361525
762.4519680971296,151.40410439058894
763.2249184668542,141.03155632603705
763.9978688365788,175.09062198111448
764.7708192063033,155.37823981745382
765.5437695760279,168.74578718683864
766.3167199457525,161.08981540616645
767.089670315477,170.74285383712146
767.8626206852016,161.09005516671215
768.6355710549262,181.46344140245475
769.4085214246506,150.9779131790042
770.1814717943753,165.3783298760457
770.9544221640999,149.05562112363032
771.7273725338243,177.23659854922678
772.500322903549,161.09248614963005
773.2732732732736,158.49749638796672
774.046223642998,151.3565426133171
774.8191740127227,161.09458467899435
775.5921243824473,161.09540426253747
776.3650747521717,161.0962811962892
777.1380251218964,155.12826448475502
777.910975491621,140.6025848695974
778.6839258613454,161.0992399787831
779.45687623107,145.76527050714938
780.2298266007947,166.13269633441953
781.0027769705191,162.70440021127467
781.7757273402437,163.60462636096202
782.5486777099684,167.00724692477593
783.3216280796928,158.11940534692124
784.0945784494174,181.00197221913666
784.8675288191421,161.1092515489526
785.6404791888665,183.01978280411362
786.4134295585911,175.94497702587444
787.1863799283158,172.55111141616032
787.9593302980402,178.06687072250875
788.7322806677648,161.05009763672044
789.5052310374892,152.51892693096235
790.2781814072139,147.1035090831976
791.0511317769385,150.651957117673
791.8240821466629,161.1233809331142
792.5970325163876,157.89580313254154
793.3699828861122,161.12682065095305
794.1429332558366,161.1285717271408
794.9158836255613,186.0860448965107
795.6888339952859,160.49149904045782
796.4617843650103,147.4469453273727
797.234734734735,169.2079277102922
798.0076851044596,165.99558181405405
798.780635474184,159.03030023785152
799.5535858439086,147.3849073744069
800.3265362136333,177.35410302350732
801.0994865833577,163.1216551977269
801.8724369530823,177.25985631362622
802.645387322807,180.81479203209543
803.4183376925314,157.08810974339588
804.191288062256,173.39039522316085
804.9642384319807,144.18178814077075
805.7371888017051,147.59250938343376
806.5101391714297,149.13028134196213
807.2830895411544,158.0378322566448
808.0560399108788,175.4281469083923
808.8289902806034,152.58852496621364
809.6019406503281,157.24494924154465
810.3748910200525,173.61921284106552
811.1478413897771,161.71919544390767
811.9207917595018,137.28905769918313
812.6937421292262,154.48016710751614
813.4666924989508,155.01115784471187
814.2396428686754,153.2880362970967
815.0125932383999,182.7442169581859
815.7855436081245,177.64762629703407
816.5584939778491,157.14836621180953
817.3314443475736,150.5014869057456
818.1043947172982,157.4322170580074
818.8773450870228,185.7020825208285
819.6502954567472,161.18718050682074
820.4232458264719,154.34936448893848
821.1961961961965,176.35952816105078
821.9691465659209,149.06956413186626
822.7420969356456,164.46171207621202
823.5150473053702,161.19420921548974
824.2879976750946,163.76726523951675
825.0609480448193,161.19673382585665
825.8338984145439,149.17395019639483
826.6068487842683,160.60444202835868
827.379799153993,161.20017307733758
828.1527495237176,159.7628161436681
828.925699893442,161.20221532892998
829.6986502631667,166.3996948493854
830.4716006328913,168.56738050051945
831.2445510026157,149.22422211765266
832.0175013723403,161.20564040151964
832.790451742065,153.13392416268815
833.5634021117894,161.2069974304959
834.336352481514,147.76509105698696
835.1093028512387,182.8541169897465
835.8822532209631,179.9598118005947
836.6552035906877,172.67435032702517
837.4281539604124,149.92482185627284
838.2011043301368,165.18193797834024
838.9740546998614,136.42577600586984
839.7470050695861,167.2287064685559
840.5199554393105,169.05985728607646
841.2929058090351,168.09247540931366
842.0658561787598,175.88372333018282
842.8388065484842,154.4307964369651
843.6117569182088,177.10079673266898
844.3847072879335,158.51255750798555
845.1576576576579,157.5017558514237
845.9306080273825,161.20761921327207
846.7035583971071,152.7019915938964
847.4765087668316,155.37649472946322
848.2494591365562,158.70026450551853
849.0224095062808,161.20445890273783
849.7953598760053,160.23278661525427
850.5683102457299,168.9860119644854
851.3412606154545,161.20108851772142
852.1142109851789,161.19976595354402
852.8871613549036,157.71327478312529
853.6601117246282,160.40985071583987
854.4330620943526,172.87005265440717
855.2060124640773,170.21273858604025
855.9789628338019,163.8671783737891
856.7519132035263,159.09945307643716
857.524863573251,161.18755507042732
858.2978139429756,149.13920980512643
859.0707643127,158.28170961714318
859.8437146824247,171.11165953789774
860.6166650521493,161.17811540448605
861.3896154218737,147.09053560047147
862.1625657915984,157.48732598874227
862.935516161323,154.48284535239813
863.7084665310474,157.43449915200944
864.481416900772,163.3964488566695
865.2543672704967,169.15142425578887
866.0273176402211,181.60824523037917
866.8002680099457,161.1533743475944
867.5732183796704,171.9362774063442
868.3461687493948,160.29499938885616
869.1191191191194,146.00509093253146
869.8920694888441,171.3759626203955
870.6650198585685,172.39664347790736
871.4379702282931,172.14812258421642
872.2109205980175,162.47398475876747
872.9838709677422,161.12012987012986
