100.80645161290323,145.89629563844923
101.5794019826278,148.79793489562095
102.35235235235236,153.1737692485752
103.12530272207692,128.29934509952565
103.89825309180148,128.81099307194984
104.67120346152605,146.0502710210266
105.44415383125062,148.90369076892728
106.21710420097517,163.89909578886912
106.99005457069974,148.06622926799798
107.76300494042431,173.57694151527403
108.53595531014886,153.16539060023624
109.30890567987343,167.10294558685888
110.08185604959799,160.01610729413764
110.85480641932256,154.72269343967247
111.62775678904713,150.8759719503932
112.40070715877168,169.58868084023004
113.17365752849625,172.57059601522786
113.9466078982208,171.7908174198403
114.71955826794537,165.77408215008197
115.49250863766994,158.8787857499721
116.2654590073945,149.73026228487603
117.03840937711907,162.92135893597458
117.81135974684364,159.80032719902604
118.58431011656819,156.58819631342428
119.35726048629276,153.12475387900844
120.13021085601733,147.14105689484506
120.90316122574188,153.2378052467087
121.67611159546645,178.23693205424814
122.449061965191,159.4318100039758
123.22201233491558,151.64859525423464
123.99496270464013,178.5869940431504
124.7679130743647,162.06281631886313
125.54086344408927,171.48955915179843
126.31381381381382,149.71065419183694
127.08676418353839,159.21398315356578
127.85971455326296,159.44036943678412
128.63266492298752,138.93792064917676
129.40561529271207,160.620081909249
130.17856566243665,165.6042922320518
130.9515160321612,157.76375672056534
131.72446640188576,153.54002304939402
132.49741677161035,163.04359024953402
133.2703671413349,154.8700651628121
134.04331751105946,162.9731596878048
134.81626788078404,153.44858707024488
135.5892182505086,159.4777263523879
136.36216862023315,171.17403933638712
137.13511898995773,156.60258957889104
137.9080693596823,132.7593222491096
138.68101972940684,167.82011609908562
139.45397009913142,162.58910106150438
140.22692046885598,162.7825192004837
140.99987083858053,161.61453355182812
141.7728212083051,165.6766938322432
142.54577157802967,172.66103383324392
143.31872194775423,158.078036433004
144.09167231747878,137.1449089573575
144.86462268720334,158.1313290158472
145.63757305692792,146.02695809264824
146.41052342665247,159.69101713545737
147.18347379637703,177.20897555437512
147.9564241661016,140.39570534931062
148.72937453582617,168.26221682698804
149.50232490555072,165.49616185430176
150.2752752752753,160.58303934302552
151.04822564499986,170.8383800756195
151.82117601472441,165.43560795627528
152.594126384449,162.75039347233687
153.36707675417355,165.75413428131563
154.1400271238981,165.91028464561197
154.9129774936227,162.47471046797543
155.68592786334725,181.1849319903661
156.4588782330718,182.28948061075764
157.23182860279638,154.85208101824261
158.00477897252094,142.8212469856942
158.7777293422455,177.04256521973264
159.55067971197008,176.07382985270905
160.32363008169463,164.31654658635696
161.0965804514192,164.67127645587868
161.86953082114377,182.5010305730997
162.64248119086832,158.75603429078967
163.41543156059288,167.6219958662567
164.18838193031743,145.04686037573165
164.961332300042,144.98193310734547
165.73428266976657,147.1417454016789
166.50723303949113,159.14528847836814
167.28018340921568,175.45999505385453
168.05313377894026,168.3654335156936
168.82608414866482,162.40173555481874
169.59903451838937,162.18795175028373
170.37198488811396,187.12744807785367
171.1449352578385,168.81933672407277
171.91788562756307,186.738656651736
172.69083599728765,159.86385809501442
173.4637863670122,158.94860359458886
174.23673673673676,163.30384723777973
175.00968710646134,184.97892697418345
175.7826374761859,169.4375153076616
176.55558784591045,165.13970605704122
177.32853821563504,169.10719716993196
178.1014885853596,146.34061144282268
178.87443895508414,169.80779573200218
179.64738932480873,179.37783690087454
180.42033969453328,177.61529469639314
181.19329006425784,180.67863536503188
181.96624043398242,193.83986344611938
182.73919080370695,171.2383773418939
183.51214117343153,170.8656987190391
184.2850915431561,167.25551965879387
185.05804191288064,172.4156286229357
185.83099228260522,177.8204695230651
186.6039426523298,154.95201225009538
187.37689302205433,166.40950945532768
188.14984339177892,170.5963504201035
188.92279376150347,166.80050842647162
189.69574413122803,188.04468873019147
190.4686945009526,172.93540807957623
191.24164487067716,168.1114754013392
192.01459524040172,171.708224438582
192.7875456101263,171.63214341431507
193.56049597985086,186.34728211465136
194.3334463495754,171.2331372473703
195.1063967193,171.201052634711
195.87934708902455,151.27159457298612
196.6522974587491,174.78037233877626
197.4252478284737,169.56984426263702
198.19819819819824,175.72557267758597
198.9711485679228,181.55975362798426
199.74409893764738,163.09346298892996
200.51704930737193,171.4592610524531
201.2899996770965,176.49597147943035
202.06295004682107,171.58506358118856
202.8359004165456,171.53826849004622
203.60885078627018,179.8841118115539
204.38180115599476,171.5543143590125
205.1547515257193,183.22081254920866
205.92770189544387,161.08862731738225
206.70065226516846,157.05301450267677
207.47360263489298,158.49865166666785
208.24655300461757,164.98663241275793
209.01950337434212,177.8352624437715
209.79245374406668,176.14557242166154
210.56540411379126,174.3395236051165
211.33835448351581,159.83228757608177
212.11130485324037,171.8906819778977
212.88425522296495,169.31172981080041
213.6572055926895,172.3770563913418
214.43015596241406,175.49316332245138
215.20310633213865,171.63811899176181
215.9760567018632,152.9711378248174
216.74900707158776,162.9282409939596
217.52195744131234,178.79879199578585
218.2949078110369,159.61488947990733
219.06785818076145,164.6631414186063
219.84080855048603,186.09461248906553
220.61375892021059,183.26879293912538
221.38670928993514,173.3869575500969
222.15965965965972,168.52026063783333
222.93261002938428,171.42480569047973
223.70556039910883,180.70122559389438
224.47851076883342,154.1313913361566
225.25146113855794,185.50657419635453
226.02441150828253,155.43439536553805
226.7973618780071,177.30774309794768
227.57031224773164,181.62534327969888
228.34326261745622,168.1487467847088
229.11621298718077,159.7099712285741
229.88916335690536,180.8426815707836
230.6621137266299,170.9986997446242
231.43506409635447,167.22940438079706
232.20801446607902,163.2664700613299
232.9809648358036,173.85332022929504
233.75391520552816,166.5059947761992
234.5268655752527,170.7056671235128
235.2998159449773,171.29853773020366
236.07276631470185,171.7283577343752
236.8457166844264,180.43020993325018
237.618667054151,165.78079417642394
238.39161742387554,166.88056785146193
239.1645677936001,157.26462750900166
239.93751816332468,145.90366017348973
240.71046853304924,152.0412122357056
241.4834189027738,199.22252936824657
242.25636927249835,162.23961451353827
243.02931964222293,154.74766265890193
243.80227001194748,165.58127890465107
244.57522038167204,174.25405924917735
245.34817075139662,169.59055962806272
246.12112112112118,182.9892937174409
246.89407149084573,185.19368016082387
247.66702186057032,167.42807108335853
248.43997223029487,179.61948508452403
249.21292260001943,168.8027492245927
249.985872969744,167.36971239560845
250.75882333946856,151.43212490553807
251.53177370919312,168.73460719569692
252.30472407891767,193.0142253809492
253.07767444864226,176.87536285526323
253.8506248183668,151.611584880515
254.62357518809137,147.42422132834923
255.39652555781595,194.920855027859
256.1694759275405,167.9749320524444
256.94242629726506,193.92721422295688
257.71537666698964,165.84418228177705
258.48832703671417,160.59857727389416
259.26127740643875,187.48501331957453
260.03422777616333,167.25888028746755
260.80717814588786,172.38346030515254
261.58012851561244,180.50172302785228
262.353078885337,166.79113341686445
263.12602925506155,166.62866133310376
263.89897962478614,163.31318937359796
264.6719299945107,174.9207437881071
265.44488036423525,166.38149090197206
266.21783073395983,148.34742155922203
266.9907811036844,169.9907568092952
267.76373147340894,170.10378221143597
268.5366818431335,166.13847694511946
269.3096322128581,170.37511538441095
270.08258258258263,163.39664242061264
270.8555329523072,153.7784637285343
271.6284833220318,162.7753763460771
272.4014336917563,170.35699870555686
273.1743840614809,158.94633616695583
273.9473344312055,166.7284549439323
274.72028480093,145.05796598448563
275.4932351706546,168.63968487285578
276.2661855403792,153.28791898304237
277.0391359101037,156.3525608958824
277.8120862798283,158.57164009948693
278.5850366495529,170.85984512048208
279.3579870192774,148.9942522068417
280.130937389002,171.04963258503656
280.90388775872657,152.1823689497015
281.6768381284511,158.95822552059303
282.4497884981757,154.87107194231837
283.22273886790026,163.28649566774558
283.9956892376248,168.475499501839
284.7686396073493,173.33953556310468
285.54158997707395,150.25428839456382
286.3145403467985,155.49063706347795
287.087490716523,159.76944675305896
287.86044108624765,160.26888821663033
288.6333914559722,155.17596466486742
289.4063418256967,158.89803677480907
290.17929219542134,152.6147482133223
290.95224256514587,151.29887724839514
291.7251929348704,165.0856850866966
292.49814330459503,174.19021841729938
293.27109367431956,175.76111077554862
294.0440440440441,157.0332993131072
294.81699441376867,146.73441336974753
295.58994478349325,179.29469834076747
296.3628951532178,161.2991980264486
297.13584552294236,142.07945924708088
297.90879589266694,155.41573682739167
298.68174626239147,151.62178606440975
299.45469663211605,155.33680552830828
300.22764700184064,175.96775538600076
301.00059737156516,152.6787048895071
301.77354774128975,133.70491604703034
302.54649811101433,160.0182911057458
303.31944848073886,162.7356797473459
304.09239885046344,159.17721628219817
304.865349220188,141.4857463912504
305.63829958991255,153.33408155619082
306.41124995963713,151.3407208134874
307.1842003293617,150.95602491910967
307.95715069908624,161.31779674013376
308.7301010688108,142.24079119098414
309.5030514385354,131.02315728131842
310.27600180825993,143.12664256350052
311.0489521779845,151.07327982667195
311.8219025477091,163.07906183423117
312.5948529174336,156.81925570023526
313.3678032871582,128.2857855349082
314.1407536568828,130.2624345741569
314.9137040266073,131.7666135196475
315.6866543963319,136.8370561581036
316.4596047660565,138.50426255192656
317.232555135781,131.65280129973587
318.0055055055056,116.45590876019395
318.7784558752302,116.58947802257862
319.5514062449547,160.29999968866247
320.3243566146793,144.055690169933
321.0973069844039,149.63391642464873
321.8702573541284,141.81845594952864
322.643207723853,144.87538438164182
323.41615809357756,138.8530410767391
324.1891084633021,140.09144818482258
324.9620588330266,134.11933104399623
325.73500920275126,122.73581772266718
326.5079595724758,152.65882650817477
327.2809099422003,155.73755931629725
328.05386031192495,143.37002590581946
328.8268106816495,137.02283233710583
329.599761051374,152.34867202781197
330.37271142109864,138.50526904759818
331.14566179082317,150.9520518867276
331.9186121605477,137.64502199114395
332.69156253027234,118.87254584950821
333.46451289999686,164.12435447636085
334.2374632697214,134.41943664304648
335.010413639446,129.93893536328187
335.78336400917055,151.16092094968792
336.5563143788951,137.71310708560424
337.32926474861966,149.02516562245927
338.10221511834425,127.18312131787408
338.8751654880688,146.7602529405647
339.64811585779336,118.40055906294964
340.42106622751794,122.94555104156424
341.19401659724247,132.51586892220706
341.96696696696705,113.49972259355599
342.73991733669163,121.75104280232179
343.51286770641616,131.25357852436716
344.28581807614074,139.06675327483296
345.0587684458653,136.87554704488085
345.83171881558985,136.21584462664575
346.60466918531444,117.50364469501044
347.377619555039,123.70777879508681
348.15056992476354,128.76980245064652
348.9235202944881,128.36216675902642
349.6964706642127,105.60190881114812
350.46942103393724,127.55311885439035
351.2423714036618,133.10224464815008
352.0153217733864,143.0407021793793
352.78827214311093,129.78768815306552
353.5612225128355,149.78714580521353
354.3341728825601,141.26016086404013
355.1071232522846,134.87988225840897
355.8800736220092,102.3444217078925
356.6530239917338,141.43545100744814
357.4259743614583,112.5288126140236
358.1989247311829,140.80654070065495
358.9718751009075,137.35132081567718
359.744825470632,107.00820599723912
360.5177758403566,123.04625189841221
361.2907262100811,120.26609747985005
362.0636765798057,117.85205944389227
362.8366269495303,117.82311434720825
363.6095773192548,124.76646387037721
364.3825276889794,115.17831652562676
365.155478058704,131.7534375821374
365.9284284284285,126.04726687034935
366.7013787981531,115.32993254100833
367.47432916787767,119.39689830155531
368.2472795376022,119.06706209010214
369.0202299073268,121.86915082310344
369.79318027705136,117.70307187296373
370.5661306467759,135.42527676060047
371.3390810165005,117.308589252304
372.11203138622506,136.49272599348805
372.8849817559496,109.86088730345786
373.65793212567417,123.67820123755973
374.43088249539875,116.58949157496785
375.2038328651233,130.79514937874538
375.97678323484786,98.1512405070724
376.74973360457244,132.80112345154998
377.52268397429697,131.8901079165221
378.29563434402155,113.74686077643145
379.06858471374613,112.62916839314222
379.84153508347066,114.68148251206942
380.61448545319524,103.16326964200668
381.3874358229198,86.56534685992507
382.16038619264435,91.52128078345766
382.93333656236894,113.71247803740167
383.70628693209346,95.2157761019865
384.47923730181805,113.26336602659335
385.25218767154263,108.1369286818437
386.02513804126716,119.1697533820834
386.79808841099174,112.63568986581267
387.5710387807163,112.43872707950604
388.34398915044085,94.57420177672869
389.11693952016543,133.9275765269291
389.88988988989,113.23397177266453
390.66284025961454,117.52913531241634
391.4357906293391,116.70779089680082
392.2087409990637,90.72480025208684
392.98169136878823,110.73833155023458
393.7546417385128,102.73392986296396
394.5275921082374,110.93306825585744
395.3005424779619,113.20944018044756
396.0734928476865,92.03829077330187
396.8464432174111,111.0531661212422
397.6193935871356,119.42594085787928
398.3923439568602,136.62377908027256
399.1652943265848,85.3129928235389
399.9382446963093,130.6569132509042
400.7111950660339,118.03164717565768
401.4841454357585,118.37178372568243
402.257095805483,112.29904238432485
403.0300461752076,105.21307797285837
403.8029965449321,118.08144374387685
404.5759469146567,102.14443790730293
405.3488972843813,114.8219204319791
406.1218476541058,109.42257158343067
406.8947980238304,119.47092501173097
407.667748393555,107.79926944572355
408.4406987632795,109.25911982342954
409.2136491330041,111.42814963801158
409.98659950272867,94.18877551765753
410.7595498724532,93.05732897491885
411.5325002421778,120.63652748187098
412.30545061190236,120.67894100408006
413.0784009816269,109.34608971771942
413.85135135135147,100.86954576102008
414.62430172107605,115.42059556784992
415.3972520908006,111.86716389207947
416.17020246052516,101.6099072781265
416.94315283024974,106.19669270629669
417.71610319997427,108.42632628429675
418.48905356969885,114.42872207003363
419.26200393942344,132.84470738788426
420.03495430914796,107.30035190457691
420.80790467887255,112.4609074824347
421.58085504859713,100.09507270708633
422.35380541832166,109.14447773288282
423.12675578804624,118.2582473456387
423.89970615777077,118.06790442166937
424.67265652749535,112.52894868912827
425.44560689721993,109.30373737538655
426.21855726694446,98.10063177985546
426.99150763666904,127.71070054554296
427.7644580063936,109.46323648581998
428.53740837611815,123.18827492207417
429.31035874584273,82.20032929878863
430.0833091155673,113.36098623142115
430.85625948529184,100.72207733055353
431.6292098550164,105.00356103221463
432.402160224741,104.96970867670129
433.17511059446554,128.13729443281267
433.9480609641901,110.04628112085967
434.7210113339147,110.13446242405045
435.49396170363923,110.22589035406112
436.2669120733638,110.70794854284223
437.0398624430884,100.06371882989534
437.8128128128129,97.31379410025511
438.5857631825375,89.69669994340077
439.3587135522621,101.78219539044274
440.1316639219866,116.08979489260564
440.9046142917112,114.79832897866976
441.6775646614358,104.93242808846547
442.4505150311603,92.36419800792595
443.2234654008849,115.06131612389846
443.9964157706095,107.18395962623296
444.769366140334,119.4532727635617
445.5423165100586,113.35324377855608
446.3152668797831,121.06209929741996
447.0882172495077,117.16097131821388
447.8611676192323,115.18242804800477
448.6341179889568,118.30358364683033
449.4070683586814,113.89727326622855
450.18001872840597,106.64094506951572
450.9529690981305,106.19303706348185
451.7259194678551,121.40254001147576
452.49886983757966,130.05415211478058
453.2718202073042,107.33600148384129
454.04477057702877,115.1052047482845
454.81772094675335,104.56936430632939
455.5906713164779,116.52177669681075
456.36362168620246,103.82794688628401
457.13657205592705,116.57597671232345
457.9095224256516,91.20361717173584
458.68247279537616,99.77401074658337
459.45542316510074,104.80015291374194
460.22837353482527,120.15382309298914
461.00132390454985,119.46019446375543
461.77427427427443,111.90861179967727
462.54722464399896,103.00910269620339
463.32017501372354,118.22283849920845
464.0931253834481,114.96247231919735
464.86607575317265,107.87210954147429
465.63902612289723,102.87168949888601
466.41197649262176,124.29115920761724
467.18492686234634,111.14888460540466
467.9578772320709,95.14515406231027
468.73082760179545,146.1568269025028
469.50377797152004,116.76368586756031
470.2767283412446,124.75088510498972
471.04967871096915,121.07703926719392
471.82262908069373,125.82383495797875
472.5955794504183,106.24471588329088
473.36852982014284,131.81178979396626
474.1414801898674,118.23524136428048
474.914430559592,123.63849374595563
475.68738092931653,128.47622310980435
476.4603312990411,120.75446266293889
477.2332816687657,99.48010496497281
478.0062320384902,121.25942714464826
478.7791824082148,114.84312716483768
479.5521327779394,127.57292233202043
480.3250831476639,125.60208304198659
481.0980335173885,133.58720115737958
481.8709838871131,117.73727633359094
482.6439342568376,118.98035869035752
483.4168846265622,120.32615759291394
484.1898349962868,108.05391008466029
484.9627853660113,115.13154055711175
485.7357357357359,114.80819836721123
486.5086861054604,117.95384456359459
487.281636475185,119.93495581592352
488.0545868449096,119.66974548782702
488.8275372146341,136.3024729788438
489.6004875843587,106.86636774135835
490.3734379540833,122.20265374893476
491.1463883238078,122.41437331306453
491.9193386935324,114.53748643310465
492.69228906325696,120.66263776293027
493.4652394329815,110.049203669037
494.2381898027061,123.36525495470833
495.01114017243066,114.92840020422553
495.7840905421552,121.83694174254987
496.55704091187977,108.11425578840239
497.32999128160435,115.44469492892706
498.1029416513289,128.0225127946972
498.87589202105346,134.1972677104513
499.64884239077804,119.58117269966999
500.42179276050257,117.95301971849493
501.19474313022715,116.68120762188985
501.96769349995174,125.43379480376016
502.74064386967626,125.65283677529497
503.51359423940085,116.02402590026108
504.28654460912543,105.87124304953257
505.05949497884995,118.09025773136591
505.83244534857454,124.49138987154947
506.6053957182991,117.57340214979132
507.37834608802365,106.6342259854717
508.15129645774823,114.07305250944225
508.92424682747276,117.82411414705322
509.69719719719734,138.45097439138158
510.4701475669219,127.86126639518224
511.24309793664645,133.17513513293326
512.016048306371,128.8516677545664
512.7889986760956,129.2278114671936
513.5619490458201,120.61571881384266
514.3348994155447,115.94055130308867
515.1078497852693,108.90202339855418
515.8808001549938,133.3253943253084
516.6537505247184,149.04374414737816
517.426700894443,132.0914538475009
518.1996512641675,130.70228820687376
518.972601633892,115.40153862775276
519.7455520036167,144.64303316501753
520.5185023733412,153.43793960342447
521.2914527430657,131.20309358156564
522.0644031127904,139.88681427243532
522.8373534825149,143.72337392972506
523.6103038522394,144.58286641670938
524.3832542219641,137.1464599659806
525.1562045916886,115.29858562371254
525.9291549614131,130.7246958423748
526.7021053311378,134.60226739547463
527.4750557008623,122.51717494158298
528.2480060705868,147.8185327009315
529.0209564403115,116.16258886698577
529.793906810036,128.0788909622423
530.5668571797605,131.28454205652167
531.3398075494852,136.5090215661807
532.1127579192097,152.04682257737653
532.8857082889342,154.292857606258
533.6586586586589,142.48473682481392
534.4316090283834,141.38637679200198
535.2045593981079,145.62319578917416
535.9775097678325,144.44805874147715
536.7504601375571,125.79043505141317
537.5234105072816,131.02262937167868
538.2963608770062,119.82274316330103
539.0693112467308,131.29164814641334
539.8422616164553,159.0523800172907
540.6152119861799,132.93426618659896
541.3881623559045,125.51768785084407
542.161112725629,139.03717888222693
542.9340630953536,134.4821415788861
543.7070134650781,152.13381646993867
544.4799638348027,137.54797700724149
545.2529142045273,143.91471635188805
546.0258645742518,133.34058672265
546.7988149439764,132.17893925047363
547.571765313701,137.29838742208898
548.3447156834255,139.78074694080814
549.1176660531501,143.23300510344367
549.8906164228747,153.81907508322914
550.6635667925992,121.71100704581167
551.4365171623238,144.63830491890917
552.2094675320484,163.47937902831168
552.9824179017729,155.92004598628893
553.7553682714974,142.021921523072
554.5283186412221,155.42830200857009
555.3012690109466,118.17389158164063
556.0742193806711,140.8729303707
556.8471697503958,149.62437675038703
557.6201201201203,140.21567578174077
558.3930704898448,167.97184627312424
559.1660208595695,143.25772724998993
559.938971229294,143.02874773647412
560.7119215990185,142.84674347718334
561.4848719687432,159.35779866934087
562.2578223384677,144.14556749030754
563.0307727081922,156.87399578133505
563.8037230779169,167.86281262530014
564.5766734476414,132.90978036796963
565.3496238173659,139.6419244288257
566.1225741870905,143.62710201787334
566.8955245568151,140.97134200080342
567.6684749265396,147.78185869471437
568.4414252962642,144.16904491725649
569.2143756659888,138.59974704917582
569.9873260357133,160.15033267666024
570.7602764054379,141.64649852625337
571.5332267751623,153.52801473122565
572.306177144887,137.6654761077212
573.0791275146116,141.7808493241205
573.852077884336,147.86366265915544
574.6250282540607,144.00925591360524
575.3979786237853,158.11414533624392
576.1709289935097,153.38367335908376
576.9438793632344,155.14687639200906
577.716829732959,132.76003676221086
578.4897801026834,139.03678841885977
579.2627304724081,138.15479186494784
580.0356808421327,171.92555530812592
580.8086312118571,153.90707808917696
581.5815815815818,141.04928505300862
582.3545319513064,135.5558695643295
583.1274823210308,168.95612363453935
583.9004326907555,150.42775890924122
584.6733830604801,139.40500548444257
585.4463334302045,141.87138154723087
586.2192837999291,133.30996082839735
586.9922341696538,156.00012895467296
587.7651845393782,129.55953692494603
588.5381349091028,128.622732355551
589.3110852788275,140.46659569175267
590.0840356485519,141.99458951212313
590.8569860182765,162.87322859457421
591.629936388001,165.74686749290245
592.4028867577256,144.24488132510095
593.1758371274502,154.43305311316678
593.9487874971747,140.80621857361228
594.7217378668993,137.82457302137033
595.4946882366239,159.01374794593215
596.2676386063484,134.92190964653028
597.040588976073,146.40722256508744
597.8135393457976,168.91713556278788
598.5864897155221,153.80223805424956
599.3594400852467,167.2834630506996
600.1323904549713,129.45578358936908
600.9053408246958,160.60265036478103
601.6782911944204,152.2601856123575
602.451241564145,152.0798412635558
603.2241919338695,159.58644458440415
603.997142303594,138.62607050319983
604.7700926733187,132.54206093954235
605.5430430430432,156.86691036415917
606.3159934127677,133.6983747502388
607.0889437824924,158.2166666235358
607.8618941522169,167.1890535639667
608.6348445219414,160.35128861573654
609.4077948916661,130.33907037719763
610.1807452613906,166.36235140591424
610.9536956311151,159.2172951320999
611.7266460008398,181.21352163988223
612.4995963705643,158.8085824843081
613.2725467402888,143.1583941214724
614.0454971100135,149.33725838188582
614.8184474797381,131.92996489886204
615.5913978494625,177.50934883444648
616.3643482191871,170.14462346754647
617.1372985889118,158.411456148503
617.9102489586362,162.7926665985959
618.6831993283608,142.96731819276815
619.4561496980855,148.23522965385848
620.2291000678099,144.35952793708105
621.0020504375345,148.8934908721451
621.775000807259,156.88732651851183
622.5479511769836,155.64287413297708
623.3209015467082,155.75955054153454
624.0938519164326,166.24808512864686
624.8668022861573,175.1761271779275
625.6397526558819,147.8251266855061
626.4127030256063,151.5779577334133
627.185653395331,169.96155880490082
627.9586037650556,174.05792794206909
628.73155413478,131.60172732418926
629.5045045045047,182.57711842282202
630.2774548742293,168.17886060350244
631.0504052439537,161.38409644383808
631.8233556136784,153.50718323403862
632.596305983403,158.74215373046158
633.3692563531274,161.9753743080878
634.142206722852,173.87944237002944
634.9151570925767,159.7274341706029
635.6881074623011,174.1355292176508
636.4610578320257,178.3662340592335
637.2340082017504,173.70615692563018
638.0069585714748,141.82744547235197
638.7799089411994,146.74501445782042
639.5528593109241,162.92030770799067
640.3258096806485,151.2830250639621
641.0987600503731,171.2347159521923
641.8717104200978,158.1014249535292
642.6446607898222,171.4950504982661
643.4176111595468,151.82207293060034
644.1905615292715,135.5441160057515
644.9635118989959,155.61887853878872
645.7364622687205,166.31328632786148
646.5094126384452,151.48976901907895
647.2823630081696,163.42229321467218
648.0553133778942,158.70183326670752
648.8282637476188,142.35954766953336
649.6012141173433,140.1154610885199
650.3741644870679,172.87655773126036
651.1471148567925,163.75130752230368
651.920065226517,159.96655554610012
652.6930155962416,142.98427125896725
653.4659659659662,134.46309543923235
654.2389163356906,163.4648089710554
655.0118667054153,164.53989186440998
655.7848170751399,168.79292568175427
656.5577674448643,149.57709616113542
657.330717814589,137.70561348360977
658.1036681843136,155.55359061333706
658.876618554038,147.73139904866198
659.6495689237627,159.61420548407088
660.4225192934873,147.07534391102052
661.1954696632117,159.7163702181277
661.9684200329364,159.7658314938634
662.741370402661,181.22132765173245
663.5143207723854,169.85864453604813
664.2872711421101,168.36592247759654
665.0602215118347,148.0969855565574
665.8331718815591,149.78701552151156
666.6061222512838,166.0306982573594
667.3790726210084,167.86631960797345
668.1520229907328,157.43133057894633
668.9249733604574,157.27042283173137
669.6979237301821,152.29231122151916
670.4708740999065,170.75429904902856
671.2438244696311,160.27932383494766
672.0167748393558,172.1481033750229
672.7897252090802,144.14207900756
673.5626755788048,156.5376191273614
674.3356259485295,175.16122960872872
675.1085763182539,150.77126394512527
675.8815266879785,132.5603289898736
676.6544770577032,160.51545476586355
677.4274274274276,173.8394516668207
678.2003777971522,177.37239124397504
678.9733281668769,145.30005019686072
679.7462785366013,160.7712001473454
680.5192289063259,172.8749219952456
681.2921792760505,160.6842118919943
682.065129645775,146.61313581906685
682.8380800154996,145.33835322619652
683.6110303852242,159.84025219425655
684.3839807549487,160.89319676707686
685.1569311246733,155.56372075409905
685.9298814943979,162.37696048172813
686.7028318641223,182.22471982487738
687.475782233847,158.41362546093026
688.2487326035716,153.6445888284867
689.021682973296,165.97469214858012
689.7946333430207,160.92110679079332
690.5675837127453,178.92064308776867
691.3405340824697,160.95499734699658
692.1134844521944,155.54177299462495
692.886434821919,156.5618109126878
693.6593851916434,164.8190235985098
694.4323355613681,161.0150451499577
695.2052859310927,158.7570910912206
695.9782363008171,166.44757400061764
696.7511866705418,160.07361630704727
697.5241370402664,160.92004843126773
698.2970874099908,150.36719446219834
699.0700377797154,171.4389659634219
699.8429881494401,181.6282674179657
700.6159385191645,171.06967172783072
701.3888888888891,140.8886640374326
702.1618392586138,151.58004218802733
702.9347896283382,170.7288114365371
703.7077399980628,145.46462946258904
704.4806903677875,160.99229453973444
705.2536407375119,147.2322828215256
706.0265911072365,160.102971632476
706.7995414769609,179.05347805651743
707.5724918466856,155.91835777776902
708.3454422164102,190.51716360771275
709.1183925861346,169.44099739837324
709.8913429558593,149.4901169996399
710.6642933255839,177.91974526736323
711.4372436953083,173.10863609022965
712.210194065033,161.19295837637992
712.9831444347576,169.30921251038637
713.756094804482,170.39038134999265
714.5290451742067,154.247168007237
715.3019955439313,157.0948098972512
716.0749459136557,172.4546885592161
716.8478962833804,149.0596607771692
717.620846653105,161.20348963717055
718.3937970228294,160.22644220322366
719.166747392554,161.20380711789838
719.9396977622787,159.22749374863102
720.7126481320031,165.56803086106777
721.4855985017277,168.43078461517888
722.2585488714524,171.74834787333836
723.0314992411768,160.11898999027238
723.8044496109014,152.76850882553128
724.5773999806261,163.72457164284654
725.3503503503505,160.78258143654637
726.1233007200751,161.9432833645237
726.8962510897998,143.86560204177627
727.6692014595242,163.65202373936182
728.4421518292488,159.43833849490082
729.2151021989735,156.88627799850542
729.9880525686979,176.60750540258493
730.7610029384225,166.359274632192
731.5339533081471,168.06116286757842
732.3069036778716,162.69360866650223
733.0798540475962,149.27312937304885
733.8528044173208,180.12929724944772
734.6257547870453,154.84060375920168
735.3987051567699,156.74186938635094
736.1716555264945,172.78968867557774
736.944605896219,151.89398385087046
737.7175562659436,161.98381125620475
738.4905066356682,167.83837765836185
739.2634570053926,161.14539906198033
740.0364073751173,146.09803479603556
740.8093577448419,150.76903977944193
741.5823081145663,144.94466092986335
742.355258484291,180.22974112137499
743.1282088540156,152.13453759075531
743.90115922374,154.72062676040494
744.6741095934647,159.62852879883167
745.4470599631893,161.12186294414295
746.2200103329137,161.1193093645855
746.9929607026384,178.98028350675196
747.765911072363,168.6857577650293
748.5388614420874,161.11235190205426
749.311811811812,151.5354415296952
750.0847621815367,147.74828666288192
750.8577125512611,165.02671589121692
751.6306629209857,140.421408493454
752.4036132907104,155.0626726766424
753.1765636604348,153.5103347523669
753.9495140301594,157.73378206683793
754.7224643998841,161.09868634641228
755.4954147696085,150.27202003596943
756.2683651393331,168.79154450695162
757.0413155090578,146.83562316767768
757.8142658787822,156.86281005583146
758.5872162485068,161.0934761771129
759.3601666182315,148.71532469269656
760.1331169879559,144.80300831282267
760.9060673576805,155.60763989016306
761.6790177274052,181.2033887101821
762.4519680971296,176.94080440843538
763.2249184668542,156.72012687743756
763.9978688365788,164.27596627369263
764.7708192063033,151.07291135465812
765.5437695760279,184.57686628143637
766.3167199457525,181.60539325174355
767.089670315477,138.07766820020393
767.8626206852016,173.74117146897856
768.6355710549262,164.48822943034335
769.4085214246506,159.74066973927637
770.1814717943753,151.6328201240008
770.9544221640999,164.3308905921474
771.7273725338243,170.88116813833923
772.500322903549,155.33208580998235
773.2732732732736,159.81143684248988
774.046223642998,171.96975418180224
774.8191740127227,162.48803847128067
775.5921243824473,157.93838546761523
776.3650747521717,177.20607413776668
777.1380251218964,165.44616857315899
777.910975491621,149.2578538318378
778.6839258613454,177.56215113413742
779.45687623107,164.5795814366457
780.2298266007947,185.09072699980635
781.0027769705191,157.24287133583485
781.7757273402437,158.02654853256416
782.5486777099684,184.72635385912773
783.3216280796928,161.10648837922676
784.0945784494174,161.01726234927838
784.8675288191421,159.26191824941586
785.6404791888665,161.11069094910553
786.4134295585911,161.20500516359667
787.1863799283158,161.11367731998467
787.9593302980402,144.32858694442714
788.7322806677648,174.15183015840006
789.5052310374892,161.11840162271704
790.2781814072139,159.8985817579184
791.0511317769385,167.16675847144782
791.8240821466629,182.5404355221454
792.5970325163876,148.5949155072529
793.3699828861122,186.8506423219194
794.1429332558366,173.72736679799257
794.9158836255613,151.88369985854388
795.6888339952859,157.72176508199937
796.4617843650103,176.89380526281425
797.234734734735,161.428024353815
798.0076851044596,170.00491503235804
798.780635474184,161.13941366994
799.5535858439086,161.14126152933974
800.3265362136333,164.73106489840706
801.0994865833577,157.90942272650963
801.8724369530823,142.76463196877492
802.645387322807,156.0719340253195
803.4183376925314,150.1183121789791
804.191288062256,142.2091638022689
804.9642384319807,153.63665405222392
805.7371888017051,157.16340087907858
806.5101391714297,161.86966397529
807.2830895411544,141.86912530121927
808.0560399108788,179.75883015028546
808.8289902806034,167.94334220846875
809.6019406503281,155.6373978532562
810.3748910200525,181.21224847897633
811.1478413897771,152.6053401426886
811.9207917595018,150.3108170383063
812.6937421292262,149.289830411379
813.4666924989508,156.31451523792325
814.2396428686754,146.9327351763523
815.0125932383999,156.10368367784034
815.7855436081245,151.08263920833411
816.5584939778491,182.61971027040957
817.3314443475736,163.21151845830806
818.1043947172982,164.5449364285511
818.8773450870228,154.0790912977483
819.6502954567472,161.18718050682074
820.4232458264719,171.47661188260395
821.1961961961965,161.19010687589636
821.9691465659209,147.30152765046097
822.7420969356456,143.13027835927255
823.5150473053702,158.81585380966482
824.2879976750946,171.61955669077625
825.0609480448193,152.87149211415195
825.8338984145439,146.14673188577052
826.6068487842683,167.35178689871702
827.379799153993,163.63510401614096
828.1527495237176,159.20486032621733
828.925699893442,162.84040376800704
829.6986502631667,157.46642516735744
830.4716006328913,140.37214721487624
831.2445510026157,168.97363903185283
832.0175013723403,170.5756713980416
832.790451742065,133.99743129867142
833.5634021117894,161.2069974304959
834.336352481514,168.0595155328631
835.1093028512387,136.40753799277755
835.8822532209631,173.88016440667414
836.6552035906877,139.06351721633206
837.4281539604124,169.81968602920531
838.2011043301368,140.38966340567063
838.9740546998614,153.36579988288688
839.7470050695861,171.3499613328842
840.5199554393105,172.20835933078675
841.2929058090351,161.2097116617708
842.0658561787598,156.41915311211898
842.8388065484842,161.20935005323088
843.6117569182088,160.30691870372317
844.3847072879335,172.27652931903734
845.1576576576579,165.35662297119498
845.9306080273825,141.49720182995947
846.7035583971071,154.2458276676466
847.4765087668316,176.7994116948537
848.2494591365562,161.20538863524243
849.0224095062808,148.00914312728173
849.7953598760053,161.203433380317
850.5683102457299,164.1346758827207
851.3412606154545,181.01872873480698
852.1142109851789,139.82945724058283
852.8871613549036,156.82634393256672
853.6601117246282,158.4926411891733
854.4330620943526,160.63576746011483
855.2060124640773,167.6576454440132
855.9789628338019,155.59195149520113
856.7519132035263,161.18962715208266
857.524863573251,186.59632383544616
858.2978139429756,157.18094377366378
859.0707643127,174.36369263859544
859.8437146824247,161.18065124587199
860.6166650521493,168.29225531332298
861.3896154218737,147.1358296180026
862.1625657915984,142.44798720479994
862.935516161323,156.29924985923208
863.7084665310474,159.0625595952772
864.481416900772,153.77072148376402
865.2543672704967,154.62177607629275
866.0273176402211,154.76164364047668
866.8002680099457,149.52971948919262
867.5732183796704,166.2596480587662
868.3461687493948,153.5490156549625
869.1191191191194,169.46996694151096
869.8920694888441,164.5906401733768
870.6650198585685,148.85710569122958
871.4379702282931,158.9117413881168
872.2109205980175,148.59246041947836
872.9838709677422,156.6776073320735
