100.80645161290323,150.29761904761904
101.5794019826278,162.89339136793382
102.35235235235236,150.88747765044658
103.12530272207692,136.96195845078879
103.89825309180148,159.3120264126472
104.67120346152605,157.4436189178306
105.44415383125062,167.5998797511715
106.21710420097517,135.29424531112141
106.99005457069974,167.51575826851075
107.76300494042431,141.04012452302922
108.53595531014886,159.50688933837964
109.30890567987343,156.43540494171611
110.08185604959799,151.68430928538237
110.85480641932256,155.25376819510407
111.62775678904713,145.80877856014956
112.40070715877168,154.5227551550058
113.17365752849625,148.9519084403879
113.9466078982208,155.05139386209865
114.71955826794537,155.31264507052475
115.49250863766994,138.4589875985921
116.2654590073945,155.4812721057172
117.03840937711907,172.66655020135775
117.81135974684364,142.71357047231908
118.58431011656819,147.9538256388055
119.35726048629276,165.4094728765021
120.13021085601733,140.57534511003388
120.90316122574188,157.328942206554
121.67611159546645,148.57302920963906
122.449061965191,157.8125193850413
123.22201233491558,158.0512301981031
123.99496270464013,167.65341795981618
124.7679130743647,151.43178600452336
125.54086344408927,155.64706225761037
126.31381381381382,158.45151873708267
127.08676418353839,159.21398315356578
127.85971455326296,159.44036943678412
128.63266492298752,164.1261659995251
129.40561529271207,157.82862684067206
130.17856566243665,171.70756837411878
130.9515160321612,148.73647407848637
131.72446640188576,160.54144720996646
132.49741677161035,167.3208277755403
133.2703671413349,160.96746905680192
134.04331751105946,166.00540302592276
134.81626788078404,153.15492002066077
135.5892182505086,161.591048739069
136.36216862023315,161.79478547489228
137.13511898995773,151.58348843540415
137.9080693596823,173.44579692051417
138.68101972940684,154.10527924347255
139.45397009913142,162.58910106150438
140.22692046885598,179.16432206535058
140.99987083858053,158.95714892178066
141.7728212083051,156.3247005351442
142.54577157802967,170.29363637352017
143.31872194775423,177.71685759290904
144.09167231747878,170.09454581890523
144.86462268720334,153.04755091454118
145.63757305692792,172.725391241752
146.41052342665247,142.2992373235654
147.18347379637703,152.2846500006735
147.9564241661016,154.26671431541138
148.72937453582617,153.9323589663924
149.50232490555072,164.94226323310625
150.2752752752753,159.98534528787096
151.04822564499986,173.28577312592813
151.82117601472441,169.36660182250142
152.594126384449,166.89030239366832
153.36707675417355,150.65838351069067
154.1400271238981,165.67418213344428
154.9129774936227,166.06435903282483
155.68592786334725,161.4080280544586
156.4588782330718,173.77667015403145
157.23182860279638,165.65618010972224
158.00477897252094,166.65988513682746
158.7777293422455,161.66275159779633
159.55067971197008,178.60477925149073
160.32363008169463,159.1766527439587
161.0965804514192,156.40150536452623
161.86953082114377,166.98432826507567
162.64248119086832,158.20191708123272
163.41543156059288,177.20838602311716
164.18838193031743,167.69248415287535
164.961332300042,161.43978399937785
165.73428266976657,180.82637195466623
166.50723303949113,165.67667426068115
167.28018340921568,168.24674004510686
168.05313377894026,168.3654335156936
168.82608414866482,168.48204050258425
169.59903451838937,159.31568922342765
170.37198488811396,158.78616932360094
171.1449352578385,168.81933672407277
171.91788562756307,190.15385819789043
172.69083599728765,169.033757752072
173.4637863670122,160.37061280127676
174.23673673673676,165.71505784051908
175.00968710646134,160.81186424527024
175.7826374761859,169.4375153076616
176.55558784591045,180.17289736260258
177.32853821563504,181.42666343202197
178.1014885853596,144.70719168898452
178.87443895508414,174.93373171664206
179.64738932480873,176.73893719037622
180.42033969453328,155.6107160816751
181.19329006425784,180.0169526532187
181.96624043398242,170.144561668249
182.73919080370695,170.22351213579077
183.51214117343153,167.85403184289828
184.2850915431561,170.3751197651456
185.05804191288064,173.69080657344495
185.83099228260522,165.8565298462199
186.6039426523298,167.85644728139835
187.37689302205433,159.17154553071305
188.14984339177892,182.83745423544352
188.92279376150347,170.7795541809295
189.69574413122803,150.51604131118395
190.4686945009526,163.90015624057372
191.24164487067716,172.81655235057613
192.01459524040172,165.87693895094873
192.7875456101263,173.1221856921283
193.56049597985086,187.56155917378058
194.3334463495754,198.67747159522423
195.1063967193,171.201052634711
195.87934708902455,157.96211963560248
196.6522974587491,148.325455263707
197.4252478284737,171.9277765795005
198.19819819819824,177.33564243325395
198.9711485679228,178.20630633497584
199.74409893764738,173.93428317180275
200.51704930737193,173.81943970369727
201.2899996770965,175.7288639552352
202.06295004682107,171.51404464947512
202.8359004165456,169.55910186156623
203.60885078627018,174.80877012851266
204.38180115599476,167.86247954538533
205.1547515257193,162.70274010206273
205.92770189544387,167.80839465429543
206.70065226516846,172.07839577995964
207.47360263489298,184.3760439680309
208.24655300461757,195.6241789337107
209.01950337434212,164.48185756271567
209.79245374406668,174.6627434312151
210.56540411379126,171.66420932262676
211.33835448351581,168.17407674533757
212.11130485324037,164.03654660740844
212.88425522296495,164.9785964998679
213.6572055926895,193.19040773561335
214.43015596241406,166.16283360769555
215.20310633213865,172.22317513425034
215.9760567018632,171.62634669516945
216.74900707158776,151.52828811046683
217.52195744131234,153.93167317447708
218.2949078110369,171.57829143175303
219.06785818076145,159.1347666254798
219.84080855048603,163.9482659765532
220.61375892021059,154.84392463114733
221.38670928993514,164.52351792701126
222.15965965965972,168.70199259264592
222.93261002938428,193.70432324449024
223.70556039910883,181.59475550528063
224.47851076883342,177.03662241251206
225.25146113855794,156.46420613179947
226.02441150828253,187.1277057787975
226.7973618780071,171.23838827941736
227.57031224773164,171.19471459716002
228.34326261745622,173.30430421587087
229.11621298718077,164.86805143066132
229.88916335690536,190.3521626199733
230.6621137266299,160.26230227348933
231.43506409635447,166.35369973321303
232.20801446607902,162.90873570747786
232.9809648358036,175.25576416796434
233.75391520552816,168.00364229867745
234.5268655752527,166.9481546591251
235.2998159449773,169.9720564031596
236.07276631470185,186.92211340007074
236.8457166844264,186.96274924630126
237.618667054151,170.43272169410832
238.39161742387554,172.26762238514948
239.1645677936001,170.28308683448677
239.93751816332468,182.507183686485
240.71046853304924,164.00917628514256
241.4834189027738,163.4683699578528
242.25636927249835,169.95616431808068
243.02931964222293,164.55247115736253
243.80227001194748,170.74474844928505
244.57522038167204,156.92116832486965
245.34817075139662,163.98729813345514
246.12112112112118,168.00268975985685
246.89407149084573,157.37755944040381
247.66702186057032,146.467666761849
248.43997223029487,157.624072632983
249.21292260001943,169.07584480334904
249.985872969744,158.5570453600423
250.75882333946856,168.851133056244
251.53177370919312,159.22487709262563
252.30472407891767,155.74101552264332
253.07767444864226,175.5981708138287
253.8506248183668,154.58205704683436
254.62357518809137,170.83965528457358
255.39652555781595,168.1089191899708
256.1694759275405,161.72883777406372
256.94242629726506,169.43088771700707
257.71537666698964,166.31187170568208
258.48832703671417,176.20102805839593
259.26127740643875,176.99413350292662
260.03422777616333,150.5763763637772
260.80717814588786,171.49342748499387
261.58012851561244,166.95030462329458
262.353078885337,166.79113341686445
263.12602925506155,167.5809838948053
263.89897962478614,153.7806877256167
264.6719299945107,172.3806444036932
265.44488036423525,172.40968683464985
266.21783073395983,177.8390644416209
266.9907811036844,155.43149893221118
267.76373147340894,169.62964515702822
268.5366818431335,149.96256813564062
269.3096322128581,182.93653959776393
270.08258258258263,157.0203617826841
270.8555329523072,181.53404275517903
271.6284833220318,150.81956422094345
272.4014336917563,173.11467840753903
273.1743840614809,161.05456250100218
273.9473344312055,153.56965162649044
274.72028480093,163.49172931952498
275.4932351706546,167.61276000298108
276.2661855403792,161.9387560684353
277.0391359101037,152.73785292174338
277.8120862798283,170.47643426138026
278.5850366495529,156.53719440442245
279.3579870192774,142.06005423657555
280.130937389002,162.15039657359256
280.90388775872657,174.4377479982428
281.6768381284511,176.23865982489883
282.4497884981757,161.39470944014465
283.22273886790026,164.91493982180634
283.9956892376248,149.7328949496355
284.7686396073493,150.1637900940827
285.54158997707395,160.32839040167815
286.3145403467985,167.40181542105557
287.087490716523,159.76944675305896
287.86044108624765,159.48340999851123
288.6333914559722,159.19295132937
289.4063418256967,162.86769955651513
290.17929219542134,168.8604495459796
290.95224256514587,156.50748451506638
291.7251929348704,156.89669098438677
292.49814330459503,156.87510178742204
293.27109367431956,165.98111090580935
294.0440440440441,154.38274114617894
294.81699441376867,168.17835884630023
295.58994478349325,161.32309448663048
296.3628951532178,161.206323269728
297.13584552294236,179.04863585281555
297.90879589266694,150.83914779663365
298.68174626239147,155.01075848826625
299.45469663211605,160.70958838047721
300.22764700184064,158.99614839357025
301.00059737156516,142.3783188967741
301.77354774128975,140.41855034340534
302.54649811101433,144.44970680142984
303.31944848073886,164.4460214097654
304.09239885046344,162.17211370274373
304.865349220188,152.10119993248435
305.63829958991255,161.35532360950643
306.41124995963713,148.00581161996016
307.1842003293617,160.62809450821433
307.95715069908624,150.5684810650255
308.7301010688108,147.7066409748288
309.5030514385354,143.54632286152886
310.27600180825993,149.3896837211312
311.0489521779845,148.99167000481825
311.8219025477091,134.4658445272128
312.5948529174336,148.18857385562862
313.3678032871582,169.68563318076278
314.1407536568828,136.7838162485661
314.9137040266073,153.77055261445363
315.6866543963319,148.54150970826592
316.4596047660565,140.97347178520158
317.232555135781,162.48252166696346
318.0055055055056,135.61103124949398
318.7784558752302,141.80406956432046
319.5514062449547,144.4762624975981
320.3243566146793,144.36499253965442
321.0973069844039,132.5419213952885
321.8702573541284,150.84002676905786
322.643207723853,138.93528291011722
323.41615809357756,143.48804936628733
324.1891084633021,154.81868130593537
324.9620588330266,134.98141445511652
325.73500920275126,134.97910354394276
326.5079595724758,146.53237349865506
327.2809099422003,145.31000251854994
328.05386031192495,139.79474653512676
328.8268106816495,147.8872010947931
329.599761051374,138.9353029287111
330.37271142109864,155.4144038703035
331.14566179082317,131.27583926000347
331.9186121605477,134.51303387463457
332.69156253027234,128.769087225477
333.46451289999686,150.32319532997528
334.2374632697214,127.44787276584441
335.010413639446,151.40855204679946
335.78336400917055,145.18850968559764
336.5563143788951,125.88598595032772
337.32926474861966,134.64161208120083
338.10221511834425,130.44363218350736
338.8751654880688,133.78855950761698
339.64811585779336,117.47351639743519
340.42106622751794,142.39438692537007
341.19401659724247,125.45561194706278
341.96696696696705,123.6602608123314
342.73991733669163,135.9050728057503
343.51286770641616,133.95861221679777
344.28581807614074,109.67600062841817
345.0587684458653,124.72712863340104
345.83171881558985,131.2980246648419
346.60466918531444,142.4869438964454
347.377619555039,129.1793940652674
348.15056992476354,125.02550662392024
348.9235202944881,116.3884144887221
349.6964706642127,127.95657591780753
350.46942103393724,132.19122130848822
351.2423714036618,120.58380215281366
352.0153217733864,117.58514428300303
352.78827214311093,131.08525306950295
353.5612225128355,121.15183172604779
354.3341728825601,123.12033989696425
355.1071232522846,125.18216574214767
355.8800736220092,113.95462141808184
356.6530239917338,124.41294963596742
357.4259743614583,131.86052918627166
358.1989247311829,123.58275828546965
358.9718751009075,141.41346284492317
359.744825470632,122.91043833567977
360.5177758403566,122.5428127771257
361.2907262100811,104.04453992886899
362.0636765798057,138.5643806604943
362.8366269495303,125.92987004621713
363.6095773192548,121.10698743099435
364.3825276889794,136.78576106523283
365.155478058704,107.43138117751928
365.9284284284285,140.16321308178374
366.7013787981531,116.15180109368835
367.47432916787767,119.39689830155531
368.2472795376022,127.31179671538996
369.0202299073268,118.74149391406151
369.79318027705136,118.42028270083392
370.5661306467759,146.72581989391364
371.3390810165005,117.98549978578743
372.11203138622506,133.67887525609802
372.8849817559496,131.16099240105947
373.65793212567417,116.8826935359076
374.43088249539875,116.58949157496785
375.2038328651233,126.75831812132004
375.97678323484786,106.1710904286601
376.74973360457244,115.39721668290605
377.52268397429697,124.42551145019067
378.29563434402155,126.39497992545682
379.06858471374613,114.937960815286
379.84153508347066,136.17863141390157
380.61448545319524,122.59888226716689
381.3874358229198,94.11318892053139
382.16038619264435,112.60919457020017
382.93333656236894,109.83008239512952
383.70628693209346,113.48489874028668
384.47923730181805,96.83123432717835
385.25218767154263,89.69444341792868
386.02513804126716,121.15700853957551
386.79808841099174,93.86933461558391
387.5710387807163,112.43872707950604
388.34398915044085,116.93693439496067
389.11693952016543,122.97304943436318
389.88988988989,124.40524462565133
390.66284025961454,111.71097832732784
391.4357906293391,102.7350578186242
392.2087409990637,138.3541285338511
392.98169136878823,98.07610230504075
393.7546417385128,114.8886478547189
394.5275921082374,103.29650457401017
395.3005424779619,109.61926167121827
396.0734928476865,103.6488065367839
396.8464432174111,104.20829454987157
397.6193935871356,110.41256819745264
398.3923439568602,125.61860526203606
399.1652943265848,108.28894782829343
399.9382446963093,101.76585414199369
400.7111950660339,113.65594420872608
401.4841454357585,109.19375295429765
402.257095805483,89.14006973208764
403.0300461752076,109.71003417433502
403.8029965449321,106.29929952921513
404.5759469146567,109.55621692901263
405.3488972843813,100.76734621911754
406.1218476541058,114.11428370416456
406.8947980238304,109.36319822252213
407.667748393555,124.57664904364063
408.4406987632795,100.22602582278985
409.2136491330041,109.21432266482934
409.98659950272867,104.90580977955847
410.7595498724532,109.13898212848069
411.5325002421778,124.16808479801907
412.30545061190236,109.1635203602084
413.0784009816269,136.84320241205472
413.85135135135147,125.69125060940624
414.62430172107605,121.01076165942905
415.3972520908006,99.97765137082828
416.17020246052516,84.22758299468055
416.94315283024974,109.0209148972575
417.71610319997427,110.43565464030407
418.48905356969885,109.03537940967125
419.26200393942344,105.96722788941517
420.03495430914796,98.99027494754829
420.80790467887255,105.16142187324243
421.58085504859713,117.75735884412612
422.35380541832166,124.47162159517012
423.12675578804624,107.96134771064273
423.89970615777077,107.51972192812153
424.67265652749535,119.07641710622343
425.44560689721993,106.88966830001232
426.21855726694446,88.44074373098792
426.99150763666904,127.42786419303926
427.7644580063936,125.1528546917209
428.53740837611815,121.32428799669755
429.31035874584273,109.58795183658565
430.0833091155673,95.66610400462226
430.85625948529184,111.22417895805107
431.6292098550164,109.8016775742876
432.402160224741,115.49874329204732
433.17511059446554,111.81864799387907
433.9480609641901,117.52652459972457
434.7210113339147,110.13446242405045
435.49396170363923,111.20582187349765
436.2669120733638,89.36623693948417
437.0398624430884,90.13470694488268
437.8128128128129,121.22154958175318
438.5857631825375,106.01495470265904
439.3587135522621,100.11025457961155
440.1316639219866,83.98499566473052
440.9046142917112,131.36264781179653
441.6775646614358,109.58222919506304
442.4505150311603,108.00702919420397
443.2234654008849,111.3086008834852
443.9964157706095,99.96436500073588
444.769366140334,111.55949649040076
445.5423165100586,117.96953060273492
446.3152668797831,99.21164808746303
447.0882172495077,103.65387064840299
447.8611676192323,125.09978612264642
448.6341179889568,95.34854282517621
449.4070683586814,91.07279388724936
450.18001872840597,99.12918996325115
450.9529690981305,133.06287696240872
451.7259194678551,125.18066647018065
452.49886983757966,119.79123152685833
453.2718202073042,86.22867850854158
454.04477057702877,91.2777338374251
454.81772094675335,97.6935280481057
455.5906713164779,128.43329596571527
456.36362168620246,124.0698234547624
457.13657205592705,134.10740631972527
457.9095224256516,123.04475993710984
458.68247279537616,114.24995109355436
459.45542316510074,107.16220741178059
460.22837353482527,114.59017879015428
461.00132390454985,108.51281073011714
461.77427427427443,85.99661817400663
462.54722464399896,126.87070295805798
463.32017501372354,138.10613563402302
464.0931253834481,111.5520183454477
464.86607575317265,112.93304209819007
465.63902612289723,115.83294672585572
466.41197649262176,116.894236317418
467.18492686234634,117.21264085930267
467.9578772320709,107.75651017338723
468.73082760179545,118.74351109749449
469.50377797152004,130.2721446668462
470.2767283412446,116.14000436865953
471.04967871096915,125.76376818530967
471.82262908069373,123.31017553426716
472.5955794504183,109.81019653343036
473.36852982014284,92.97580212761547
474.1414801898674,112.47153191411331
474.914430559592,109.43765926472376
475.68738092931653,102.79332876484783
476.4603312990411,104.90847317196071
477.2332816687657,123.99526373336536
478.0062320384902,102.67267699710261
478.7791824082148,104.44065601216022
479.5521327779394,117.07160818295344
480.3250831476639,97.35615045369707
481.0980335173885,92.06069167966425
481.8709838871131,119.91688525859186
482.6439342568376,115.51817541549039
483.4168846265622,123.80171666051038
484.1898349962868,132.4939015625644
484.9627853660113,120.73837603489277
485.7357357357359,131.6935457312851
486.5086861054604,120.07280229423594
487.281636475185,121.36197197840211
488.0545868449096,109.41632081980818
488.8275372146341,121.78104434689226
489.6004875843587,136.87867536829953
490.3734379540833,119.44980939581296
491.1463883238078,114.25108685053578
491.9193386935324,122.62668330621403
492.69228906325696,113.03023205022501
493.4652394329815,118.86271728985005
494.2381898027061,123.26700976188681
495.01114017243066,123.48153537322098
495.7840905421552,123.69657836462765
496.55704091187977,127.89350284311264
497.32999128160435,112.20277906244304
498.1029416513289,118.16264296833864
498.87589202105346,114.6785116321233
499.64884239077804,145.96123520755336
500.42179276050257,124.99688314638274
501.19474313022715,114.72728770342572
501.96769349995174,125.43379480376016
502.74064386967626,109.25705881511155
503.51359423940085,107.15369156803901
504.28654460912543,117.99584327512127
505.05949497884995,123.5790157097944
505.83244534857454,132.65815639728027
506.6053957182991,135.7096142381903
507.37834608802365,126.97437418761398
508.15129645774823,132.30908034225018
508.92424682747276,127.41731148367292
509.69719719719734,127.91053825602283
510.4701475669219,127.60976273579311
511.24309793664645,120.13039769493962
512.016048306371,129.8411575684774
512.7889986760956,104.17410499584065
513.5619490458201,128.75176155128986
514.3348994155447,129.228215387213
515.1078497852693,128.27752897583355
515.8808001549938,140.08234850575337
516.6537505247184,113.03286233067932
517.426700894443,129.86852268833744
518.1996512641675,142.5149031850277
518.972601633892,127.00170556240948
519.7455520036167,137.13291131092075
520.5185023733412,130.76370578792944
521.2914527430657,147.34516771156234
522.0644031127904,145.83027559829986
522.8373534825149,131.4355144456066
523.6103038522394,131.32902188714934
524.3832542219641,136.63044321283212
525.1562045916886,140.77713491122827
525.9291549614131,138.66214693891695
526.7021053311378,143.05954416763663
527.4750557008623,132.77850584326745
528.2480060705868,119.72830006430111
529.0209564403115,132.45563534566872
529.793906810036,133.44889965462124
530.5668571797605,155.98348569407057
531.3398075494852,157.87145300670963
532.1127579192097,146.47390191456427
532.8857082889342,134.66332501291242
533.6586586586589,127.9019432175337
534.4316090283834,144.53348574634865
535.2045593981079,129.64279368585073
535.9775097678325,135.22938687219437
536.7504601375571,135.45095358402662
537.5234105072816,131.85978713576733
538.2963608770062,135.89328411865165
539.0693112467308,130.79452154514667
539.8422616164553,136.33446330147834
540.6152119861799,136.5545908235628
541.3881623559045,120.25423539903787
542.161112725629,131.61127214171023
542.9340630953536,136.65632975103154
543.7070134650781,131.12104203923883
544.4799638348027,144.15319277316297
545.2529142045273,163.37444881100706
546.0258645742518,141.15087135759848
546.7988149439764,136.4436812171061
547.571765313701,122.66697506528122
548.3447156834255,138.73603371978467
549.1176660531501,138.9519280277848
549.8906164228747,129.2247976927789
550.6635667925992,119.67716559379316
551.4365171623238,147.01183678323258
552.2094675320484,139.7633501384615
552.9824179017729,140.02429325732632
553.7553682714974,140.32225581120028
554.5283186412221,149.4538084180578
555.3012690109466,140.66159084805878
556.0742193806711,145.65771219106284
556.8471697503958,142.3185238849505
557.6201201201203,139.45948773345657
558.3930704898448,138.15885688585763
559.1660208595695,141.71250009093555
559.938971229294,141.92088480360303
560.7119215990185,126.85619868224953
561.4848719687432,154.62490148476422
562.2578223384677,142.54222642047725
563.0307727081922,127.43721288599622
563.8037230779169,142.95315581450174
564.5766734476414,162.92279716974977
565.3496238173659,144.9188088493464
566.1225741870905,127.57049989349686
566.8955245568151,120.0052496876032
567.6684749265396,143.9682277831703
568.4414252962642,144.16904491725649
569.2143756659888,144.36910133988266
569.9873260357133,152.17596322146255
570.7602764054379,147.74967597250176
571.5332267751623,165.73293650867964
572.306177144887,145.1614774165506
573.0791275146116,161.42159352143594
573.852077884336,124.35172712908107
574.6250282540607,157.56884012166623
575.3979786237853,141.14411565422864
576.1709289935097,143.2702190181284
576.9438793632344,121.94946699155038
577.716829732959,153.29989927566578
578.4897801026834,155.24687738916282
579.2627304724081,132.89318911218976
580.0356808421327,147.0832265747315
580.8086312118571,147.55864784707666
581.5815815815818,148.76685608511428
582.3545319513064,152.6907720533203
583.1274823210308,142.80897643358014
583.9004326907555,137.6359298570859
584.6733830604801,162.36908991761064
585.4463334302045,124.14054601847508
586.2192837999291,158.04358090670587
586.9922341696538,151.63356395503334
587.7651845393782,156.13342701748832
588.5381349091028,164.77576934455493
589.3110852788275,140.43835513399196
590.0840356485519,133.11948747363454
590.8569860182765,151.56922247787855
591.629936388001,156.8949047256542
592.4028867577256,132.67983903806592
593.1758371274502,139.55568749261164
593.9487874971747,155.91808835389028
594.7217378668993,163.53872586269168
595.4946882366239,147.45425168940895
596.2676386063484,150.79761695872452
597.040588976073,154.50749183400433
597.8135393457976,143.9315285593887
598.5864897155221,149.59063755940875
599.3594400852467,151.44869479059884
600.1323904549713,151.60838028614114
600.9053408246958,148.92373331351342
601.6782911944204,158.20753717398247
602.451241564145,159.3754354289844
603.2241919338695,152.23442266975064
603.997142303594,145.56228973634006
604.7700926733187,155.95296551974144
605.5430430430432,139.90186331540298
606.3159934127677,159.81441640358278
607.0889437824924,148.85561256662766
607.8618941522169,138.21413708832912
608.6348445219414,146.11925326378977
609.4077948916661,163.07275086999317
610.1807452613906,158.96126385142188
610.9536956311151,156.81189892114142
611.7266460008398,153.84593255336574
612.4995963705643,153.9840376951849
613.2725467402888,154.37106884673483
614.0454971100135,154.3214786670754
614.8184474797381,164.74093801839481
615.5913978494625,146.03033082620618
616.3643482191871,154.65254339079837
617.1372985889118,157.11342880018418
617.9102489586362,182.59203209390952
618.6831993283608,149.55359703921363
619.4561496980855,163.77316836771647
620.2291000678099,148.20234829883142
621.0020504375345,165.44735552885112
621.775000807259,144.6957775249602
622.5479511769836,155.64287413297708
623.3209015467082,150.18023365449693
624.0938519164326,149.24542687207963
624.8668022861573,176.86746498575695
625.6397526558819,163.00428407409592
626.4127030256063,168.1568143043449
627.185653395331,140.84584556038004
627.9586037650556,154.42918772821704
628.73155413478,165.40626152216961
629.5045045045047,156.63586803989907
630.2774548742293,163.8171243639012
631.0504052439537,166.67457318367738
631.8233556136784,156.9390364694484
632.596305983403,163.68439211403035
633.3692563531274,162.40296422873445
634.142206722852,150.49755353574227
634.9151570925767,132.79591778399077
635.6881074623011,163.84656251879863
636.4610578320257,157.5053956296785
637.2340082017504,154.7739884581333
638.0069585714748,156.8875607082469
638.7799089411994,156.9583808976217
639.5528593109241,155.52451700978406
640.3258096806485,156.85465160328576
641.0987600503731,158.02041447425344
641.8717104200978,178.78361987881715
642.6446607898222,160.3197104064819
643.4176111595468,161.3232165795887
644.1905615292715,148.98962180705894
644.9635118989959,158.41207824198847
645.7364622687205,141.69591374944702
646.5094126384452,168.22018058546223
647.2823630081696,158.63131554780935
648.0553133778942,170.31873190062709
648.8282637476188,158.7710884726294
649.6012141173433,146.51777671626337
650.3741644870679,149.95702372995805
651.1471148567925,178.5217796381052
651.920065226517,177.99407950084841
652.6930155962416,159.09880855703472
653.4659659659662,155.20353673545617
654.2389163356906,165.7014928862535
655.0118667054153,173.19894743240897
655.7848170751399,156.14708366177146
656.5577674448643,178.02386036191527
657.330717814589,157.85765469991958
658.1036681843136,179.3093807259926
658.876618554038,158.92991279469894
659.6495689237627,167.96861069250562
660.4225192934873,159.66583185057252
661.1954696632117,172.86321324854063
661.9684200329364,163.21628300556324
662.741370402661,162.13533366772333
663.5143207723854,174.91288256411747
664.2872711421101,177.80946242217348
665.0602215118347,159.95312382114815
665.8331718815591,146.79294650007432
666.6061222512838,158.6293298982418
667.3790726210084,160.08281805172308
668.1520229907328,146.94258959788348
668.9249733604574,144.07314747714832
669.6979237301821,138.59912592297223
670.4708740999065,167.4926165070075
671.2438244696311,158.27301109039934
672.0167748393558,169.82397089644337
672.7897252090802,162.5139782873207
673.5626755788048,153.81480701618355
674.3356259485295,145.44712400214522
675.1085763182539,160.4524471389158
675.8815266879785,170.31269054412022
676.6544770577032,159.15915720580918
677.4274274274276,150.48049464730946
678.2003777971522,146.83391901435604
678.9733281668769,162.8099166341829
679.7462785366013,150.70145507491912
680.5192289063259,170.52015083918494
681.2921792760505,168.43195037608191
682.065129645775,148.7841722637074
682.8380800154996,160.73399987251688
683.6110303852242,161.64257179836255
684.3839807549487,160.7807010839705
685.1569311246733,158.44920493598482
685.9298814943979,169.55189615768606
686.7028318641223,159.6035603065796
687.475782233847,160.86519222773057
688.2487326035716,145.44809036770764
689.021682973296,160.78532657911455
689.7946333430207,163.92825381342985
690.5675837127453,169.92628502517238
691.3405340824697,184.4770288585658
692.1134844521944,163.23498808360938
692.886434821919,162.23227599947293
693.6593851916434,165.091573398893
694.4323355613681,154.7088817953074
695.2052859310927,162.67949398007204
695.9782363008171,150.82326164891992
696.7511866705418,161.05365793091022
697.5241370402664,145.44939494264926
698.2970874099908,169.7472735172374
699.0700377797154,186.3380264462013
699.8429881494401,159.55444742207095
700.6159385191645,183.40931483637132
701.3888888888891,160.11878774580168
702.1618392586138,167.75881939640766
702.9347896283382,147.5910733597998
703.7077399980628,149.7159226030179
704.4806903677875,145.069997443527
705.2536407375119,169.19970971833732
706.0265911072365,167.32856448836816
706.7995414769609,172.69303360026979
707.5724918466856,168.83745118940377
708.3454422164102,158.49923571410972
709.1183925861346,155.40789946550996
709.8913429558593,167.5725724527726
710.6642933255839,168.8548397344263
711.4372436953083,158.30493707568473
712.210194065033,151.63480937873325
712.9831444347576,167.3371999138301
713.756094804482,176.15885594923563
714.5290451742067,163.95946701970524
715.3019955439313,183.9100167878583
716.0749459136557,162.92354888877065
716.8478962833804,158.2976633839906
717.620846653105,160.0412026869875
718.3937970228294,158.57479849559363
719.166747392554,162.83718841083493
719.9396977622787,157.68184063871422
720.7126481320031,176.85934664587376
721.4855985017277,164.26409850009156
722.2585488714524,153.90668315593135
723.0314992411768,143.0851033716429
723.8044496109014,171.27801062955228
724.5773999806261,143.38889451131917
725.3503503503505,157.2908779266927
726.1233007200751,161.1936722177566
726.8962510897998,146.53714582018694
727.6692014595242,149.3581035628245
728.4421518292488,161.18700518421466
729.2151021989735,185.60483661210296
729.9880525686979,161.18190145773173
730.7610029384225,168.29784899794146
731.5339533081471,165.82990007754395
732.3069036778716,161.1734754543623
733.0798540475962,167.73314237213896
733.8528044173208,161.16747175949942
734.6257547870453,170.836068620244
735.3987051567699,156.87867723721232
736.1716555264945,155.8519384666598
736.944605896219,161.15492976406117
737.7175562659436,146.12132840299063
738.4905066356682,168.92223833983178
739.2634570053926,161.14539906198033
740.0364073751173,157.8121389229711
740.8093577448419,151.98882701035035
741.5823081145663,162.24144958656655
742.355258484291,174.2804163041955
743.1282088540156,147.34638876255735
743.90115922374,158.59932135848763
744.6741095934647,184.32363721249487
745.4470599631893,158.9007560054356
746.2200103329137,149.0386651888951
746.9929607026384,169.3881231148607
747.765911072363,164.2288342668398
748.5388614420874,161.11235190205426
749.311811811812,155.74464623024602
750.0847621815367,153.72625909148005
750.8577125512611,155.68536429961546
751.6306629209857,183.98639606673322
752.4036132907104,150.85874054109328
753.1765636604348,155.09448069121555
753.9495140301594,169.98949033216252
754.7224643998841,187.14799791173147
755.4954147696085,150.02988938077056
756.2683651393331,161.09631093996936
757.0413155090578,159.95665756568658
757.8142658787822,149.85906969168306
758.5872162485068,161.0934761771129
759.3601666182315,179.38146658110153
760.1331169879559,150.53852068455902
760.9060673576805,157.9096425554515
761.6790177274052,153.20723809726124
762.4519680971296,165.57841541093725
763.2249184668542,152.15804821878064
763.9978688365788,156.0635434142775
764.7708192063033,159.2686293504213
765.5437695760279,161.30862647997384
766.3167199457525,161.08981540616645
767.089670315477,146.0515627825021
767.8626206852016,149.27645483154333
768.6355710549262,162.4780430788476
769.4085214246506,161.47666279979623
770.1814717943753,161.09096180419084
770.9544221640999,156.16474802416184
771.7273725338243,149.28401177727883
772.500322903549,155.77397890313733
773.2732732732736,172.3524934274867
774.046223642998,162.0660764992305
774.8191740127227,154.59893805033798
775.5921243824473,180.64498628016943
776.3650747521717,161.0962811962892
777.1380251218964,171.5400853983199
777.910975491621,142.09159194517102
778.6839258613454,147.7479641410697
779.45687623107,179.88024918908675
780.2298266007947,161.10146969813147
781.0027769705191,168.8682059703834
781.7757273402437,166.19012323407978
782.5486777099684,161.10516783365642
783.3216280796928,178.9770072539113
784.0945784494174,166.74655531745245
784.8675288191421,161.1092515489526
785.6404791888665,164.74016685823887
786.4134295585911,166.84088317806487
787.1863799283158,163.89931012936188
787.9593302980402,163.2963331264129
788.7322806677648,162.99467781219167
789.5052310374892,175.28540688369208
790.2781814072139,187.30138512938052
791.0511317769385,161.1216955154657
791.8240821466629,152.36459201636976
792.5970325163876,167.95769783636365
793.3699828861122,169.01616536638113
794.1429332558366,163.81577338125635
794.9158836255613,170.34743947263075
795.6888339952859,148.02915961218523
796.4617843650103,151.57342272434428
797.234734734735,150.36308829591337
798.0076851044596,143.56741632414176
798.780635474184,161.13941366994
799.5535858439086,169.09402149591074
800.3265362136333,146.22515535522962
801.0994865833577,173.53243222828903
801.8724369530823,172.35353381757528
802.645387322807,148.7920269583318
803.4183376925314,168.05276778215938
804.191288062256,150.83589865107857
804.9642384319807,158.74332008362836
805.7371888017051,183.70336538215454
806.5101391714297,144.10768863614882
807.2830895411544,145.70327713192643
808.0560399108788,157.20918110917748
808.8289902806034,155.62356702874968
809.6019406503281,178.97671594632433
810.3748910200525,171.41575439891477
811.1478413897771,161.16896207974779
811.9207917595018,156.83420881370884
812.6937421292262,133.83444204678779
813.4666924989508,162.65114689629158
814.2396428686754,155.780595892951
815.0125932383999,164.36891019599574
815.7855436081245,169.82975431625235
816.5584939778491,143.31808595235313
817.3314443475736,178.44105966345913
818.1043947172982,160.30422102680615
818.8773450870228,161.18566471548283
819.6502954567472,153.96115770747267
820.4232458264719,161.18866176429233
821.1961961961965,165.1696617613434
821.9691465659209,159.28284654320677
822.7420969356456,180.72265810542456
823.5150473053702,161.19420921548974
824.2879976750946,180.09094757997215
825.0609480448193,144.42855124655253
825.8338984145439,161.1979282102275
826.6068487842683,147.12055887623558
827.379799153993,161.20017307733758
828.1527495237176,163.4904618197168
828.925699893442,161.80803356537027
829.6986502631667,141.03006506642092
830.4716006328913,177.55518784614708
831.2445510026157,175.07377482751733
832.0175013723403,161.20564040151964
832.790451742065,187.19821572065194
833.5634021117894,160.82653916351975
834.336352481514,135.41086813955297
835.1093028512387,158.07612680207782
835.8822532209631,174.586892534266
836.6552035906877,161.2089359937587
837.4281539604124,149.62991911624476
838.2011043301368,161.20949173602418
838.9740546998614,170.0161222471047
839.7470050695861,182.56791794418146
840.5199554393105,160.52958493108835
841.2929058090351,164.798358233532
842.0658561787598,168.2242463007226
842.8388065484842,179.67908146896428
843.6117569182088,157.25345738517515
844.3847072879335,175.9671906626235
845.1576576576579,150.0642817739567
845.9306080273825,160.6298613171509
846.7035583971071,159.35722011407685
847.4765087668316,148.28974534645667
848.2494591365562,159.9959710684414
849.0224095062808,158.35823743128765
849.7953598760053,182.78299931911545
850.5683102457299,171.10237228500225
851.3412606154545,154.0418802711224
852.1142109851789,145.966665862067
852.8871613549036,159.92566313632275
853.6601117246282,161.19681249942354
854.4330620943526,157.1968757153935
855.2060124640773,159.4219653094395
855.9789628338019,162.8615316593815
856.7519132035263,167.96457768499954
857.524863573251,162.61166166011043
858.2978139429756,166.51035420487614
859.0707643127,165.11223616636622
859.8437146824247,185.02968058969665
860.6166650521493,161.17811540448605
861.3896154218737,154.99729827133785
862.1625657915984,169.4634353418414
862.935516161323,165.83798845490423
863.7084665310474,165.70053322583567
864.481416900772,168.4576836614711
865.2543672704967,147.1124822898251
866.0273176402211,161.15691508450465
866.8002680099457,144.64277812679723
867.5732183796704,172.17616148145146
868.3461687493948,161.14589266393327
869.1191191191194,167.55409171246671
869.8920694888441,176.28781916186628
870.6650198585685,146.85998986205365
871.4379702282931,161.12928332121152
872.2109205980175,157.01915812286182
872.9838709677422,156.25401522037197
