100.80645161290323,154.42212153364702
101.5794019826278,157.90730856886364
102.35235235235236,150.88747765044658
103.12530272207692,151.17935194000574
103.89825309180148,151.4691887767276
104.67120346152605,151.59872944922216
105.44415383125062,152.04274775685664
106.21710420097517,152.32646873286237
106.99005457069974,152.6081499212281
107.76300494042431,152.88779073825293
108.53595531014886,153.16539060023624
109.30890567987343,155.7974985540348
110.08185604959799,153.71446512427556
110.85480641932256,153.98593861893016
111.62775678904713,162.07362238138487
112.40070715877168,156.8480959502344
113.17365752849625,154.78809702902544
113.9466078982208,155.05139386209865
114.71955826794537,157.61021727382638
115.49250863766994,155.57185007060303
116.2654590073945,155.82900827863284
117.03840937711907,154.4295968929706
117.81135974684364,157.94046917519003
118.58431011656819,156.58819631342428
119.35726048629276,156.83716151625305
120.13021085601733,157.08407700852987
120.90316122574188,157.328942206554
121.67611159546645,157.50744070226384
122.449061965191,157.8125193850413
123.22201233491558,158.0512301981031
123.99496270464013,162.5059153203623
124.7679130743647,158.5224933533596
125.54086344408927,158.7550445281528
126.31381381381382,158.98554132278844
127.08676418353839,159.21398315356578
127.85971455326296,147.96121264067713
128.63266492298752,167.74924330493434
129.40561529271207,169.24174424611576
130.17856566243665,160.10718916407822
130.9515160321612,160.32534742005353
131.72446640188576,160.54144720996646
132.49741677161035,158.99820243064485
133.2703671413349,160.96746905680192
134.04331751105946,162.83912900800118
134.81626788078404,147.94008928226228
135.5892182505086,161.591048739069
136.36216862023315,161.79478547489228
137.13511898995773,161.9964596587481
137.9080693596823,162.34952252595562
138.68101972940684,166.2926305754174
139.45397009913142,162.58910106150438
140.22692046885598,158.28896858252722
140.99987083858053,162.9738718689921
141.7728212083051,169.81905667038532
142.54577157802967,162.97823883580077
143.31872194775423,163.53553121468508
144.09167231747878,163.71861616430294
144.86462268720334,158.5059969847004
145.63757305692792,165.38270533227487
146.41052342665247,164.2554583445075
147.18347379637703,164.43026623602364
147.9564241661016,164.60300340376264
148.72937453582617,164.77366926402374
149.50232490555072,168.60022238402
150.2752752752753,165.10878472730948
151.04822564499986,165.27323316293274
151.82117601472441,165.43560795627528
152.594126384449,165.59590852363652
153.36707675417355,171.52256507938606
154.1400271238981,165.91028464561197
154.9129774936227,166.06435903282483
155.68592786334725,166.2163568592535
156.4588782330718,166.36627754119732
157.23182860279638,162.47796235653945
158.00477897252094,163.28826364182896
158.7777293422455,166.80357088311249
159.55067971197008,165.73612296360102
160.32363008169463,177.02657720876192
161.0965804514192,165.09871953261583
161.86953082114377,167.35751323836868
162.64248119086832,165.9296737574191
163.41543156059288,167.6219958662567
164.18838193031743,167.75111299981327
164.961332300042,167.8781465681773
165.73428266976657,168.003095987648
166.50723303949113,175.5161000080765
167.28018340921568,168.24674004510686
168.05313377894026,168.3654335156936
168.82608414866482,158.37094710765967
169.59903451838937,168.59656042207814
170.37198488811396,174.46724418334517
171.1449352578385,160.9826122827135
171.91788562756307,168.92759193917217
172.69083599728765,169.033757752072
173.4637863670122,169.13783357907153
174.23673673673676,169.23981883647014
175.00968710646134,170.57813088468657
175.7826374761859,167.4270715309641
176.55558784591045,169.53322535405306
177.32853821563504,169.62684249604078
178.1014885853596,169.7183661499241
178.87443895508414,165.27591420159362
179.64738932480873,169.89513065857446
180.42033969453328,169.98037034594012
181.19329006425784,163.24765025555405
181.96624043398242,170.144561668249
182.73919080370695,164.13191847243075
183.51214117343153,170.30036502932327
184.2850915431561,170.3751197651456
185.05804191288064,170.44777575955723
185.83099228260522,173.7586277334402
186.6039426523298,170.58678918934538
187.37689302205433,170.65314545732056
188.14984339177892,183.86591003320987
188.92279376150347,170.7795541809295
189.69574413122803,170.83960546916185
190.4686945009526,170.89755393007857
191.24164487067716,170.92699805556802
192.01459524040172,171.00714003516225
192.7875456101263,161.01441567609854
193.56049597985086,171.10830782657493
194.3334463495754,171.15573339540288
195.1063967193,171.201052634711
195.87934708902455,173.59133557815318
196.6522974587491,171.28536978996485
197.4252478284737,176.07720248528602
198.19819819819824,171.36125462273085
198.9711485679228,164.31220462800658
199.74409893764738,171.4287024634035
200.51704930737193,171.4592610524531
201.2899996770965,171.48770864237716
202.06295004682107,171.51404464947512
202.8359004165456,171.53826849004622
203.60885078627018,163.90187688081295
204.38180115599476,171.58037733680507
205.1547515257193,171.59826117559146
205.92770189544387,161.76450349549526
206.70065226516846,171.62768476547456
207.47360263489298,178.84798962601758
208.24655300461757,165.63578139721508
209.01950337434212,171.6559511755646
209.79245374406668,174.6576130472772
210.56540411379126,165.4197659802563
211.33835448351581,171.66516080715635
212.11130485324037,176.62629923921
212.88425522296495,171.66070567970914
213.6572055926895,171.65529790033094
214.43015596241406,171.6477691989154
215.20310633213865,166.3059178737578
215.9760567018632,172.46697298703015
216.74900707158776,167.97980325956854
217.52195744131234,171.5964334988658
218.2949078110369,171.57829143175303
219.06785818076145,176.37086194873208
219.84080855048603,171.53563344110216
220.61375892021059,171.51111635016275
221.38670928993514,171.48447308387966
222.15965965965972,170.51161363076625
222.93261002938428,171.42480569047973
223.70556039910883,171.39178039596155
224.47851076883342,171.3566265912969
225.25146113855794,171.31934369278514
226.02441150828253,171.27993111672552
226.7973618780071,171.23838827941736
227.57031224773164,171.19471459716002
228.34326261745622,171.51548339094856
229.11621298718077,176.9387602768161
229.88916335690536,173.03366493603596
230.6621137266299,165.89043816255884
231.43506409635447,167.37476845778517
232.20801446607902,170.88789207244275
232.9809648358036,170.82928613192115
233.75391520552816,163.67022692897328
234.5268655752527,170.7056671235128
235.2998159449773,170.64065288822462
236.07276631470185,178.42228708086924
236.8457166844264,170.5042014221653
237.618667054151,170.43272169410832
238.39161742387554,170.3590281551576
239.1645677936001,170.28308683448677
239.93751816332468,176.06068646101554
240.71046853304924,170.12432496468065
241.4834189027738,170.17442360311128
242.25636927249835,169.95616431808068
243.02931964222293,175.4932174454062
243.80227001194748,169.77833312807778
244.57522038167204,176.9999376233759
245.34817075139662,169.59055962806272
246.12112112112118,156.43017178065966
246.89407149084573,166.65286834554752
247.66702186057032,169.28966305730972
248.43997223029487,168.97838468889248
249.21292260001943,169.07584480334904
249.985872969744,168.9648676018526
250.75882333946856,168.85003242028438
251.53177370919312,168.73460719569692
252.30472407891767,168.61525604938544
253.07767444864226,171.1082662633602
253.8506248183668,168.36794201616408
254.62357518809137,168.23991118760205
255.39652555781595,168.1089191899708
256.1694759275405,165.50368096002214
256.94242629726506,167.83791580419646
257.71537666698964,167.69783647440096
258.48832703671417,167.55466009223176
259.26127740643875,167.40835268686266
260.03422777616333,167.25888028746755
260.80717814588786,167.10620892322024
261.58012851561244,166.95030462329458
262.353078885337,166.79113341686445
263.12602925506155,177.5794813986908
263.89897962478614,166.4628544011862
264.6719299945107,166.29367865028578
265.44488036423525,167.971885747414
266.21783073395983,159.58538520536823
266.9907811036844,164.95302729760047
267.76373147340894,165.5826080403318
268.5366818431335,163.20873814463303
269.3096322128581,165.20597657997735
270.08258258258263,164.08778320177407
270.8555329523072,164.17677867483349
271.6284833220318,164.61389485163554
272.4014336917563,164.40916251546764
273.1743840614809,164.20068768122914
273.9473344312055,165.0524275623473
274.72028480093,163.7723746352359
275.4932351706546,163.55246848182878
276.2661855403792,163.32868394704653
277.0391359101037,166.3307778128937
277.8120862798283,166.2273786664529
278.5850366495529,167.61834612054668
279.3579870192774,162.3940825776429
280.130937389002,162.15039657359256
280.90388775872657,171.618686256527
281.6768381284511,158.39879166094266
282.4497884981757,161.39470944014465
283.22273886790026,161.13449078580913
283.9956892376248,153.0331675950025
284.7686396073493,160.60136523740206
285.54158997707395,160.32839040167815
286.3145403467985,160.05109556383917
287.087490716523,159.76944675305896
287.86044108624765,159.48340999851123
288.6333914559722,159.19295132937
289.4063418256967,158.89803677480907
290.17929219542134,158.59863236400224
290.95224256514587,158.29470412612346
291.7251929348704,157.9862180903465
292.49814330459503,165.38537218633562
293.27109367431956,162.35540318111117
294.0440440440441,156.2051795913337
294.81699441376867,156.7067096557567
295.58994478349325,150.3149740569914
296.3628951532178,156.04065317192888
297.13584552294236,162.20985088475354
297.90879589266694,155.41663149680386
298.68174626239147,155.01075848826625
299.45469663211605,154.65961306223866
300.22764700184064,154.3046976999073
301.00059737156516,152.26472796246833
301.77354774128975,153.58392595697217
302.54649811101433,153.21825397168774
303.31944848073886,152.84918084073857
304.09239885046344,152.47679876178412
304.865349220188,153.3848730753761
305.63829958991255,151.72247655049884
306.41124995963713,149.14630068469094
307.1842003293617,150.95602491910967
307.95715069908624,150.5684810650255
308.7301010688108,150.17818144889452
309.5030514385354,149.78521826837652
310.27600180825993,149.5669837015843
311.0489521779845,148.99167000481825
311.8219025477091,151.2422542486148
312.5948529174336,148.18857385562862
313.3678032871582,147.78367581807126
314.1407536568828,147.91042914364104
314.9137040266073,146.96764080533043
315.6866543963319,146.55668822546633
316.4596047660565,146.14390186015265
317.232555135781,137.94111080247805
318.0055055055056,145.31319656381598
318.7784558752302,144.8954620281123
319.5514062449547,144.4762624975981
320.3243566146793,144.055690169933
321.0973069844039,144.19602909445254
321.8702573541284,143.2107959137893
322.643207723853,142.78665838063006
323.41615809357756,143.46305518315046
324.1891084633021,135.62376567185797
324.9620588330266,141.5085905327199
325.73500920275126,141.3913534788369
326.5079595724758,140.01843898124713
327.2809099422003,143.74281487403195
328.05386031192495,140.11371711274603
328.8268106816495,139.42844380323885
329.599761051374,138.9353029287111
330.37271142109864,138.50526904759818
331.14566179082317,138.0751457592757
331.9186121605477,137.64502199114395
332.69156253027234,137.21498667060337
333.46451289999686,136.78512872505448
334.2374632697214,136.3555370818977
335.010413639446,141.67961242250962
335.78336400917055,135.4975084123623
336.5563143788951,135.06924924078461
337.32926474861966,134.64161208120083
338.10221511834425,134.2146858610115
338.8751654880688,132.38495748061686
339.64811585779336,133.36332194841776
340.42106622751794,132.9390621108143
341.19401659724247,132.51586892220706
341.96696696696705,132.0938313099965
342.73991733669163,131.673038201583
343.51286770641616,129.48064987826044
344.28581807614074,133.8638243080647
345.0587684458653,130.41901517312994
345.83171881558985,130.00408935390956
346.60466918531444,127.26787206031211
347.377619555039,128.27361177961808
348.15056992476354,128.76980245064652
348.9235202944881,127.22208558217184
349.6964706642127,125.06551894479664
350.46942103393724,129.7231843751833
351.2423714036618,127.15188449617526
352.0153217733864,126.75296177056275
352.78827214311093,126.3564396049533
353.5612225128355,122.18029693202513
354.3341728825601,125.5709526633453
355.1071232522846,125.18216574214767
355.8800736220092,124.78128603998024
356.6530239917338,121.79740300696723
357.4259743614583,124.03269830578571
358.1989247311829,123.65547002741023
358.9718751009075,124.76550809042955
359.744825470632,122.91043833567977
360.5177758403566,122.15762363717492
361.2907262100811,116.85049022653627
362.0636765798057,121.81778687164211
362.8366269495303,123.25996586835676
363.6095773192548,121.10698743099435
364.3825276889794,120.75714495348498
365.155478058704,120.11602544074911
365.9284284284285,117.06891007175817
366.7013787981531,119.73091362102069
367.47432916787767,119.39689830155531
368.2472795376022,119.06706209010214
369.0202299073268,118.74149391406151
369.79318027705136,118.42028270083392
370.5661306467759,120.8923556470847
371.3390810165005,117.79128687241973
372.11203138622506,113.98697186696542
372.8849817559496,117.18078602406315
373.65793212567417,116.8826935359076
374.43088249539875,116.58949157496785
375.2038328651233,101.42563244479852
375.97678323484786,122.13081887954036
376.74973360457244,115.74011812944778
377.52268397429697,115.46736755137566
378.29563434402155,115.19995213752155
379.06858471374613,114.937960815286
379.84153508347066,114.68148251206942
380.61448545319524,114.4306061552722
381.3874358229198,114.1854206722949
382.16038619264435,113.94601499053788
382.93333656236894,113.3116279357291
383.70628693209346,113.48489874028668
384.47923730181805,113.26336602659335
385.25218767154263,116.68448528462075
386.02513804126716,112.83875501184029
386.79808841099174,111.57693834219117
387.5710387807163,112.43872707950604
388.34398915044085,112.24782059271236
389.11693952016543,111.8262706340932
389.88988988989,111.88399227683132
390.66284025961454,107.18967086867372
391.4357906293391,110.17472409280722
392.2087409990637,111.3825205441545
392.98169136878823,111.22698459006851
393.7546417385128,111.07718251403885
394.5275921082374,110.93306825585744
395.3005424779619,110.79459575531621
396.0734928476865,110.66171895220702
396.8464432174111,110.53439178632188
397.6193935871356,110.41256819745264
398.3923439568602,110.29620212539128
399.1652943265848,110.18524750992964
399.9382446963093,110.0796582908597
400.7111950660339,113.5797950052337
401.4841454357585,111.85758282076984
402.257095805483,109.79462240991907
403.0300461752076,116.67303729083329
403.8029965449321,109.63058103410225
404.5759469146567,114.30281601123825
405.3488972843813,109.48689579885813
406.1218476541058,109.57118891266803
406.8947980238304,109.55151461704637
407.667748393555,109.30872965592445
408.4406987632795,109.25911982342954
409.2136491330041,109.21432266482934
409.98659950272867,109.17429211991575
410.7595498724532,109.13898212848069
411.5325002421778,109.10834663031608
412.30545061190236,108.78441695285333
413.0784009816269,105.56415421511768
413.85135135135147,109.04402649336414
414.62430172107605,109.0316283662005
415.3972520908006,109.02367443126691
416.17020246052516,109.02011862835525
416.94315283024974,107.55975664538107
417.71610319997427,109.02601717776554
418.48905356969885,109.03537940967125
419.26200393942344,109.04895553276664
420.03495430914796,109.06669948684356
420.80790467887255,109.08856521169395
421.58085504859713,109.11450664710974
422.35380541832166,110.67252015409106
423.12675578804624,104.29836047464705
423.89970615777077,107.83221301319702
424.67265652749535,109.25810829026504
425.44560689721993,109.30373737538655
426.21855726694446,109.35316580982487
426.99150763666904,112.26513454426058
427.7644580063936,109.46323648581998
428.53740837611815,109.35846429075676
429.31035874584273,109.58795183658565
430.0833091155673,108.59134753102063
430.85625948529184,109.72694338045724
431.6292098550164,110.52140436250272
432.402160224741,111.91808533616282
433.17511059446554,109.96139250469686
433.9480609641901,110.04628112085967
434.7210113339147,107.3382148154534
435.49396170363923,108.47409724103176
436.2669120733638,117.44297891084673
437.0398624430884,110.41830185370996
437.8128128128129,110.5191933029319
438.5857631825375,104.43650017990069
439.3587135522621,110.73011729913044
440.1316639219866,110.84005772569088
440.9046142917112,110.95292235761465
441.6775646614358,109.99723178904722
442.4505150311603,111.18723999671992
443.2234654008849,111.3086008834852
443.9964157706095,111.43270173478152
444.769366140334,111.55949649040076
445.5423165100586,108.0223487634055
446.3152668797831,100.73926604631359
447.0882172495077,109.23470102426555
447.8611676192323,111.19913482988177
448.6341179889568,112.23226672605796
449.4070683586814,112.3742576432451
450.18001872840597,124.3127087577702
450.9529690981305,112.89473307482744
451.7259194678551,112.81427505117215
452.49886983757966,112.96547553857616
453.2718202073042,113.11886326801418
454.04477057702877,121.92682695104322
454.81772094675335,111.18942524284343
455.5906713164779,113.59168930645167
456.36362168620246,115.03956616414972
457.13657205592705,113.91699843843196
457.9095224256516,114.08254235570442
458.68247279537616,114.24995109355436
459.45542316510074,114.41917859177367
460.22837353482527,114.59017879015428
461.00132390454985,120.00391821077771
461.77427427427443,114.93731304656703
462.54722464399896,112.15355430639327
463.32017501372354,115.29098538112795
464.0931253834481,115.4701581771938
464.86607575317265,106.25168786389017
465.63902612289723,115.83294672585572
466.41197649262176,118.0289622085789
467.18492686234634,116.08130857274749
467.9578772320709,116.38754603705323
468.73082760179545,116.57500596347461
469.50377797152004,113.42538866800514
470.2767283412446,116.83631075599372
471.04967871096915,117.14452136789228
471.82262908069373,114.0962784497205
472.5955794504183,117.52968405638453
473.36852982014284,118.00479261134547
474.1414801898674,117.01137565167059
474.914430559592,118.1147516362296
475.68738092931653,118.3115945641813
476.4603312990411,118.5093201169417
477.2332816687657,118.70791368472123
478.0062320384902,114.54710645778229
478.7791824082148,119.10764642617997
479.5521327779394,119.3087563802803
480.3250831476639,119.51067591024204
481.0980335173885,119.71339040627566
481.8709838871131,119.91688525859186
482.6439342568376,121.23334012661587
483.4168846265622,111.25652906637694
484.1898349962868,120.53190585534101
484.9627853660113,120.73837603489277
485.7357357357359,120.94555352177986
486.5086861054604,121.15342370621275
487.281636475185,121.36197197840211
488.0545868449096,121.57118372855842
488.8275372146341,121.78104434689226
489.6004875843587,121.99153922361421
490.3734379540833,109.82718501757722
491.1463883238078,124.96467580985848
491.9193386935324,122.62668330621403
492.69228906325696,124.76141161632808
493.4652394329815,123.05301614041461
494.2381898027061,123.26700976188681
495.01114017243066,123.48153537322098
495.7840905421552,123.69657836462765
496.55704091187977,123.9121241263175
497.32999128160435,124.12815804850099
498.1029416513289,116.73325292566369
498.87589202105346,128.08019371365546
499.64884239077804,121.22337766039274
500.42179276050257,127.61801950835604
501.19474313022715,125.21513872419297
501.96769349995174,125.43379480376016
502.74064386967626,125.65283677529497
503.51359423940085,125.87225002900789
504.28654460912543,126.09201995510949
505.05949497884995,126.31213194381036
505.83244534857454,126.532571385321
506.6053957182991,124.47806797066659
507.37834608802365,126.97437418761398
508.15129645774823,128.85455027952
508.92424682747276,127.41731148367292
509.69719719719734,127.639169042391
510.4701475669219,131.9889660048111
511.24309793664645,124.61262325291747
512.016048306371,126.9464531768847
512.7889986760956,117.15825694349628
513.5619490458201,128.75176155128986
514.3348994155447,134.89091020420554
515.1078497852693,129.19806803925715
515.8808001549938,129.82888510613742
516.6537505247184,129.64492462941269
517.426700894443,129.86852268833744
518.1996512641675,130.09221444344092
518.972601633892,130.31598528493367
519.7455520036167,130.53982060302636
520.5185023733412,130.76370578792944
521.2914527430657,130.98762622985342
522.0644031127904,143.48910274874467
522.8373534825149,131.4355144456066
523.6103038522394,131.65945299985685
524.3832542219641,131.88336837197033
525.1562045916886,142.80573231849442
525.9291549614131,134.9601237674177
526.7021053311378,132.5548292975956
527.4750557008623,132.77850584326745
528.2480060705868,133.0020861578553
529.0209564403115,133.22555563156973
529.793906810036,138.6760785809189
530.5668571797605,133.67210361722042
531.3398075494852,133.89515290957786
532.1127579192097,130.59811955143803
532.8857082889342,138.98612248671805
533.6586586586589,141.13201218013532
534.4316090283834,134.78551118429905
535.2045593981079,135.00756869729787
535.9775097678325,133.8590908457764
536.7504601375571,135.45095358402662
537.5234105072816,135.67225670783304
538.2963608770062,140.27946318331033
539.0693112467308,137.5645745964902
539.8422616164553,137.25967952797933
540.6152119861799,142.96142653820388
541.3881623559045,136.77439413281223
542.161112725629,139.9389917440404
542.9340630953536,137.212979612959
543.7070134650781,137.43173753393265
544.4799638348027,139.28452287204908
545.2529142045273,137.86812311287147
546.0258645742518,138.08572652091306
546.7988149439764,138.30292084138696
547.571765313701,138.6384042296074
548.3447156834255,130.18759416479574
549.1176660531501,138.27661370024123
549.8906164228747,139.1673647483701
550.6635667925992,149.62879454656104
551.4365171623238,139.5968169274488
552.2094675320484,139.81080813601858
552.9824179017729,140.02429325732632
553.7553682714974,140.23726016641012
554.5283186412221,140.44969673830823
555.3012690109466,140.66159084805878
556.0742193806711,141.28455400401643
556.8471697503958,141.08370318127012
557.6201201201203,142.97901590715267
558.3930704898448,141.44344375538395
559.1660208595695,143.55102957984332
559.938971229294,141.92088480360303
560.7119215990185,142.12864217939034
561.4848719687432,146.5351586342107
562.2578223384677,142.54222642047725
563.0307727081922,142.44117003549758
563.8037230779169,136.1247353798199
564.5766734476414,145.0815395323079
565.3496238173659,143.36133336176945
566.1225741870905,143.56435988046493
566.8955245568151,140.93335110221705
567.6684749265396,143.9682277831703
568.4414252962642,149.55436205648405
569.2143756659888,144.36910133988266
569.9873260357133,144.56838492608694
570.7602764054379,140.55330005777517
571.5332267751623,144.9645850893827
572.306177144887,145.1614774165506
573.0791275146116,145.35754840744943
573.852077884336,145.55278593711728
574.6250282540607,145.74717788059252
575.3979786237853,145.9407121129132
576.1709289935097,146.13337650911757
576.9438793632344,146.3251589442438
577.716829732959,139.23586162607367
578.4897801026834,146.7060294314147
579.2627304724081,146.8950932335358
580.0356808421327,148.9161439937154
580.8086312118571,141.42139200837914
581.5815815815818,147.45665337449955
582.3545319513064,147.64192258314836
583.1274823210308,137.7316081123642
583.9004326907555,148.00951199316643
584.6733830604801,148.19180794461207
585.4463334302045,148.37308856039968
586.2192837999291,148.55334171556748
586.9922341696538,148.73255528515372
587.7651845393782,148.9107171441965
588.5381349091028,152.37019424874228
589.3110852788275,149.2638372308046
590.0840356485519,149.43877120844627
590.8569860182765,149.6126049756973
591.629936388001,149.78532640759587
592.4028867577256,149.95692337918018
593.1758371274502,150.12738376548845
593.9487874971747,150.29669544155877
594.7217378668993,150.46484628242942
595.4946882366239,150.63182416313862
596.2676386063484,150.79761695872452
597.040588976073,158.25617444785425
597.8135393457976,151.12559879467912
598.5864897155221,150.45374086572951
599.3594400852467,144.83192579622073
600.1323904549713,151.21722036728377
600.9053408246958,157.57153420569796
601.6782911944204,143.0733290722153
602.451241564145,152.0798412635558
603.2241919338695,152.23442266975064
603.997142303594,154.23197504858658
604.7700926733187,152.53965435295444
605.5430430430432,148.93405974889185
606.3159934127677,151.5703572565212
607.0889437824924,152.98749218036815
607.8618941522169,149.31777658393924
608.6348445219414,149.72135238132438
609.4077948916661,151.91953057353595
610.1807452613906,157.0224743385861
610.9536956311151,153.70638770222538
611.7266460008398,153.84593255336574
612.4995963705643,153.9840376951849
613.2725467402888,154.1206910027209
614.0454971100135,154.731019997101
614.8184474797381,154.3895936150966
615.5913978494625,154.5218186700126
616.3643482191871,152.3206341270273
617.1372985889118,154.781755652492
617.9102489586362,152.32462679886328
618.6831993283608,156.64436758132018
619.4561496980855,155.16019643340232
620.2291000678099,155.28323760910948
621.0020504375345,162.53903523145314
621.775000807259,155.52458858385864
622.5479511769836,155.64287413297708
623.3209015467082,155.75955054153454
624.0938519164326,155.11761825253166
624.8668022861573,155.98808101980472
625.6397526558819,156.09995621520287
626.4127030256063,156.21025259094552
627.185653395331,156.31898105415965
627.9586037650556,156.42615251197205
628.73155413478,154.07816640294595
629.5045045045047,156.63586803989907
630.2774548742293,157.380478341176
631.0504052439537,156.83948643174162
631.8233556136784,156.9390364694484
632.596305983403,157.03709494451462
633.3692563531274,159.40080571312453
634.142206722852,157.22878083523307
634.9151570925767,155.88551523986868
635.6881074623011,157.4146313609118
636.4610578320257,157.5053956296785
637.2340082017504,157.41294288234218
638.0069585714748,157.6826567147008
638.7799089411994,157.76917534521016
639.5528593109241,157.8543005772208
640.3258096806485,157.9380433178596
641.0987600503731,158.02041447425344
641.8717104200978,158.1014249535292
642.6446607898222,156.27438082991392
643.4176111595468,158.25940750923382
644.1905615292715,159.65092015649364
644.9635118989959,169.01107413260848
645.7364622687205,150.37940531759438
646.5094126384452,158.55952440880804
647.2823630081696,157.3327890291535
648.0553133778942,158.70183326670752
648.8282637476188,163.57761311765196
649.6012141173433,158.83909207270182
650.3741644870679,158.86031539938588
651.1471148567925,158.97138808380595
651.920065226517,159.0357023090913
652.6930155962416,159.09880855703472
653.4659659659662,159.16071773476307
654.2389163356906,159.2214407494032
655.0118667054153,159.28098850808195
655.7848170751399,158.73825226871998
656.5577674448643,163.38821880194922
657.330717814589,159.45268931961888
658.1036681843136,151.36358094050777
658.876618554038,159.561480211496
659.6495689237627,147.45557741993628
660.4225192934873,159.66583185057252
661.1954696632117,159.7163702181277
661.9684200329364,156.47392304469085
662.741370402661,159.8142265849064
663.5143207723854,161.74428966854316
664.2872711421101,159.9078618414219
665.0602215118347,163.91255749497822
665.8331718815591,159.99736324468918
666.6061222512838,160.0405910191718
667.3790726210084,160.08281805172308
668.1520229907328,160.1240552494697
668.9249733604574,159.686923725465
669.6979237301821,160.20360376905666
670.4708740999065,160.2419369051507
671.2438244696311,160.27932383494766
672.0167748393558,160.31577546557432
672.7897252090802,160.35130270415758
673.5626755788048,160.38591645782435
674.3356259485295,160.41962763370145
675.1085763182539,160.4524471389158
675.8815266879785,160.48438588059423
676.6544770577032,147.17537519454976
677.4274274274276,160.5456647018507
678.2003777971522,160.5750265956826
678.9733281668769,160.60355135448606
679.7462785366013,157.81453418293188
680.5192289063259,160.658133095515
681.2921792760505,160.6842118919943
682.065129645775,160.70949718195268
682.8380800154996,160.73399987251688
683.6110303852242,160.75773087081384
684.3839807549487,151.4933930912803
685.1569311246733,160.8029214191136
685.9298814943979,160.82440278337006
686.7028318641223,157.85106364714235
687.475782233847,160.86519222773057
688.2487326035716,160.88452212208838
689.021682973296,160.90315667406702
689.7946333430207,162.0293810001671
690.5675837127453,164.51047558038022
691.3405340824697,160.95499734699658
692.1134844521944,160.97095960072718
692.886434821919,158.15527614634217
693.6593851916434,161.0009725950809
694.4323355613681,161.0150451499577
695.2052859310927,161.02850961947027
695.9782363008171,169.27971346926202
696.7511866705418,155.84576684968184
697.5241370402664,172.5926293653914
698.2970874099908,166.1118381979731
699.0700377797154,161.0870924360102
699.8429881494401,150.94485867224847
700.6159385191645,161.10665071451703
701.3888888888891,161.11564315768308
702.1618392586138,164.05717743801762
702.9347896283382,161.13210918747487
703.7077399980628,161.1396045883543
704.4806903677875,161.14662278939198
705.2536407375119,165.8516376988033
706.0265911072365,170.46107875439048
706.7995414769609,160.67540795273277
707.5724918466856,161.17014173766177
708.3454422164102,161.17493754639338
709.1183925861346,161.17932159804445
709.8913429558593,155.22211974246486
710.6642933255839,159.33072951612448
711.4372436953083,161.19011228178263
712.210194065033,161.19295837637992
712.9831444347576,161.19544724953101
713.756094804482,161.1975898083627
714.5290451742067,161.19939696000185
715.3019955439313,164.95683490324853
716.0749459136557,161.20204867021005
716.8478962833804,161.20291504303285
717.620846653105,160.01689883950058
718.3937970228294,161.20378335975013
719.166747392554,161.20380711789838
719.9396977622787,161.20357181874215
720.7126481320031,161.2030883694084
721.4855985017277,161.20236767702391
722.2585488714524,161.20142064871553
723.0314992411768,161.20025819161023
723.8044496109014,161.1988912128348
724.5773999806261,172.50643407063876
725.3503503503505,161.19558731878112
726.1233007200751,161.1936722177566
726.8962510897998,169.8964657570905
727.6692014595242,166.40431075432602
728.4421518292488,161.18700518421466
729.2151021989735,161.18451195330078
729.9880525686979,161.18190145773173
730.7610029384225,157.3045427152307
731.5339533081471,161.1763723011356
732.3069036778716,161.1734754543623
733.0798540475962,161.17050497144126
733.8528044173208,161.16747175949942
734.6257547870453,161.16438672566366
735.3987051567699,159.13897209882057
736.1716555264945,161.15810482081764
736.944605896219,161.15492976406117
737.7175562659436,161.15174651391825
738.4905066356682,161.14856597751563
739.2634570053926,152.94079499095307
740.0364073751173,161.14225667443912
740.8093577448419,161.1391497220189
741.5823081145663,156.19416389643402
742.355258484291,161.13308575104895
743.1282088540156,161.1301505467529
743.90115922374,161.1272944060853
744.6741095934647,161.124528236173
745.4470599631893,149.59758467829874
746.2200103329137,161.1193093645855
746.9929607026384,161.11687375348487
747.765911072363,161.11455513664163
748.5388614420874,161.11235190205426
749.311811811812,161.1102624377216
750.0847621815367,161.32857961182248
750.8577125512611,161.1064183718148
751.6306629209857,161.1046605462382
752.4036132907104,166.25078896617114
753.1765636604348,161.1014652498317
753.9495140301594,166.76600263698518
754.7224643998841,163.68889848904342
755.4954147696085,159.2710078711018
756.2683651393331,161.09631093996936
757.0413155090578,171.71945052127907
757.8142658787822,161.09432613449235
758.5872162485068,161.0934761771129
759.3601666182315,161.09271903397092
760.1331169879559,160.63502822105158
760.9060673576805,161.92189705497262
761.6790177274052,161.09098836995724
762.4519680971296,161.09058636375235
763.2249184668542,161.0902691117785
763.9978688365788,160.3724430047521
764.7708192063033,161.08988242251837
765.5437695760279,161.08980976122956
766.3167199457525,161.08981540616645
767.089670315477,161.08989774532773
767.8626206852016,161.09005516671215
768.6355710549262,161.09028605831836
769.4085214246506,150.30941352163555
770.1814717943753,161.09096180419084
770.9544221640999,160.70433618010412
771.7273725338243,161.09191208693466
772.500322903549,161.09248614963005
773.2732732732736,162.35445634991802
774.046223642998,161.09382405766124
774.8191740127227,161.09458467899435
775.5921243824473,161.09540426253747
776.3650747521717,161.0962811962892
777.1380251218964,161.09721386824825
777.910975491621,161.0982006664133
778.6839258613454,159.2145909178852
779.45687623107,161.1003301933562
780.2298266007947,161.10146969813147
781.0027769705191,161.10265688110744
781.7757273402437,158.68161457719737
782.5486777099684,161.10516783365642
783.3216280796928,161.10648837922676
784.0945784494174,161.10785015499258
784.8675288191421,157.7290541585193
785.6404791888665,161.11069094910553
786.4134295585911,161.11216674345
787.1863799283158,161.11367731998467
787.9593302980402,156.17062857463762
788.7322806677648,162.67440629061753
789.5052310374892,161.11840162271704
790.2781814072139,159.1504494790123
791.0511317769385,161.1216955154657
791.8240821466629,161.1233809331142
792.5970325163876,163.0813261108054
793.3699828861122,161.12682065095305
794.1429332558366,161.89784331670762
794.9158836255613,163.45563551484034
795.6888339952859,163.97287229702346
796.4617843650103,161.1339304807612
797.234734734735,154.63177861582656
798.0076851044596,162.26929828818376
798.780635474184,161.13941366994
799.5535858439086,166.2483219052958
800.3265362136333,161.1431167669074
801.0994865833577,161.14497777064162
801.8724369530823,161.1468429285412
802.645387322807,161.14871062860465
803.4183376925314,161.15057925883076
804.191288062256,161.1524472072182
804.9642384319807,165.6512619078165
805.7371888017051,161.15617461047174
806.5101391714297,161.15803084133526
807.2830895411544,161.15987994235485
808.0560399108788,161.1617203015292
808.8289902806034,166.25853806661573
809.6019406503281,161.16536834633686
810.3748910200525,161.16717280796757
811.1478413897771,164.58780350771983
811.9207917595018,163.52761811968105
812.6937421292262,161.1724886057514
813.4666924989508,161.1742226359722
814.2396428686754,161.17593502833722
815.0125932383999,156.41474473262076
815.7855436081245,161.17928845149476
816.5584939778491,150.34117492494772
817.3314443475736,163.54576844571346
818.1043947172982,166.18080252430605
818.8773450870228,161.18566471548283
819.6502954567472,165.0606242050924
820.4232458264719,157.77192053211544
821.1961961961965,161.19010687589636
821.9691465659209,174.9523162033094
822.7420969356456,161.1928822134964
823.5150473053702,161.19420921548974
824.2879976750946,161.1954936236103
825.0609480448193,158.29592777326042
825.8338984145439,161.1979282102275
826.6068487842683,161.19907516472162
827.379799153993,161.20017307733758
828.1527495237176,161.20122033607413
828.925699893442,161.20221532892998
829.6986502631667,159.49782481577827
830.4716006328913,161.20404206899417
831.2445510026157,161.20487059219985
832.0175013723403,161.20564040151964
832.790451742065,161.2063498849521
833.5634021117894,154.3367997402629
834.336352481514,161.20758142614977
835.1093028512387,161.20810025991244
835.8822532209631,161.20855231978248
836.6552035906877,161.2089359937587
837.4281539604124,161.20924966983966
838.2011043301368,161.20949173602418
838.9740546998614,161.20966058031084
839.7470050695861,160.65363955169852
840.5199554393105,161.20977215518545
841.2929058090351,161.2097116617708
842.0658561787598,161.96945478464738
842.8388065484842,161.20935005323088
843.6117569182088,161.209045714103
844.3847072879335,161.20865686906814
845.1576576576579,161.20818190612493
845.9306080273825,157.87038626839717
846.7035583971071,161.20696717850822
847.4765087668316,160.4797340193364
848.2494591365562,162.21143648581636
849.0224095062808,161.20445890273783
849.7953598760053,161.203433380317
850.5683102457299,157.20219992278402
851.3412606154545,161.20108851772142
852.1142109851789,161.19976595354402
852.8871613549036,159.2826301483762
853.6601117246282,161.19681249942354
854.4330620943526,162.53436216619815
855.2060124640773,159.15669735802987
855.9789628338019,175.17042775019905
856.7519132035263,161.18962715208266
857.524863573251,161.18755507042732
858.2978139429756,161.18536946684134
859.0707643127,161.1830687293233
859.8437146824247,161.18065124587199
860.6166650521493,161.17811540448605
861.3896154218737,161.1754595931642
862.1625657915984,161.17268219990504
862.935516161323,171.98801884607553
863.7084665310474,160.93029764438333
864.481416900772,151.76024873464337
865.2543672704967,161.16032456746973
866.0273176402211,161.15691508450465
866.8002680099457,163.57164549518765
867.5732183796704,161.14970074473771
868.3461687493948,161.14589266393327
869.1191191191194,161.14194849317974
869.8920694888441,164.93933894987143
870.6650198585685,161.13364543382013
871.4379702282931,159.18844124762512
872.2109205980175,155.61102817607872
872.9838709677422,159.97827677300845
