59.4758064516129,218.0126921657229
60.33553715005327,202.32942593476935
61.19526784849365,192.06160393899805
62.05499854693402,185.0562370046184
62.9147292453744,193.16408922895047
63.774459943814776,190.79422580010902
64.63419064225515,195.00385453995557
65.49392134069552,188.56817084735138
66.35365203913591,210.99274505681907
67.21338273757628,212.8073111445733
68.07311343601665,210.95479445347652
68.93284413445703,209.3495110578403
69.7925748328974,207.4823914721817
70.65230553133779,182.00057355514375
71.51203622977816,203.07402072549908
72.37176692821853,204.8917635231604
73.2314976266589,214.49699724516861
74.0912283250993,190.85197451370996
74.95095902353967,200.49105691858875
75.81068972198004,200.827917600549
76.67042042042041,193.77148905675318
77.5301511188608,185.9462785163089
78.38988181730117,194.56218410301707
79.24961251574155,209.29642365333237
80.10934321418192,205.73578094265824
80.96907391262229,185.8695637477913
81.82880461106268,203.98869521957602
82.68853530950305,191.28380575804792
83.54826600794343,191.63524970363275
84.4079967063838,210.98786895865146
85.26772740482417,189.90780613398766
86.12745810326456,200.2140406197101
86.98718880170493,200.2161167127741
87.8469195001453,204.16600413166782
88.70665019858568,204.04733211221202
89.56638089702605,206.4689271495535
90.42611159546644,200.22078262062539
91.28584229390681,213.17477448231062
92.14557299234718,194.9226897874147
93.00530369078756,210.66078887999058
93.86503438922793,197.8969989851389
94.72476508766832,194.89873879923258
95.58449578610869,198.86399008777926
96.44422648454906,208.02628159530636
97.30395718298945,188.75090383741815
98.16368788142981,200.29120987846014
99.0234185798702,199.78094663243112
99.88314927831057,200.2936732998478
100.74287997675094,193.937869252878
101.60261067519133,200.293096407569
102.46234137363169,200.29174520361246
103.32207207207207,197.9801937167664
104.18180277051245,196.49274025057542
105.04153346895282,199.70803942294518
105.90126416739321,185.15540102756364
106.76099486583357,197.67936381801314
107.62072556427395,200.27070883759086
108.48045626271433,182.73194029703603
109.3401869611547,203.74110340798853
110.19991765959509,199.07755575706855
111.05964835803545,200.960795202211
111.91937905647583,189.68065373245844
112.7791097549162,182.8511462592902
113.63884045335658,200.23345873169802
114.49857115179697,200.23009191377756
115.35830185023732,194.54121960456638
116.21803254867771,187.33490848755656
117.07776324711809,208.011395743979
117.93749394555846,200.4826770652295
118.79722464399885,200.23383306416181
119.65695534243922,200.24012280635523
120.51668604087959,184.02817958711128
121.37641673931996,187.34651489719067
122.23614743776034,183.76853965697694
123.09587813620072,190.9476993606518
123.9556088346411,212.22750385451818
124.81533953308147,205.94121060171346
125.67507023152184,200.35457030631449
126.53480092996222,208.53252474427123
127.3945316284026,207.39624300047845
128.254262326843,218.39985236904602
129.11399302528335,200.4641351329455
129.9737237237237,204.53722176925007
130.8334544221641,192.59338975930223
131.69318512060448,189.794106631006
132.55291581904487,216.31601717803562
133.41264651748523,200.6171115065385
134.2723772159256,191.1833046764533
135.13210791436597,213.206791524423
135.99183861280636,213.52274899618362
136.85156931124675,201.4106254952537
137.7113000096871,194.20989462398305
138.57103070812747,199.24484890957444
139.43076140656785,198.32102267886063
140.29049210500824,191.11317540875766
141.15022280344863,196.60497498460262
142.009953501889,181.23172013364552
142.86968420032935,196.06076068382387
143.72941489876973,209.53273494148573
144.58914559721012,205.52339435106944
145.4488762956505,204.84150062189403
146.30860699409087,200.80490070398304
147.16833769253125,191.52839316800353
148.0280683909716,185.4302796317409
148.887799089412,209.60176105008586
149.7475297878524,200.57740660643998
150.60726048629274,193.35738680025514
151.46699118473313,190.87676096613708
152.3267218831735,212.22296999913408
153.18645258161388,199.41674716890068
154.04618328005427,189.3106544607264
154.90591397849462,195.8334539710422
155.765644676935,199.5551277142637
156.62537537537537,203.37018869362987
157.48510607381576,187.02042489228805
158.34483677225614,202.45998046643038
159.2045674706965,192.46174942718002
160.0642981691369,198.4569442492116
160.92402886757725,210.72898197533965
161.78375956601764,206.6890877109236
162.64349026445802,180.24755205723386
163.5032209628984,179.5802133761326
164.36295166133877,202.89000012597816
165.22268235977913,208.68769896814575
166.08241305821952,186.73782755119035
166.9421437566599,194.72798933745113
167.8018744551003,192.24880126697042
168.66160515354065,194.72424904733137
169.521335851981,188.74821633288903
170.3810665504214,186.04374146749038
171.24079724886178,201.2784234555059
172.10052794730217,194.1600175590399
172.96025864574253,184.30282072848777
173.8199893441829,192.56931445898198
174.67972004262327,187.53378678419776
175.53945074106366,180.95301596961673
176.39918143950405,199.52690854556343
177.2589121379444,188.74447651107423
178.11864283638477,181.7444531466778
178.97837353482515,189.2622072033173
179.83810423326554,186.53208713666174
180.69783493170593,185.99823312406417
181.55756563014629,179.88045679196196
182.41729632858664,184.7694976764807
183.27702702702703,168.7183512001311
184.13675772546742,169.82279610108924
184.9964884239078,176.92507772392517
185.85621912234816,168.6164652184637
186.71594982078852,170.63753383761656
187.5756805192289,178.34980087429523
188.4354112176693,173.78100740423895
189.29514191610966,189.21276499147976
190.15487261455004,192.5516158498405
191.01460331299043,183.74075947793585
191.8743340114308,170.0299896208633
192.73406470987118,168.94686524576866
193.59379540831154,184.09150747266494
194.45352610675192,189.86584488676618
195.3132568051923,180.80854595551614
196.17298750363267,190.43194940037029
197.03271820207306,184.66237770833814
197.89244890051341,171.28607074690868
198.7521795989538,182.76122077856112
199.6119102973942,174.615753722471
200.47164099583455,170.33467338910242
201.33137169427494,180.54241768067158
202.19110239271532,178.1035571461838
203.05083309115568,185.51051463015952
203.91056378959607,182.26850736143444
204.77029448803643,178.1065179841742
205.63002518647681,192.8302980237754
206.4897558849172,186.8671553553902
207.34948658335756,174.45688903966675
208.20921728179795,174.81913283887434
209.0689479802383,191.81674476031566
209.9286786786787,174.38943052307047
210.78840937711908,191.14003835176075
211.64814007555944,186.5495224305477
212.50787077399983,192.74749624003692
213.36760147244019,197.6891777419895
214.22733217088057,191.99427720567476
215.08706286932096,179.99301899567308
215.94679356776132,187.13665200747582
216.8065242662017,203.44658397509608
217.66625496464206,179.4992690974054
218.52598566308245,195.59644463218442
219.38571636152284,188.8656847678436
220.2454470599632,188.8118651081687
221.10517775840358,184.66044544293044
221.96490845684394,178.59257399116086
222.82463915528433,188.56274503486912
223.68436985372472,198.69334894623762
224.54410055216508,195.98305537779552
225.40383125060546,200.2795650254967
226.26356194904582,201.2243755418085
227.1232926474862,193.20185601361246
227.9830233459266,189.37050070664753
228.84275404436696,199.70902241051502
229.70248474280734,188.41639252714876
230.5622154412477,207.07106977336136
231.4219461396881,187.37730930164264
232.28167683812848,197.1437166807866
233.14140753656883,187.00382764666867
234.00113823500922,202.65987929386816
234.8608689334496,210.15130994756097
235.72059963188997,199.065274173307
236.58033033033036,208.33103521847124
237.4400610287707,202.03840030884376
238.2997917272111,209.0791156346662
239.1595224256515,209.692343992303
240.01925312409185,197.11367490615265
240.87898382253223,211.0224502882843
241.7387145209726,199.2947859911399
242.59844521941298,205.95542640413976
243.45817591785337,200.26253336796537
244.31790661629373,189.302022995477
245.1776373147341,200.17340324757876
246.03736801317447,198.3583287668618
246.89709871161486,203.60043782819554
247.75682941005525,199.96245232447686
248.6165601084956,197.01040129251024
249.476290806936,196.17673058183598
250.33602150537635,189.22110336645244
251.19575220381674,208.29233080279073
252.05548290225713,189.1246355971023
252.91521360069748,202.63779080859584
253.77494429913787,216.50205378508906
254.63467499757823,199.87803047422406
255.49440569601862,203.17264420098508
256.35413639445903,198.98867538096033
257.21386709289936,204.5007731630938
258.07359779133975,200.52956720436666
258.93332848978014,190.07202999903507
259.79305918822047,192.30051917604195
260.6527898866609,191.44494071676408
261.51252058510124,200.69058773724896
262.37225128354163,202.17399975163698
263.231981981982,192.10861460727415
264.09171268042235,209.04154020985544
264.9514433788628,200.321319381899
265.8111740773031,193.54929372827033
266.6709047757435,193.64792146029075
267.5306354741839,200.3347444341348
268.3903661726242,197.6559123587367
269.25009687106467,200.31976482402072
270.109827569505,201.43554413061923
270.9695582679454,200.29698210022732
271.8292889663858,208.61200300621059
272.6890196648261,200.27611677898688
273.54875036326655,206.7646155710157
274.4084810617069,216.8402065692978
275.26821176014727,183.51356123010208
276.12794245858765,211.87481569915664
276.987673157028,203.22402703244487
277.84740385546843,199.1763639639299
278.70713455390876,194.32327813534607
279.56686525234915,204.17284252620448
280.42659595078953,189.41937938086573
281.28632664922986,188.61755947993572
282.1460573476703,206.26557456069798
283.00578804611064,196.01354282668757
283.865518744551,200.542247041323
284.7252494429914,214.42150100155038
285.58498014143174,210.53614635545372
286.4447108398722,191.2677015347223
287.3044415383125,200.6875723739831
288.1641722367529,191.83351752276945
289.0239029351933,202.41008075983453
289.8836336336336,195.0789550508324
290.74336433207407,199.12667226866722
291.6030950305144,203.53153289983857
292.4628257289548,199.2123994621864
293.32255642739517,205.29472723507146
294.1822871258355,210.50948374464596
295.04201782427594,196.1344895276779
295.9017485227163,198.6446515510096
296.76147922115666,191.84711160988897
297.62120991959705,196.91907563870063
298.4809406180374,200.67877008098574
299.3406713164778,185.90262946671317
300.20040201491815,209.52786930415047
301.06013271335854,191.18260434978478
301.91986341179893,200.46395864893267
302.77959411023926,200.4022209886559
303.6393248086797,200.26610109523367
304.49905550712003,208.1991730962521
305.3587862055604,200.21056550318983
306.2185169040008,197.01839138351758
307.07824760244114,197.4091379080012
307.9379783008816,213.1060493486566
308.7977089993219,202.73238171511636
309.6574396977623,199.91781850661584
310.5171703962027,205.59998679441995
311.376901094643,187.2338400349595
312.23663179308346,195.0918784910003
313.0963624915238,212.77851108928112
313.9560931899642,199.7453644373577
314.81582388840457,210.27093911154893
315.6755545868449,205.10427002488362
316.53528528528534,201.5944670284892
317.39501598372567,199.67147431675218
318.2547466821661,191.80498919028778
319.11447738060644,199.43549501283456
319.9742080790468,200.9056071025614
320.8339387774872,189.8394522132696
321.69366947592755,198.96442887890203
322.553400174368,193.90158731715863
323.4131308728083,194.06727300070327
324.27286157124865,195.92088982566972
325.1325922696891,190.13187925938604
325.99232296812943,209.38386388344725
326.8520536665699,186.65948167963873
327.7117843650102,189.11780660671567
328.57151506345053,195.9901915271903
329.431245761891,189.4322183556454
330.2909764603313,181.98883801582795
331.15070715877175,203.0908061031314
332.0104378572121,199.38231342655982
332.8701685556524,200.6103131032365
333.72989925409286,197.71425364437553
334.5896299525332,181.16617338472895
335.44936065097363,198.36254159815252
336.30909134941396,200.33682362836817
337.1688220478543,213.81323205807578
338.02855274629474,215.4458444375075
338.88828344473507,202.8359268990487
339.7480141431755,206.4061533624031
340.60774484161584,209.1896936331105
341.46747554005617,198.88006945322138
342.3272062384966,199.51985662198382
343.18693693693695,205.18698958547014
344.0466676353774,211.66485465445234
344.9063983338177,200.9873741546512
345.76612903225805,192.36015504874769
346.6258597306985,195.27812453334934
347.4855904291388,198.7617263313225
348.34532112757927,184.04575749146193
349.2050518260196,181.86556914824783
350.06478252445993,194.03393074778828
350.9245132229004,186.84746981682085
351.7842439213407,192.64970149677882
352.64397461978115,194.51527890211182
353.5037053182215,191.0455082644785
354.3634360166618,190.38034407852317
355.22316671510225,200.4211246534394
356.0828974135426,204.43136022789423
356.942628111983,188.65163066312525
357.80235881042336,193.23885330107038
358.6620895088637,193.451224439256
359.52182020730413,174.5299539376577
360.38155090574446,180.77988449061883
361.2412816041849,188.16610506738044
362.10101230262524,197.2072472567298
362.96074300106557,195.50370307078754
363.820473699506,194.85528016772616
364.68020439794634,196.1189203352061
365.5399350963868,188.6854420658501
366.3996657948271,174.2541310065546
367.25939649326745,195.37151312039757
368.1191271917079,183.03497659898687
368.9788578901482,194.79708664700817
369.83858858858866,183.83927610084586
370.698319287029,172.06604761249187
371.5580499854693,178.00479349670644
372.41778068390977,183.26818002519187
373.2775113823501,170.89502095440298
374.13724208079054,170.42963496899924
374.9969727792309,184.42024463556388
375.8567034776712,193.61408370893514
376.71643417611165,168.49438672969353
377.576164874552,187.46663678565255
378.4358955729924,167.10408604054848
379.29562627143275,180.74362315114237
380.1553569698731,169.28445213194524
381.0150876683135,184.16220695220738
381.87481836675386,191.0328115276577
382.7345490651943,187.2422312600978
383.59427976363463,199.52618306423858
384.45401046207496,192.24907034820797
385.3137411605154,189.6071929756553
386.17347185895574,200.27263673802392
387.0332025573962,197.97161047314844
387.8929332558365,192.22614171098772
388.75266395427684,189.93311868519103
389.6123946527173,168.4222660454268
390.4721253511576,197.50751554393278
391.33185604959806,187.64423914757054
392.1915867480384,185.88610294783985
393.0513174464787,182.12942672173767
393.91104814491916,186.3077711272451
394.7707788433595,177.05473311024755
395.63050954179994,174.87011276476517
396.49024024024027,174.69664640159826
397.3499709386806,187.10944554962964
398.20970163712104,187.29819538650304
399.0694323355614,187.4851216741245
399.9291630340018,194.48522297874692
400.78889373244215,185.34846207338623
401.6486244308825,197.98822523775195
402.5083551293229,192.2285405150495
403.36808582776325,179.79809617663
404.2278165262037,175.88965049751167
405.087547224644,202.5795287276296
405.94727792308447,197.88675688561096
406.8070086215248,180.8029230977923
407.66673931996513,201.40380460351716
408.5264700184056,184.7117040344376
409.3862007168459,202.54107446686848
410.24593141528635,197.1568805864757
411.1056621137267,181.73506189426186
411.965392812167,183.1911988394931
412.82512351060745,191.9987810551168
413.6848542090478,199.17100960862166
414.54458490748823,193.94931560317596
415.40431560592856,184.9813856316098
416.2640463043689,191.48186346147878
417.12377700280933,193.93437570928666
417.98350770124966,187.11624981684
418.8432383996901,189.13562326885275
419.70296909813044,209.57957064845033
420.56269979657077,197.5239805090328
421.4224304950112,198.57778767346102
422.28216119345154,188.11006069466816
423.141891891892,189.4955691950935
424.0016225903323,193.9396572930139
424.86135328877265,204.42205027250424
425.7210839872131,204.5722697470538
426.5808146856534,197.6700064963871
427.44054538409387,211.4151685787204
428.3002760825342,201.42024661379088
429.1600067809745,190.83807394751886
430.01973747941497,202.62093003324793
430.8794681778553,208.4234190455191
431.73919887629575,207.67383442974452
432.5989295747361,190.00324048008798
433.4586602731764,194.85413409180268
434.31839097161685,218.94336711851554
435.1781216700572,209.8558909685399
436.0378523684976,189.8860630698578
436.89758306693795,185.5520677334711
437.7573137653783,199.13721801653256
438.61704446381873,201.26785010534505
439.47677516225906,210.4911623841747
440.3365058606995,193.08281034076754
441.19623655913983,187.6280140044317
442.05596725758016,201.4070691212062
442.9156979560206,211.43649033294577
443.77542865446094,192.10375356344127
444.6351593529014,198.86675415703633
445.4948900513417,192.46671413124872
446.35462074978204,201.73256162984512
447.2143514482225,194.01032175479259
448.0740821466628,201.8586323243235
448.93381284510326,200.18584473954533
449.7935435435436,198.61471818839067
450.6532742419839,191.87513780581756
451.51300494042437,202.01021188387446
452.3727356388647,202.0147621294142
453.23246633730514,202.1164299542746
454.09219703574547,191.95408764567435
454.9519277341858,216.77031516460576
455.81165843262625,205.13369083737462
456.6713891310666,183.9945861289368
457.531119829507,200.84606233842516
458.39085052794735,203.12411545835565
459.2505812263877,206.84752226331133
460.1103119248281,214.80764491555914
460.97004262326845,201.0107726318464
461.8297733217089,208.99850348089575
462.68950402014923,195.52634302423945
463.54923471858956,189.6307117939235
464.40896541703,200.80964262073147
465.26869611547033,191.45883292899407
466.1284268139108,203.98095177463136
466.9881575123511,209.85037465298333
467.84788821079144,200.49905545317773
468.7076189092319,202.27431979220012
469.5673496076722,200.33502894200154
470.42708030611266,195.56424318100767
471.286811004553,203.8008117666219
472.1465417029933,197.8450997920147
473.00627240143376,196.66746422765678
473.8660030998741,209.50159615331881
474.72573379831454,193.05307924227515
475.58546449675487,193.75976530399086
476.4451951951952,201.28556038752103
477.30492589363564,200.32032758702047
478.16465659207597,197.46563034560043
479.0243872905164,211.0696292872347
479.88411798895675,200.2060124322531
480.7438486873971,199.54553733615015
481.6035793858375,215.71985986106662
482.46331008427785,205.6643619315001
483.3230407827183,184.02645664453024
484.1827714811586,187.75425073039196
485.04250217959896,188.45208409104092
485.9022328780394,201.73618412241888
486.76196357647973,209.9574817991163
487.6216942749202,206.86915845348508
488.4814249733605,201.2643920655752
489.34115567180083,201.07099231147677
490.2008863702413,193.32112014090427
491.0606170686816,193.26407191126566
491.92034776712205,208.05219219269034
492.7800784655624,212.60309444108918
493.6398091640027,193.0485110007958
494.49953986244316,218.6962209719622
495.3592705608835,200.9991551808248
496.21900125932393,185.32519432871518
497.07873195776426,213.23944024666486
497.9384626562046,186.01870075880325
498.79819335464504,186.7751711751445
499.65792405308537,195.86843506036783
500.5176547515258,200.08578767856218
501.37738544996614,194.2481454444705
502.23711614840647,205.2723925014047
503.0968468468469,191.41287353574927
503.95657754528725,208.39472956363835
504.8163082437277,216.39720027787894
505.676038942168,204.29537079737398
506.53576964060835,196.75967657243524
507.3955003390488,211.40798628329162
508.2552310374891,203.63103549652746
509.11496173592957,197.54648078793923
509.9746924343699,193.94860711398957
510.83442313281023,200.9566730615807
511.6941538312507,198.79468525274487
512.553884529691,187.62357338024967
513.4136152281314,192.7400909032418
514.2733459265718,208.9723250342584
515.1330766250121,186.8436214866812
515.9928073234526,204.52489492941936
516.8525380218929,194.5086475868285
517.7122687203333,193.42490909499753
518.5719994187737,197.79551556307246
519.431730117214,213.58755328981522
520.2914608156544,207.88152819552062
521.1511915140948,206.0719356665092
522.0109222125352,199.12117741408127
522.8706529109755,191.70751034793298
523.7303836094159,189.12507221883178
524.5901143078563,197.58831635824004
525.4498450062966,198.04981144538243
526.3095757047371,185.07496599257286
527.1693064031774,192.51768525725467
528.0290371016177,199.49540083679216
528.8887678000582,180.13294201446
529.7484984984985,208.60392581261843
530.608229196939,192.32525671940476
531.4679598953793,186.92963466602347
532.3276905938197,189.94003358266048
533.1874212922601,203.5221484671124
534.0471519907004,196.17076463298082
534.9068826891408,180.76095433316692
535.7666133875812,189.6253040328952
536.6263440860216,171.07098671966492
537.486074784462,187.28199912881774
538.3458054829023,195.65473410646123
539.2055361813427,194.99282161411284
540.065266879783,200.94140218776724
540.9249975782235,191.9071528330107
541.7847282766638,180.95138306096115
542.6444589751042,200.3696721616184
543.5041896735446,179.24900610931994
544.3639203719849,171.91157608251578
545.2236510704254,187.29133698864106
546.0833817688657,181.57293355705707
546.943112467306,176.669121526459
547.8028431657465,202.19647014369895
548.6625738641868,197.5838345991441
549.5223045626273,184.62127959136
550.3820352610676,179.47678661969957
551.2417659595079,182.0729951747492
552.1014966579484,192.05925840256677
552.9612273563887,189.81063934796
553.8209580548291,200.56266306113403
554.6806887532695,171.01297590138287
555.5404194517098,183.96023265565844
556.4001501501502,195.8503541719554
557.2598808485906,193.54633642623935
558.119611547031,179.00418063144537
558.9793422454713,175.0839196228421
559.8390729439117,196.8901251074389
560.6988036423521,200.29209518073597
561.5585343407924,194.02074167716214
562.4182650392329,187.33998637103156
563.2779957376732,193.06972269621485
564.1377264361136,166.00478402372343
564.997457134554,200.61174733469005
565.8571878329943,185.8524436458669
566.7169185314348,189.84697981469785
567.5766492298751,185.09288408038043
568.4363799283154,197.05689444255492
569.2961106267559,183.96032878483268
570.1558413251962,196.09772349642262
571.0155720236367,185.7110003948855
571.875302722077,202.4670092626847
572.7350334205174,180.60450862921604
573.5947641189578,175.65917768127983
574.4544948173981,197.11872698295898
575.3142255158385,177.21753020832628
576.1739562142789,192.761963922835
577.0336869127193,198.00517034343875
577.8934176111596,190.79634830033746
578.7531483096,180.81396449371584
579.6128790080404,194.75090600285148
580.4726097064807,199.4614813978644
581.3323404049212,178.98027730047204
582.1920711033615,198.10012486537192
583.0518018018018,183.72183805896523
583.9115325002423,197.07195213604138
584.7712631986826,208.55542009396362
585.6309938971231,184.72590048415208
586.4907245955634,190.1494806317396
587.3504552940037,204.1976693050109
588.2101859924442,201.69512173346976
589.0699166908845,191.69113804544713
589.9296473893249,196.1109474824886
590.7893780877653,203.7262898198962
591.6491087862056,196.91040896393224
592.508839484646,191.216680794879
593.3685701830864,198.46798949820405
594.2283008815268,199.551922922387
595.0880315799672,198.47197168011826
595.9477622784075,198.734784683324
596.8074929768479,198.92812326003244
597.6672236752883,210.19087730315047
598.5269543737287,196.29878646753377
599.386685072169,188.29111506648147
600.2464157706094,193.4534647041299
601.1061464690498,199.5105770364723
601.9658771674901,199.56301180823306
602.8256078659306,199.64948229967442
603.6853385643709,212.53951877147122
604.5450692628112,200.12887240919034
605.4047999612517,194.52894823891398
606.264530659692,195.20843766965007
607.1242613581325,204.26759004615897
607.9839920565728,200.09910313686055
608.8437227550131,196.92068717420796
609.7034534534536,195.79201465662868
610.5631841518939,189.18481534579962
611.4229148503343,207.00033984238286
612.2826455487747,200.3890944789785
613.142376247215,215.2803628458453
614.0021069456554,205.12200271024835
614.8618376440958,182.53521907932767
615.7215683425362,182.1939823781845
616.5812990409765,208.53398001233353
617.4410297394169,191.60710511843394
618.3007604378573,209.0263169914919
619.1604911362977,194.07013594617374
620.0202218347381,209.69452839477984
620.8799525331784,188.16683077319325
621.7396832316188,200.79084301997088
622.5994139300592,189.12821229885003
623.4591446284995,206.46290183717934
624.31887532694,206.53433748784116
625.1786060253803,204.7579594891123
626.0383367238207,196.8147001916883
626.8980674222611,184.8402575989031
627.7577981207014,217.46539304481166
628.6175288191419,201.59370680525038
629.4772595175822,193.1111771108179
630.3369902160226,214.42066505355177
631.196720914463,192.6400357192835
632.0564516129033,200.91474498219193
632.9161823113437,197.293901548329
633.7759130097841,195.01444229707795
634.6356437082245,185.84929985557847
635.4953744066648,200.88737377433483
636.3551051051052,191.43747011407729
637.2148358035456,194.61885832146586
638.0745665019859,189.30660234849776
638.9342972004264,189.81420255783718
639.7940278988667,211.09979899381963
640.653758597307,213.58639656449228
641.5134892957475,218.13812071249762
642.3732199941878,216.00936257447918
643.2329506926283,200.7043992889515
644.0926813910686,214.10415437331977
644.9524120895089,200.6459896454916
645.8121427879494,211.47933274015952
646.6718734863897,194.82619129005582
647.5316041848301,204.09259288561736
648.3913348832705,196.0063141782901
649.2510655817108,210.04398941295216
650.1107962801512,201.2629575296838
650.9705269785916,195.2367715318593
651.830257677032,200.40993482075962
652.6899883754724,208.9588739913083
653.5497190739127,205.9330760335829
654.4094497723531,204.45764137817332
655.2691804707935,196.25331232094132
656.1289111692339,196.7025811349284
656.9886418676742,195.47226952316777
657.8483725661146,207.83360272231533
658.708103264555,209.08503626303545
659.5678339629953,192.3262083173065
660.4275646614358,197.36491331528876
661.2872953598761,219.83123486193313
662.1470260583164,210.08354009845124
663.0067567567569,200.1825765787282
663.8664874551972,209.75358118905166
664.7262181536377,212.34386198414128
665.585948852078,185.65168484147054
666.4456795505183,213.59365303477395
667.3054102489588,207.59415479619858
668.1651409473991,205.04114724701935
669.0248716458395,219.04048563235472
669.8846023442799,208.80816670952464
670.7443330427202,212.4554914963044
671.6040637411606,200.53795538069548
672.463794439601,209.31109276999874
673.3235251380414,190.50135313590832
674.1832558364817,190.40169980299734
675.0429865349221,200.3271718480879
675.9027172333625,197.1128835063089
676.7624479318029,187.58455648210676
677.6221786302433,185.73591479068966
678.4819093286836,213.6891170774121
679.341640027124,202.14063324105845
680.2013707255644,192.3509971253126
681.0611014240047,196.12274440945987
681.9208321224452,200.8182196594595
682.7805628208855,201.7738663222881
683.6402935193258,204.4104174342529
684.5000242177663,196.1973771357474
685.3597549162066,193.0796629229094
686.219485614647,181.58537468006557
687.0792163130874,200.80895319171216
687.9389470115277,211.45387732435935
688.7986777099682,200.7729489275823
689.6584084084085,197.44538449854815
690.5181391068489,200.7182645078313
691.3778698052893,199.84317044676257
692.2376005037296,200.64356647155046
693.09733120217,200.54296642066583
693.9570619006104,196.70708011081078
694.8167925990508,205.3020731335853
695.6765232974911,195.02161193482073
696.5362539959315,209.30141368002052
697.3959846943719,206.40915601722529
698.2557153928122,196.07960866141417
699.1154460912527,199.49252489995632
699.975176789693,194.61920594606727
700.8349074881334,196.5190965475438
701.6946381865738,191.69221453303965
702.5543688850141,202.44515062243906
703.4140995834546,203.3534914495822
704.2738302818949,192.46389579294777
705.1335609803352,199.00058440554244
705.9932916787757,197.32358144120948
706.853022377216,205.956656728261
707.7127530756565,205.37513898352424
708.5724837740968,197.72465164648153
709.4322144725371,186.73978714784351
710.2919451709776,202.90575134229204
711.1516758694179,196.32008770387577
712.0114065678583,186.4928782971228
712.8711372662987,187.50748600002862
713.730867964739,189.8948404088352
714.5905986631794,194.74336482249416
715.4503293616198,184.65783222258628
716.3100600600602,182.013794148488
717.1697907585005,180.57342188775345
718.0295214569409,199.7363439555566
718.8892521553813,189.6867516941132
719.7489828538216,192.46253354148516
720.6087135522621,186.90651756559672
721.4684442507024,196.08614753135944
722.3281749491427,177.13276632987584
723.1879056475832,186.60449464217552
724.0476363460235,173.91732890848408
724.907367044464,197.5156218718233
725.7670977429043,174.79895143557073
726.6268284413446,190.03858266685884
727.4865591397851,197.3125343322072
728.3462898382254,185.0087726862177
729.2060205366658,188.04213122217857
730.0657512351062,186.665310182344
730.9254819335465,184.639558205855
731.785212631987,184.89457841448464
732.6449433304273,181.93826246027984
733.5046740288677,184.54773452681934
734.364404727308,179.22464460860934
735.2241354257484,174.69625125175375
736.0838661241888,194.65299756739364
736.9435968226292,190.97707784951842
737.8033275210696,184.4872722088684
738.6630582195099,171.16981700671255
739.5227889179503,184.38615658585783
740.3825196163907,194.23719797937102
741.242250314831,165.87490049088262
742.1019810132715,191.890444538329
742.9617117117118,181.67785277597267
743.8214424101521,186.82753043293923
744.6811731085926,173.9972436908781
745.5409038070329,183.5432281705662
746.4006345054734,179.94400690825432
747.2603652039137,199.75087511016437
748.120095902354,194.1540017149237
748.9798266007945,178.47873064717692
749.8395572992348,182.82050292803655
750.6992879976752,183.34070237829104
751.5590186961156,180.72641010003645
752.418749394556,174.5139168539981
753.2784800929963,193.30551159014556
754.1382107914367,176.54078338573484
754.9979414898771,172.0094038493108
755.8576721883175,175.52291726644063
756.7174028867579,175.39180289220315
757.5771335851982,182.39277985587552
758.4368642836386,192.53906326228667
759.296594982079,182.639499022537
760.1563256805193,183.9502328445497
761.0160563789598,190.4796997819724
761.8757870774001,172.6652872835928
762.7355177758404,179.76326156467488
763.5952484742809,178.254814074482
764.4549791727212,179.453222537505
765.3147098711617,182.36142337228532
766.174440569602,191.6900900986874
767.0341712680423,185.60205346379612
767.8939019664828,187.31122614589754
768.7536326649231,188.87006377590848
769.6133633633635,189.92053569920566
770.4730940618039,191.0061882223843
771.3328247602442,201.53785998510716
772.1925554586846,195.1108046611194
773.052286157125,195.6677870359245
773.9120168555654,205.1743339588159
774.7717475540057,196.8510130119349
775.6314782524461,185.7905972166467
776.4912089508865,207.25086560120326
777.3509396493268,198.27526606263058
778.2106703477673,198.79423982550546
779.0704010462076,197.90125521370132
779.930131744648,188.92008896266623
780.7898624430884,193.3064436198438
781.6495931415287,202.73927632117733
782.5093238399692,208.12865708456548
783.3690545384095,200.6545813857356
784.2287852368498,191.77191078170586
785.0885159352903,213.76556304143463
785.9482466337306,206.39478916717223
786.807977332171,201.84501497393512
787.6677080306114,201.13013585041858
788.5274387290517,194.43903601895244
789.3871694274922,185.06058965810587
790.2469001259325,209.37706177655792
791.1066308243729,201.99426669313905
791.9663615228133,206.26877643759838
792.8260922212536,186.91067587181675
793.685822919694,199.55192498879777
794.5455536181344,213.10889081207046
795.4052843165748,199.09237737375165
796.2650150150151,200.8022013118533
797.1247457134555,205.92863770617151
797.9844764118959,204.1507652295524
798.8442071103362,186.09859676360887
799.7039378087767,200.70093885088966
800.563668507217,213.48176184170342
801.4233992056573,201.91508020961103
802.2831299040978,203.96245816073903
803.1428606025381,196.34528019788257
804.0025913009786,200.30442368741632
804.8623219994189,200.7190576501489
805.7220526978592,200.73279956172374
806.5817833962997,198.32806426223203
807.44151409474,200.76308291180325
808.3012447931804,205.47280579914406
809.1609754916208,210.69831561512217
810.0207061900611,195.18874010761715
810.8804368885015,212.4296197160132
811.7401675869419,211.69317189536508
812.5998982853823,200.83401503164254
813.4596289838227,192.44317879464106
814.319359682263,201.9904673974093
815.1790903807034,209.14295502367074
816.0388210791438,201.64932645818422
816.8985517775842,211.15999106800655
817.7582824760245,195.0843903685682
818.6180131744649,202.44355444802204
819.4777438729053,217.46719472208636
820.3374745713456,207.8415578923061
821.1972052697861,200.95757301859197
822.0569359682264,192.19806670756535
822.9166666666667,198.53519967690136
823.7763973651072,205.04663844608015
824.6361280635475,199.8323184017527
825.495858761988,197.2078501712645
826.3555894604283,186.31427049636943
827.2153201588686,203.8667436390079
828.0750508573091,199.36359155641694
828.9347815557494,206.0675941635905
829.7945122541898,185.40073197380224
830.6542429526302,197.1587309818915
831.5139736510705,212.00485232608236
832.373704349511,201.28486982998712
833.2334350479513,201.7520687482062
834.0931657463917,206.78380188381811
834.952896444832,204.9910850194194
835.8126271432724,206.26410342154855
836.6723578417128,209.95555362211846
837.5320885401532,214.52563833402132
838.3918192385936,193.14399270844717
839.2515499370339,201.40530551833248
840.1112806354743,204.7971911750905
840.9710113339147,221.788812928633
841.830742032355,212.0903193874999
842.6904727307955,206.5691310850893
843.5502034292358,194.33339272932986
844.4099341276761,202.77922613487266
845.2696648261166,210.1111412299131
846.1293955245569,202.47740837675312
846.9891262229974,197.2902728574459
847.8488569214377,194.09509696650562
848.708587619878,210.1432757001549
849.5683183183185,189.31366186837917
850.4280490167588,205.4387393237273
851.2877797151992,198.33059605902335
852.1475104136396,203.03035654129587
853.0072411120799,217.20366931564416
853.8669718105203,202.21643438730086
854.7267025089607,201.34559460165897
855.5864332074011,205.21024165460756
856.4461639058414,201.2196268952909
857.3058946042818,202.03987703554174
858.1656253027222,197.65889944018375
859.0253560011625,207.1552249691981
859.885086699603,190.8051238889461
860.7448173980433,203.96385164402403
861.6045480964837,212.60883078482735
862.4642787949241,214.4562923211006
863.3240094933644,210.22563266640645
864.1837401918049,201.97285148717833
865.0434708902452,194.84888046103185
865.9032015886855,191.1634472122917
866.762932287126,194.79780002710496
867.6226629855663,204.6533701488293
868.4823936840068,210.20791294427192
869.3421243824471,191.49125840444083
870.2018550808874,202.162176684231
871.0615857793279,203.96557123430827
871.9213164777682,201.32669251038405
872.7810471762086,191.45630310751818
873.640777874649,206.50967863517673
874.5005085730893,201.13361888533424
875.3602392715297,197.44028224485638
876.2199699699701,193.2455344128379
877.0797006684105,200.795639242663
877.9394313668508,196.40231662520935
878.7991620652913,209.12659306223685
879.6588927637316,200.45734992836424
880.518623462172,195.9647486175308
881.3783541606124,205.48040953632105
882.2380848590527,203.69730959685654
883.0978155574932,212.52687375949697
883.9575462559335,206.08523161401672
884.8172769543738,209.53337342685475
885.6770076528143,194.55000588222572
886.5367383512546,216.09121869665995
887.396469049695,200.54792376387957
888.2561997481354,186.03969994634832
889.1159304465757,195.70571624005225
889.9756611450161,190.6604874526415
890.8353918434565,194.26237141518075
891.6951225418969,190.82496912494526
892.5548532403373,201.24869564167588
893.4145839387776,194.53138069618308
894.274314637218,197.32856277600243
895.1340453356584,201.55085378376887
895.9937760340988,203.4575056400385
896.8535067325391,201.70647525705257
897.7132374309795,201.770724847442
898.5729681294199,189.12924090132037
899.4326988278602,207.95616185585558
900.2924295263007,205.47486566027013
901.152160224741,206.39166881192025
902.0118909231813,197.39849986849632
902.8716216216218,188.19568329007848
903.7313523200621,210.12120273897952
904.5910830185026,205.46430658264475
905.4508137169429,209.30882991379764
906.3105444153832,192.55945201142507
907.1702751138237,208.6363058685602
908.030005812264,210.29648537730418
908.8897365107044,203.51145670781256
909.7494672091448,212.81214746857347
910.6091979075851,207.44765525437603
911.4689286060255,207.17711953111467
912.3286593044659,218.2210040881199
913.1883900029063,205.03562739152704
914.0481207013466,202.4997857306425
914.907851399787,196.8006159545313
915.7675820982274,199.5297032573827
916.6273127966678,200.9652991952009
917.4870434951082,210.63109030413472
918.3467741935485,218.7321224019238
