59.4758064516129,194.7895968308008
60.33553715005327,196.34511145197038
61.19526784849365,201.9224912907815
62.05499854693402,197.8762983678489
62.9147292453744,209.36683788428496
63.774459943814776,209.51272621185785
64.63419064225515,216.6887384562218
65.49392134069552,203.73277037843948
66.35365203913591,210.7838695976154
67.21338273757628,212.15206663857026
68.07311343601665,198.67579211038168
68.93284413445703,200.83466005996655
69.7925748328974,200.7829955612038
70.65230553133779,186.01925637633693
71.51203622977816,194.56249752425117
72.37176692821853,200.63111941413018
73.2314976266589,208.67691909857768
74.0912283250993,200.53586531076488
74.95095902353967,189.74885558946974
75.81068972198004,181.45740689767982
76.67042042042041,185.7310956870156
77.5301511188608,190.2343592268485
78.38988181730117,206.7436888601867
79.24961251574155,200.30879703412631
80.10934321418192,205.1601730507756
80.96907391262229,211.17250177663425
81.82880461106268,201.9215323624923
82.68853530950305,187.45525334968448
83.54826600794343,210.94978262436427
84.4079967063838,186.43482209322843
85.26772740482417,200.21422020491786
86.12745810326456,200.06739602737147
86.98718880170493,205.19958604514204
87.8469195001453,192.98958846885103
88.70665019858568,200.22557577916982
89.56638089702605,197.6519689834762
90.42611159546644,197.97159382453162
91.28584229390681,201.16002258871623
92.14557299234718,190.78590450702427
93.00530369078756,200.26314511033104
93.86503438922793,194.50512589667724
94.72476508766832,195.68319415673884
95.58449578610869,207.0177549737274
96.44422648454906,208.43295011833646
97.30395718298945,200.28876069033362
98.16368788142981,188.2381040090239
99.0234185798702,199.67677452819117
99.88314927831057,219.9183346719017
100.74287997675094,205.96551608070925
101.60261067519133,189.71942570816816
102.46234137363169,190.79959174754234
103.32207207207207,198.41743699509578
104.18180277051245,214.05679650731298
105.04153346895282,200.28381188755202
105.90126416739321,205.5062486506601
106.76099486583357,200.2755993625839
107.62072556427395,193.20716312712776
108.48045626271433,192.54542801228055
109.3401869611547,194.8445313052511
110.19991765959509,186.91177272359894
111.05964835803545,193.07025346321802
111.91937905647583,205.50264917309264
112.7791097549162,189.83405929762816
113.63884045335658,188.79575676027372
114.49857115179697,203.24103418300228
115.35830185023732,196.5757398769829
116.21803254867771,193.09106296888478
117.07776324711809,205.93815769476697
117.93749394555846,198.91561158883405
118.79722464399885,200.23383306416181
119.65695534243922,211.12769166495193
120.51668604087959,200.24873520729383
121.37641673931996,187.9598002184013
122.23614743776034,201.02984172062975
123.09587813620072,211.23378493434717
123.9556088346411,203.00090220620604
124.81533953308147,206.3698886648148
125.67507023152184,213.63591035752117
126.53480092996222,210.2326114941809
127.3945316284026,190.1557918868673
128.254262326843,191.6942755120113
129.11399302528335,185.8712076376664
129.9737237237237,207.3407074119466
130.8334544221641,200.5246904982404
131.69318512060448,190.45435014223472
132.55291581904487,216.9958969298805
133.41264651748523,197.97369005315593
134.2723772159256,195.60981537746252
135.13210791436597,205.50580768703765
135.99183861280636,185.85660004324447
136.85156931124675,213.47013246482317
137.7113000096871,199.1552498678532
138.57103070812747,207.28452078376668
139.43076140656785,199.28146018925196
140.29049210500824,198.07728408698986
141.15022280344863,205.72634686210185
142.009953501889,189.99704934154775
142.86968420032935,202.39523055560045
143.72941489876973,209.3694279866075
144.58914559721012,206.45393544705402
145.4488762956505,200.8319879875862
146.30860699409087,197.4901494023709
147.16833769253125,206.43121948539184
148.0280683909716,193.93246611058245
148.887799089412,194.4089249929962
149.7475297878524,209.30714329072407
150.60726048629274,210.69949574197165
151.46699118473313,188.41155008855748
152.3267218831735,218.97969601495373
153.18645258161388,185.15490797736652
154.04618328005427,190.82303898574102
154.90591397849462,183.24860093235517
155.765644676935,199.5551277142637
156.62537537537537,199.99113336451313
157.48510607381576,197.94035584832585
158.34483677225614,198.78603465527155
159.2045674706965,202.12594498384087
160.0642981691369,207.99109946259586
160.92402886757725,201.18899292322524
161.78375956601764,199.50764393929322
162.64349026445802,181.55516022125556
163.5032209628984,192.63039200692015
164.36295166133877,197.8943785810404
165.22268235977913,190.24134838058077
166.08241305821952,187.94091546478
166.9421437566599,208.35473092865902
167.8018744551003,204.83728617684682
168.66160515354065,191.54685552434475
169.521335851981,202.25827232175544
170.3810665504214,183.3127281747459
171.24079724886178,200.14493143142477
172.10052794730217,192.7374299062107
172.96025864574253,205.00924660477773
173.8199893441829,185.67948688633967
174.67972004262327,172.08037179599987
175.53945074106366,196.98087291803404
176.39918143950405,196.3742726997556
177.2589121379444,188.65940278542266
178.11864283638477,199.01542426877705
178.97837353482515,179.913552717879
179.83810423326554,167.76875302284247
180.69783493170593,186.821683912849
181.55756563014629,185.97057036368773
182.41729632858664,185.75969872875487
183.27702702702703,184.8446525152953
184.13675772546742,184.28497015322182
184.9964884239078,190.60423541411527
185.85621912234816,183.0745551178035
186.71594982078852,172.49055004577605
187.5756805192289,196.07257530771153
188.4354112176693,194.78257054344928
189.29514191610966,173.21488986068002
190.15487261455004,183.79381638417368
191.01460331299043,193.35410750219214
191.8743340114308,183.6812432992649
192.73406470987118,191.642888288825
193.59379540831154,170.09137414236417
194.45352610675192,174.42402807444523
195.3132568051923,169.51813193370015
196.17298750363267,179.86028321592502
197.03271820207306,199.95968298564426
197.89244890051341,196.91446018310566
198.7521795989538,162.7724772985564
199.6119102973942,182.7607720339894
200.47164099583455,185.447141845057
201.33137169427494,171.76272918079522
202.19110239271532,185.66199901195787
203.05083309115568,183.19710328758106
203.91056378959607,171.54177011396425
204.77029448803643,183.6154916041895
205.63002518647681,189.0099759694747
206.4897558849172,182.6870738287499
207.34948658335756,188.84298355121044
208.20921728179795,201.63115631531736
209.0689479802383,199.04321724675083
209.9286786786787,168.0764411107032
210.78840937711908,170.64888679599818
211.64814007555944,183.62648729038597
212.50787077399983,188.71887402647678
213.36760147244019,186.3188533666024
214.22733217088057,189.2728638016798
215.08706286932096,186.85579906831614
215.94679356776132,192.1265753186519
216.8065242662017,181.7848100240878
217.66625496464206,192.35350902104102
218.52598566308245,180.4386239764919
219.38571636152284,182.01026390577107
220.2454470599632,188.8118651081687
221.10517775840358,189.22684822561274
221.96490845684394,186.44817704565958
222.82463915528433,180.00667725126988
223.68436985372472,184.9301089080195
224.54410055216508,206.55623952399273
225.40383125060546,191.5324501243479
226.26356194904582,182.85654273437476
227.1232926474862,201.31102906003053
227.9830233459266,193.88050111664734
228.84275404436696,182.53908730676847
229.70248474280734,205.1944119518596
230.5622154412477,186.30843878520778
231.4219461396881,193.28476032567895
232.28167683812848,188.7365624878853
233.14140753656883,197.70792552023278
234.00113823500922,203.23239944160295
234.8608689334496,207.81061258606317
235.72059963188997,209.60109617162064
236.58033033033036,194.04466521483948
237.4400610287707,187.3406064300614
238.2997917272111,199.86805512991077
239.1595224256515,208.65733104560914
240.01925312409185,212.28956202675622
240.87898382253223,188.9945160725668
241.7387145209726,188.1976594127761
242.59844521941298,200.27751147659248
243.45817591785337,200.26253336796537
244.31790661629373,202.72122024083305
245.1776373147341,210.4595350443047
246.03736801317447,192.59349987593293
246.89709871161486,206.53503973223465
247.75682941005525,190.44908845338074
248.6165601084956,199.84502313529808
249.476290806936,206.2326019016208
250.33602150537635,184.82927860586284
251.19575220381674,197.42373404236048
252.05548290225713,201.44845045060717
252.91521360069748,215.1031569841424
253.77494429913787,213.8949757119332
254.63467499757823,204.40968494657977
255.49440569601862,187.30456042391685
256.35413639445903,205.3978979058577
257.21386709289936,199.89862404272418
258.07359779133975,181.21227249701997
258.93332848978014,181.44587577804305
259.79305918822047,203.2720444198757
260.6527898866609,198.47175036947883
261.51252058510124,190.7005341992082
262.37225128354163,186.0396694597344
263.231981981982,187.66293060784074
264.09171268042235,195.65232307050206
264.9514433788628,213.87620249841325
265.8111740773031,213.35475381520092
266.6709047757435,210.71627912070144
267.5306354741839,203.77170064152108
268.3903661726242,198.53598685833086
269.25009687106467,190.87285030634465
270.109827569505,203.25831791421302
270.9695582679454,199.0935471961085
271.8292889663858,206.10026308257088
272.6890196648261,214.2299012285374
273.54875036326655,197.23405096552813
274.4084810617069,212.4705931240304
275.26821176014727,192.55368585855746
276.12794245858765,200.73695090091738
276.987673157028,193.37757845515614
277.84740385546843,205.52194562322612
278.70713455390876,198.5541551295027
279.56686525234915,214.75965109198643
280.42659595078953,199.04864661301409
281.28632664922986,198.50912234139207
282.1460573476703,200.4671330387331
283.00578804611064,216.1616108980228
283.865518744551,191.3958244746261
284.7252494429914,218.14440660758868
285.58498014143174,186.99949339782717
286.4447108398722,207.97422627918982
287.3044415383125,202.67684238169358
288.1641722367529,198.70951145151653
289.0239029351933,198.42327821813234
289.8836336336336,211.34237715300915
290.74336433207407,203.00636081635608
291.6030950305144,194.11630466018866
292.4628257289548,188.80046659473422
293.32255642739517,207.01529147541555
294.1822871258355,200.81540119819277
295.04201782427594,186.7562257547858
295.9017485227163,199.6580150966186
296.76147922115666,200.31335029964163
297.62120991959705,189.4896619122455
298.4809406180374,201.78609602269313
299.3406713164778,207.64128440435204
300.20040201491815,200.57939733436967
301.06013271335854,185.6320263297226
301.91986341179893,194.02898215150046
302.77959411023926,187.95597601626417
303.6393248086797,200.33887453507327
304.49905550712003,193.36065861337613
305.3587862055604,202.94480343658668
306.2185169040008,192.96060907712862
307.07824760244114,193.63132104501415
307.9379783008816,188.0084637825159
308.7977089993219,185.16132299690315
309.6574396977623,199.91781850661584
310.5171703962027,199.87049400337983
311.376901094643,203.37632790268353
312.23663179308346,196.2961383199752
313.0963624915238,196.85066082331014
313.9560931899642,192.4921072226564
314.81582388840457,212.01594045217266
315.6755545868449,200.09828727388063
316.53528528528534,179.93024553948717
317.39501598372567,210.39585895027182
318.2547466821661,199.79077238825045
319.11447738060644,209.96359189055968
319.9742080790468,199.87507796017675
320.8339387774872,200.515676821257
321.69366947592755,199.98428173739737
322.553400174368,185.67559849649484
323.4131308728083,197.0634390687756
324.27286157124865,198.1871292380573
325.1325922696891,200.23738032023803
325.99232296812943,187.35103605099337
326.8520536665699,211.8609182825774
327.7117843650102,195.12424857229016
328.57151506345053,194.57526032709083
329.431245761891,202.1470254686742
330.2909764603313,200.55374231243496
331.15070715877175,200.58304285283003
332.0104378572121,207.41858783849472
332.8701685556524,211.01800658586032
333.72989925409286,210.80465700706014
334.5896299525332,208.13173189599493
335.44936065097363,189.03497713500488
336.30909134941396,203.18634904664347
337.1688220478543,208.2596348649427
338.02855274629474,210.8463939294604
338.88828344473507,182.07290050736503
339.7480141431755,215.58431506818002
340.60774484161584,208.1398581716556
341.46747554005617,192.0806202157525
342.3272062384966,196.45476647865968
343.18693693693695,198.18952895733185
344.0466676353774,191.83031577826603
344.9063983338177,198.45308013516828
345.76612903225805,189.62161414152862
346.6258597306985,197.3817754190687
347.4855904291388,211.69412888552196
348.34532112757927,183.74747303335687
349.2050518260196,194.6024264714005
350.06478252445993,197.333644534403
350.9245132229004,201.38798378072454
351.7842439213407,193.78457532423147
352.64397461978115,179.45626296318986
353.5037053182215,180.5479096484021
354.3634360166618,177.92441532954763
355.22316671510225,173.1438490656483
356.0828974135426,192.56299306030715
356.942628111983,186.42980715609013
357.80235881042336,189.02360368686507
358.6620895088637,195.15501221770194
359.52182020730413,187.29280729801533
360.38155090574446,197.69008733093227
361.2412816041849,193.9055334035001
362.10101230262524,183.3563140620695
362.96074300106557,187.01873533502715
363.820473699506,195.9230757945024
364.68020439794634,181.5728281645821
365.5399350963868,176.4863197697134
366.3996657948271,186.12795243595002
367.25939649326745,173.24848078116932
368.1191271917079,191.48266328145334
368.9788578901482,184.06582000660913
369.83858858858866,181.36013954228667
370.698319287029,187.31920590279574
371.5580499854693,173.16086562109348
372.41778068390977,199.6542621367962
373.2775113823501,191.91307726093763
374.13724208079054,169.74777134739855
374.9969727792309,180.30324688853
375.8567034776712,187.7296536841001
376.71643417611165,199.77478431654018
377.576164874552,182.864740712739
378.4358955729924,180.6134605063564
379.29562627143275,186.84187741371144
380.1553569698731,179.54055132121564
381.0150876683135,185.74635869422454
381.87481836675386,165.53765983732927
382.7345490651943,183.6064293660459
383.59427976363463,187.3872260672954
384.45401046207496,185.83290774037474
385.3137411605154,175.38973932207907
386.17347185895574,189.68268951451006
387.0332025573962,184.60542834715133
387.8929332558365,173.66067918448874
388.75266395427684,179.83791938629395
389.6123946527173,179.1862987157365
390.4721253511576,189.80300555589318
391.33185604959806,185.67252738636518
392.1915867480384,186.01712210533958
393.0513174464787,186.6362509116349
393.91104814491916,185.46478278320023
394.7707788433595,186.51445407088164
395.63050954179994,186.71742980094479
396.49024024024027,197.34789433418925
397.3499709386806,199.8251100415049
398.20970163712104,185.53279873212347
399.0694323355614,179.05930037917923
399.9291630340018,180.6273279396082
400.78889373244215,182.95350704648294
401.6486244308825,186.2894447093079
402.5083551293229,180.2366449783407
403.36808582776325,183.5287369939882
404.2278165262037,194.20020804361968
405.087547224644,176.5652974173455
405.94727792308447,189.30032919879974
406.8070086215248,178.20726296977165
407.66673931996513,196.57705684818785
408.5264700184056,201.08410543542888
409.3862007168459,190.15580159765858
410.24593141528635,195.86864380006557
411.1056621137267,195.38058642694847
411.965392812167,191.0884345478824
412.82512351060745,191.74537593473005
413.6848542090478,195.05924858478437
414.54458490748823,207.42666897199442
415.40431560592856,203.655255948248
416.2640463043689,195.37193511708477
417.12377700280933,204.71200494745725
417.98350770124966,197.34526421078772
418.8432383996901,199.76645491620272
419.70296909813044,183.27271015790242
420.56269979657077,198.26994783261145
421.4224304950112,200.5843395007365
422.28216119345154,215.71299229592384
423.141891891892,196.95046209185978
424.0016225903323,186.3359231220304
424.86135328877265,188.8487613298284
425.7210839872131,200.28013107156397
426.5808146856534,214.4180486249108
427.44054538409387,207.3595440048332
428.3002760825342,207.37108087040352
429.1600067809745,199.49351200012458
430.01973747941497,213.44648636229525
430.8794681778553,202.1642002877368
431.73919887629575,201.11275642468405
432.5989295747361,207.3530045252154
433.4586602731764,201.9030668148111
434.31839097161685,196.21796873455156
435.1781216700572,203.81965934517476
436.0378523684976,186.99101303027564
436.89758306693795,211.33926873092665
437.7573137653783,211.83576636130977
438.61704446381873,203.2350412319906
439.47677516225906,202.65342344576504
440.3365058606995,211.63800048059557
441.19623655913983,191.87065905363374
442.05596725758016,207.43074822648182
442.9156979560206,207.57164784845682
443.77542865446094,196.29757853427157
444.6351593529014,189.80546554007032
445.4948900513417,206.07519300966553
446.35462074978204,199.55070257213774
447.2143514482225,210.63055588060791
448.0740821466628,201.8586323243235
448.93381284510326,187.72839454555918
449.7935435435436,212.80248260170742
450.6532742419839,219.5019858353536
451.51300494042437,203.39797132125048
452.3727356388647,199.67946657884687
453.23246633730514,190.471682639577
454.09219703574547,195.04705899261054
454.9519277341858,192.6062024755799
455.81165843262625,203.72058772476865
456.6713891310666,193.58749865603758
457.531119829507,194.4482566373523
458.39085052794735,209.53525561888318
459.2505812263877,191.5811755835261
460.1103119248281,206.45517406579796
460.97004262326845,210.2781470548673
461.8297733217089,200.8571205101345
462.68950402014923,206.70828296059463
463.54923471858956,184.09663905916966
464.40896541703,192.97904182130247
465.26869611547033,185.49505766057254
466.1284268139108,206.52111807576705
466.9881575123511,200.26175088860185
467.84788821079144,207.83617401989932
468.7076189092319,192.07000374136186
469.5673496076722,192.79512787418332
470.42708030611266,197.10432654502728
471.286811004553,182.09905634854744
472.1465417029933,214.4516950912374
473.00627240143376,212.7011109823541
473.8660030998741,217.1364568436098
474.72573379831454,201.00725683916673
475.58546449675487,201.14705739598298
476.4451951951952,191.60815906788187
477.30492589363564,193.12381050862712
478.16465659207597,187.03520238221864
479.0243872905164,192.70785004502096
479.88411798895675,193.40092522129422
480.7438486873971,188.53718853841343
481.6035793858375,197.24197391962196
482.46331008427785,206.01438621231577
483.3230407827183,187.57996544874447
484.1827714811586,212.94611972476014
485.04250217959896,216.9943136162355
485.9022328780394,198.87291082470747
486.76196357647973,191.62804483199307
487.6216942749202,201.44362998805073
488.4814249733605,190.54294835947633
489.34115567180083,210.60659943116647
490.2008863702413,199.66957496874704
491.0606170686816,208.80305758594648
491.92034776712205,209.0384348297155
492.7800784655624,193.03701163581502
493.6398091640027,206.03850944851462
494.49953986244316,190.71732983601117
495.3592705608835,189.53256831393526
496.21900125932393,212.23669912862223
497.07873195776426,202.71774598665087
497.9384626562046,199.62888334291256
498.79819335464504,202.24884662608508
499.65792405308537,194.55958650547393
500.5176547515258,211.15442359139874
501.37738544996614,199.7809753622636
502.23711614840647,207.2345109540244
503.0968468468469,183.13339295563077
503.95657754528725,198.0731301488553
504.8163082437277,211.572951448734
505.676038942168,200.3220538218686
506.53576964060835,193.65898771310884
507.3955003390488,213.39920087887913
508.2552310374891,194.87551480708592
509.11496173592957,199.57924279829555
509.9746924343699,185.8976390775802
510.83442313281023,200.9566730615807
511.6941538312507,196.93931261131215
512.553884529691,188.35074706262378
513.4136152281314,207.892026434459
514.2733459265718,210.84151960664232
515.1330766250121,194.0361154281477
515.9928073234526,209.17757683882647
516.8525380218929,204.65248803478505
517.7122687203333,192.7985940193635
518.5719994187737,210.83080596809137
519.431730117214,209.0298773908994
520.2914608156544,191.6913992056401
521.1511915140948,212.24099383463425
522.0109222125352,203.52058962285093
522.8706529109755,198.66378783187596
523.7303836094159,211.76614406887742
524.5901143078563,208.69506186618617
525.4498450062966,209.91557899248534
526.3095757047371,192.9408464446442
527.1693064031774,203.2386875406046
528.0290371016177,181.87178802077864
528.8887678000582,193.95633330384933
529.7484984984985,181.41546441382047
530.608229196939,176.89590835191964
531.4679598953793,202.39802834253732
532.3276905938197,176.94103639384124
533.1874212922601,183.3868584563223
534.0471519907004,199.44209099181964
534.9068826891408,196.22347692466084
535.7666133875812,196.58323548179035
536.6263440860216,181.28867010703772
537.486074784462,194.93856249831174
538.3458054829023,188.3627397389205
539.2055361813427,199.07070535165872
540.065266879783,205.36616695269853
540.9249975782235,190.33027961921823
541.7847282766638,183.60191739950153
542.6444589751042,200.08982330430047
543.5041896735446,191.2013348650802
544.3639203719849,197.9040226921513
545.2236510704254,198.8342108398935
546.0833817688657,192.27025679200224
546.943112467306,175.39321124788293
547.8028431657465,171.529303691218
548.6625738641868,182.9106201221896
549.5223045626273,184.38518721316262
550.3820352610676,189.58896696714504
551.2417659595079,197.47493887845764
552.1014966579484,184.27373192181605
552.9612273563887,189.20583375288246
553.8209580548291,184.04085726707606
554.6806887532695,188.29043653464151
555.5404194517098,182.88663113803182
556.4001501501502,178.78395158015024
557.2598808485906,196.5727969916669
558.119611547031,183.91694871089885
558.9793422454713,183.32931690925793
559.8390729439117,185.57249593084862
560.6988036423521,191.6348610264212
561.5585343407924,183.71950799114362
562.4182650392329,174.5959306257192
563.2779957376732,182.7303291986116
564.1377264361136,191.79487419179233
564.997457134554,191.9478141740625
565.8571878329943,184.46685275154368
566.7169185314348,174.07521895075647
567.5766492298751,193.6364093924777
568.4363799283154,174.7996627120086
569.2961106267559,185.76825642073166
570.1558413251962,192.9439480479821
571.0155720236367,187.54525805149888
571.875302722077,189.49857748661228
572.7350334205174,174.92196205364058
573.5947641189578,187.79426117328532
574.4544948173981,179.68531533421216
575.3142255158385,191.6174379864235
576.1739562142789,199.43116783656498
577.0336869127193,180.5890737312188
577.8934176111596,176.8810143483445
578.7531483096,179.9065211562051
579.6128790080404,187.59591448843028
580.4726097064807,187.86251662108282
581.3323404049212,186.27938081753146
582.1920711033615,183.79835665648284
583.0518018018018,190.45070198600158
583.9115325002423,191.00943952154344
584.7712631986826,190.66329779961893
585.6309938971231,207.64946249913697
586.4907245955634,198.96353422132302
587.3504552940037,181.435669710533
588.2101859924442,189.70121313294112
589.0699166908845,195.47347415797074
589.9296473893249,197.88415527859968
590.7893780877653,198.23614678882745
591.6491087862056,196.7721548237254
592.508839484646,197.28196348139997
593.3685701830864,187.618316169068
594.2283008815268,206.6963245807627
595.0880315799672,194.437845005502
595.9477622784075,210.81197986750385
596.8074929768479,198.92812326003244
597.6672236752883,202.3194354723176
598.5269543737287,199.18210175880034
599.386685072169,207.69283312875814
600.2464157706094,201.65772370557144
601.1061464690498,213.89068311632215
601.9658771674901,194.3971781627137
602.8256078659306,188.1865372500231
603.6853385643709,188.02168261211773
604.5450692628112,201.2209059298067
605.4047999612517,205.11544613953183
606.264530659692,209.5689437489324
607.1242613581325,200.0321351716401
607.9839920565728,204.61815606395868
608.8437227550131,192.48741903624273
609.7034534534536,183.32937054931872
610.5631841518939,200.28185203442786
611.4229148503343,199.06234531603965
612.2826455487747,203.7771537631245
613.142376247215,197.27673216837078
614.0021069456554,200.4851678776346
614.8618376440958,196.350664274256
615.7215683425362,200.00985991729252
616.5812990409765,201.91811933525602
617.4410297394169,192.12721096390106
618.3007604378573,205.06991341209573
619.1604911362977,181.73457134150743
620.0202218347381,203.0744270624721
620.8799525331784,200.76397903429378
621.7396832316188,193.5846880259489
622.5994139300592,211.0347972201881
623.4591446284995,211.7083365307595
624.31887532694,187.9901288560132
625.1786060253803,203.62114527883594
626.0383367238207,201.00703729695826
626.8980674222611,188.09542754365202
627.7577981207014,212.3407925756675
628.6175288191419,208.10710089895892
629.4772595175822,210.23070499528572
630.3369902160226,199.65912196668205
631.196720914463,190.50144561249866
632.0564516129033,189.83998288936868
632.9161823113437,200.4212073516984
633.7759130097841,200.90531164586622
634.6356437082245,199.79915833755769
635.4953744066648,200.88653172875686
636.3551051051052,184.97459334746412
637.2148358035456,207.12443019505014
638.0745665019859,200.84459543889588
638.9342972004264,210.69298527640277
639.7940278988667,200.80554518008773
640.653758597307,193.00988751292837
641.5134892957475,210.439901829686
642.3732199941878,211.24367564605424
643.2329506926283,189.33363363259286
644.0926813910686,201.0353069370321
644.9524120895089,215.36315772239945
645.8121427879494,216.9354287832912
646.6718734863897,216.90035474638506
647.5316041848301,184.57409467820526
648.3913348832705,193.2231228770359
649.2510655817108,215.30268798708082
650.1107962801512,195.4655526691783
650.9705269785916,189.1648953049865
651.830257677032,211.13391188084273
652.6899883754724,200.38456132375413
653.5497190739127,200.36099628654785
654.4094497723531,194.15449370309452
655.2691804707935,185.38891003060985
656.1289111692339,211.45048325952237
656.9886418676742,191.36672145183724
657.8483725661146,203.6728677079696
658.708103264555,210.831300274036
659.5678339629953,192.91003318694845
660.4275646614358,187.3387883708343
661.2872953598761,190.03326863449632
662.1470260583164,200.28256957641503
663.0067567567569,186.2877111092494
663.8664874551972,204.0480092741021
664.7262181536377,200.32746826584489
665.585948852078,200.3479958687852
666.4456795505183,207.21122296497504
667.3054102489588,194.1174506994225
668.1651409473991,195.20964725222711
669.0248716458395,198.09006430254843
669.8846023442799,190.59424316852972
670.7443330427202,211.9860544705805
671.6040637411606,181.39961576377664
672.463794439601,204.88691053525247
673.3235251380414,190.70811421409982
674.1832558364817,197.65527461271407
675.0429865349221,201.34786539157898
675.9027172333625,198.2137857461529
676.7624479318029,200.7092145007655
677.6221786302433,200.73348867715674
678.4819093286836,196.51726314723473
679.341640027124,194.92581692650987
680.2013707255644,190.84381452756872
681.0611014240047,198.75256701348619
681.9208321224452,201.41755672842356
682.7805628208855,198.19905956253209
683.6402935193258,210.9636981970434
684.5000242177663,194.83092477582696
685.3597549162066,198.02448564996817
686.219485614647,189.34104485914352
687.0792163130874,210.49059758276732
687.9389470115277,200.7932027377931
688.7986777099682,197.05011859165924
689.6584084084085,195.99298031206467
690.5181391068489,187.16541673292983
691.3778698052893,200.6835005330639
692.2376005037296,200.81651158414059
693.09733120217,195.34853105784075
693.9570619006104,191.95106972991573
694.8167925990508,200.49107694039833
695.6765232974911,202.0341398009893
696.5362539959315,219.11960686031142
697.3959846943719,211.00704236654605
698.2557153928122,197.1091426080328
699.1154460912527,200.11536592478032
699.975176789693,200.0141182442815
700.8349074881334,195.38777218289465
701.6946381865738,193.73823349556994
702.5543688850141,211.6977457003107
703.4140995834546,206.69475470246903
704.2738302818949,208.30930369169857
705.1335609803352,202.7047199359568
705.9932916787757,193.5934956175936
706.853022377216,186.79110727302154
707.7127530756565,189.1059232727914
708.5724837740968,186.84104207546187
709.4322144725371,197.7919769288795
710.2919451709776,214.64673705177256
711.1516758694179,193.32174339151263
712.0114065678583,193.68057256349334
712.8711372662987,195.12688516637726
713.730867964739,175.3770471450314
714.5905986631794,193.70459151659904
715.4503293616198,186.50921193639041
716.3100600600602,193.60450807867295
717.1697907585005,172.5617341319319
718.0295214569409,180.4712639909152
718.8892521553813,194.9865479742774
719.7489828538216,188.93761706632267
720.6087135522621,189.80098038344326
721.4684442507024,178.403195195523
722.3281749491427,183.70642664374273
723.1879056475832,191.81621510486337
724.0476363460235,174.46157936789373
724.907367044464,190.06674258260446
725.7670977429043,174.8826995229383
726.6268284413446,183.2344656548184
727.4865591397851,187.3304379079658
728.3462898382254,185.25703759885945
729.2060205366658,184.80232280490966
730.0657512351062,168.83383373641064
730.9254819335465,196.7873673325178
731.785212631987,187.654901392814
732.6449433304273,190.09620477548862
733.5046740288677,185.7011924670577
734.364404727308,174.36863940175323
735.2241354257484,176.4488641342137
736.0838661241888,193.65777796421446
736.9435968226292,172.93971418822917
737.8033275210696,186.5215036669678
738.6630582195099,192.54781563188305
739.5227889179503,175.83697595507147
740.3825196163907,182.08044642355117
741.242250314831,181.9810749038295
742.1019810132715,184.29978852279746
742.9617117117118,190.40308582850918
743.8214424101521,183.83364556000043
744.6811731085926,182.24828001098774
745.5409038070329,200.73217906545713
746.4006345054734,175.50295428935678
747.2603652039137,183.24346348087133
748.120095902354,183.09639199409705
748.9798266007945,185.78919379297446
749.8395572992348,186.37726330128555
750.6992879976752,177.17337519156132
751.5590186961156,189.35486166052053
752.418749394556,169.30906334391005
753.2784800929963,174.77321340148862
754.1382107914367,172.95244233932658
754.9979414898771,189.27367506412364
755.8576721883175,181.09876848031183
756.7174028867579,174.17368430264878
757.5771335851982,180.4679806813192
758.4368642836386,166.48820915445177
759.296594982079,192.6361155236382
760.1563256805193,175.07835066585554
761.0160563789598,173.87390538051767
761.8757870774001,171.69555640147667
762.7355177758404,183.8046643334385
763.5952484742809,175.55941095195635
764.4549791727212,184.1374846402842
765.3147098711617,185.69532658777024
766.174440569602,200.53628949542707
767.0341712680423,198.47501762218857
767.8939019664828,199.10471175874977
768.7536326649231,184.38086142932167
769.6133633633635,185.82444403834975
770.4730940618039,198.61931475892717
771.3328247602442,186.07934872651936
772.1925554586846,198.8195893209035
773.052286157125,194.24320754596215
773.9120168555654,197.70544045222488
774.7717475540057,199.57625044921213
775.6314782524461,191.06864631752498
776.4912089508865,207.07438021146473
777.3509396493268,213.67068691555224
778.2106703477673,188.9866211184567
779.0704010462076,208.95759523954095
779.930131744648,201.14427699923152
780.7898624430884,193.56111159830084
781.6495931415287,192.39190333939962
782.5093238399692,200.15774747436146
783.3690545384095,184.92925014783324
784.2287852368498,204.7520134064634
785.0885159352903,212.42830250474375
785.9482466337306,191.4343516280463
786.807977332171,190.83558602122793
787.6677080306114,201.13013585041858
788.5274387290517,206.3357216810532
789.3871694274922,210.72442896623758
790.2469001259325,206.82343488427549
791.1066308243729,201.09315011598426
791.9663615228133,186.12166499535743
792.8260922212536,201.00301679185404
793.685822919694,191.6180785500777
794.5455536181344,196.69845859215997
795.4052843165748,200.84730303069068
796.2650150150151,195.7406442262203
797.1247457134555,210.9288235237935
797.9844764118959,185.8239334916904
798.8442071103362,196.79377933016286
799.7039378087767,209.6526351265236
800.563668507217,194.92238748818428
801.4233992056573,210.50371477971828
802.2831299040978,202.75259464353235
803.1428606025381,198.61817433848347
804.0025913009786,201.746721497715
804.8623219994189,209.699601562831
805.7220526978592,200.73279956172374
806.5817833962997,202.36519843597486
807.44151409474,209.67051508331488
808.3012447931804,202.31726886821383
809.1609754916208,202.16455091102998
810.0207061900611,201.92682936061146
810.8804368885015,188.57473346549688
811.7401675869419,199.5615927315171
812.5998982853823,200.83401503164254
813.4596289838227,194.50870026450633
814.319359682263,183.13535261671572
815.1790903807034,207.1691735445387
816.0388210791438,200.87705805211854
816.8985517775842,203.21232297407767
817.7582824760245,207.74850782649972
818.6180131744649,197.5733621224032
819.4777438729053,211.84833657457
820.3374745713456,203.6060141104264
821.1972052697861,214.94128500324257
822.0569359682264,200.98223089357643
822.9166666666667,194.60824063570027
823.7763973651072,189.93741324166427
824.6361280635475,185.62581371294337
825.495858761988,186.09023428223452
826.3555894604283,187.02083210878183
827.2153201588686,208.7214245041809
828.0750508573091,197.12058964217331
828.9347815557494,200.40918951833942
829.7945122541898,202.4745952932742
830.6542429526302,187.33205710022733
831.5139736510705,193.49281025952854
832.373704349511,192.34377037440993
833.2334350479513,216.49331879011143
834.0931657463917,197.76354113403602
834.952896444832,207.46261853842336
835.8126271432724,211.6969271880229
836.6723578417128,205.6807181136057
837.5320885401532,193.28773328169711
838.3918192385936,195.47750549309168
839.2515499370339,205.16054415898196
840.1112806354743,202.55277846050296
840.9710113339147,208.18529960619284
841.830742032355,189.34782682190078
842.6904727307955,202.49008479240186
843.5502034292358,210.94210432589813
844.4099341276761,200.71808035712814
845.2696648261166,215.2767282845396
846.1293955245569,202.47740837675312
846.9891262229974,202.43544493893174
847.8488569214377,198.51768992866067
848.708587619878,209.32500485813324
849.5683183183185,203.83925826491247
850.4280490167588,189.2239029910168
851.2877797151992,218.19517733851578
852.1475104136396,212.21100290703805
853.0072411120799,188.001412706948
853.8669718105203,209.93152606359206
854.7267025089607,212.87801902861975
855.5864332074011,199.96022456175618
856.4461639058414,190.3225823470421
857.3058946042818,192.81900434545005
858.1656253027222,209.85875657676925
859.0253560011625,209.18759430407937
859.885086699603,196.18566523394745
860.7448173980433,188.0251711118119
861.6045480964837,208.59013595350126
862.4642787949241,199.98651983636046
863.3240094933644,203.32252702577821
864.1837401918049,200.53304474651765
865.0434708902452,200.94147950279412
865.9032015886855,214.81265186534517
866.762932287126,195.23428240004594
867.6226629855663,211.60140598987456
868.4823936840068,207.66503977304677
869.3421243824471,201.28005181270245
870.2018550808874,200.25271495619705
871.0615857793279,212.52947459366038
871.9213164777682,194.53285162733525
872.7810471762086,211.023438431539
873.640777874649,200.30434751361776
874.5005085730893,214.66488464904114
875.3602392715297,201.02991913999222
876.2199699699701,194.91672676917605
877.0797006684105,219.16073384606003
877.9394313668508,209.73489978728475
878.7991620652913,200.56122171349926
879.6588927637316,191.25598648346832
880.518623462172,185.7952087778979
881.3783541606124,200.84937079631254
882.2380848590527,212.17048392435544
883.0978155574932,200.02241137092335
883.9575462559335,210.8834532355276
884.8172769543738,190.89864887935295
885.6770076528143,185.19072310450326
886.5367383512546,183.11111378807516
887.396469049695,188.8605394546202
888.2561997481354,207.05866690418836
889.1159304465757,213.59004433660456
889.9756611450161,197.85164291234167
890.8353918434565,203.95923140386805
891.6951225418969,206.78177378884726
892.5548532403373,198.2481940777046
893.4145839387776,212.1598996399508
894.274314637218,188.2439317417512
895.1340453356584,198.59967050862593
895.9937760340988,205.21813808227932
896.8535067325391,194.97054047335507
897.7132374309795,194.885352552107
898.5729681294199,210.2615591927939
899.4326988278602,203.92161120566067
900.2924295263007,201.91010318712546
901.152160224741,216.8373865794965
902.0118909231813,194.22190381805396
902.8716216216218,193.6464288433731
903.7313523200621,207.98337697065978
904.5910830185026,198.19160862299123
905.4508137169429,190.83517285174244
906.3105444153832,201.93334038236375
907.1702751138237,182.05067896629785
908.030005812264,204.51339576705482
908.8897365107044,184.52214902492176
909.7494672091448,207.6686544509313
910.6091979075851,196.37083069340963
911.4689286060255,207.09626142126973
912.3286593044659,201.55403401591656
913.1883900029063,211.85914666470217
914.0481207013466,196.5362601746974
914.907851399787,211.73399151678564
915.7675820982274,195.35679611407573
916.6273127966678,214.9111940891645
917.4870434951082,203.2711274348645
918.3467741935485,210.40793884419776
