59.4758064516129,201.3250976665611
60.33553715005327,183.2327508201499
61.19526784849365,201.25674269634865
62.05499854693402,201.21773641248825
62.9147292453744,201.17596411217005
63.774459943814776,217.22973520304703
64.63419064225515,192.5854614105527
65.49392134069552,193.05173793587505
66.35365203913591,200.98801248699627
67.21338273757628,195.67235571623783
68.07311343601665,200.88627763854208
68.93284413445703,200.83466005996655
69.7925748328974,200.7829955612038
70.65230553133779,200.7316240292876
71.51203622977816,200.68088535125176
72.37176692821853,186.502975914345
73.2314976266589,188.4168087683504
74.0912283250993,200.53586531076488
74.95095902353967,200.49105691858875
75.81068972198004,218.35506212382623
76.67042042042041,197.87470674647034
77.5301511188608,200.37198502449243
78.38988181730117,196.8067360769529
79.24961251574155,197.9420143016697
80.10934321418192,211.11531583503128
80.96907391262229,200.26172965732573
81.82880461106268,188.70795429805193
82.68853530950305,202.34666941168354
83.54826600794343,200.22280656469653
84.4079967063838,211.04405951018705
85.26772740482417,200.21422020491786
86.12745810326456,203.48543604005147
86.98718880170493,204.38478748987637
87.8469195001453,214.87019179340152
88.70665019858568,200.65295695358148
89.56638089702605,192.2021648318505
90.42611159546644,207.87258963984553
91.28584229390681,200.2475559998788
92.14557299234718,207.7101354389279
93.00530369078756,212.60117229084454
93.86503438922793,200.27012539673612
94.72476508766832,203.41798359474782
95.58449578610869,200.28127263959934
96.44422648454906,197.17819533791408
97.30395718298945,200.28876069033362
98.16368788142981,200.29120987846014
99.0234185798702,214.01957819108213
99.88314927831057,208.74427737566123
100.74287997675094,200.29374942095512
101.60261067519133,200.293096407569
102.46234137363169,200.29174520361246
103.32207207207207,193.75032686586897
104.18180277051245,210.05883396372096
105.04153346895282,192.17333982246188
105.90126416739321,191.63635384482976
106.76099486583357,193.49783660957485
107.62072556427395,200.27070883759086
108.48045626271433,200.26534740577318
109.3401869611547,188.00591564683452
110.19991765959509,200.25385014375647
111.05964835803545,200.24812123086232
111.91937905647583,202.490960344232
112.7791097549162,201.1978763999585
113.63884045335658,200.23345873169802
114.49857115179697,201.567225665766
115.35830185023732,200.22782507107152
116.21803254867771,196.5359063737388
117.07776324711809,200.2274064336569
117.93749394555846,200.2296622001252
118.79722464399885,199.90307800483842
119.65695534243922,200.24012280635523
120.51668604087959,200.24873520729383
121.37641673931996,200.25987404756623
122.23614743776034,206.3731158360734
123.09587813620072,185.74480793599184
123.9556088346411,200.309563141596
124.81533953308147,187.09043966830154
125.67507023152184,182.22740886795668
126.53480092996222,202.50615132787186
127.3945316284026,189.87843111644617
128.254262326843,187.68764596860626
129.11399302528335,217.83857518554242
129.9737237237237,200.49414018921013
130.8334544221641,200.5246904982404
131.69318512060448,201.57953209584977
132.55291581904487,200.58642630044318
133.41264651748523,200.6171115065385
134.2723772159256,206.06440632996933
135.13210791436597,200.67686581102413
135.99183861280636,200.70543462233718
136.85156931124675,204.50586644966157
137.7113000096871,200.7587048454108
138.57103070812747,200.78290597009413
139.43076140656785,198.99552884282113
140.29049210500824,200.8248486704039
141.15022280344863,200.84100657374577
142.009953501889,200.85257192657215
142.86968420032935,202.85513059303392
143.72941489876973,198.96360213927534
144.58914559721012,193.0939373532408
145.4488762956505,200.8319879875862
146.30860699409087,200.80490070398304
147.16833769253125,201.8352067938064
148.0280683909716,204.87915538670387
148.887799089412,200.65424385980882
149.7475297878524,200.57740660643998
150.60726048629274,199.00578105604802
151.46699118473313,200.37752868819547
152.3267218831735,195.9895763280104
153.18645258161388,200.1089839217433
154.04618328005427,184.53513897893276
154.90591397849462,199.76176917983173
155.765644676935,199.5551277142637
156.62537537537537,207.12494341535984
157.48510607381576,193.03177393959896
158.34483677225614,194.946490784541
159.2045674706965,198.47521622488938
160.0642981691369,198.13480516083717
160.92402886757725,197.7633821061283
161.78375956601764,197.35952770377622
162.64349026445802,206.0404386636551
163.5032209628984,196.4585309027707
164.36295166133877,183.031276456592
165.22268235977913,195.52986598796275
166.08241305821952,185.00914485403163
166.9421437566599,194.72798933745113
167.8018744551003,194.39593318243462
168.66160515354065,194.08919120066082
169.521335851981,193.78886663714056
170.3810665504214,194.21297923109978
171.24079724886178,193.13188274490463
172.10052794730217,192.7374299062107
172.96025864574253,192.27380746581403
173.8199893441829,191.72211866872553
174.67972004262327,182.810504164427
175.53945074106366,196.7498341010351
176.39918143950405,189.48766631678677
177.2589121379444,188.65940278542266
178.11864283638477,187.86632018265203
178.97837353482515,186.8131240623266
179.83810423326554,188.35536483909613
180.69783493170593,186.2960939136528
181.55756563014629,184.14075696936874
182.41729632858664,185.81158714023405
183.27702702702703,186.60928578968364
184.13675772546742,184.58559257902633
184.9964884239078,184.37733600457406
185.85621912234816,180.57858563887137
186.71594982078852,184.08460068949483
187.5756805192289,183.98580582305547
188.4354112176693,200.69783142711486
189.29514191610966,176.92324195748859
190.15487261455004,178.74069177549913
191.01460331299043,173.98655522427515
191.8743340114308,191.0539750657768
192.73406470987118,183.60811042631272
193.59379540831154,173.84347234781418
194.45352610675192,183.39236491017138
195.3132568051923,194.8434652613654
196.17298750363267,180.17128930392101
197.03271820207306,182.9235267297221
197.89244890051341,182.81443258193698
198.7521795989538,170.99350879085955
199.6119102973942,188.5220721969208
200.47164099583455,178.64728945177598
201.33137169427494,182.90026285002588
202.19110239271532,183.0312519750177
203.05083309115568,183.19710328758106
203.91056378959607,183.39334156990768
204.77029448803643,183.6154916041895
205.63002518647681,183.8590781726183
206.4897558849172,184.11962605738583
207.34948658335756,172.3252451222108
208.20921728179795,184.67370490470472
209.0689479802383,177.96408238523378
209.9286786786787,185.24192640368074
210.78840937711908,180.03762215853988
211.64814007555944,185.79039664671842
212.50787077399983,185.53601839851768
213.36760147244019,186.3188533666024
214.22733217088057,186.58442575070723
215.08706286932096,186.85579906831614
215.94679356776132,205.01570655768762
216.8065242662017,181.6124447162681
217.66625496464206,185.25375766998368
218.52598566308245,188.072875434726
219.38571636152284,181.95011913576315
220.2454470599632,188.8118651081687
221.10517775840358,189.22684822561274
221.96490845684394,195.77219016915384
222.82463915528433,190.16618446217973
223.68436985372472,194.94556979992922
224.54410055216508,191.27445688082886
225.40383125060546,190.83457524607616
226.26356194904582,192.5353543415668
227.1232926474862,190.92263610404163
227.9830233459266,201.06364599496624
228.84275404436696,182.26310365060294
229.70248474280734,192.51237398797485
230.5622154412477,195.9001080357234
231.4219461396881,196.53813788675137
232.28167683812848,197.1437166807866
233.14140753656883,197.70792552023278
234.00113823500922,197.93447065387318
234.8608689334496,198.67655774497243
235.72059963188997,193.20490500703818
236.58033033033036,206.4812204613704
237.4400610287707,211.72805773292907
238.2997917272111,199.2195472696448
239.1595224256515,210.66581013563913
240.01925312409185,198.05835043977692
240.87898382253223,209.53151915372052
241.7387145209726,200.2664823717037
242.59844521941298,200.27751147659248
243.45817591785337,187.7292380739376
244.31790661629373,207.11324754514885
245.1776373147341,200.17340324757876
246.03736801317447,200.10867510452718
246.89709871161486,200.0367874853752
247.75682941005525,192.1697018456181
248.6165601084956,199.890381556186
249.476290806936,199.82528711485645
250.33602150537635,206.57309148215955
251.19575220381674,188.93595511674465
252.05548290225713,192.31508066430897
252.91521360069748,199.71636655967657
253.77494429913787,199.72305677964204
254.63467499757823,199.7588314098989
255.49440569601862,189.59286823705767
256.35413639445903,201.33416401047572
257.21386709289936,199.89862404272418
258.07359779133975,201.0002166460672
258.93332848978014,191.77345469375598
259.79305918822047,200.0773328639283
260.6527898866609,200.13536196607274
261.51252058510124,204.01883474528367
262.37225128354163,192.3472896180632
263.231981981982,199.44573865738116
264.09171268042235,200.30241224839577
264.9514433788628,200.321319381899
265.8111740773031,216.8654668771303
266.6709047757435,194.95713073988057
267.5306354741839,195.86237520307057
268.3903661726242,192.91158909765903
269.25009687106467,184.5146395175019
270.109827569505,200.30874131906944
270.9695582679454,197.23156427600662
271.8292889663858,184.5049021239122
272.6890196648261,200.27611677898688
273.54875036326655,190.71780848698728
274.4084810617069,200.26688937653162
275.26821176014727,185.34616786936127
276.12794245858765,200.2786338094645
276.987673157028,209.40887563966777
277.84740385546843,200.3132223291399
278.70713455390876,208.11426206874506
279.56686525234915,200.36578291317622
280.42659595078953,200.39720439059053
281.28632664922986,200.4312008776081
282.1460573476703,184.7629989635289
283.00578804611064,211.42119026773503
283.865518744551,214.19084737419837
284.7252494429914,210.06967808697186
285.58498014143174,200.61743171439483
286.4447108398722,214.54375422552872
287.3044415383125,206.05555652917855
288.1641722367529,200.7191528599818
289.0239029351933,193.60588975207202
289.8836336336336,200.77213746690964
290.74336433207407,204.1433444072897
291.6030950305144,209.55844751802323
292.4628257289548,200.81658343219274
293.32255642739517,200.81949982660876
294.1822871258355,217.0979174315996
295.04201782427594,195.96252532309364
295.9017485227163,198.2351491594041
296.76147922115666,190.69071806099396
297.62120991959705,200.7204253177365
298.4809406180374,200.67877008098574
299.3406713164778,196.49871911006136
300.20040201491815,201.12131048441557
301.06013271335854,204.70564175679812
301.91986341179893,200.90740411435053
302.77959411023926,200.4022209886559
303.6393248086797,200.33887453507327
304.49905550712003,202.80960891975695
305.3587862055604,200.21056550318983
306.2185169040008,198.01366252251887
307.07824760244114,200.60182551028174
307.9379783008816,200.02610010056625
308.7977089993219,198.09394221172016
309.6574396977623,199.91781850661584
310.5171703962027,199.87049400337983
311.376901094643,199.82878378103607
312.23663179308346,199.79349040338468
313.0963624915238,199.76541643422524
313.9560931899642,197.59938695275477
314.81582388840457,199.73413697658182
315.6755545868449,199.7325366156974
316.53528528528534,189.87623953686983
317.39501598372567,199.76108170954475
318.2547466821661,199.79077238825045
319.11447738060644,212.3825366948292
319.9742080790468,205.23103874804167
320.8339387774872,199.92719262917973
321.69366947592755,199.98428173739737
322.553400174368,200.0450951727209
323.4131308728083,186.10809561864218
324.27286157124865,200.1728945762501
325.1325922696891,208.4818664750239
325.99232296812943,214.2192700342451
326.8520536665699,200.3612733321164
327.7117843650102,200.41818037578912
328.57151506345053,201.9678540260772
329.431245761891,200.51566497805723
330.2909764603313,195.04299714084578
331.15070715877175,199.76161546408383
332.0104378572121,200.9151030624107
332.8701685556524,200.6103131032365
333.72989925409286,200.60578258903033
334.5896299525332,212.27321989289405
335.44936065097363,188.01161937333552
336.30909134941396,200.50452714346756
337.1688220478543,200.43738698693573
338.02855274629474,208.04660226404664
338.88828344473507,200.24551426977976
339.7480141431755,205.87062366407167
340.60774484161584,211.38170524380297
341.46747554005617,199.76107930335385
342.3272062384966,215.45369084554642
343.18693693693695,206.00844695952372
344.0466676353774,189.49110009567408
344.9063983338177,193.90353540954482
345.76612903225805,197.9583862622275
346.6258597306985,183.7712391899429
347.4855904291388,196.71582793676188
348.34532112757927,181.74386078628976
349.2050518260196,198.25607432277587
350.06478252445993,194.1852970979153
350.9245132229004,187.82719979958665
351.7842439213407,192.51698874936122
352.64397461978115,191.75729190243908
353.5037053182215,191.0455082644785
354.3634360166618,190.38034407852317
355.22316671510225,189.7605055876167
356.0828974135426,201.0287027256989
356.942628111983,188.65163066312525
357.80235881042336,188.16000671562765
358.6620895088637,187.7081857407086
359.52182020730413,187.29280729801533
360.38155090574446,186.90998065892268
361.2412816041849,190.61940760040034
362.10101230262524,175.02116236826956
362.96074300106557,177.68567293985978
363.820473699506,185.62637454257845
364.68020439794634,185.34794372450423
365.5399350963868,201.15925965283876
366.3996657948271,183.26983199823772
367.25939649326745,196.28303701242774
368.1191271917079,175.87071556230075
368.9788578901482,174.22870235453084
369.83858858858866,185.50932274559116
370.698319287029,186.72434626686672
371.5580499854693,183.4376709550049
372.41778068390977,191.02213017974847
373.2775113823501,183.12327706429383
374.13724208079054,183.00574722744304
374.9969727792309,182.91837566977185
375.8567034776712,182.86394754641282
376.71643417611165,195.09012737551276
377.576164874552,182.864740712739
378.4358955729924,197.4404186668213
379.29562627143275,187.29951171531553
380.1553569698731,176.4474280479621
381.0150876683135,183.26810505812452
381.87481836675386,182.15625395617064
382.7345490651943,183.6064293660459
383.59427976363463,183.79507399376075
384.45401046207496,183.43724676184843
385.3137411605154,189.2975622261987
386.17347185895574,184.39709815296956
387.0332025573962,192.6293364415403
387.8929332558365,184.81639486208275
388.75266395427684,169.59047138058082
389.6123946527173,179.70402374348356
390.4721253511576,167.9075674485792
391.33185604959806,185.67252738636518
392.1915867480384,185.88610294783985
393.0513174464787,194.18600510118017
393.91104814491916,170.4315811598302
394.7707788433595,180.06064480380036
395.63050954179994,186.89881515258435
396.49024024024027,186.9159934802875
397.3499709386806,187.3550492305482
398.20970163712104,187.29819538650304
399.0694323355614,173.62605153865977
399.9291630340018,187.67343645413385
400.78889373244215,187.8663517681707
401.6486244308825,188.067079657875
402.5083551293229,189.0141487309284
403.36808582776325,178.18397625563958
404.2278165262037,188.74825919739015
405.087547224644,189.0123578061618
405.94727792308447,177.04430943053282
406.8070086215248,198.47180629082277
407.66673931996513,176.82969223055215
408.5264700184056,190.33960049630923
409.3862007168459,179.52266394429262
410.24593141528635,191.21069937737633
411.1056621137267,191.70936034764742
411.965392812167,192.25333996756095
412.82512351060745,192.83676204708848
413.6848542090478,178.20115311397612
414.54458490748823,194.0833668706079
415.40431560592856,199.0432522745577
416.2640463043689,195.37193511708477
417.12377700280933,196.00781147530913
417.98350770124966,201.73399226840888
418.8432383996901,209.7660826386733
419.70296909813044,197.7659180565346
420.56269979657077,198.26994783261145
421.4224304950112,184.10537317624275
422.28216119345154,201.28540095997923
423.141891891892,199.47366742978684
424.0016225903323,199.78220276340292
424.86135328877265,193.50829691101845
425.7210839872131,200.28013107156397
426.5808146856534,209.6447658461197
427.44054538409387,181.95012252582933
428.3002760825342,200.7789537338592
429.1600067809745,200.89226969462882
430.01973747941497,200.9839965807105
430.8794681778553,196.41695494180357
431.73919887629575,201.11275642468405
432.5989295747361,203.3912191957009
433.4586602731764,201.18537769837232
434.31839097161685,201.20693137159773
435.1781216700572,198.6970005244624
436.0378523684976,202.38664099161664
436.89758306693795,195.33285773745104
437.7573137653783,197.38019947610564
438.61704446381873,201.26785010534505
439.47677516225906,201.28828992628524
440.3365058606995,198.85969014047063
441.19623655913983,201.3572000480495
442.05596725758016,201.4070691212062
442.9156979560206,194.41417605953347
443.77542865446094,204.026952693485
444.6351593529014,201.59563412117058
445.4948900513417,201.66439261186338
446.35462074978204,211.35952581305028
447.2143514482225,201.79801644427792
448.0740821466628,194.0116626147729
448.93381284510326,196.39474054706247
449.7935435435436,221.93308598347392
450.6532742419839,201.99019904975754
451.51300494042437,200.06102886776628
452.3727356388647,202.0147621294142
453.23246633730514,202.0017250555387
454.09219703574547,199.9363872784874
454.9519277341858,201.9143900261898
455.81165843262625,201.83585081366715
456.6713891310666,201.40918787025092
457.531119829507,207.44620400924353
458.39085052794735,201.4719793006664
459.2505812263877,201.32285491336688
460.1103119248281,203.43747724140073
460.97004262326845,206.65636351559834
461.8297733217089,200.8571205101345
462.68950402014923,200.71126491612756
463.54923471858956,200.5778587360801
464.40896541703,210.61082297426475
465.26869611547033,197.9832741705635
466.1284268139108,216.42495119696667
466.9881575123511,200.26175088860185
467.84788821079144,193.61536409541088
468.7076189092319,188.8889735747987
469.5673496076722,200.33502894200154
470.42708030611266,204.84810012888366
471.286811004553,206.3537277466573
472.1465417029933,191.36905065364732
473.00627240143376,200.73760762359777
473.8660030998741,203.4456904316031
474.72573379831454,201.00725683916673
475.58546449675487,198.05843201572534
476.4451951951952,207.34178994830518
477.30492589363564,206.85283500586576
478.16465659207597,201.54482908086422
479.0243872905164,201.65867248572033
479.88411798895675,201.75737373139992
480.7438486873971,207.719286211415
481.6035793858375,191.28744833572435
482.46331008427785,206.30800963386844
483.3230407827183,210.3938728930949
484.1827714811586,192.84313707133765
485.04250217959896,216.48309744261584
485.9022328780394,204.80669900383452
486.76196357647973,201.60284702497475
487.6216942749202,201.44362998805073
488.4814249733605,201.2643920655752
489.34115567180083,197.57990749843287
490.2008863702413,188.3893887410378
491.0606170686816,208.3056133067097
491.92034776712205,200.46441259872967
492.7800784655624,200.27295605742532
493.6398091640027,196.49305085062173
494.49953986244316,202.95874037092386
495.3592705608835,199.81282327734573
496.21900125932393,199.71701708718237
497.07873195776426,199.65659472401794
497.9384626562046,203.14123794397742
498.79819335464504,203.58875038303262
499.65792405308537,199.65875907151553
500.5176547515258,199.70992895354192
501.37738544996614,207.08421714582846
502.23711614840647,200.55501850630606
503.0968468468469,204.05979753056982
503.95657754528725,208.34382117078218
504.8163082437277,200.76876059736725
505.676038942168,200.3220538218686
506.53576964060835,202.69771838596915
507.3955003390488,182.97614684919614
508.2552310374891,203.78737604768463
509.11496173592957,192.70248916706868
509.9746924343699,200.87875337271348
510.83442313281023,200.9566730615807
511.6941538312507,201.01596591105178
512.553884529691,196.9253796569426
513.4136152281314,202.65050368807212
514.2733459265718,188.89889478621598
515.1330766250121,193.6478710343748
515.9928073234526,192.05334670418864
516.8525380218929,208.53425140978453
517.7122687203333,203.35629267260293
518.5719994187737,200.4347088276449
519.431730117214,200.18198594592505
520.2914608156544,199.87944110413264
521.1511915140948,182.95256961457525
522.0109222125352,199.12117741408127
522.8706529109755,188.1031054919832
523.7303836094159,211.29509750971604
524.5901143078563,186.45915311000874
525.4498450062966,194.53200044706745
526.3095757047371,199.5293868136028
527.1693064031774,194.75941065752846
528.0290371016177,194.77499636207006
528.8887678000582,193.95633330384933
529.7484984984985,187.120918857964
530.608229196939,192.32525671940476
531.4679598953793,191.5651864917449
532.3276905938197,192.95189000958504
533.1874212922601,183.21302884883698
534.0471519907004,181.94386968646745
534.9068826891408,189.45337037879042
535.7666133875812,189.18234864188733
536.6263440860216,188.98352519200694
537.486074784462,187.0337619536341
538.3458054829023,188.7276357154892
539.2055361813427,188.63315096993895
540.065266879783,188.5360270735859
540.9249975782235,188.41755466697364
541.7847282766638,188.2590243906458
542.6444589751042,177.34700175381704
543.5041896735446,169.78752046117137
544.3639203719849,187.42610256771673
545.2236510704254,187.05280260481666
546.0833817688657,175.787275489377
546.943112467306,178.3809489663928
547.8028431657465,185.8331001093643
548.6625738641868,196.69451789124142
549.5223045626273,202.35585642210185
550.3820352610676,180.8908717080759
551.2417659595079,184.47691860678088
552.1014966579484,184.27373192181605
552.9612273563887,202.4984820041695
553.8209580548291,186.95123165721134
554.6806887532695,183.89417214332698
555.5404194517098,183.96023265565844
556.4001501501502,190.89063748722828
557.2598808485906,183.93685655208307
558.119611547031,192.16290051457455
558.9793422454713,183.87669827281454
559.8390729439117,183.82001516033702
560.6988036423521,183.7623621669805
561.5585343407924,175.38797526600018
562.4182650392329,183.70722133122536
563.2779957376732,183.7412708856245
564.1377264361136,185.01647737386375
564.997457134554,188.30172815785014
565.8571878329943,184.2607207541358
566.7169185314348,184.57486932796326
567.5766492298751,187.44783393618687
568.4363799283154,185.34196124414467
569.2961106267559,181.7877491162102
570.1558413251962,195.69562420376207
571.0155720236367,179.69034821196865
571.875302722077,187.05824982987434
572.7350334205174,187.44753664977063
573.5947641189578,187.79426117328532
574.4544948173981,188.08509931753485
575.3142255158385,188.3100812614442
576.1739562142789,195.1663195494429
577.0336869127193,189.4380585914529
577.8934176111596,188.74851993868091
578.7531483096,188.88682552410836
579.6128790080404,189.05672140853318
580.4726097064807,201.4417479387181
581.3323404049212,202.42462489641412
582.1920711033615,202.65965027336415
583.0518018018018,204.83382834726947
583.9115325002423,200.07186608347763
584.7712631986826,191.6264395237753
585.6309938971231,192.28449474301064
586.4907245955634,183.60239069960977
587.3504552940037,193.6549418337442
588.2101859924442,203.6608043193533
589.0699166908845,194.99049997746033
589.9296473893249,194.22824970381438
590.7893780877653,196.2161561680791
591.6491087862056,186.7282461922448
592.508839484646,183.12053428579134
593.3685701830864,199.356853180708
594.2283008815268,198.13809968824373
595.0880315799672,192.55154146431974
595.9477622784075,202.93179125037364
596.8074929768479,198.92812326003244
597.6672236752883,196.05914326713153
598.5269543737287,194.1079970841412
599.386685072169,203.231462733383
600.2464157706094,199.37969969930126
601.1061464690498,199.473102241817
601.9658771674901,199.56301180823306
602.8256078659306,199.64948229967442
603.6853385643709,195.31688819794755
604.5450692628112,191.8735341787228
605.4047999612517,191.34695954066743
606.264530659692,206.16051309401462
607.1242613581325,200.0321351716401
607.9839920565728,196.04952535930536
608.8437227550131,186.13111597739191
609.7034534534536,200.2239076671294
610.5631841518939,201.32187966601353
611.4229148503343,197.00067362697948
612.2826455487747,188.42491268606645
613.142376247215,186.86946268276438
614.0021069456554,200.4851678776346
614.8618376440958,210.26700388175072
615.7215683425362,217.66586682251312
616.5812990409765,200.60927928425522
617.4410297394169,197.3095211916973
618.3007604378573,192.37666455932663
619.1604911362977,207.75081990098727
620.0202218347381,200.73969411645763
620.8799525331784,190.9155444802499
621.7396832316188,200.79084301997088
622.5994139300592,201.3598009250755
623.4591446284995,200.83315202983658
624.31887532694,200.85103851725424
625.1786060253803,194.42466039974704
626.0383367238207,200.88029690715402
626.8980674222611,210.8642029388329
627.7577981207014,201.6825289971951
628.6175288191419,200.90796186569509
629.4772595175822,200.9128745078012
630.3369902160226,203.09881909931462
631.196720914463,200.91626181031432
632.0564516129033,185.9585906409369
632.9161823113437,198.7241287361127
633.7759130097841,215.97625020425437
634.6356437082245,200.89740364913354
635.4953744066648,200.88737377433483
636.3551051051052,185.9419190131453
637.2148358035456,200.86096541348064
638.0745665019859,192.55765141225703
638.9342972004264,200.82612060918643
639.7940278988667,205.56461855269154
640.653758597307,202.55820480907013
641.5134892957475,196.65518503655716
642.3732199941878,200.73204510650257
643.2329506926283,190.14084266729716
644.0926813910686,199.90732703207274
644.9524120895089,212.48151031603183
645.8121427879494,200.61575978131742
646.6718734863897,200.58520253000356
647.5316041848301,195.07735449944903
648.3913348832705,200.5241737894263
649.2510655817108,182.3107565990208
650.1107962801512,200.4650392706987
650.9705269785916,200.43684979669692
651.830257677032,194.03065959667174
652.6899883754724,191.1243176643026
653.5497190739127,209.4075129481752
654.4094497723531,200.33950669000816
655.2691804707935,202.60211118278397
656.1289111692339,209.162113346169
656.9886418676742,200.29016035306208
657.8483725661146,216.81319095359964
658.708103264555,211.6669985971318
659.5678339629953,206.49411345434535
660.4275646614358,200.26961778330545
661.2872953598761,213.47458147133997
662.1470260583164,183.02365745539672
663.0067567567569,200.2944473962914
663.8664874551972,200.3095162005575
664.7262181536377,200.32746826584489
665.585948852078,188.18590056482324
666.4456795505183,200.37079128600988
667.3054102489588,200.39554679415036
668.1651409473991,200.42195466983833
669.0248716458395,211.2577729559408
669.8846023442799,200.47849663038278
670.7443330427202,200.50801526850228
671.6040637411606,200.53795538069548
672.463794439601,200.56800924359368
673.3235251380414,200.5978691338286
674.1832558364817,191.83462236585663
675.0429865349221,190.15165150498822
675.9027172333625,200.68320773486857
676.7624479318029,185.0387878785153
677.6221786302433,200.73348867715674
678.4819093286836,209.73928276224254
679.341640027124,194.44016599292624
680.2013707255644,200.79283843561186
681.0611014240047,212.98840852949093
681.9208321224452,200.8182196594595
682.7805628208855,200.825989008406
683.6402935193258,189.6150596298177
684.5000242177663,200.83085124185445
685.3597549162066,209.30981782666498
686.219485614647,181.1339073934217
687.0792163130874,206.99468898506777
687.9389470115277,198.29813610268326
688.7986777099682,215.57595130602706
689.6584084084085,188.5042481739108
690.5181391068489,209.9270431640162
691.3778698052893,200.6835005330639
692.2376005037296,200.64356647155046
693.09733120217,201.4567612781451
693.9570619006104,188.66293919493756
694.8167925990508,208.64079218240795
695.6765232974911,200.4287957057651
696.5362539959315,200.36051097131806
697.3959846943719,199.58666577834313
698.2557153928122,200.20504277549563
699.1154460912527,200.11536592478032
699.975176789693,203.9891987981444
700.8349074881334,207.51715257252874
701.6946381865738,195.9592915186516
702.5543688850141,199.61183230796016
703.4140995834546,206.67738838390585
704.2738302818949,199.2324046886019
705.1335609803352,199.00058440554244
705.9932916787757,211.84300185341436
706.853022377216,198.4381719346013
707.7127530756565,198.10175616349485
708.5724837740968,197.72465164648153
709.4322144725371,206.51843212867743
710.2919451709776,199.29575305222173
711.1516758694179,189.42742898453116
712.0114065678583,195.75111028711086
712.8711372662987,198.94531627774975
713.730867964739,184.09979497916567
714.5905986631794,188.52471827285675
715.4503293616198,181.74388689845
716.3100600600602,192.11050351853848
717.1697907585005,191.29006523713122
718.0295214569409,190.4765245233528
718.8892521553813,189.6867516941132
719.7489828538216,190.43826692559824
720.6087135522621,205.8248716244537
721.4684442507024,187.62678348354112
722.3281749491427,182.9159315963759
723.1879056475832,170.48712731462643
724.0476363460235,186.19202680324292
724.907367044464,185.8390709900434
725.7670977429043,186.02769773329607
726.6268284413446,183.8965645285132
727.4865591397851,192.21983974221155
728.3462898382254,178.84201265470978
729.2060205366658,184.80232280490966
730.0657512351062,184.70764944302903
730.9254819335465,189.39119154032207
731.785212631987,184.59334482181214
732.6449433304273,196.59593565800148
733.5046740288677,184.54773452681934
734.364404727308,192.53924644146608
735.2241354257484,184.53318438544883
736.0838661241888,184.5257961934339
736.9435968226292,198.83856765056802
737.8033275210696,188.68682600391912
738.6630582195099,184.4467278731674
739.5227889179503,183.0295264355311
740.3825196163907,184.30559241350008
741.242250314831,167.12262059931868
742.1019810132715,177.67631112313066
742.9617117117118,183.96903292144896
743.8214424101521,191.04643391521452
744.6811731085926,169.69900267153068
745.5409038070329,183.5432281705662
746.4006345054734,183.39325101911706
747.2603652039137,183.24346348087133
748.120095902354,178.60997707618174
748.9798266007945,182.95456299706265
749.8395572992348,182.82050292803655
750.6992879976752,186.70512073010593
751.5590186961156,182.58579532708237
752.418749394556,185.10404462933488
753.2784800929963,182.41248069738134
754.1382107914367,182.35516184242164
754.9979414898771,189.1055246444111
755.8576721883175,176.06246257895563
756.7174028867579,177.90351004213719
757.5771335851982,182.39277985587552
758.4368642836386,182.49266044400684
759.296594982079,187.65035213011095
760.1563256805193,182.83870714610558
761.0160563789598,174.7552440878332
761.8757870774001,179.12913255264104
762.7355177758404,183.8046643334385
763.5952484742809,192.95664541258907
764.4549791727212,171.91377932270143
765.3147098711617,185.4367633931448
766.174440569602,195.7769865656327
767.0341712680423,193.8665745843747
767.8939019664828,187.87787463701775
768.7536326649231,185.35529933485196
769.6133633633635,189.92053569920566
770.4730940618039,191.0061882223843
771.3328247602442,197.06346246316664
772.1925554586846,193.1906263302874
773.052286157125,194.24320754596215
773.9120168555654,195.23856062341974
774.7717475540057,199.8554023858426
775.6314782524461,196.96589057119968
776.4912089508865,191.8239078080264
777.3509396493268,204.01215947250373
778.2106703477673,208.57363735711309
779.0704010462076,199.23781920656992
779.930131744648,199.61731541088653
780.7898624430884,199.94368400430236
781.6495931415287,200.22327289478702
782.5093238399692,200.4592159212474
783.3690545384095,207.03416792196606
784.2287852368498,209.87457547102753
785.0885159352903,200.93585283700395
785.9482466337306,201.02789542788838
786.807977332171,201.09163366500925
787.6677080306114,201.13013585041858
788.5274387290517,204.36366976685247
789.3871694274922,201.1437052743115
790.2469001259325,201.12490911689935
791.1066308243729,207.44593276641265
791.9663615228133,201.05149657361846
792.8260922212536,201.00301679185404
793.685822919694,201.22406954021724
794.5455536181344,200.897851718338
795.4052843165748,200.84730303069068
796.2650150150151,190.99334689005303
797.1247457134555,200.76519044044068
797.9844764118959,200.7364492137544
798.8442071103362,200.71526871555318
799.7039378087767,200.70093885088966
800.563668507217,200.69274952481646
801.4233992056573,200.68999064238628
802.2831299040978,200.69195210865172
803.1428606025381,200.69792382866558
804.0025913009786,200.7071957074804
804.8623219994189,200.7190576501489
805.7220526978592,202.16420082760618
806.5817833962997,200.7477113472577
807.44151409474,200.76308291180325
808.3012447931804,211.9070716935052
809.1609754916208,200.7923649981402
810.0207061900611,213.19881139372092
810.8804368885015,191.82124760699193
811.7401675869419,203.4000805420389
812.5998982853823,200.83401503164254
813.4596289838227,188.1908006892967
814.319359682263,195.8979814804042
815.1790903807034,200.8585695677144
816.0388210791438,200.867570254694
816.8985517775842,183.24200466280894
817.7582824760245,200.88914673151413
818.6180131744649,204.56732789418692
819.4777438729053,199.8424459970166
820.3374745713456,216.36046486451104
821.1972052697861,216.70588272744808
822.0569359682264,209.3832772348013
822.9166666666667,201.0106930699893
823.7763973651072,218.9399595596539
824.6361280635475,201.0805978873853
825.495858761988,182.77969427165502
826.3555894604283,208.84684502244664
827.2153201588686,214.74322362694983
828.0750508573091,201.28330230245228
828.9347815557494,201.34935592932186
829.7945122541898,206.93083599532844
830.6542429526302,197.23095495720807
831.5139736510705,186.2328120478624
832.373704349511,201.66566442742783
833.2334350479513,203.6700781891612
834.0931657463917,205.60276678386597
834.952896444832,214.7954309963656
835.8126271432724,202.0104183694816
836.6723578417128,202.09240366870668
837.5320885401532,196.08549118332758
838.3918192385936,202.24325917583266
839.2515499370339,202.3098233072255
840.1112806354743,189.87406006091544
840.9710113339147,207.41387621491293
841.830742032355,202.46022475367508
842.6904727307955,209.97350487441744
843.5502034292358,202.5078862123271
844.4099341276761,203.13035011359514
845.2696648261166,189.79746980612364
846.1293955245569,212.11803169036654
846.9891262229974,195.52119573527864
847.8488569214377,202.3756579980045
848.708587619878,202.29771960653767
849.5683183183185,211.88596524975384
850.4280490167588,206.88847875453558
851.2877797151992,201.97997576322066
852.1475104136396,195.2592322931813
853.0072411120799,201.72629684678216
853.8669718105203,212.39249850875757
854.7267025089607,201.465356325507
855.5864332074011,201.3391856805231
856.4461639058414,201.2196268952909
857.3058946042818,201.10948905679749
858.1656253027222,210.7124629604813
859.0253560011625,200.92871256797466
859.885086699603,200.8636920916192
860.7448173980433,195.3517973632104
861.6045480964837,198.67988586954232
862.4642787949241,200.80343147872964
863.3240094933644,200.83227146151106
864.1837401918049,210.12557240662622
865.0434708902452,193.17369897065302
865.9032015886855,201.01177492265293
866.762932287126,201.08581618289463
867.6226629855663,191.60889192829706
868.4823936840068,201.22499094724088
869.3421243824471,196.49093027984532
870.2018550808874,185.61406776566398
871.0615857793279,217.25755141303563
871.9213164777682,201.32669251038405
872.7810471762086,196.86012712688975
873.640777874649,201.22121791305594
874.5005085730893,201.13361888533424
875.3602392715297,201.02991913999222
876.2199699699701,194.5505526595235
877.0797006684105,209.8877703412329
877.9394313668508,191.80190758262214
878.7991620652913,199.7528532947354
879.6588927637316,206.21466781692703
880.518623462172,194.04313856042035
881.3783541606124,200.30305749975722
882.2380848590527,198.759831488536
883.0978155574932,203.9548041447188
883.9575462559335,208.3722132842421
884.8172769543738,211.7644454323656
885.6770076528143,191.98344103507242
886.5367383512546,200.45186387497665
887.396469049695,188.87540638115203
888.2561997481354,202.6826547974818
889.1159304465757,210.7472679689521
889.9756611450161,193.17611713528578
890.8353918434565,191.26339335967825
891.6951225418969,204.31872062130017
892.5548532403373,209.0191214622382
893.4145839387776,201.35858361296488
894.274314637218,209.34851352856344
895.1340453356584,204.11571812122412
895.9937760340988,201.63320918453724
896.8535067325391,205.82635424635785
897.7132374309795,187.0031966414478
898.5729681294199,201.82603080183264
899.4326988278602,201.87246596635143
900.2924295263007,196.98022583792869
901.152160224741,201.9390153102818
902.0118909231813,204.81899941137524
902.8716216216218,201.47845241152189
903.7313523200621,201.8124287856273
904.5910830185026,201.96886974927145
905.4508137169429,191.93270685859008
906.3105444153832,201.93334038236375
907.1702751138237,201.9032165137539
908.030005812264,214.8541857485522
908.8897365107044,201.81861463685763
909.7494672091448,201.76428232082537
910.6091979075851,201.7020262145731
911.4689286060255,201.63191916422778
912.3286593044659,196.9208366818371
913.1883900029063,197.5378083256641
914.0481207013466,201.37522080990465
914.907851399787,201.27443844445804
915.7675820982274,201.16616936555377
916.6273127966678,199.60782747305666
917.4870434951082,200.9274624518804
918.3467741935485,200.79717030936547
