59.4758064516129,201.3250976665611
60.33553715005327,200.65628637271448
61.19526784849365,204.22226965134698
62.05499854693402,208.58864142507076
62.9147292453744,201.17596411217005
63.774459943814776,205.92422058786693
64.63419064225515,190.52390955178947
65.49392134069552,212.9621060113773
66.35365203913591,209.19888408363045
67.21338273757628,202.01705483753418
68.07311343601665,207.15778096378952
68.93284413445703,192.36368943439524
69.7925748328974,206.4480392831136
70.65230553133779,194.04050650201535
71.51203622977816,200.4087008473135
72.37176692821853,186.05171944568517
73.2314976266589,212.43494139102984
74.0912283250993,210.25720196263381
74.95095902353967,193.70948835987465
75.81068972198004,200.44858081546212
76.67042042042041,209.66422409042423
77.5301511188608,194.71810889260422
78.38988181730117,191.51921013797445
79.24961251574155,200.51053062993964
80.10934321418192,209.26985275591656
80.96907391262229,182.29898842692492
81.82880461106268,211.16363122445034
82.68853530950305,185.2110516080782
83.54826600794343,198.04972010437226
84.4079967063838,200.21702050703436
85.26772740482417,200.21422020491786
86.12745810326456,208.75175581655748
86.98718880170493,194.7718073985329
87.8469195001453,202.3449629875795
88.70665019858568,191.67313608652304
89.56638089702605,195.88364917060557
90.42611159546644,200.23967709500968
91.28584229390681,200.2475559998788
92.14557299234718,191.99337281665177
93.00530369078756,197.03484828674132
93.86503438922793,205.13710683546526
94.72476508766832,182.94699770589
95.58449578610869,189.40718318193422
96.44422648454906,200.28545859202103
97.30395718298945,201.5520618646403
98.16368788142981,201.46704265360952
99.0234185798702,217.67226459826338
99.88314927831057,195.76284487413835
100.74287997675094,205.09829452451584
101.60261067519133,200.293096407569
102.46234137363169,194.87243019620195
103.32207207207207,192.33880243619691
104.18180277051245,201.67614046981717
105.04153346895282,201.50361845704285
105.90126416739321,218.83174721399737
106.76099486583357,216.38481622386143
107.62072556427395,192.08260501991026
108.48045626271433,187.47099369053134
109.3401869611547,200.6753580540646
110.19991765959509,200.25385014375647
111.05964835803545,196.90701270487108
111.91937905647583,188.72209536750165
112.7791097549162,200.23772174424462
113.63884045335658,199.58783987539073
114.49857115179697,191.42517079038763
115.35830185023732,198.95247004227107
116.21803254867771,200.22686198416847
117.07776324711809,191.18259204269606
117.93749394555846,200.2296622001252
118.79722464399885,200.23383306416181
119.65695534243922,207.79950117131722
120.51668604087959,216.5915755314909
121.37641673931996,205.60659715567581
122.23614743776034,200.27374100702045
123.09587813620072,198.86811901725855
123.9556088346411,200.309563141596
124.81533953308147,206.6202643075924
125.67507023152184,203.74919874893885
126.53480092996222,189.66947260534965
127.3945316284026,193.6484109841817
128.254262326843,191.7847416125695
129.11399302528335,193.99587879524086
129.9737237237237,212.134823090315
130.8334544221641,205.50176238057665
131.69318512060448,193.1856235182034
132.55291581904487,200.58642630044318
133.41264651748523,190.57424498668303
134.2723772159256,207.86898441253635
135.13210791436597,210.44416582676325
135.99183861280636,197.99982247351687
136.85156931124675,206.3576817077906
137.7113000096871,200.72184155925504
138.57103070812747,200.74169950133833
139.43076140656785,210.5672333178495
140.29049210500824,211.0604290729349
141.15022280344863,200.84100657374577
142.009953501889,200.85257192657215
142.86968420032935,205.88504176146193
143.72941489876973,192.87820010924966
144.58914559721012,203.4202416667556
145.4488762956505,200.8319879875862
146.30860699409087,200.80490070398304
147.16833769253125,182.13428649472274
148.0280683909716,200.7170746323511
148.887799089412,200.83510007821596
149.7475297878524,218.34606444385778
150.60726048629274,197.296130505462
151.46699118473313,188.50670512740845
152.3267218831735,200.25239591206014
153.18645258161388,203.18095891482957
154.04618328005427,199.94591479666275
154.90591397849462,186.19372649150247
155.765644676935,199.5551277142637
156.62537537537537,193.39403719436643
157.48510607381576,199.54718340825875
158.34483677225614,208.67852355001042
159.2045674706965,201.37534600568208
160.0642981691369,197.7096861631072
160.92402886757725,199.87355713432726
161.78375956601764,197.35952770377622
162.64349026445802,196.92205015712392
163.5032209628984,196.4585309027707
164.36295166133877,196.67297722185486
165.22268235977913,207.34281921261277
166.08241305821952,179.8696417186296
166.9421437566599,201.24966418486915
167.8018744551003,193.6300518116739
168.66160515354065,195.9573915590753
169.521335851981,199.45273639687005
170.3810665504214,204.43633927452933
171.24079724886178,192.21211542541917
172.10052794730217,179.08154230307713
172.96025864574253,196.5814552793577
173.8199893441829,178.87422156375686
174.67972004262327,191.0638617852285
175.53945074106366,190.3046421817277
176.39918143950405,185.21808787628603
177.2589121379444,183.71961097387947
178.11864283638477,195.97559656172422
178.97837353482515,187.15253482560703
179.83810423326554,197.54679743052006
180.69783493170593,185.99823312406417
181.55756563014629,172.53915428423596
182.41729632858664,172.56402157117802
183.27702702702703,195.2154715167576
184.13675772546742,188.3504239538411
184.9964884239078,190.25280941618865
185.85621912234816,202.40916646831414
186.71594982078852,166.91896613969516
187.5756805192289,190.72291087766774
188.4354112176693,191.08743892284758
189.29514191610966,183.84757143982685
190.15487261455004,172.57237446568405
191.01460331299043,170.27319594565418
191.8743340114308,181.25687828918745
192.73406470987118,197.4972678435673
193.59379540831154,171.06120628710647
194.45352610675192,183.39236491017138
195.3132568051923,171.08151733789356
196.17298750363267,191.74655910467487
197.03271820207306,177.95076416959725
197.89244890051341,182.81443258193698
198.7521795989538,180.0881577857024
199.6119102973942,182.7607720339894
200.47164099583455,186.15709707980614
201.33137169427494,182.90026285002588
202.19110239271532,166.7135853878046
203.05083309115568,183.54806474262523
203.91056378959607,189.1211578879511
204.77029448803643,174.03647779153133
205.63002518647681,190.73166197042045
206.4897558849172,180.20314978039238
207.34948658335756,184.3926600406841
208.20921728179795,184.67370490470472
209.0689479802383,198.0753738257394
209.9286786786787,185.24192640368074
210.78840937711908,199.22888114427383
211.64814007555944,176.49618063398097
212.50787077399983,201.55011050696592
213.36760147244019,201.87492032368564
214.22733217088057,197.4007053809458
215.08706286932096,186.85579906831614
215.94679356776132,181.49391229431075
216.8065242662017,187.43066325623292
217.66625496464206,179.69624978437136
218.52598566308245,176.6382277577721
219.38571636152284,191.79186480907373
220.2454470599632,188.8118651081687
221.10517775840358,196.23892789114686
221.96490845684394,176.70652989227233
222.82463915528433,191.90068715107026
223.68436985372472,190.11873772271198
224.54410055216508,177.09651165127698
225.40383125060546,180.65760398666274
226.26356194904582,199.09392393703942
227.1232926474862,194.7175871064802
227.9830233459266,195.41529623074882
228.84275404436696,195.4744843133063
229.70248474280734,180.8412510908675
230.5622154412477,197.49470744890272
231.4219461396881,196.53813788675137
232.28167683812848,185.44232323048092
233.14140753656883,197.67885864957242
234.00113823500922,195.45952217576263
234.8608689334496,185.0894964010884
235.72059963188997,196.62591401066965
236.58033033033036,210.65700918210598
237.4400610287707,188.4627704282897
238.2997917272111,191.512095925227
239.1595224256515,200.03023243240247
240.01925312409185,208.5522504174597
240.87898382253223,200.224734118945
241.7387145209726,220.14195398440938
242.59844521941298,207.50613042178762
243.45817591785337,193.06939915480706
244.31790661629373,194.1932161508048
245.1776373147341,208.91996084289542
246.03736801317447,213.30132195679084
246.89709871161486,203.35119161164104
247.75682941005525,201.3087012189597
248.6165601084956,198.20989802879407
249.476290806936,199.82528711485645
250.33602150537635,199.77188093484224
251.19575220381674,190.36119804204563
252.05548290225713,193.43168054678424
252.91521360069748,198.78727670627933
253.77494429913787,199.73107045427133
254.63467499757823,208.69080898649332
255.49440569601862,198.6284195184965
256.35413639445903,199.84479146415083
257.21386709289936,196.6227095176331
258.07359779133975,212.56056669195456
258.93332848978014,208.51873407205238
259.79305918822047,187.91144975233746
260.6527898866609,200.13536196607274
261.51252058510124,200.18898204904627
262.37225128354163,208.67622660299304
263.231981981982,201.71495605162644
264.09171268042235,200.30241224839577
264.9514433788628,196.59563492392797
265.8111740773031,212.3376261300771
266.6709047757435,200.59633616559464
267.5306354741839,189.39546680259934
268.3903661726242,197.35358304954062
269.25009687106467,195.05470438108486
270.109827569505,200.57217489732798
270.9695582679454,184.93964591863522
271.8292889663858,191.74375528319894
272.6890196648261,194.47215884294704
273.54875036326655,217.07280433798826
274.4084810617069,200.44271882687104
275.26821176014727,200.68894460802412
276.12794245858765,211.180191783433
276.987673157028,202.20471520932992
277.84740385546843,198.33278198088982
278.70713455390876,184.55951390254398
279.56686525234915,189.5773382025188
280.42659595078953,200.39720439059053
281.28632664922986,191.27973876658893
282.1460573476703,200.2981496196712
283.00578804611064,186.05317794118525
283.865518744551,203.98721115348184
284.7252494429914,200.58015021179645
285.58498014143174,192.59032368558013
286.4447108398722,192.54327893741123
287.3044415383125,200.6715480310506
288.1641722367529,211.40938156374813
289.0239029351933,194.83921921521627
289.8836336336336,195.1498005200808
290.74336433207407,196.28493482332587
291.6030950305144,192.33149804102376
292.4628257289548,200.81658343219274
293.32255642739517,195.72068072138262
294.1822871258355,183.34895520422015
295.04201782427594,200.80364821144914
295.9017485227163,213.3076776693306
296.76147922115666,196.7839190486561
297.62120991959705,200.7204253177365
298.4809406180374,212.40529843042316
299.3406713164778,202.6859528744244
300.20040201491815,206.2653913649772
301.06013271335854,200.5232849521039
301.91986341179893,200.46395864893267
302.77959411023926,200.4022209886559
303.6393248086797,200.33887453507327
304.49905550712003,211.90197563563618
305.3587862055604,208.3595731899339
306.2185169040008,212.04148978967763
307.07824760244114,200.0854520636808
307.9379783008816,202.08267260079623
308.7977089993219,204.10891426162536
309.6574396977623,199.91781850661584
310.5171703962027,209.67372538522642
311.376901094643,198.13189735898777
312.23663179308346,196.2889575710487
313.0963624915238,200.95205420261945
313.9560931899642,207.6892502795273
314.81582388840457,188.91258026772812
315.6755545868449,192.39785785308283
316.53528528528534,191.6401701228729
317.39501598372567,186.13989999785903
318.2547466821661,191.76950273908307
319.11447738060644,190.09826347246852
319.9742080790468,208.8533270816269
320.8339387774872,213.50342779016574
321.69366947592755,195.06019146861036
322.553400174368,200.0450951727209
323.4131308728083,206.50366564066783
324.27286157124865,207.1936991908264
325.1325922696891,207.35846198378857
325.99232296812943,207.98831073592575
326.8520536665699,207.75222991701048
327.7117843650102,200.41818037578912
328.57151506345053,214.32014134070945
329.431245761891,209.8202914285926
330.2909764603313,195.16098896527114
331.15070715877175,204.42318404358096
332.0104378572121,200.6023164871335
332.8701685556524,200.6103131032365
333.72989925409286,200.60578258903033
334.5896299525332,200.587474832406
335.44936065097363,192.0434801127213
336.30909134941396,189.96061748411248
337.1688220478543,213.20825748686198
338.02855274629474,200.35146913955035
338.88828344473507,207.42219247941512
339.7480141431755,188.43160516782174
340.60774484161584,199.9574833591564
341.46747554005617,212.28089133804642
342.3272062384966,200.62745569688607
343.18693693693695,188.96442183400183
344.0466676353774,202.62380892470912
344.9063983338177,191.3415215178754
345.76612903225805,212.82475619823322
346.6258597306985,197.3817754190687
347.4855904291388,196.71582793676188
348.34532112757927,195.95312414637678
349.2050518260196,200.6033063369771
350.06478252445993,183.23098154654622
350.9245132229004,192.35350071385568
351.7842439213407,177.47916091131594
352.64397461978115,201.9432146517736
353.5037053182215,188.930357607458
354.3634360166618,198.6773672160661
355.22316671510225,200.0115746808999
356.0828974135426,189.18469903480286
356.942628111983,201.21761672490865
357.80235881042336,194.1410218936203
358.6620895088637,187.7081857407086
359.52182020730413,174.43134415720058
360.38155090574446,197.57506462277678
361.2412816041849,193.72124729080977
362.10101230262524,180.31944586821913
362.96074300106557,189.1295788133375
363.820473699506,171.5910273954054
364.68020439794634,176.8279565352264
365.5399350963868,172.55412084330115
366.3996657948271,188.0396098631954
367.25939649326745,185.2527443089208
368.1191271917079,173.57466739463933
368.9788578901482,194.61052406663765
369.83858858858866,178.17089869512867
370.698319287029,181.03904324750025
371.5580499854693,185.92231893396763
372.41778068390977,183.26818002519187
373.2775113823501,194.51361701342879
374.13724208079054,165.26038037098903
374.9969727792309,186.92133450012523
375.8567034776712,191.47215599954333
376.71643417611165,190.55000727995122
377.576164874552,170.22157484043083
378.4358955729924,164.10941136349504
379.29562627143275,182.1532138684615
380.1553569698731,181.1532486441536
381.0150876683135,179.58068211321893
381.87481836675386,183.42937514368586
382.7345490651943,190.97247883243512
383.59427976363463,195.43487629151525
384.45401046207496,170.88162240141918
385.3137411605154,191.84331843977458
386.17347185895574,189.22270968435814
387.0332025573962,181.659418120676
387.8929332558365,182.6222253605091
388.75266395427684,198.34321076188917
389.6123946527173,185.2434175056067
390.4721253511576,183.86133096170965
391.33185604959806,182.3913296828057
392.1915867480384,173.02968152750066
393.0513174464787,195.10894029090417
393.91104814491916,179.8010621900178
394.7707788433595,197.5426375283965
395.63050954179994,197.6175896601618
396.49024024024027,196.11713447984707
397.3499709386806,186.21251101733344
398.20970163712104,183.8830547719487
399.0694323355614,183.11322215074645
399.9291630340018,187.67343645413385
400.78889373244215,174.44576925258698
401.6486244308825,191.9060485213754
402.5083551293229,197.6263621919146
403.36808582776325,188.50482133084495
404.2278165262037,188.74825919739015
405.087547224644,183.42856688171608
405.94727792308447,189.30032919879974
406.8070086215248,182.2134098365592
407.66673931996513,181.73212452404286
408.5264700184056,189.10755603386983
409.3862007168459,190.75518344081016
410.24593141528635,185.63090698776622
411.1056621137267,195.5884562807428
411.965392812167,186.75914616456265
412.82512351060745,179.15150921630175
413.6848542090478,192.25616927121297
414.54458490748823,194.0833668706079
415.40431560592856,179.14492930406826
416.2640463043689,199.78814774435597
417.12377700280933,196.00781147530913
417.98350770124966,193.58348557314036
418.8432383996901,187.51996463495934
419.70296909813044,197.7659180565346
420.56269979657077,189.46841452867852
421.4224304950112,201.8334729765561
422.28216119345154,197.83561920931103
423.141891891892,198.96834826901684
424.0016225903323,195.47729047758807
424.86135328877265,200.04991761960125
425.7210839872131,194.2921839409659
426.5808146856534,195.61885355332166
427.44054538409387,196.14626453938774
428.3002760825342,202.23651215779302
429.1600067809745,200.89226969462882
430.01973747941497,200.9839965807105
430.8794681778553,194.09146466571363
431.73919887629575,201.11275642468405
432.5989295747361,201.28998969519114
433.4586602731764,196.98749475757558
434.31839097161685,187.84540254400264
435.1781216700572,201.22200440253752
436.0378523684976,208.14585737942448
436.89758306693795,194.16220667568268
437.7573137653783,201.2535196425954
438.61704446381873,201.26785010534505
439.47677516225906,200.481225470166
440.3365058606995,208.9435482074567
441.19623655913983,192.1327398462294
442.05596725758016,215.9856221273985
442.9156979560206,187.92323252218688
443.77542865446094,201.52841088860478
444.6351593529014,203.2669047248564
445.4948900513417,215.1162913571818
446.35462074978204,209.02340944147318
447.2143514482225,201.9014013634396
448.0740821466628,201.8586323243235
448.93381284510326,201.91228453914397
449.7935435435436,194.82263970754113
450.6532742419839,201.99019904975754
451.51300494042437,205.89801469774244
452.3727356388647,191.3163550403505
453.23246633730514,202.0017250555387
454.09219703574547,214.5071419361338
454.9519277341858,204.13137089338397
455.81165843262625,190.68921186714914
456.6713891310666,211.0182732885937
457.531119829507,201.6102886706526
458.39085052794735,195.41794340809932
459.2505812263877,189.74005096791234
460.1103119248281,200.85364273850118
460.97004262326845,195.6131269875444
461.8297733217089,195.4000668294921
462.68950402014923,206.85528605484518
463.54923471858956,200.5778587360801
464.40896541703,188.13201813518634
465.26869611547033,211.32496936841588
466.1284268139108,208.20101274857606
466.9881575123511,203.4317300468279
467.84788821079144,204.79770961336786
468.7076189092319,191.7952721999593
469.5673496076722,206.89541392840724
470.42708030611266,195.6670662728406
471.286811004553,212.0455720188526
472.1465417029933,190.38707201257884
473.00627240143376,204.2819506552408
473.8660030998741,187.15918362038153
474.72573379831454,189.06775124542773
475.58546449675487,201.14705739598298
476.4451951951952,205.64946957823864
477.30492589363564,201.41930466530633
478.16465659207597,210.2559918062679
479.0243872905164,208.878391386846
479.88411798895675,211.35051110604206
480.7438486873971,201.83747166942862
481.6035793858375,201.89550515133166
482.46331008427785,203.84316464049814
483.3230407827183,201.93153415286307
484.1827714811586,199.2903881865646
485.04250217959896,190.99021158336527
485.9022328780394,201.73618412241888
486.76196357647973,207.45974404000268
487.6216942749202,192.57313213324818
488.4814249733605,197.418964134717
489.34115567180083,202.64259290926105
490.2008863702413,189.280975684539
491.0606170686816,211.58003403211455
491.92034776712205,200.46441259872967
492.7800784655624,210.6850219737964
493.6398091640027,200.0966329541408
494.49953986244316,197.08512680330443
495.3592705608835,192.88247560157131
496.21900125932393,207.8419422713356
497.07873195776426,189.23743938276183
497.9384626562046,209.29481716590325
498.79819335464504,196.4585147276979
499.65792405308537,199.65875907151553
500.5176547515258,205.54035716677072
501.37738544996614,205.31773564277702
502.23711614840647,187.629558434766
503.0968468468469,212.8749774661341
503.95657754528725,210.02684373183314
504.8163082437277,192.89019430857945
505.676038942168,198.3450934300361
506.53576964060835,194.1065299405037
507.3955003390488,201.6919955245275
508.2552310374891,200.67986793215437
509.11496173592957,200.785415458291
509.9746924343699,210.59714996611223
510.83442313281023,195.15498899678994
511.6941538312507,188.2740814370366
512.553884529691,186.62200235146685
513.4136152281314,183.33262028465356
514.2733459265718,193.64931627706306
515.1330766250121,214.99984794547953
515.9928073234526,195.81789986251536
516.8525380218929,208.1813800439798
517.7122687203333,187.25582412749773
518.5719994187737,211.00919415425312
519.431730117214,193.14400000541502
520.2914608156544,188.8570551904892
521.1511915140948,208.79251899516382
522.0109222125352,209.42059375673543
522.8706529109755,196.8790784589623
523.7303836094159,198.15311260225323
524.5901143078563,211.66842559210914
525.4498450062966,195.3166837740745
526.3095757047371,196.2930193591492
527.1693064031774,200.58500200852012
528.0290371016177,187.5667855752722
528.8887678000582,190.80297442436375
529.7484984984985,191.05073765544049
530.608229196939,182.60760337547353
531.4679598953793,175.0992984046065
532.3276905938197,190.87699050616922
533.1874212922601,193.2313650191328
534.0471519907004,182.28378215502735
534.9068826891408,189.45337037879042
535.7666133875812,193.77210895552068
536.6263440860216,207.24106374229268
537.486074784462,176.41419743758752
538.3458054829023,198.0876109559166
539.2055361813427,178.24745634966936
540.065266879783,188.5360270735859
540.9249975782235,188.7822014528633
541.7847282766638,190.90428209817708
542.6444589751042,186.5044129686443
543.5041896735446,190.12406229612765
544.3639203719849,175.69847843663155
545.2236510704254,187.05280260481666
546.0833817688657,171.73514550506292
546.943112467306,176.5121701947058
547.8028431657465,195.69556251767403
548.6625738641868,185.438172328907
549.5223045626273,187.38594900419835
550.3820352610676,180.27770305800382
551.2417659595079,186.7732507138581
552.1014966579484,197.8722971978388
552.9612273563887,181.01981070972616
553.8209580548291,181.8064474954977
554.6806887532695,191.88719636039215
555.5404194517098,183.96023265565844
556.4001501501502,190.3585588797634
557.2598808485906,183.93685655208307
558.119611547031,183.91694871089885
558.9793422454713,187.06705645386373
559.8390729439117,189.97834153097187
560.6988036423521,166.90342723855002
561.5585343407924,177.7641181446947
562.4182650392329,176.2702637519462
563.2779957376732,183.7412708856245
564.1377264361136,176.61338391170412
564.997457134554,176.65312833287172
565.8571878329943,176.93464955073563
566.7169185314348,184.57486932796326
567.5766492298751,184.93972418559406
568.4363799283154,175.62172277149634
569.2961106267559,183.80778359676398
570.1558413251962,176.20269961489598
571.0155720236367,182.65956756087513
571.875302722077,180.69526581201347
572.7350334205174,192.5298485879704
573.5947641189578,187.79426117328532
574.4544948173981,174.6485506685245
575.3142255158385,206.03338506462364
576.1739562142789,188.48145417884263
577.0336869127193,184.8773197612979
577.8934176111596,196.51411828637754
578.7531483096,187.3411780739895
579.6128790080404,189.05672140853318
580.4726097064807,189.27951396344906
581.3323404049212,184.26575518747833
582.1920711033615,195.68879772704906
583.0518018018018,197.89177621456088
583.9115325002423,191.00943952154344
584.7712631986826,184.95080307767924
585.6309938971231,196.54777277001958
586.4907245955634,207.86810191025145
587.3504552940037,196.45527065710402
588.2101859924442,193.39479720163214
589.0699166908845,197.63531155988298
589.9296473893249,196.77921554169734
590.7893780877653,185.13121409248686
591.6491087862056,198.56740817458086
592.508839484646,201.08521684111236
593.3685701830864,182.57436113581178
594.2283008815268,196.08102756246694
595.0880315799672,193.9619234529072
595.9477622784075,196.26766425179852
596.8074929768479,200.03508367783996
597.6672236752883,209.83471266074667
598.5269543737287,200.79572097136514
599.386685072169,198.4729904561559
600.2464157706094,207.30330121569423
601.1061464690498,186.42013560022315
601.9658771674901,188.60136188336787
602.8256078659306,197.6942597868291
603.6853385643709,190.5678258714668
604.5450692628112,208.1175889490065
605.4047999612517,189.9770869056262
606.264530659692,199.9620515381956
607.1242613581325,199.6277016725034
607.9839920565728,213.33890178089638
608.8437227550131,201.44160812537592
609.7034534534536,208.34267769232912
610.5631841518939,196.7566609096311
611.4229148503343,213.93145163243094
612.2826455487747,198.16786553884884
613.142376247215,200.43850035848087
614.0021069456554,189.1478562085489
614.8618376440958,200.52915093756485
615.7215683425362,189.06476895176138
616.5812990409765,205.91086265341212
617.4410297394169,200.64553237326552
618.3007604378573,200.6793166075526
619.1604911362977,218.58686558143663
620.0202218347381,218.8024864466333
620.8799525331784,201.84983493281305
621.7396832316188,213.29925056294144
622.5994139300592,200.81308833979318
623.4591446284995,209.60244075186552
624.31887532694,200.10481373141343
625.1786060253803,200.8667520577816
626.0383367238207,183.68070822714
626.8980674222611,201.03051574733843
627.7577981207014,200.9008975553754
628.6175288191419,212.37201846373867
629.4772595175822,213.06520864891118
630.3369902160226,184.34437983431096
631.196720914463,200.91626181031432
632.0564516129033,194.477137917385
632.9161823113437,201.44440244260255
633.7759130097841,200.90531164586622
634.6356437082245,210.52446485060207
635.4953744066648,197.6616026635481
636.3551051051052,212.47067170993114
637.2148358035456,200.86096541348064
638.0745665019859,200.84459543889588
638.9342972004264,193.72419584748766
639.7940278988667,201.7890803973794
640.653758597307,195.27182275570482
641.5134892957475,200.7582956134444
642.3732199941878,192.58259723300634
643.2329506926283,192.7906186085716
644.0926813910686,192.39016509669682
644.9524120895089,210.60178362482367
645.8121427879494,205.63573405139837
646.6718734863897,200.58520253000356
647.5316041848301,207.99881051034393
648.3913348832705,200.5241737894263
649.2510655817108,200.49423626189764
650.1107962801512,197.7198100686054
650.9705269785916,205.2841950974552
651.830257677032,218.37837564752343
652.6899883754724,189.71765598151524
653.5497190739127,198.71557462909038
654.4094497723531,207.499105118666
655.2691804707935,198.70274679881766
656.1289111692339,189.81528627698705
656.9886418676742,211.65464863832977
657.8483725661146,187.61247172612642
658.708103264555,199.0029002848712
659.5678339629953,204.91016963061173
660.4275646614358,200.26961778330545
661.2872953598761,196.6407180280528
662.1470260583164,195.71816008998786
663.0067567567569,184.83192518970804
663.8664874551972,194.23741772923265
664.7262181536377,209.3096407445124
665.585948852078,212.8743226429653
666.4456795505183,206.07990877892263
667.3054102489588,197.05695609501436
668.1651409473991,193.90776966055574
669.0248716458395,199.43058302927778
669.8846023442799,201.78793679502778
670.7443330427202,203.11222455816693
671.6040637411606,185.61996660815578
672.463794439601,193.30233245848663
673.3235251380414,204.88029493131833
674.1832558364817,185.74700599875473
675.0429865349221,190.5886220272282
675.9027172333625,196.04579838080565
676.7624479318029,202.3536494243839
677.6221786302433,198.8230294690089
678.4819093286836,200.7557225406739
679.341640027124,198.42190588776515
680.2013707255644,185.19149841162744
681.0611014240047,200.80711373251626
681.9208321224452,200.8182196594595
682.7805628208855,191.3223378568182
683.6402935193258,191.54969015625645
684.5000242177663,210.32152260767924
685.3597549162066,201.51718593801513
686.219485614647,208.08444577416466
687.0792163130874,198.81678373364417
687.9389470115277,194.48836001819535
688.7986777099682,209.1787880799499
689.6584084084085,201.24467976066876
690.5181391068489,200.7182645078313
691.3778698052893,186.30610691079337
692.2376005037296,194.28304402445565
693.09733120217,181.2072066139027
693.9570619006104,211.82765737017314
694.8167925990508,203.7894639784271
695.6765232974911,200.3816064882964
696.5362539959315,211.1458460278893
697.3959846943719,207.1098737126141
698.2557153928122,200.20504277549563
699.1154460912527,216.07999024059606
699.975176789693,211.60917861915374
700.8349074881334,199.16698134819111
701.6946381865738,206.32582409150407
702.5543688850141,205.53233020499817
703.4140995834546,197.98042038963197
704.2738302818949,203.682273832937
705.1335609803352,215.28055522312042
705.9932916787757,211.47061463816024
706.853022377216,200.6310188637825
707.7127530756565,188.23195443263086
708.5724837740968,206.5618925506274
709.4322144725371,206.05403479208363
710.2919451709776,196.83672920828428
711.1516758694179,200.20680140077317
712.0114065678583,187.56483822947627
712.8711372662987,207.72819120873467
713.730867964739,186.48373297889447
714.5905986631794,191.47549482816777
715.4503293616198,204.71090574552449
716.3100600600602,190.18162315511816
717.1697907585005,182.80928382346815
718.0295214569409,192.15957555315302
718.8892521553813,188.31182673779833
719.7489828538216,184.79633905795754
720.6087135522621,176.03125698467647
721.4684442507024,189.973168162445
722.3281749491427,174.96861384639766
723.1879056475832,197.6140919803711
724.0476363460235,193.66075245230903
724.907367044464,185.99045238126502
725.7670977429043,191.5960784270541
726.6268284413446,182.82974947480668
727.4865591397851,196.62836609101555
728.3462898382254,166.6130291097049
729.2060205366658,178.36518150106264
730.0657512351062,184.70764944302903
730.9254819335465,194.68233208183372
731.785212631987,184.50184807065642
732.6449433304273,194.0613550052688
733.5046740288677,187.01877740088497
734.364404727308,184.53892907271893
735.2241354257484,180.24263549684065
736.0838661241888,180.16663934614877
736.9435968226292,191.46778635076566
737.8033275210696,177.9421658448272
738.6630582195099,184.4467278731674
739.5227889179503,184.38615658585783
740.3825196163907,198.9784460672391
741.242250314831,178.38237609372766
742.1019810132715,180.1917400943654
742.9617117117118,195.4387121841233
743.8214424101521,182.36529346632426
744.6811731085926,171.0483429049227
745.5409038070329,184.41104612056193
746.4006345054734,185.6654645513438
747.2603652039137,172.86422991219112
748.120095902354,183.09639199409705
748.9798266007945,173.42222585837317
749.8395572992348,190.7630194974955
750.6992879976752,185.72091204807978
751.5590186961156,182.58579532708237
752.418749394556,181.87850686548776
753.2784800929963,182.41248069738134
754.1382107914367,182.10930105362976
754.9979414898771,174.60635535281412
755.8576721883175,197.66151230276876
756.7174028867579,186.1429867719564
757.5771335851982,182.39277985587552
758.4368642836386,191.4526138005916
759.296594982079,184.84061715216325
760.1563256805193,182.83870714610558
761.0160563789598,188.0566644917488
761.8757870774001,183.41587824691672
762.7355177758404,183.8046643334385
763.5952484742809,179.9637874022806
764.4549791727212,172.09722981612248
765.3147098711617,185.4367633931448
766.174440569602,186.72398699435257
767.0341712680423,182.03883787080534
767.8939019664828,187.87787463701775
768.7536326649231,189.83312157547542
769.6133633633635,180.7279064189721
770.4730940618039,201.4362840692893
771.3328247602442,206.0101951485526
772.1925554586846,194.96076961247135
773.052286157125,194.24320754596215
773.9120168555654,191.87055083732088
774.7717475540057,183.7170005512617
775.6314782524461,206.94499594463136
776.4912089508865,206.05231113213884
777.3509396493268,196.26085875249535
778.2106703477673,187.24019040344768
779.0704010462076,199.23781920656992
779.930131744648,206.8820702372763
780.7898624430884,199.94368400430236
781.6495931415287,203.57698611145196
782.5093238399692,209.86766976957236
783.3690545384095,207.81786839289882
784.2287852368498,208.44879658550715
785.0885159352903,210.0846431931588
785.9482466337306,205.73368142996782
786.807977332171,184.94761795576252
787.6677080306114,202.97502248608473
788.5274387290517,210.22336818943802
789.3871694274922,201.1437052743115
790.2469001259325,206.68642970733342
791.1066308243729,205.41701161917987
791.9663615228133,197.1897201950994
792.8260922212536,203.9869794745976
793.685822919694,198.89517856703884
794.5455536181344,187.12410693587537
795.4052843165748,200.3099196339607
796.2650150150151,200.8022013118533
797.1247457134555,198.73997406563885
797.9844764118959,207.09766628524176
798.8442071103362,199.1281360452521
799.7039378087767,188.8605140672338
800.563668507217,198.00774648026808
801.4233992056573,206.61667529358687
802.2831299040978,198.66160819468868
803.1428606025381,192.4590991573408
804.0025913009786,197.04304094845762
804.8623219994189,199.91125781904873
805.7220526978592,200.73279956172374
806.5817833962997,196.90028092809888
807.44151409474,217.53004612200948
808.3012447931804,193.69586347076333
809.1609754916208,183.46407601095362
810.0207061900611,210.13230401078647
810.8804368885015,206.69374288614793
811.7401675869419,196.94495756865334
812.5998982853823,197.20537432951403
813.4596289838227,197.61279516757804
814.319359682263,191.7481957382771
815.1790903807034,209.7316062724732
816.0388210791438,206.36375455407855
816.8985517775842,200.87763201260353
817.7582824760245,199.57588349466275
818.6180131744649,185.9028867331256
819.4777438729053,200.9181026126235
820.3374745713456,189.22278390728104
821.1972052697861,196.46668728473463
822.0569359682264,210.77650885254218
822.9166666666667,215.35764477394127
823.7763973651072,216.1575393707584
824.6361280635475,186.5006729226626
825.495858761988,202.13057693658484
826.3555894604283,212.86702574967953
827.2153201588686,186.94891108292308
828.0750508573091,201.28330230245228
828.9347815557494,196.41408538431259
829.7945122541898,201.42173065958923
830.6542429526302,191.23546295028083
831.5139736510705,201.58103794689615
832.373704349511,204.114825569269
833.2334350479513,197.49887895884157
834.0931657463917,201.83909787097735
834.952896444832,209.37203181663529
835.8126271432724,206.57122308140276
836.6723578417128,209.24616176681062
837.5320885401532,184.25117913557435
838.3918192385936,216.8517760871971
839.2515499370339,202.3098233072255
840.1112806354743,198.13708523129208
840.9710113339147,209.81071786961965
841.830742032355,214.9198224248595
842.6904727307955,189.44219567307732
843.5502034292358,202.5078862123271
844.4099341276761,199.2233651837798
845.2696648261166,202.5027010427567
846.1293955245569,209.36533926066824
846.9891262229974,202.43544493893174
847.8488569214377,192.36137610629598
848.708587619878,186.77601002575847
849.5683183183185,209.52790381460574
850.4280490167588,215.51561303762526
851.2877797151992,201.97997576322066
852.1475104136396,209.85120840785524
853.0072411120799,198.8801055380611
853.8669718105203,201.35853457260802
854.7267025089607,190.04336882473305
855.5864332074011,202.42032778518748
856.4461639058414,210.12110327483958
857.3058946042818,192.95877407649166
858.1656253027222,205.6461509806075
859.0253560011625,203.31735454841174
859.885086699603,200.8636920916192
860.7448173980433,198.4383378298995
861.6045480964837,215.56793183131236
862.4642787949241,209.2678604442423
863.3240094933644,200.7472127239171
864.1837401918049,200.87996624263974
865.0434708902452,204.2443501780359
865.9032015886855,201.69763136882875
866.762932287126,210.1926250641328
867.6226629855663,200.98808090915315
868.4823936840068,219.32860330598555
869.3421243824471,201.28005181270245
870.2018550808874,200.8803493397965
871.0615857793279,203.5791303375995
871.9213164777682,214.8673557366221
872.7810471762086,200.53312600571184
873.640777874649,212.9263087773966
874.5005085730893,196.2392293863041
875.3602392715297,192.1889675128794
876.2199699699701,191.1028891945223
877.0797006684105,200.795639242663
877.9394313668508,195.315726255235
878.7991620652913,190.94015907748292
879.6588927637316,216.6677789924718
880.518623462172,194.85708010903116
881.3783541606124,205.01807336213022
882.2380848590527,210.54110780715624
883.0978155574932,185.6448458861036
883.9575462559335,199.46002256968126
884.8172769543738,203.47296646230595
885.6770076528143,205.53741421723367
886.5367383512546,189.9857681296407
887.396469049695,192.70176574480226
888.2561997481354,209.86044398123457
889.1159304465757,204.55229014337283
889.9756611450161,201.4338046904247
890.8353918434565,195.4890838283828
891.6951225418969,181.54644195595998
892.5548532403373,188.46541101475287
893.4145839387776,211.78258409465755
894.274314637218,201.4593362086204
895.1340453356584,205.8592129278143
895.9937760340988,204.7285819168933
896.8535067325391,203.61827396041295
897.7132374309795,191.91092597413933
898.5729681294199,187.77690401134203
899.4326988278602,201.87246596635143
900.2924295263007,206.60480839002958
901.152160224741,210.37469572737407
902.0118909231813,208.0530984695344
902.8716216216218,194.2523184000794
903.7313523200621,189.53847785426507
904.5910830185026,201.96886974927145
905.4508137169429,188.21979548926745
906.3105444153832,187.72678272947655
907.1702751138237,197.6418835068951
908.030005812264,214.78573188683404
908.8897365107044,196.57829352541995
909.7494672091448,210.97228544130934
910.6091979075851,201.93679006594758
911.4689286060255,203.6013020570828
912.3286593044659,195.73208076573906
913.1883900029063,202.831352582191
914.0481207013466,201.37522080990465
914.907851399787,182.39686644237582
915.7675820982274,207.2920501566509
916.6273127966678,216.78177206223623
917.4870434951082,200.9274624518804
918.3467741935485,193.86605455982453
