59.4758064516129,201.3250976665611
60.33553715005327,201.29264307671758
61.19526784849365,211.59050102486907
62.05499854693402,201.21773641248825
62.9147292453744,194.48574030409506
63.774459943814776,197.40309796061717
64.63419064225515,201.08548101029572
65.49392134069552,188.80371504352235
66.35365203913591,200.98801248699627
67.21338273757628,194.58632086091723
68.07311343601665,200.88627763854208
68.93284413445703,219.17413523153246
69.7925748328974,194.32356562670284
70.65230553133779,200.7316240292876
71.51203622977816,200.68088535125176
72.37176692821853,208.92366688742163
73.2314976266589,200.58266610495656
74.0912283250993,200.53586531076488
74.95095902353967,192.4824898221073
75.81068972198004,200.44858081546212
76.67042042042041,190.13931105838745
77.5301511188608,200.37198502449243
78.38988181730117,200.338545110717
79.24961251574155,200.30879703412631
80.10934321418192,200.28308068175414
80.96907391262229,200.26172965732573
81.82880461106268,197.10742159950289
82.68853530950305,200.23194341654118
83.54826600794343,200.22280656469653
84.4079967063838,211.76608226029416
85.26772740482417,200.21422020491786
86.12745810326456,200.2140406197101
86.98718880170493,200.2161167127741
87.8469195001453,198.99534428705232
88.70665019858568,200.22557577916982
89.56638089702605,211.34069678131328
90.42611159546644,200.23967709500968
91.28584229390681,207.86557968781085
92.14557299234718,208.16639264104157
93.00530369078756,200.26314511033104
93.86503438922793,193.32139918417016
94.72476508766832,201.78243060866092
95.58449578610869,205.27202802269053
96.44422648454906,200.28545859202103
97.30395718298945,195.90188543217664
98.16368788142981,200.29120987846014
99.0234185798702,202.0154412219594
99.88314927831057,200.2936732998478
100.74287997675094,200.29374942095512
101.60261067519133,192.6443244860565
102.46234137363169,218.74824661019522
103.32207207207207,214.29009820765336
104.18180277051245,200.28707199968088
105.04153346895282,185.6025111556015
105.90126416739321,194.28986121026222
106.76099486583357,203.5888715853786
107.62072556427395,217.8307498460716
108.48045626271433,200.26534740577318
109.3401869611547,200.2596601289229
110.19991765959509,200.25385014375647
111.05964835803545,206.95213985521255
111.91937905647583,200.2426771708289
112.7791097549162,200.23772174424462
113.63884045335658,200.23345873169802
114.49857115179697,200.23009191377756
115.35830185023732,209.7929012952344
116.21803254867771,200.22686198416847
117.07776324711809,204.23412759120757
117.93749394555846,209.3395055461002
118.79722464399885,211.9413013471063
119.65695534243922,200.24012280635523
120.51668604087959,188.87239479331058
121.37641673931996,209.5074357361276
122.23614743776034,200.27374100702045
123.09587813620072,193.33908206561395
123.9556088346411,204.65136134084474
124.81533953308147,200.33104366695662
125.67507023152184,214.5597712965363
126.53480092996222,200.37989291613093
127.3945316284026,200.40676135286725
128.254262326843,200.43492547298504
129.11399302528335,210.84065272134586
129.9737237237237,200.49414018921013
130.8334544221641,200.5246904982404
131.69318512060448,200.5555359164976
132.55291581904487,200.58642630044318
133.41264651748523,199.45555661112954
134.2723772159256,200.64734139124502
135.13210791436597,200.67686581102413
135.99183861280636,202.0821349698364
136.85156931124675,191.37196329394718
137.7113000096871,189.040461167335
138.57103070812747,200.78290597009413
139.43076140656785,200.80514420880328
140.29049210500824,205.82838038009788
141.15022280344863,202.43174855629843
142.009953501889,200.85257192657215
142.86968420032935,200.8584987366261
143.72941489876973,200.85774101165097
144.58914559721012,205.75249643854025
145.4488762956505,200.8319879875862
146.30860699409087,200.80490070398304
147.16833769253125,200.76694491632355
148.0280683909716,200.7170746323511
148.887799089412,204.04506151261694
149.7475297878524,200.57740660643998
150.60726048629274,200.48551687998778
151.46699118473313,211.02774197609537
152.3267218831735,200.25239591206014
153.18645258161388,200.1089839217433
154.04618328005427,199.94591479666275
154.90591397849462,199.76176917983173
155.765644676935,190.0599188625083
156.62537537537537,199.32457104297208
157.48510607381576,199.61007807507715
158.34483677225614,198.78603465527155
159.2045674706965,202.4829349552532
160.0642981691369,198.13480516083717
160.92402886757725,197.7633821061283
161.78375956601764,187.17814881994207
162.64349026445802,196.92205015712392
163.5032209628984,196.4585309027707
164.36295166133877,193.78964206230089
165.22268235977913,195.52986598796275
166.08241305821952,195.1041016171901
166.9421437566599,194.72798933745113
167.8018744551003,198.05142001201023
168.66160515354065,194.08919120066082
169.521335851981,190.16291284269724
170.3810665504214,194.37861610599174
171.24079724886178,193.13188274490463
172.10052794730217,192.7374299062107
172.96025864574253,192.27380746581403
173.8199893441829,191.72211866872553
174.67972004262327,198.6071488343724
175.53945074106366,183.79425397610493
176.39918143950405,175.03058261146168
177.2589121379444,188.65940278542266
178.11864283638477,185.27747747183616
178.97837353482515,187.15253482560703
179.83810423326554,186.53208713666174
180.69783493170593,185.99823312406417
181.55756563014629,184.27347257813892
182.41729632858664,182.31602374102903
183.27702702702703,184.8446525152953
184.13675772546742,184.58559257902633
184.9964884239078,184.37733600457406
185.85621912234816,174.5440760134892
186.71594982078852,190.02913403303484
187.5756805192289,183.98580582305547
188.4354112176693,176.88475933026933
189.29514191610966,183.84757143982685
190.15487261455004,191.9850537903083
191.01460331299043,183.74075947793585
191.8743340114308,163.91630542479615
192.73406470987118,183.60811042631272
193.59379540831154,180.05007880447698
194.45352610675192,175.30322268243486
195.3132568051923,183.2393152687325
196.17298750363267,189.87398852311298
197.03271820207306,182.9235267297221
197.89244890051341,182.81443258193698
198.7521795989538,178.81745358754918
199.6119102973942,169.18617187926773
200.47164099583455,182.80861113041374
201.33137169427494,175.42933613497942
202.19110239271532,183.0312519750177
203.05083309115568,183.19710328758106
203.91056378959607,195.12387678072363
204.77029448803643,191.27701702715004
205.63002518647681,183.8590781726183
206.4897558849172,184.22166288726805
207.34948658335756,184.3926600406841
208.20921728179795,176.82325001444985
209.0689479802383,184.95828543163972
209.9286786786787,185.24192640368074
210.78840937711908,176.98851004501125
211.64814007555944,185.79039664671842
212.50787077399983,187.55591321807537
213.36760147244019,200.5443802795426
214.22733217088057,186.58442575070723
215.08706286932096,174.9811416945507
215.94679356776132,187.13665200747582
216.8065242662017,187.43066325623292
217.66625496464206,187.74151150263407
218.52598566308245,188.072875434726
219.38571636152284,186.50933752758408
220.2454470599632,195.17768245765345
221.10517775840358,189.22684822561274
221.96490845684394,189.67706178093422
222.82463915528433,179.35379174534614
223.68436985372472,175.71763394097954
224.54410055216508,205.33400078557497
225.40383125060546,191.8899149981069
226.26356194904582,196.7222804030125
227.1232926474862,193.20185601361246
227.9830233459266,193.88050111664734
228.84275404436696,194.562370753075
229.70248474280734,195.82972512675474
230.5622154412477,195.9001080357234
231.4219461396881,196.53813788675137
232.28167683812848,197.1437166807866
233.14140753656883,197.70792552023278
234.00113823500922,198.2218455074935
234.8608689334496,209.04526670978572
235.72059963188997,199.065274173307
236.58033033033036,199.39028793471695
237.4400610287707,198.23243743607958
238.2997917272111,199.86805512991077
239.1595224256515,200.03023243240247
240.01925312409185,211.88658213588224
240.87898382253223,206.9174346113924
241.7387145209726,200.2664823717037
242.59844521941298,203.98568357876366
243.45817591785337,196.30262757170252
244.31790661629373,200.22625998017614
245.1776373147341,199.7705098292266
246.03736801317447,200.10867510452718
246.89709871161486,200.0367874853752
247.75682941005525,196.9943595041836
248.6165601084956,192.04065896656675
249.476290806936,199.82528711485645
250.33602150537635,199.77188093484224
251.19575220381674,199.7348629936877
252.05548290225713,199.7169029861402
252.91521360069748,199.71636655967657
253.77494429913787,186.7664561166781
254.63467499757823,204.86216334224102
255.49440569601862,190.98029191458428
256.35413639445903,199.84479146415083
257.21386709289936,203.12267775568813
258.07359779133975,199.95678064222855
258.93332848978014,200.0170780026384
259.79305918822047,208.29714697097765
260.6527898866609,200.13536196607274
261.51252058510124,200.18898204904627
262.37225128354163,182.74470702181378
263.231981981982,210.38036432436587
264.09171268042235,213.313968629814
264.9514433788628,200.321319381899
265.8111740773031,200.3322004143372
266.6709047757435,201.12927966254728
267.5306354741839,198.29192270471026
268.3903661726242,197.32637054328538
269.25009687106467,212.90734625586336
270.109827569505,202.44611106458748
270.9695582679454,200.29698210022732
271.8292889663858,195.80916446976946
272.6890196648261,200.27611677898688
273.54875036326655,208.99927045923474
274.4084810617069,200.26688937653162
275.26821176014727,209.5479025190893
276.12794245858765,200.2786338094645
276.987673157028,198.0349730378587
277.84740385546843,200.3132223291399
278.70713455390876,200.33757578086076
279.56686525234915,183.00373977484077
280.42659595078953,200.39720439059053
281.28632664922986,191.1490270799236
282.1460573476703,200.4671330387331
283.00578804611064,212.60208120085554
283.865518744551,200.542247041323
284.7252494429914,208.14894176384493
285.58498014143174,200.61743171439483
286.4447108398722,216.2578523537973
287.3044415383125,200.6875723739831
288.1641722367529,213.3266960236365
289.0239029351933,190.940640230521
289.8836336336336,200.77213746690964
290.74336433207407,200.7922629168475
291.6030950305144,200.80729135044047
292.4628257289548,187.61754802106958
293.32255642739517,200.81949982660876
294.1822871258355,200.81540119819277
295.04201782427594,200.80364821144914
295.9017485227163,200.7836606991242
296.76147922115666,190.44862939641166
297.62120991959705,199.5539966495137
298.4809406180374,212.54742377322304
299.3406713164778,200.39922668150393
300.20040201491815,200.57939733436967
301.06013271335854,200.5232849521039
301.91986341179893,193.03093331701393
302.77959411023926,208.87142054626707
303.6393248086797,203.82707145196997
304.49905550712003,200.2747218519846
305.3587862055604,214.1837353916232
306.2185169040008,200.14720805248857
307.07824760244114,200.0854520636808
307.9379783008816,200.02610010056625
308.7977089993219,206.0170079191298
309.6574396977623,190.1119684284264
310.5171703962027,199.87049400337983
311.376901094643,199.82878378103607
312.23663179308346,199.79349040338468
313.0963624915238,199.76541643422524
313.9560931899642,202.7158394585963
314.81582388840457,199.73413697658182
315.6755545868449,198.68598383705432
316.53528528528534,199.7413659184892
317.39501598372567,192.91064420984668
318.2547466821661,191.81221306243253
319.11447738060644,200.457896131082
319.9742080790468,186.67761245675962
320.8339387774872,202.81633131975076
321.69366947592755,199.98428173739737
322.553400174368,207.14522503443584
323.4131308728083,203.00344728068058
324.27286157124865,200.1728945762501
325.1325922696891,194.45731837833114
325.99232296812943,185.72212115359568
326.8520536665699,215.53961015438182
327.7117843650102,200.41818037578912
328.57151506345053,199.47331833587864
329.431245761891,212.836576549872
330.2909764603313,200.55374231243496
331.15070715877175,200.58304285283003
332.0104378572121,203.0579816333469
332.8701685556524,200.6103131032365
333.72989925409286,200.60578258903033
334.5896299525332,210.66212355890667
335.44936065097363,200.55413972125473
336.30909134941396,200.50452714346756
337.1688220478543,200.43738698693573
338.02855274629474,200.35146913955035
338.88828344473507,194.3459814367245
339.7480141431755,200.11648845832164
340.60774484161584,199.9574833591564
341.46747554005617,199.76107930335385
342.3272062384966,210.21794212767333
343.18693693693695,202.64240718155673
344.0466676353774,198.87327670682114
344.9063983338177,198.45308013516828
345.76612903225805,197.9583862622275
346.6258597306985,197.3817754190687
347.4855904291388,202.05378785676837
348.34532112757927,195.95312414637678
349.2050518260196,198.0822607671426
350.06478252445993,194.1852970979153
350.9245132229004,187.85589653570605
351.7842439213407,190.10017494711295
352.64397461978115,191.75729190243908
353.5037053182215,208.7158821802734
354.3634360166618,190.38034407852317
355.22316671510225,185.45952551499244
356.0828974135426,203.89713193525557
356.942628111983,190.94815419787213
357.80235881042336,204.9072676020814
358.6620895088637,187.7081857407086
359.52182020730413,187.29280729801533
360.38155090574446,188.32587770552442
361.2412816041849,186.5558149436316
362.10101230262524,185.3963771353629
362.96074300106557,185.91790276525848
363.820473699506,181.45326101211498
364.68020439794634,185.34794372450423
365.5399350963868,185.07871943123678
366.3996657948271,191.23208081451415
367.25939649326745,184.55646470815904
368.1191271917079,194.039783136283
368.9788578901482,184.06582000660913
369.83858858858866,183.83927610084586
370.698319287029,183.62896469860033
371.5580499854693,168.63374211154914
372.41778068390977,183.26818002519187
373.2775113823501,183.12327706429383
374.13724208079054,193.53543482416976
374.9969727792309,182.91837566977185
375.8567034776712,182.86394754641282
376.71643417611165,180.5112428098461
377.576164874552,182.864740712739
378.4358955729924,182.920936936669
379.29562627143275,171.83857513942144
380.1553569698731,197.3373997298892
381.0150876683135,195.27040124195082
381.87481836675386,183.42937514368586
382.7345490651943,183.6064293660459
383.59427976363463,183.79507399376075
384.45401046207496,177.31426404652285
385.3137411605154,182.97750748683683
386.17347185895574,184.39709815296956
387.0332025573962,184.60542834715133
387.8929332558365,184.81639486208275
388.75266395427684,192.78300832763304
389.6123946527173,188.10449190803115
390.4721253511576,185.45806395990508
391.33185604959806,172.38612250089432
392.1915867480384,193.58194075136888
393.0513174464787,186.09808580718217
393.91104814491916,177.0415067202786
394.7707788433595,187.01366200245988
395.63050954179994,176.16789710316974
396.49024024024027,186.9159934802875
397.3499709386806,178.98594364127104
398.20970163712104,187.29819538650304
399.0694323355614,187.4851216741245
399.9291630340018,187.67343645413385
400.78889373244215,187.8663517681707
401.6486244308825,181.76929779236957
402.5083551293229,188.2788321648865
403.36808582776325,179.22465102327757
404.2278165262037,195.05488678508442
405.087547224644,189.0123578061618
405.94727792308447,185.62275754557805
406.8070086215248,189.6153854169438
407.66673931996513,189.96073850223365
408.5264700184056,190.33960049630923
409.3862007168459,190.75518344081016
410.24593141528635,182.0289784321877
411.1056621137267,191.70936034764742
411.965392812167,197.70666061168174
412.82512351060745,194.23252454598128
413.6848542090478,185.05799881242328
414.54458490748823,175.772704423113
415.40431560592856,205.90365887733728
416.2640463043689,195.37193511708477
417.12377700280933,196.00781147530913
417.98350770124966,196.62520583092507
418.8432383996901,197.21446056448332
419.70296909813044,197.7659180565346
420.56269979657077,198.26994783261145
421.4224304950112,198.72085903757326
422.28216119345154,199.12099254557094
423.141891891892,199.47366742978684
424.0016225903323,199.78220276340292
424.86135328877265,200.04991761960125
425.7210839872131,200.28013107156397
426.5808146856534,204.198035092599
427.44054538409387,200.64133005551088
428.3002760825342,192.52066514489374
429.1600067809745,206.2764874994278
430.01973747941497,200.9839965807105
430.8794681778553,201.05665282403055
431.73919887629575,208.52271408770895
432.5989295747361,201.1548253827662
433.4586602731764,214.41035866746256
434.31839097161685,201.20693137159773
435.1781216700572,182.35749402654
436.0378523684976,201.23311479128682
436.89758306693795,201.8788009196519
437.7573137653783,201.2535196425954
438.61704446381873,191.89077408960367
439.47677516225906,207.9919846080633
440.3365058606995,184.1899857689022
441.19623655913983,199.04861776655247
442.05596725758016,190.10768954022794
442.9156979560206,218.5046165939405
443.77542865446094,200.43384092237864
444.6351593529014,201.59563412117058
445.4948900513417,201.66439261186338
446.35462074978204,210.76089231575625
447.2143514482225,201.79801644427792
448.0740821466628,201.8586323243235
448.93381284510326,201.91228453914397
449.7935435435436,201.95684835790132
450.6532742419839,201.99019904975754
451.51300494042437,196.5384358806358
452.3727356388647,195.73410507139826
453.23246633730514,197.54127751208264
454.09219703574547,201.9689759314099
454.9519277341858,201.9143900261898
455.81165843262625,201.83585081366715
456.6713891310666,201.73313013707102
457.531119829507,199.65592054452955
458.39085052794735,193.1281993989451
459.2505812263877,185.08862262525417
460.1103119248281,201.16756839500877
460.97004262326845,201.0107726318464
461.8297733217089,208.07713126845917
462.68950402014923,200.71126491612756
463.54923471858956,188.1006859522643
464.40896541703,188.87128590708107
465.26869611547033,200.36700616288192
466.1284268139108,189.34207267703263
466.9881575123511,200.26175088860185
467.84788821079144,199.2975982753462
468.7076189092319,200.60490057169795
469.5673496076722,200.33502894200154
470.42708030611266,211.7017096413044
471.286811004553,212.8391777441842
472.1465417029933,200.61468126179415
473.00627240143376,200.73760762359777
473.8660030998741,190.4980742959171
474.72573379831454,201.00725683916673
475.58546449675487,211.1667190357606
476.4451951951952,201.28556038752103
477.30492589363564,201.41930466530633
478.16465659207597,201.54482908086422
479.0243872905164,195.84496780964326
479.88411798895675,195.7890768898344
480.7438486873971,201.83747166942862
481.6035793858375,198.61378040813054
482.46331008427785,201.9280130286347
483.3230407827183,201.93153415286307
484.1827714811586,198.01458204764634
485.04250217959896,201.8377822264543
485.9022328780394,201.73618412241888
486.76196357647973,185.15541434667261
487.6216942749202,215.95435236931715
488.4814249733605,210.72053513682093
489.34115567180083,199.13972967444224
490.2008863702413,192.651079848938
491.0606170686816,194.55937564818404
491.92034776712205,200.46441259872967
492.7800784655624,191.99560284268205
493.6398091640027,200.0966329541408
494.49953986244316,181.27723229127184
495.3592705608835,199.81282327734573
496.21900125932393,187.8848784449402
497.07873195776426,199.65659472401794
497.9384626562046,188.33628607975555
498.79819335464504,196.18854989294783
499.65792405308537,199.65875907151553
500.5176547515258,199.70992895354192
501.37738544996614,199.7809753622636
502.23711614840647,199.86868968383968
503.0968468468469,217.13340572232258
503.95657754528725,193.9685314647452
504.8163082437277,200.1997539872846
505.676038942168,200.3220538218686
506.53576964060835,191.6289452003921
507.3955003390488,211.8374689617157
508.2552310374891,200.67986793215437
509.11496173592957,200.785415458291
509.9746924343699,212.95514661602613
510.83442313281023,188.236272295909
511.6941538312507,201.01596591105178
512.553884529691,201.05342330728578
513.4136152281314,191.24701684194105
514.2733459265718,201.04999728467862
515.1330766250121,197.44842822770954
515.9928073234526,203.36180461163994
516.8525380218929,200.8008770054659
517.7122687203333,200.63994079161728
518.5719994187737,191.39591923230608
519.431730117214,200.18198594592505
520.2914608156544,199.87944110413264
521.1511915140948,211.30253296461208
522.0109222125352,202.80665768115668
522.8706529109755,198.66378783187596
523.7303836094159,191.90193395481583
524.5901143078563,209.3605258299528
525.4498450062966,196.96856373286312
526.3095757047371,181.88712652133145
527.1693064031774,195.56084787012526
528.0290371016177,194.77499636207006
528.8887678000582,199.55106994333664
529.7484984984985,193.13102953986697
530.608229196939,192.32525671940476
531.4679598953793,191.5651864917449
532.3276905938197,204.4002541310986
533.1874212922601,188.00344381646437
534.0471519907004,190.18366750204558
534.9068826891408,189.39646343989597
535.7666133875812,185.66311614033688
536.6263440860216,188.98352519200694
537.486074784462,195.84274478584715
538.3458054829023,183.99869347293225
539.2055361813427,188.63315096993895
540.065266879783,188.5360270735859
540.9249975782235,191.56757336859275
541.7847282766638,204.51846616117743
542.6444589751042,179.5462291736125
543.5041896735446,205.3853626452367
544.3639203719849,187.42610256771673
545.2236510704254,192.93085242108788
546.0833817688657,186.6538874234024
546.943112467306,183.49750241172643
547.8028431657465,180.91414899582708
548.6625738641868,180.4277067639273
549.5223045626273,185.07151803426848
550.3820352610676,184.746609401532
551.2417659595079,169.42292776317424
552.1014966579484,183.69038604737605
552.9612273563887,184.13232574306326
553.8209580548291,191.25646308805676
554.6806887532695,167.3500587517755
555.5404194517098,183.96023265565844
556.4001501501502,191.01469274041597
557.2598808485906,183.93685655208307
558.119611547031,183.0562136856135
558.9793422454713,190.16000856160133
559.8390729439117,183.82001516033702
560.6988036423521,183.7623621669805
561.5585343407924,185.93980931967928
562.4182650392329,183.70722133122536
563.2779957376732,183.7412708856245
564.1377264361136,183.8374253527398
564.997457134554,184.0106025469954
565.8571878329943,189.51238394385933
566.7169185314348,184.57486932796326
567.5766492298751,178.3417898446902
568.4363799283154,185.34196124414467
569.2961106267559,185.76825642073166
570.1558413251962,189.62307403481617
571.0155720236367,186.63972479648007
571.875302722077,187.05824982987434
572.7350334205174,187.44753664977063
573.5947641189578,187.79426117328532
574.4544948173981,188.11730452311053
575.3142255158385,188.3100812614442
576.1739562142789,190.2211873379714
577.0336869127193,179.21059186378892
577.8934176111596,178.9836351783147
578.7531483096,188.88682552410836
579.6128790080404,207.1373042033773
580.4726097064807,189.27951396344906
581.3323404049212,189.97710650064414
582.1920711033615,188.75504924868838
583.0518018018018,190.45070198600158
583.9115325002423,183.33619864452854
584.7712631986826,191.6264395237753
585.6309938971231,192.28449474301064
586.4907245955634,195.2723034293724
587.3504552940037,183.73156951536103
588.2101859924442,194.33329799978267
589.0699166908845,194.99049997746033
589.9296473893249,195.62019529310828
590.7893780877653,199.3451246309861
591.6491087862056,196.7721548237254
592.508839484646,197.28196348139997
593.3685701830864,197.73935436245517
594.2283008815268,198.13809968824373
595.0880315799672,198.47197168011826
595.9477622784075,198.734784683324
596.8074929768479,211.19062369544463
597.6672236752883,199.07037059389606
598.5269543737287,192.40696663886987
599.386685072169,199.2827502795608
600.2464157706094,186.23388567433275
601.1061464690498,199.473102241817
601.9658771674901,182.76099197974506
602.8256078659306,199.64948229967442
603.6853385643709,207.0414304468501
604.5450692628112,196.7996101968695
605.4047999612517,199.88879833540184
606.264530659692,211.8017966597237
607.1242613581325,200.0321351716401
607.9839920565728,210.0607479749866
608.8437227550131,200.1630093349819
609.7034534534536,194.26518610772138
610.5631841518939,200.28185203442786
611.4229148503343,188.99322626894744
612.2826455487747,200.3890944789785
613.142376247215,203.12511123170646
614.0021069456554,200.4851678776346
614.8618376440958,217.45515111510218
615.7215683425362,200.5705034393967
616.5812990409765,195.9581362589317
617.4410297394169,195.86801386923278
618.3007604378573,201.3577648253191
619.1604911362977,200.71068588824158
620.0202218347381,200.73969411645763
620.8799525331784,200.7663951933257
621.7396832316188,200.79084301997088
622.5994139300592,208.81806218103728
623.4591446284995,191.42522926736402
624.31887532694,200.85103851725424
625.1786060253803,200.8667520577816
626.0383367238207,200.6722180502781
626.8980674222611,200.8916773211068
627.7577981207014,200.9008975553754
628.6175288191419,200.90796186569509
629.4772595175822,200.9128745078012
630.3369902160226,200.9156397374292
631.196720914463,214.35450388243365
632.0564516129033,189.87280161653032
632.9161823113437,206.77070209617648
633.7759130097841,188.47739489226637
634.6356437082245,200.89740364913354
635.4953744066648,200.88737377433483
636.3551051051052,200.87522627720543
637.2148358035456,200.86096541348064
638.0745665019859,215.17144026727001
638.9342972004264,204.00408767586313
639.7940278988667,216.3461275640209
640.653758597307,202.23644411087815
641.5134892957475,195.10396315203474
642.3732199941878,181.63353900183952
643.2329506926283,195.47496755883418
644.0926813910686,195.53442215776099
644.9524120895089,212.66753677899433
645.8121427879494,193.82967230172912
646.6718734863897,200.58520253000356
647.5316041848301,211.9237843883232
648.3913348832705,216.53898205346326
649.2510655817108,200.49423626189764
650.1107962801512,200.4650392706987
650.9705269785916,198.01951575673365
651.830257677032,200.40993482075962
652.6899883754724,194.8724425583404
653.5497190739127,200.36099628654785
654.4094497723531,212.1308804011202
655.2691804707935,200.32035951500242
656.1289111692339,213.63909075205115
656.9886418676742,200.29016035306208
657.8483725661146,200.27964232786223
658.708103264555,200.27253464766576
659.5678339629953,186.9355792320637
660.4275646614358,200.26961778330545
661.2872953598761,212.92880028266273
662.1470260583164,194.3861396926368
663.0067567567569,194.00232151489223
663.8664874551972,200.3095162005575
664.7262181536377,200.32746826584489
665.585948852078,197.07587880492667
666.4456795505183,200.37079128600988
667.3054102489588,208.2407548841591
668.1651409473991,200.42195466983833
669.0248716458395,203.03233972629857
669.8846023442799,211.78320662710064
670.7443330427202,201.74594611233738
671.6040637411606,200.53795538069548
672.463794439601,186.06205224250866
673.3235251380414,200.5978691338286
674.1832558364817,205.23886805777033
675.0429865349221,208.65639654823437
675.9027172333625,200.68320773486857
676.7624479318029,200.7092145007655
677.6221786302433,200.73348867715674
678.4819093286836,200.7557225406739
679.341640027124,200.7756083679484
680.2013707255644,200.79283843561186
681.0611014240047,200.80711373251626
681.9208321224452,208.26209550211578
682.7805628208855,195.7829013765488
683.6402935193258,200.83025509674215
684.5000242177663,212.50183515781217
685.3597549162066,200.82761076112922
686.219485614647,200.820366971953
687.0792163130874,200.80895319171216
687.9389470115277,200.7932027377931
688.7986777099682,200.7729489275823
689.6584084084085,202.24106323145864
690.5181391068489,200.7182645078313
691.3778698052893,210.9174177197847
692.2376005037296,200.64356647155046
693.09733120217,190.40793520036868
693.9570619006104,213.88943744218946
694.8167925990508,191.030017054745
695.6765232974911,203.32248577613655
696.5362539959315,200.36051097131806
697.3959846943719,200.28605605444355
698.2557153928122,184.41736433851773
699.1154460912527,209.3001628207786
699.975176789693,200.0141182442815
700.8349074881334,199.89838794238673
701.6946381865738,199.76526322748373
702.5543688850141,200.97525188026702
703.4140995834546,213.91417207971665
704.2738302818949,201.41062157377624
705.1335609803352,187.0920465756393
705.9932916787757,184.42418893828662
706.853022377216,208.94487282695974
707.7127530756565,198.10175616349485
708.5724837740968,197.72465164648153
709.4322144725371,197.30394659194877
710.2919451709776,191.55706721202884
711.1516758694179,194.58268740252166
712.0114065678583,195.75111028711086
712.8711372662987,189.3536633997943
713.730867964739,191.80870334118805
714.5905986631794,199.93223227653584
715.4503293616198,198.8215176502145
716.3100600600602,192.11050351853848
717.1697907585005,172.71794356240707
718.0295214569409,190.4765245233528
718.8892521553813,184.47508288874178
719.7489828538216,188.93761706632267
720.6087135522621,184.1272157009983
721.4684442507024,187.62678348354112
722.3281749491427,185.8157879616458
723.1879056475832,193.46202886409324
724.0476363460235,196.68469938725514
724.907367044464,196.53393574361223
725.7670977429043,185.5409229310018
726.6268284413446,195.0081767944202
727.4865591397851,189.39465477076158
728.3462898382254,191.60770307309457
729.2060205366658,193.77096723137524
730.0657512351062,184.70764944302903
730.9254819335465,193.8478603112735
731.785212631987,198.5364104064021
732.6449433304273,184.56430501932533
733.5046740288677,192.53177332471358
734.364404727308,181.973019072581
735.2241354257484,184.53318438544883
736.0838661241888,171.37750446505598
736.9435968226292,184.51206022509882
737.8033275210696,177.8765264221655
738.6630582195099,185.6943065297498
739.5227889179503,197.6044461658513
740.3825196163907,184.30559241350008
741.242250314831,184.20753278646723
742.1019810132715,184.0945041430273
742.9617117117118,177.56184109407428
743.8214424101521,183.83364556000043
744.6811731085926,183.69086849695003
745.5409038070329,186.6490705822529
746.4006345054734,183.39325101911706
747.2603652039137,183.24346348087133
748.120095902354,183.09639199409705
748.9798266007945,183.94529969630352
749.8395572992348,182.82050292803655
750.6992879976752,165.56073518628025
751.5590186961156,188.64068458709235
752.418749394556,172.73033061925446
753.2784800929963,182.41248069738134
754.1382107914367,187.2822130907611
754.9979414898771,182.3207705450802
755.8576721883175,173.7962411658615
756.7174028867579,197.29991075637687
757.5771335851982,182.39277985587552
758.4368642836386,177.64745782779474
759.296594982079,182.639499022537
760.1563256805193,182.83870714610558
761.0160563789598,183.09569636935228
761.8757870774001,176.17060198304011
762.7355177758404,183.8046643334385
763.5952484742809,184.2674661835574
764.4549791727212,184.80969535191284
765.3147098711617,185.4367633931448
766.174440569602,172.5256847626473
767.0341712680423,185.67012060332837
767.8939019664828,187.87787463701775
768.7536326649231,188.87006377590848
769.6133633633635,189.92053569920566
770.4730940618039,191.0061882223843
771.3328247602442,193.2365738820566
772.1925554586846,199.9914993803253
773.052286157125,194.24320754596215
773.9120168555654,195.23856062341974
774.7717475540057,196.15358337813498
775.6314782524461,196.96589057119968
776.4912089508865,196.34298406600033
777.3509396493268,213.80019655988727
778.2106703477673,186.5306834083944
779.0704010462076,199.23781920656992
779.930131744648,199.61731541088653
780.7898624430884,203.79747794085637
781.6495931415287,200.22327289478702
782.5093238399692,200.4592159212474
783.3690545384095,185.1588368750296
784.2287852368498,210.74386666518865
785.0885159352903,184.9583102883748
785.9482466337306,187.4674407742495
786.807977332171,201.75454341493023
787.6677080306114,200.28470103765778
788.5274387290517,201.14647028616864
789.3871694274922,196.3789768040412
790.2469001259325,213.038957139443
791.1066308243729,201.09315011598426
791.9663615228133,201.05149657361846
792.8260922212536,216.00027600390248
793.685822919694,199.341751169841
794.5455536181344,200.65589290464385
795.4052843165748,190.59540692090056
796.2650150150151,184.92845814749518
797.1247457134555,198.9097817977533
797.9844764118959,200.7364492137544
798.8442071103362,200.71526871555318
799.7039378087767,200.70093885088966
800.563668507217,206.1475221237888
801.4233992056573,200.68999064238628
802.2831299040978,200.69195210865172
803.1428606025381,206.8428618755476
804.0025913009786,200.7071957074804
804.8623219994189,201.05166005551413
805.7220526978592,189.14175599414796
806.5817833962997,213.32539480572302
807.44151409474,192.54152746115378
808.3012447931804,212.73809485652478
809.1609754916208,200.7923649981402
810.0207061900611,203.55307865597814
810.8804368885015,200.81576604427158
811.7401675869419,200.82533972767018
812.5998982853823,200.83401503164254
813.4596289838227,200.84218384625987
814.319359682263,211.57466345289637
815.1790903807034,201.49765042789969
816.0388210791438,200.867570254694
816.8985517775842,200.87763201260353
817.7582824760245,203.89842934972566
818.6180131744649,201.1612488426372
819.4777438729053,200.9181026126235
820.3374745713456,200.93632755496472
821.1972052697861,215.80978717084508
822.0569359682264,206.87701667945598
822.9166666666667,204.7210145669887
823.7763973651072,201.0433514379018
824.6361280635475,201.0805978873853
825.495858761988,200.43651486023356
826.3555894604283,196.70684349256328
827.2153201588686,194.75366979917752
828.0750508573091,208.3073841001507
828.9347815557494,202.06706344972264
829.7945122541898,201.42173065958923
830.6542429526302,201.49934234486528
831.5139736510705,209.54185785156363
832.373704349511,201.66566442742783
833.2334350479513,201.7520687482062
834.0931657463917,194.4766928944826
834.952896444832,213.59459328006386
835.8126271432724,202.0104183694816
836.6723578417128,202.09240366870668
837.5320885401532,202.17040161690835
838.3918192385936,188.99565097739583
839.2515499370339,203.18338377450104
840.1112806354743,202.36894097283286
840.9710113339147,198.86581301613634
841.830742032355,198.20569829816822
842.6904727307955,200.03543506432032
843.5502034292358,202.5078862123271
844.4099341276761,202.51247597519674
845.2696648261166,202.5027010427567
846.1293955245569,204.23359022610202
846.9891262229974,202.43544493893174
847.8488569214377,202.3756579980045
848.708587619878,217.96545365253164
849.5683183183185,199.5454922218584
850.4280490167588,202.09706940215872
851.2877797151992,201.97997576322066
852.1475104136396,209.53302175650623
853.0072411120799,201.72629684678216
853.8669718105203,212.3290319276059
854.7267025089607,209.780122617156
855.5864332074011,194.5204618475911
856.4461639058414,201.2196268952909
857.3058946042818,195.33444079068468
858.1656253027222,201.0115812520297
859.0253560011625,200.92871256797466
859.885086699603,193.36219113552275
860.7448173980433,199.09321573091177
861.6045480964837,207.5762710217845
862.4642787949241,183.09182802301592
863.3240094933644,200.83227146151106
864.1837401918049,190.16192608949316
865.0434708902452,200.94147950279412
865.9032015886855,194.17318146422377
866.762932287126,206.0504541840916
867.6226629855663,201.15856696419772
868.4823936840068,200.07080672377168
869.3421243824471,201.28005181270245
870.2018550808874,201.3187132412612
871.0615857793279,201.33593891359556
871.9213164777682,201.32669251038405
872.7810471762086,202.86671681236328
873.640777874649,201.22121791305594
874.5005085730893,209.15704162793716
875.3602392715297,208.7022676948829
876.2199699699701,198.49129660618087
877.0797006684105,189.7973286345204
877.9394313668508,200.67576996378352
878.7991620652913,200.56122171349926
879.6588927637316,191.03677905232036
880.518623462172,200.36951004493227
881.3783541606124,200.30305749975722
882.2380848590527,200.2633344023975
883.0978155574932,200.25322455100417
883.9575462559335,200.58996845755382
884.8172769543738,200.31142758335196
885.6770076528143,194.1517940960723
886.5367383512546,200.4533652821767
887.396469049695,201.0017217386816
888.2561997481354,187.21839750620424
889.1159304465757,200.76859825658934
889.9756611450161,204.34525536807763
890.8353918434565,211.65240798676425
891.6951225418969,210.38126652326557
892.5548532403373,201.24869564167588
893.4145839387776,207.37378628652098
894.274314637218,201.4593362086204
895.1340453356584,191.99378410078455
895.9937760340988,201.63320918453724
896.8535067325391,214.38255466960874
897.7132374309795,201.770724847442
898.5729681294199,201.82603080183264
899.4326988278602,192.99397074807555
900.2924295263007,201.91010318712546
901.152160224741,207.60511692149933
902.0118909231813,203.3624750788807
902.8716216216218,188.54477963553268
903.7313523200621,196.80692307780623
904.5910830185026,205.67308242977285
905.4508137169429,201.95524907624525
906.3105444153832,192.67727621837113
907.1702751138237,201.9032165137539
908.030005812264,201.86495031654286
908.8897365107044,206.1623499136909
909.7494672091448,201.76428232082537
910.6091979075851,201.7020262145731
911.4689286060255,201.63191916422778
912.3286593044659,201.55403401591656
913.1883900029063,201.46844361576655
914.0481207013466,193.37505290124957
914.907851399787,197.51594046865696
915.7675820982274,201.84620501361076
916.6273127966678,201.05048641931887
917.4870434951082,200.9274624518804
918.3467741935485,200.79717030936547
