59.4758064516129,188.10827416725343
60.33553715005327,201.29264307671758
61.19526784849365,201.25674269634865
62.05499854693402,203.65760617118795
62.9147292453744,193.21322179515028
63.774459943814776,198.47050659631924
64.63419064225515,201.08548101029572
65.49392134069552,195.4565784567842
66.35365203913591,192.3931317835498
67.21338273757628,190.7575224986111
68.07311343601665,185.6050107769767
68.93284413445703,195.11735066136774
69.7925748328974,208.96335330773647
70.65230553133779,193.91795955805293
71.51203622977816,204.37208392776154
72.37176692821853,184.4214955241751
73.2314976266589,211.12604696178056
74.0912283250993,200.00797414273242
74.95095902353967,208.46485412388213
75.81068972198004,200.44858081546212
76.67042042042041,200.40877688841869
77.5301511188608,187.84105766252605
78.38988181730117,194.84505870237362
79.24961251574155,209.21034601128707
80.10934321418192,207.67188863557845
80.96907391262229,183.16927126772987
81.82880461106268,197.58950601156135
82.68853530950305,190.10768595719267
83.54826600794343,196.84599055282595
84.4079967063838,202.69142070332327
85.26772740482417,211.18117037051252
86.12745810326456,209.98856420084843
86.98718880170493,188.64757319506677
87.8469195001453,190.76911498528543
88.70665019858568,204.47041102304522
89.56638089702605,190.47747943291657
90.42611159546644,200.23967709500968
91.28584229390681,188.57982007880932
92.14557299234718,195.23903413487812
93.00530369078756,195.05236496209022
93.86503438922793,202.4472123852601
94.72476508766832,200.27617188914542
95.58449578610869,209.59922310604742
96.44422648454906,205.39952900368488
97.30395718298945,207.04115203663926
98.16368788142981,203.63624030687052
99.0234185798702,206.61644584991035
99.88314927831057,197.63280280087878
100.74287997675094,200.29374942095512
101.60261067519133,200.19805869549114
102.46234137363169,183.29844429080725
103.32207207207207,197.62208332190792
104.18180277051245,192.8265336651217
105.04153346895282,210.98928761932117
105.90126416739321,205.57360344975788
106.76099486583357,212.16582385764843
107.62072556427395,182.28186890622123
108.48045626271433,181.48418678956247
109.3401869611547,210.06872862523605
110.19991765959509,211.9578894817089
111.05964835803545,208.16651060665816
111.91937905647583,201.02227442843665
112.7791097549162,209.75989986793863
113.63884045335658,196.93704551776543
114.49857115179697,198.96037391498726
115.35830185023732,207.576797756084
116.21803254867771,191.72691983656063
117.07776324711809,200.2274064336569
117.93749394555846,214.81284316862872
118.79722464399885,198.9297221396038
119.65695534243922,195.87115198162113
120.51668604087959,209.0120965288877
121.37641673931996,202.81294557712062
122.23614743776034,208.6334221627568
123.09587813620072,201.63257782560626
123.9556088346411,187.30260090812519
124.81533953308147,204.30172073676144
125.67507023152184,197.67523785399362
126.53480092996222,200.37989291613093
127.3945316284026,196.7154014977054
128.254262326843,196.41037338103465
129.11399302528335,200.4641351329455
129.9737237237237,211.52560380686262
130.8334544221641,205.1218672960939
131.69318512060448,204.7253443767832
132.55291581904487,210.87907419629107
133.41264651748523,204.17068566102898
134.2723772159256,200.64734139124502
135.13210791436597,185.68570335426324
135.99183861280636,196.7005807592767
136.85156931124675,182.64924085898343
137.7113000096871,215.25045160788028
138.57103070812747,203.3391789280415
139.43076140656785,201.3339562662284
140.29049210500824,200.8248486704039
141.15022280344863,201.4434719823386
142.009953501889,202.39080403807012
142.86968420032935,194.52812484674348
143.72941489876973,207.93815131329944
144.58914559721012,187.98245495102464
145.4488762956505,191.61293871340615
146.30860699409087,201.60668155869146
147.16833769253125,211.02024170419602
148.0280683909716,192.44262846261623
148.887799089412,206.08095798104895
149.7475297878524,187.41787103596343
150.60726048629274,188.62902910943075
151.46699118473313,209.85433019781658
152.3267218831735,201.57011028710454
153.18645258161388,199.31630946347101
154.04618328005427,195.30525528182665
154.90591397849462,210.98439243993425
155.765644676935,208.66994499318213
156.62537537537537,205.73419899381886
157.48510607381576,187.98742566071266
158.34483677225614,198.89860553380083
159.2045674706965,187.73099303319358
160.0642981691369,189.49558861717622
160.92402886757725,201.6709545528118
161.78375956601764,195.69864546911342
162.64349026445802,196.92205015712392
163.5032209628984,203.1101233087468
164.36295166133877,187.8504910187431
165.22268235977913,205.33857589614828
166.08241305821952,192.0021821272434
166.9421437566599,193.95741984473472
167.8018744551003,178.53412653752318
168.66160515354065,184.9665336373918
169.521335851981,182.00916140684373
170.3810665504214,185.09883640794604
171.24079724886178,196.0979179177077
172.10052794730217,184.2507147052721
172.96025864574253,205.55106693125336
173.8199893441829,191.72211866872553
174.67972004262327,204.74577371647572
175.53945074106366,184.67581644602046
176.39918143950405,189.48766631678677
177.2589121379444,189.05298588712407
178.11864283638477,172.90423373952936
178.97837353482515,177.59684936864974
179.83810423326554,187.15063655602734
180.69783493170593,187.6135589945571
181.55756563014629,177.69684289444587
182.41729632858664,170.02234491645865
183.27702702702703,169.30705331627095
184.13675772546742,185.0322916664528
184.9964884239078,178.40351116303268
185.85621912234816,172.7305316053234
186.71594982078852,189.92968137535067
187.5756805192289,191.17696360418
188.4354112176693,169.12960600816362
189.29514191610966,194.57509990870975
190.15487261455004,197.34182803601095
191.01460331299043,192.4030496258229
191.8743340114308,187.53402008728324
192.73406470987118,183.60811042631272
193.59379540831154,189.35527451347016
194.45352610675192,185.16784280847463
195.3132568051923,184.56184904538634
196.17298750363267,178.0206995061961
197.03271820207306,182.9235267297221
197.89244890051341,168.6108548006014
198.7521795989538,192.5236511312739
199.6119102973942,181.40184990229955
200.47164099583455,187.36810704671538
201.33137169427494,190.54282389734016
202.19110239271532,168.35905217683293
203.05083309115568,181.2297760190442
203.91056378959607,171.75989453025633
204.77029448803643,178.8038787995413
205.63002518647681,191.1512514348195
206.4897558849172,184.56674610692448
207.34948658335756,187.6185651256195
208.20921728179795,199.34611334473936
209.0689479802383,192.69383645885245
209.9286786786787,188.44343718460317
210.78840937711908,185.52015493484598
211.64814007555944,182.85636460363392
212.50787077399983,187.2914320476735
213.36760147244019,186.3188533666024
214.22733217088057,191.6489250799085
215.08706286932096,196.10392701791815
215.94679356776132,169.7006322537543
216.8065242662017,185.1535791124783
217.66625496464206,196.80963265966582
218.52598566308245,190.1281311590638
219.38571636152284,184.91295376566046
220.2454470599632,195.31349602646395
221.10517775840358,188.1703495174243
221.96490845684394,181.12766033229593
222.82463915528433,205.07225332476895
223.68436985372472,190.69789495739593
224.54410055216508,182.69442700308272
225.40383125060546,207.11401710202108
226.26356194904582,185.45753938222373
227.1232926474862,207.47479327412248
227.9830233459266,203.74698729676
228.84275404436696,194.58990184858834
229.70248474280734,191.84633055903652
230.5622154412477,208.47198882901793
231.4219461396881,205.84959472874914
232.28167683812848,194.25857454325063
233.14140753656883,210.11906736415716
234.00113823500922,188.88567697829464
234.8608689334496,209.3765846074756
235.72059963188997,208.35224218302335
236.58033033033036,203.03024584659374
237.4400610287707,186.1264036730561
238.2997917272111,186.363956548582
239.1595224256515,212.97184261565135
240.01925312409185,200.67529415966436
240.87898382253223,184.8102399129438
241.7387145209726,201.3711124561324
242.59844521941298,198.9342893826798
243.45817591785337,194.36530799036882
244.31790661629373,201.48052488219338
245.1776373147341,190.2745128311261
246.03736801317447,184.71680704064022
246.89709871161486,202.08406887533152
247.75682941005525,206.48263687454588
248.6165601084956,206.5554915808668
249.476290806936,185.51305749836519
250.33602150537635,207.659878886864
251.19575220381674,203.53821965692327
252.05548290225713,198.12457038777143
252.91521360069748,193.79557159370754
253.77494429913787,208.89002923795204
254.63467499757823,184.28339690825376
255.49440569601862,191.27649203684632
256.35413639445903,204.08223010196076
257.21386709289936,200.79712400215396
258.07359779133975,209.59697883790162
258.93332848978014,194.44092404646992
259.79305918822047,191.3285655398512
260.6527898866609,199.3671631762112
261.51252058510124,216.20913748004753
262.37225128354163,200.23600985282346
263.231981981982,215.33380675881622
264.09171268042235,200.30241224839577
264.9514433788628,206.93445475259145
265.8111740773031,210.35491423460826
266.6709047757435,208.8209377723279
267.5306354741839,200.8702909441598
268.3903661726242,201.83427988862536
269.25009687106467,201.5396124625505
270.109827569505,194.76437349918314
270.9695582679454,214.19785471358864
271.8292889663858,193.7396811081045
272.6890196648261,198.787755399079
273.54875036326655,197.77550181572522
274.4084810617069,184.58529997748303
275.26821176014727,198.5664035718131
276.12794245858765,190.31079786665984
276.987673157028,200.1172427502526
277.84740385546843,212.43914154225882
278.70713455390876,207.78020688180104
279.56686525234915,200.24710163695204
280.42659595078953,192.8035859639453
281.28632664922986,200.4312008776081
282.1460573476703,206.36946979712258
283.00578804611064,197.05646780198356
283.865518744551,211.28735272203375
284.7252494429914,195.2891574916012
285.58498014143174,192.28784118837464
286.4447108398722,193.02277062730298
287.3044415383125,192.6405296456806
288.1641722367529,189.76424685173805
289.0239029351933,210.73394962467586
289.8836336336336,211.58743705602194
290.74336433207407,182.87643736804432
291.6030950305144,200.80729135044047
292.4628257289548,203.3367211500482
293.32255642739517,196.88475498509578
294.1822871258355,199.41096711096466
295.04201782427594,212.57889749480847
295.9017485227163,188.38511757902378
296.76147922115666,217.4619854848444
297.62120991959705,203.98427201590735
298.4809406180374,193.03299543689573
299.3406713164778,200.63149323193022
300.20040201491815,210.95744291164422
301.06013271335854,205.66855667882857
301.91986341179893,199.50534071484898
302.77959411023926,209.4309663372356
303.6393248086797,208.27138728141526
304.49905550712003,201.23171758221375
305.3587862055604,200.21056550318983
306.2185169040008,203.44014705643403
307.07824760244114,209.8137895941843
307.9379783008816,191.57998358698782
308.7977089993219,188.87768095441433
309.6574396977623,188.66093244421086
310.5171703962027,205.7574438860702
311.376901094643,200.51736597042768
312.23663179308346,205.82900825412477
313.0963624915238,189.91294636430524
313.9560931899642,199.7453644373577
314.81582388840457,188.45466811707365
315.6755545868449,196.49629829476444
316.53528528528534,196.7777805355304
317.39501598372567,185.36990592577308
318.2547466821661,203.02282141752121
319.11447738060644,195.21057552384664
319.9742080790468,206.62220540842006
320.8339387774872,218.1827144128912
321.69366947592755,191.6495844997165
322.553400174368,215.8827404843006
323.4131308728083,200.10838282304138
324.27286157124865,190.8436018449819
325.1325922696891,191.09345351917426
325.99232296812943,213.9361937308283
326.8520536665699,198.73354908565582
327.7117843650102,194.23866495709365
328.57151506345053,203.51508164619545
329.431245761891,215.7695583035723
330.2909764603313,195.35449728859408
331.15070715877175,200.58304285283003
332.0104378572121,213.34291529290368
332.8701685556524,212.5698513017599
333.72989925409286,197.6712277983703
334.5896299525332,186.30927122396957
335.44936065097363,200.55413972125473
336.30909134941396,193.81112004279186
337.1688220478543,194.68910055843176
338.02855274629474,185.5897858514482
338.88828344473507,210.6113143227717
339.7480141431755,205.56380756374628
340.60774484161584,207.575727329791
341.46747554005617,199.34996345051525
342.3272062384966,189.91855900307232
343.18693693693695,194.3578311006787
344.0466676353774,195.5231101814857
344.9063983338177,213.15416137129503
345.76612903225805,185.65858541781563
346.6258597306985,197.3817754190687
347.4855904291388,188.16078403478033
348.34532112757927,179.05469503405877
349.2050518260196,193.74431661074732
350.06478252445993,194.1852970979153
350.9245132229004,193.6394780127607
351.7842439213407,184.2731150542489
352.64397461978115,198.47087200403365
353.5037053182215,194.549365879678
354.3634360166618,190.38034407852317
355.22316671510225,180.2153954872284
356.0828974135426,193.02965398731527
356.942628111983,182.54618968132712
357.80235881042336,195.20684781594224
358.6620895088637,183.88428189142707
359.52182020730413,194.67174263708154
360.38155090574446,178.30075172487201
361.2412816041849,185.1469791496678
362.10101230262524,193.6871394619577
362.96074300106557,185.91790276525848
363.820473699506,174.38923903747656
364.68020439794634,183.73041666586042
365.5399350963868,187.658267726573
366.3996657948271,184.81499519368091
367.25939649326745,191.4396973049039
368.1191271917079,188.18964794186894
368.9788578901482,170.73499539610893
369.83858858858866,183.83927610084586
370.698319287029,189.23051268832975
371.5580499854693,194.06839392582978
372.41778068390977,187.2260492955083
373.2775113823501,183.12327706429383
374.13724208079054,166.46501160647247
374.9969727792309,182.91837566977185
375.8567034776712,193.44559313183285
376.71643417611165,191.4484781896125
377.576164874552,186.7944717806792
378.4358955729924,172.2709190033481
379.29562627143275,167.12473717999995
380.1553569698731,189.0735789730799
381.0150876683135,172.4976829511284
381.87481836675386,171.49108846439887
382.7345490651943,190.01921485337516
383.59427976363463,178.57595018043602
384.45401046207496,183.21644261368743
385.3137411605154,173.95382990679406
386.17347185895574,184.39709815296956
387.0332025573962,178.40613549380376
387.8929332558365,187.95725176454982
388.75266395427684,183.12232981417745
389.6123946527173,176.15105570954768
390.4721253511576,193.21349679079128
391.33185604959806,198.8108256564091
392.1915867480384,190.63747201723277
393.0513174464787,174.0434640455509
393.91104814491916,193.2390602732528
394.7707788433595,187.5677149368502
395.63050954179994,185.96250854926276
396.49024024024027,196.46114493695262
397.3499709386806,179.9696011315375
398.20970163712104,188.25511986523622
399.0694323355614,179.8962029616314
399.9291630340018,191.00935146933142
400.78889373244215,192.618439342122
401.6486244308825,188.067079657875
402.5083551293229,188.2788321648865
403.36808582776325,198.9074218433506
404.2278165262037,199.93667814658988
405.087547224644,189.0123578061618
405.94727792308447,193.8848001090123
406.8070086215248,191.97471184359176
407.66673931996513,184.72293560942785
408.5264700184056,190.33960049630923
409.3862007168459,185.41639830962163
410.24593141528635,189.5586484301907
411.1056621137267,177.93173359010953
411.965392812167,190.56622103368994
412.82512351060745,187.81919583523967
413.6848542090478,193.0262980090385
414.54458490748823,186.89031074390584
415.40431560592856,199.21713346845598
416.2640463043689,184.2199619358101
417.12377700280933,196.3027296003983
417.98350770124966,200.26417761088823
418.8432383996901,192.3211804909487
419.70296909813044,186.8220358028513
420.56269979657077,194.2621439894866
421.4224304950112,201.63950159748333
422.28216119345154,202.11434537075166
423.141891891892,202.97836145570557
424.0016225903323,211.88106949500718
424.86135328877265,212.1483066287957
425.7210839872131,208.80720500241637
426.5808146856534,207.5358489953627
427.44054538409387,210.9213876464161
428.3002760825342,188.54120983549086
429.1600067809745,199.53433023556173
430.01973747941497,206.82390057094076
430.8794681778553,207.39452954212913
431.73919887629575,191.43523642291416
432.5989295747361,201.1548253827662
433.4586602731764,193.670920984977
434.31839097161685,208.68268757635562
435.1781216700572,186.9969751026741
436.0378523684976,201.23311479128682
436.89758306693795,201.43505125485996
437.7573137653783,202.6387054852064
438.61704446381873,214.00775778430682
439.47677516225906,209.29750833000801
440.3365058606995,197.83943099763724
441.19623655913983,200.20334799578887
442.05596725758016,187.4585492791309
442.9156979560206,185.88792278856363
443.77542865446094,205.18829462392034
444.6351593529014,200.24348614234225
445.4948900513417,219.05985474591074
446.35462074978204,205.17622173009136
447.2143514482225,201.79801644427792
448.0740821466628,190.47983679317736
448.93381284510326,205.09703897635396
449.7935435435436,213.55728561241617
450.6532742419839,213.60259657241
451.51300494042437,194.7012474522434
452.3727356388647,202.0147621294142
453.23246633730514,202.0017250555387
454.09219703574547,201.9689759314099
454.9519277341858,201.3653148557733
455.81165843262625,190.88519805203214
456.6713891310666,203.84673276106116
457.531119829507,201.6102886706526
458.39085052794735,195.75003128540928
459.2505812263877,211.6829278555776
460.1103119248281,189.50957772858084
460.97004262326845,198.55192547101356
461.8297733217089,213.913255693109
462.68950402014923,211.52328494273598
463.54923471858956,191.57317742743913
464.40896541703,204.40821243885892
465.26869611547033,210.34230842753078
466.1284268139108,199.10348858042678
466.9881575123511,194.12045410771677
467.84788821079144,191.90697565676584
468.7076189092319,187.52443928344056
469.5673496076722,204.07962688122055
470.42708030611266,197.482984977919
471.286811004553,200.50430192861063
472.1465417029933,182.99240325476163
473.00627240143376,200.73760762359777
473.8660030998741,214.01382382843542
474.72573379831454,210.97394575113933
475.58546449675487,207.0349156093978
476.4451951951952,195.07554015428698
477.30492589363564,197.93375902671926
478.16465659207597,198.50916407667253
479.0243872905164,201.65867248572033
479.88411798895675,193.82825838062067
480.7438486873971,200.77019490250186
481.6035793858375,203.55421274311672
482.46331008427785,201.9280130286347
483.3230407827183,201.93153415286307
484.1827714811586,212.39830966170777
485.04250217959896,205.33331329251274
485.9022328780394,201.8158506764836
486.76196357647973,199.31050030376113
487.6216942749202,196.33524853694524
488.4814249733605,187.0423275716985
489.34115567180083,201.07099231147677
490.2008863702413,204.63046144676144
491.0606170686816,197.6106252276367
491.92034776712205,196.4305947543829
492.7800784655624,208.8285816586383
493.6398091640027,198.69870359554622
494.49953986244316,214.7863881692451
495.3592705608835,208.85553075070084
496.21900125932393,209.99011296445047
497.07873195776426,199.65659472401794
497.9384626562046,202.52575642885338
498.79819335464504,194.8458914065537
499.65792405308537,189.2515493501534
500.5176547515258,198.5865971327891
501.37738544996614,184.55005584723594
502.23711614840647,192.3808291635537
503.0968468468469,205.41073750650122
503.95657754528725,206.55427608916554
504.8163082437277,202.2732539770483
505.676038942168,192.71452043470165
506.53576964060835,200.44497850010217
507.3955003390488,208.17585177832083
508.2552310374891,200.67986793215437
509.11496173592957,212.15415028057637
509.9746924343699,201.45143379648397
510.83442313281023,195.35091429073591
511.6941538312507,201.01596591105178
512.553884529691,212.67937694090625
513.4136152281314,206.65273428747
514.2733459265718,211.55190828041978
515.1330766250121,184.68772622173964
515.9928073234526,204.14748501710207
516.8525380218929,200.8008770054659
517.7122687203333,211.23077221517087
518.5719994187737,194.45423917262738
519.431730117214,204.02707195290637
520.2914608156544,190.03071822777622
521.1511915140948,199.52611671584242
522.0109222125352,189.293174055206
522.8706529109755,216.80800821464683
523.7303836094159,215.7814738589908
524.5901143078563,197.58831635824004
525.4498450062966,192.11926909744653
526.3095757047371,197.5048872908203
527.1693064031774,204.1514278188895
528.0290371016177,201.1648449031792
528.8887678000582,199.98408931240547
529.7484984984985,183.00540505437525
530.608229196939,192.32525671940476
531.4679598953793,188.33421192162226
532.3276905938197,189.74662945374766
533.1874212922601,204.60413079394132
534.0471519907004,189.8152997621728
534.9068826891408,202.89537233655676
535.7666133875812,189.18234864188733
536.6263440860216,196.80816065126248
537.486074784462,176.11380591096489
538.3458054829023,182.39254238898343
539.2055361813427,195.83336194279252
540.065266879783,204.542308025775
540.9249975782235,194.86350481487435
541.7847282766638,193.71561736493803
542.6444589751042,193.05982288679627
543.5041896735446,192.83114248311438
544.3639203719849,176.76551201517708
545.2236510704254,204.3964545022135
546.0833817688657,197.94430329871352
546.943112467306,188.1112364045958
547.8028431657465,185.72851455380936
548.6625738641868,185.438172328907
549.5223045626273,185.43213714297806
550.3820352610676,173.90352908243705
551.2417659595079,184.47691860678088
552.1014966579484,190.10780237539294
552.9612273563887,181.33250462935956
553.8209580548291,183.56215359157628
554.6806887532695,199.9480634003948
555.5404194517098,178.20785561245887
556.4001501501502,172.75998188419013
557.2598808485906,180.3085042472213
558.119611547031,183.6820229808089
558.9793422454713,182.6451928075634
559.8390729439117,189.6690676842752
560.6988036423521,183.7623621669805
561.5585343407924,172.24006216459748
562.4182650392329,192.02486046453964
563.2779957376732,185.77669153010376
564.1377264361136,191.0288929474093
564.997457134554,189.56212353891024
565.8571878329943,172.28966389407498
566.7169185314348,186.20636851593613
567.5766492298751,198.56339986998785
568.4363799283154,184.4217839348214
569.2961106267559,175.51225774771748
570.1558413251962,183.9507217482946
571.0155720236367,177.0516722948261
571.875302722077,172.59116775826817
572.7350334205174,187.44753664977063
573.5947641189578,192.4344255938403
574.4544948173981,198.14593134806714
575.3142255158385,200.03130875987418
576.1739562142789,183.59800382108966
577.0336869127193,184.27665117342215
577.8934176111596,188.74851993868091
578.7531483096,184.8964926502944
579.6128790080404,182.07448700404547
580.4726097064807,189.27951396344906
581.3323404049212,203.2714244634911
582.1920711033615,201.58547959641805
583.0518018018018,184.34363762090942
583.9115325002423,180.67421530958597
584.7712631986826,183.0515839797452
585.6309938971231,194.204012093411
586.4907245955634,185.40991205041297
587.3504552940037,193.6549418337442
588.2101859924442,207.86793139597697
589.0699166908845,201.55480921879462
589.9296473893249,185.3643267793283
590.7893780877653,190.52919870492718
591.6491087862056,188.8647561350669
592.508839484646,202.56255860603153
593.3685701830864,191.92399119541832
594.2283008815268,199.54694100425525
595.0880315799672,185.98099775969666
595.9477622784075,190.47320472358436
596.8074929768479,212.13759746491277
597.6672236752883,199.07037059389606
598.5269543737287,197.73395421735538
599.386685072169,196.8465253793881
600.2464157706094,210.09805933209802
601.1061464690498,204.56874212911464
601.9658771674901,198.59018783624606
602.8256078659306,213.64282656070586
603.6853385643709,204.41472655644097
604.5450692628112,199.8123216621337
605.4047999612517,200.40683473461343
606.264530659692,211.3799459953168
607.1242613581325,201.11109649756796
607.9839920565728,211.5211608963695
608.8437227550131,191.93221001224066
609.7034534534536,198.67979630245716
610.5631841518939,210.2275703713745
611.4229148503343,206.72415188823916
612.2826455487747,217.25191319709182
613.142376247215,198.545708197043
614.0021069456554,187.2755172037232
614.8618376440958,190.99770837234487
615.7215683425362,195.9693259128996
616.5812990409765,210.69035501600686
617.4410297394169,188.2761908886995
618.3007604378573,200.6793166075526
619.1604911362977,195.92468522397363
620.0202218347381,213.99161090106634
620.8799525331784,214.20988163956113
621.7396832316188,200.79084301997088
622.5994139300592,207.5467797184839
623.4591446284995,213.64271509742832
624.31887532694,208.32617361354767
625.1786060253803,203.79785222889333
626.0383367238207,200.88029690715402
626.8980674222611,206.92696349918123
627.7577981207014,198.3424627899477
628.6175288191419,195.75641133027648
629.4772595175822,206.93236716740194
630.3369902160226,218.69993390656091
631.196720914463,212.71652296380455
632.0564516129033,211.95994261725232
632.9161823113437,212.28115864958838
633.7759130097841,206.39950788587697
634.6356437082245,207.70510267992876
635.4953744066648,194.136555422549
636.3551051051052,191.9465589293561
637.2148358035456,200.86096541348064
638.0745665019859,210.73672034385731
638.9342972004264,208.75091270939416
639.7940278988667,207.05235678924558
640.653758597307,199.72884218835284
641.5134892957475,195.7916059222475
642.3732199941878,193.84299156769598
643.2329506926283,209.01249079516595
644.0926813910686,197.32511085256283
644.9524120895089,212.9905239522788
645.8121427879494,200.61575978131742
646.6718734863897,214.0398206671553
647.5316041848301,209.5536939929612
648.3913348832705,196.712670011943
649.2510655817108,189.01888309019236
650.1107962801512,186.75282373155343
650.9705269785916,204.6187759004984
651.830257677032,211.79743570442943
652.6899883754724,216.5733883620093
653.5497190739127,198.7466689965403
654.4094497723531,190.8531914522169
655.2691804707935,193.75946344724503
656.1289111692339,203.51327940665502
656.9886418676742,208.5302277898506
657.8483725661146,210.53200702652518
658.708103264555,212.58489309359095
659.5678339629953,195.9450200300477
660.4275646614358,193.30086216262174
661.2872953598761,202.17837539395987
662.1470260583164,206.4179628807405
663.0067567567569,199.266819420363
663.8664874551972,193.31067418736157
664.7262181536377,197.97257590576143
665.585948852078,194.43423583771957
666.4456795505183,217.27742893120512
667.3054102489588,196.00680926779148
668.1651409473991,201.27765310158063
669.0248716458395,190.48960262153722
669.8846023442799,193.47204959352325
670.7443330427202,192.44028732005037
671.6040637411606,200.67401853060696
672.463794439601,200.57971137157946
673.3235251380414,204.1872365738922
674.1832558364817,200.6272273280317
675.0429865349221,208.6717056043498
675.9027172333625,205.04624252348694
676.7624479318029,199.26862959978524
677.6221786302433,206.29264483580084
678.4819093286836,212.73703730422895
679.341640027124,209.12097288011728
680.2013707255644,186.80989026108747
681.0611014240047,217.63126458464347
681.9208321224452,181.91306570724453
682.7805628208855,208.01063465280532
683.6402935193258,212.88486313804623
684.5000242177663,205.4117929567725
685.3597549162066,200.98616016504013
686.219485614647,205.97879351137735
687.0792163130874,200.80895319171216
687.9389470115277,201.13662616472882
688.7986777099682,205.18671866298726
689.6584084084085,187.80868976101024
690.5181391068489,200.7182645078313
691.3778698052893,209.3513823047789
692.2376005037296,218.61549059793848
693.09733120217,202.57795913533442
693.9570619006104,207.54090241374203
694.8167925990508,183.87042555941764
695.6765232974911,200.4287957057651
696.5362539959315,211.49731608526506
697.3959846943719,205.77872415847617
698.2557153928122,206.892634131664
699.1154460912527,197.79192717108558
699.975176789693,196.55723325895508
700.8349074881334,199.89838794238673
701.6946381865738,208.35868396300373
702.5543688850141,198.5249459097948
703.4140995834546,187.81778651689777
704.2738302818949,196.0977728947616
705.1335609803352,194.86989776026826
705.9932916787757,198.73681075141306
706.853022377216,195.89277875995847
707.7127530756565,211.47881804937447
708.5724837740968,189.66149590822624
709.4322144725371,200.06568352251546
710.2919451709776,196.83672920828428
711.1516758694179,177.45778979738435
712.0114065678583,200.43024008228585
712.8711372662987,186.31546089576284
713.730867964739,180.63530201177758
714.5905986631794,196.54683377396103
715.4503293616198,195.21583588433242
716.3100600600602,189.53692539448068
717.1697907585005,196.65731833978222
718.0295214569409,190.4765245233528
718.8892521553813,195.62298179908973
719.7489828538216,182.8703251737398
720.6087135522621,195.35096749641232
721.4684442507024,196.8978795009375
722.3281749491427,187.0811787784166
723.1879056475832,180.52986832541578
724.0476363460235,189.5483905505069
724.907367044464,184.4394447286557
725.7670977429043,191.05023992616805
726.6268284413446,175.46024874573743
727.4865591397851,192.77251027218708
728.3462898382254,171.28709662225785
729.2060205366658,188.08882383221587
730.0657512351062,175.58641945737793
730.9254819335465,174.1754605495624
731.785212631987,184.59334482181214
732.6449433304273,185.55551232566953
733.5046740288677,181.1202142924896
734.364404727308,182.57907272506466
735.2241354257484,175.41364373058798
736.0838661241888,201.31057268193828
736.9435968226292,176.4429087594347
737.8033275210696,190.60954484712985
738.6630582195099,178.9827537057361
739.5227889179503,173.67787303479236
740.3825196163907,184.30559241350008
741.242250314831,176.03054151561813
742.1019810132715,189.56719013889855
742.9617117117118,169.78601647222243
743.8214424101521,186.1051898831453
744.6811731085926,170.14753005007248
745.5409038070329,193.14338236674817
746.4006345054734,189.30034291812981
747.2603652039137,184.1424380563593
748.120095902354,180.25253697284447
748.9798266007945,172.36608403912032
749.8395572992348,182.82050292803655
750.6992879976752,184.08373925150292
751.5590186961156,184.06019443557378
752.418749394556,182.490200671691
753.2784800929963,170.27803650712846
754.1382107914367,176.24864984868964
754.9979414898771,164.58920415904817
755.8576721883175,182.3122464322506
756.7174028867579,178.84856167947328
757.5771335851982,183.04322214543768
758.4368642836386,192.6128862633053
759.296594982079,182.56485267417605
760.1563256805193,178.239914662337
761.0160563789598,198.96762938365424
761.8757870774001,180.31281691968047
762.7355177758404,183.8046643334385
763.5952484742809,178.90525588987356
764.4549791727212,184.80969535191284
765.3147098711617,185.4367633931448
766.174440569602,186.4237716606425
767.0341712680423,198.7241357432063
767.8939019664828,182.1542037420435
768.7536326649231,202.19318872596392
769.6133633633635,189.92053569920566
770.4730940618039,202.50799523277144
771.3328247602442,187.26704917612125
772.1925554586846,202.3450922087581
773.052286157125,210.64122212448913
773.9120168555654,181.24308181305858
774.7717475540057,191.00454235691853
775.6314782524461,193.42992746217465
776.4912089508865,199.17277856866818
777.3509396493268,205.35086766275708
778.2106703477673,209.2260854883512
779.0704010462076,207.4419597038929
779.930131744648,210.44678585301105
780.7898624430884,204.02319281309664
781.6495931415287,189.34628056142498
782.5093238399692,204.51368026961865
783.3690545384095,200.6545813857356
784.2287852368498,195.56915603234177
785.0885159352903,203.5083680554061
785.9482466337306,193.74879049221957
786.807977332171,201.09163366500925
787.6677080306114,195.50382117200297
788.5274387290517,199.3855759864291
789.3871694274922,193.66718977164365
790.2469001259325,181.1674761011264
791.1066308243729,201.09315011598426
791.9663615228133,189.9792829080267
792.8260922212536,194.6234448670724
793.685822919694,186.534508407392
794.5455536181344,197.51425454377863
795.4052843165748,209.26935569373418
796.2650150150151,197.70041036199748
797.1247457134555,192.7456711805794
797.9844764118959,213.72955167566644
798.8442071103362,185.11800917521066
799.7039378087767,186.03066525656456
800.563668507217,195.24539460516266
801.4233992056573,200.68999064238628
802.2831299040978,200.07770284185304
803.1428606025381,205.58318322889264
804.0025913009786,199.8451861180824
804.8623219994189,200.7190576501489
805.7220526978592,192.40856688103247
806.5817833962997,196.5804629417033
807.44151409474,193.39841739847455
808.3012447931804,189.34067096152611
809.1609754916208,207.0059733103951
810.0207061900611,189.58701379561217
810.8804368885015,188.48087014287898
811.7401675869419,202.20514703578965
812.5998982853823,205.5501915646195
813.4596289838227,198.6373207669604
814.319359682263,193.67312229610084
815.1790903807034,208.99724487460873
816.0388210791438,184.79408677131286
816.8985517775842,194.50697763640176
817.7582824760245,210.55996479364566
818.6180131744649,198.27988806278665
819.4777438729053,198.3537007204356
820.3374745713456,200.93632755496472
821.1972052697861,212.61441435447188
822.0569359682264,190.19051759683492
822.9166666666667,215.88490401300533
823.7763973651072,203.21102124428597
824.6361280635475,186.0174576436856
825.495858761988,212.22906524617002
826.3555894604283,193.7163717962188
827.2153201588686,201.2237846259731
828.0750508573091,211.7918806849176
828.9347815557494,201.72807391782007
829.7945122541898,204.850496531917
830.6542429526302,213.03904944674233
831.5139736510705,208.30026823644712
832.373704349511,194.78437630394947
833.2334350479513,191.87864435249293
834.0931657463917,205.25952874287157
834.952896444832,211.89607427470082
835.8126271432724,213.7983612140053
836.6723578417128,209.8335331541755
837.5320885401532,211.92660678428038
838.3918192385936,204.63369518313615
839.2515499370339,201.3084461750157
840.1112806354743,193.74978958465238
840.9710113339147,191.04972356754467
841.830742032355,195.43018403342734
842.6904727307955,183.5263701660108
843.5502034292358,197.18509384001416
844.4099341276761,190.68116342203356
845.2696648261166,210.88542974474115
846.1293955245569,220.18340103919215
846.9891262229974,202.43544493893174
847.8488569214377,208.68631370808026
848.708587619878,202.29771960653767
849.5683183183185,212.17893505536912
850.4280490167588,214.03794616928275
851.2877797151992,195.472606083917
852.1475104136396,201.31480969008396
853.0072411120799,194.095461375396
853.8669718105203,212.29262221489356
854.7267025089607,193.06635389555734
855.5864332074011,196.95785985485804
856.4461639058414,192.8215481363655
857.3058946042818,208.85153389222435
858.1656253027222,207.50885234562233
859.0253560011625,183.6105322037892
859.885086699603,199.71251411736202
860.7448173980433,210.07138063952212
861.6045480964837,191.10742711466426
862.4642787949241,200.80343147872964
863.3240094933644,202.97308293795157
864.1837401918049,210.23937774944667
865.0434708902452,198.37446040849102
865.9032015886855,201.01177492265293
866.762932287126,201.08581618289463
867.6226629855663,191.20177689001716
868.4823936840068,202.82177394935445
869.3421243824471,220.07590151600897
870.2018550808874,189.55047354789306
871.0615857793279,210.93449482796737
871.9213164777682,195.51669850426055
872.7810471762086,190.35169460786406
873.640777874649,201.4502772564507
874.5005085730893,192.89904796134795
875.3602392715297,190.6253151529335
876.2199699699701,196.25922324185493
877.0797006684105,185.69158093157031
877.9394313668508,213.554711617927
878.7991620652913,197.49833519087775
879.6588927637316,198.42944944418426
880.518623462172,185.65130321568677
881.3783541606124,188.00856484210237
882.2380848590527,198.09254079258153
883.0978155574932,203.84642693903947
883.9575462559335,204.17161748981516
884.8172769543738,188.56470802344387
885.6770076528143,212.01355216456622
886.5367383512546,209.0007183821465
887.396469049695,200.54792376387957
888.2561997481354,200.65404287103556
889.1159304465757,195.81118424702078
889.9756611450161,183.74299941227522
890.8353918434565,190.51434040618105
891.6951225418969,212.57265045478255
892.5548532403373,196.82518539482456
893.4145839387776,201.99125259891022
894.274314637218,201.4593362086204
895.1340453356584,209.186175444484
895.9937760340988,203.37871279674
896.8535067325391,195.56404074541933
897.7132374309795,207.98905417871222
898.5729681294199,187.02774055365546
899.4326988278602,205.41223479677672
900.2924295263007,193.32566689386698
901.152160224741,194.50063465186736
902.0118909231813,206.98929954762858
902.8716216216218,201.9709556482496
903.7313523200621,187.0722895690075
904.5910830185026,197.85467435394764
905.4508137169429,194.27940123791646
906.3105444153832,195.18664408044674
907.1702751138237,193.2146151479711
908.030005812264,190.036260226279
908.8897365107044,213.43797979169824
909.7494672091448,213.43930929317065
910.6091979075851,203.08426454411784
911.4689286060255,204.92945295813618
912.3286593044659,211.36725586533404
913.1883900029063,208.9464723589213
914.0481207013466,201.37522080990465
914.907851399787,201.27443844445804
915.7675820982274,191.3523765132701
916.6273127966678,213.30331911597614
917.4870434951082,198.19431537089451
918.3467741935485,209.39036497291872
