59.4758064516129,201.3250976665611
60.33553715005327,181.59648144025323
61.19526784849365,201.25674269634865
62.05499854693402,201.21773641248825
62.9147292453744,207.58202428120006
63.774459943814776,208.37596327604393
64.63419064225515,201.08548101029572
65.49392134069552,201.03744998280732
66.35365203913591,200.98801248699627
67.21338273757628,197.0338200905901
68.07311343601665,212.35778761942944
68.93284413445703,200.83466005996655
69.7925748328974,214.15985295534722
70.65230553133779,208.54214232312677
71.51203622977816,200.68088535125176
72.37176692821853,211.86170204273978
73.2314976266589,194.861359988219
74.0912283250993,198.41786612021505
74.95095902353967,200.49105691858875
75.81068972198004,200.44858081546212
76.67042042042041,200.40877688841869
77.5301511188608,200.37198502449243
78.38988181730117,200.338545110717
79.24961251574155,216.46716414110267
80.10934321418192,212.10067308221923
80.96907391262229,208.28319476224493
81.82880461106268,202.23855518198974
82.68853530950305,199.02835899855552
83.54826600794343,198.64735199790474
84.4079967063838,206.74360316369584
85.26772740482417,200.21422020491786
86.12745810326456,206.8479439561211
86.98718880170493,211.32935227181463
87.8469195001453,216.63839237370948
88.70665019858568,211.87922860633668
89.56638089702605,208.97384443125057
90.42611159546644,200.23967709500968
91.28584229390681,204.51079929553765
92.14557299234718,200.24789685460604
93.00530369078756,203.25834206360258
93.86503438922793,215.1619124286589
94.72476508766832,204.98710815477097
95.58449578610869,189.3367031335825
96.44422648454906,200.28545859202103
97.30395718298945,198.48434261910296
98.16368788142981,212.10168277179224
99.0234185798702,200.29283710032385
99.88314927831057,200.2936732998478
100.74287997675094,194.80355263263795
101.60261067519133,200.85256154643926
102.46234137363169,208.1009519612529
103.32207207207207,189.9295417433069
104.18180277051245,200.28707199968088
105.04153346895282,200.28381188755202
105.90126416739321,191.18546432975944
106.76099486583357,200.2755993625839
107.62072556427395,200.27070883759086
108.48045626271433,195.953956903209
109.3401869611547,198.68693075590576
110.19991765959509,200.25385014375647
111.05964835803545,195.00965318645407
111.91937905647583,208.98256154921526
112.7791097549162,200.23772174424462
113.63884045335658,194.54487892314597
114.49857115179697,200.23009191377756
115.35830185023732,200.22782507107152
116.21803254867771,210.10971377164424
117.07776324711809,200.2274064336569
117.93749394555846,207.8198739025549
118.79722464399885,200.23383306416181
119.65695534243922,198.4360449693416
120.51668604087959,212.44935387269032
121.37641673931996,200.25987404756623
122.23614743776034,215.0977710678269
123.09587813620072,186.8517109437887
123.9556088346411,195.2358548447667
124.81533953308147,201.55597413216026
125.67507023152184,210.25474007289222
126.53480092996222,200.37989291613093
127.3945316284026,201.33839097204142
128.254262326843,200.43492547298504
129.11399302528335,200.4641351329455
129.9737237237237,200.49414018921013
130.8334544221641,194.38184248509992
131.69318512060448,200.5555359164976
132.55291581904487,200.58642630044318
133.41264651748523,194.02607499279927
134.2723772159256,209.34422208016719
135.13210791436597,201.0005085612243
135.99183861280636,200.70543462233718
136.85156931124675,200.73279768164556
137.7113000096871,200.71325118535708
138.57103070812747,205.73438722959094
139.43076140656785,203.17273894599455
140.29049210500824,213.88724423659843
141.15022280344863,198.24000291718008
142.009953501889,200.85257192657215
142.86968420032935,207.7787441152701
143.72941489876973,214.8263363795939
144.58914559721012,207.2674819936677
145.4488762956505,200.8319879875862
146.30860699409087,190.7656715883673
147.16833769253125,200.76694491632355
148.0280683909716,200.7170746323511
148.887799089412,200.65424385980882
149.7475297878524,211.01761168799416
150.60726048629274,208.88852440367052
151.46699118473313,200.37752868819547
152.3267218831735,193.65747116642194
153.18645258161388,199.79678276518527
154.04618328005427,203.08089877403023
154.90591397849462,201.05048659212815
155.765644676935,213.10219755540825
156.62537537537537,199.32457104297208
157.48510607381576,199.0686798089702
158.34483677225614,200.9758715094832
159.2045674706965,195.74463672714288
160.0642981691369,206.03012442756517
160.92402886757725,195.52045124701237
161.78375956601764,198.8298606575676
162.64349026445802,202.50312334913752
163.5032209628984,196.4585309027707
164.36295166133877,192.92846995209612
165.22268235977913,195.52986598796275
166.08241305821952,195.1041016171901
166.9421437566599,211.37699265458247
167.8018744551003,188.92509890077093
168.66160515354065,184.7201023308711
169.521335851981,199.925190620743
170.3810665504214,193.47606273688487
171.24079724886178,192.76088595963134
172.10052794730217,205.4439177589353
172.96025864574253,192.27380746581403
173.8199893441829,186.9289059359461
174.67972004262327,199.50218795471343
175.53945074106366,187.7497175933366
176.39918143950405,189.48766631678677
177.2589121379444,188.65940278542266
178.11864283638477,187.86632018265203
178.97837353482515,187.15253482560703
179.83810423326554,176.8798512140052
180.69783493170593,180.1324968469725
181.55756563014629,171.95548516431302
182.41729632858664,185.1616738762871
183.27702702702703,184.8446525152953
184.13675772546742,184.58559257902633
184.9964884239078,194.951826368283
185.85621912234816,185.66808843442453
186.71594982078852,184.08460068949483
187.5756805192289,187.614839129519
188.4354112176693,183.909182066808
189.29514191610966,183.84757143982685
190.15487261455004,180.09912437294818
191.01460331299043,167.40665276601914
191.8743340114308,181.5397091079365
192.73406470987118,188.9337107363777
193.59379540831154,169.318134290263
194.45352610675192,186.813490496044
195.3132568051923,172.46242034844533
196.17298750363267,195.28705264213363
197.03271820207306,192.77862767303057
197.89244890051341,187.91902308718807
198.7521795989538,182.7370546946497
199.6119102973942,188.85198284861093
200.47164099583455,178.49558259616532
201.33137169427494,182.90026285002588
202.19110239271532,187.71598526227632
203.05083309115568,183.19710328758106
203.91056378959607,193.5790668226201
204.77029448803643,186.02938467679226
205.63002518647681,183.8590781726183
206.4897558849172,184.11962605738583
207.34948658335756,174.57301434598787
208.20921728179795,187.8645507202342
209.0689479802383,188.46825040726958
209.9286786786787,185.24192640368074
210.78840937711908,185.52015493484598
211.64814007555944,185.79039664671842
212.50787077399983,188.55047284698054
213.36760147244019,170.06571539062136
214.22733217088057,186.58442575070723
215.08706286932096,190.46273448548476
215.94679356776132,191.60969000656235
216.8065242662017,187.43066325623292
217.66625496464206,189.64035987159158
218.52598566308245,175.99533541621318
219.38571636152284,187.01454783241232
220.2454470599632,188.8118651081687
221.10517775840358,180.7346567349497
221.96490845684394,189.67706178093422
222.82463915528433,196.15257579922638
223.68436985372472,190.69789495739593
224.54410055216508,191.27445688082886
225.40383125060546,191.8899149981069
226.26356194904582,176.75718121615512
227.1232926474862,193.20185601361246
227.9830233459266,195.03375229683027
228.84275404436696,194.562370753075
229.70248474280734,190.77302392750912
230.5622154412477,202.33575596207558
231.4219461396881,196.53813788675137
232.28167683812848,185.8677487565107
233.14140753656883,197.70792552023278
234.00113823500922,197.2703258978199
234.8608689334496,198.67655774497243
235.72059963188997,200.57798196368347
236.58033033033036,199.39028793471695
237.4400610287707,195.3262310518116
238.2997917272111,212.15346529992263
239.1595224256515,188.92785413629562
240.01925312409185,200.1475547839626
240.87898382253223,200.224734118945
241.7387145209726,202.1836671382585
242.59844521941298,200.27751147659248
243.45817591785337,200.26253336796537
244.31790661629373,200.22625998017614
245.1776373147341,200.17340324757876
246.03736801317447,192.70773540876573
246.89709871161486,196.06549778760464
247.75682941005525,191.02115099220796
248.6165601084956,199.890381556186
249.476290806936,204.12967729823762
250.33602150537635,211.58037201997135
251.19575220381674,196.8511732309656
252.05548290225713,199.7169029861402
252.91521360069748,194.52714170814798
253.77494429913787,199.73107045427133
254.63467499757823,203.50214054657792
255.49440569601862,196.65096713682937
256.35413639445903,199.84479146415083
257.21386709289936,191.20139147654356
258.07359779133975,202.26176131755832
258.93332848978014,199.00824481241236
259.79305918822047,200.0773328639283
260.6527898866609,193.94203480254637
261.51252058510124,196.02404685428777
262.37225128354163,200.23600985282346
263.231981981982,200.30247562003936
264.09171268042235,197.02634958164487
264.9514433788628,200.321319381899
265.8111740773031,200.3322004143372
266.6709047757435,198.30962428965807
267.5306354741839,180.6590109876082
268.3903661726242,202.31950367961085
269.25009687106467,188.70072781422633
270.109827569505,200.30874131906944
270.9695582679454,200.29698210022732
271.8292889663858,200.28570223202345
272.6890196648261,200.27611677898688
273.54875036326655,200.26944080564658
274.4084810617069,200.26688937653162
275.26821176014727,218.69553330298868
276.12794245858765,190.17385333226653
276.987673157028,210.8296750449475
277.84740385546843,203.48525632958606
278.70713455390876,197.65760804352783
279.56686525234915,200.36578291317622
280.42659595078953,212.2852168837452
281.28632664922986,190.01137760357906
282.1460573476703,200.4671330387331
283.00578804611064,200.50436153847
283.865518744551,211.46072057458844
284.7252494429914,215.04631084650435
285.58498014143174,200.61743171439483
286.4447108398722,209.0910103817761
287.3044415383125,200.6875723739831
288.1641722367529,204.21227769763127
289.0239029351933,194.78064246866748
289.8836336336336,193.28305192015372
290.74336433207407,186.56058213035595
291.6030950305144,200.80729135044047
292.4628257289548,209.71559959099596
293.32255642739517,200.81949982660876
294.1822871258355,204.8836621052993
295.04201782427594,195.9909840283054
295.9017485227163,200.7836606991242
296.76147922115666,213.51411276704425
297.62120991959705,200.7204253177365
298.4809406180374,200.67877008098574
299.3406713164778,211.3227521140093
300.20040201491815,200.57939733436967
301.06013271335854,189.9617857082945
301.91986341179893,201.57382209650504
302.77959411023926,213.5880971114688
303.6393248086797,200.33887453507327
304.49905550712003,205.8155412188127
305.3587862055604,200.21056550318983
306.2185169040008,205.50163656968328
307.07824760244114,200.0854520636808
307.9379783008816,196.4416405397149
308.7977089993219,182.14952845104426
309.6574396977623,210.13992335868457
310.5171703962027,199.87049400337983
311.376901094643,199.72660294901723
312.23663179308346,199.79349040338468
313.0963624915238,196.55835488798843
313.9560931899642,199.7453644373577
314.81582388840457,199.73413697658182
315.6755545868449,204.44900826423023
316.53528528528534,188.2610347829698
317.39501598372567,199.76108170954475
318.2547466821661,192.38998743003643
319.11447738060644,199.8291878424974
319.9742080790468,201.58077785195786
320.8339387774872,199.92719262917973
321.69366947592755,199.98428173739737
322.553400174368,192.47338373803126
323.4131308728083,189.91853674721415
324.27286157124865,201.36193429810598
325.1325922696891,200.75373292527655
325.99232296812943,203.1821371180597
326.8520536665699,200.3612733321164
327.7117843650102,215.920940809245
328.57151506345053,200.47006096180561
329.431245761891,200.51566497805723
330.2909764603313,195.780663955115
331.15070715877175,215.28684986637015
332.0104378572121,213.9379309193769
332.8701685556524,196.82277957223903
333.72989925409286,198.62428788868567
334.5896299525332,200.587474832406
335.44936065097363,189.78878496612933
336.30909134941396,215.57314004603143
337.1688220478543,192.90964994790772
338.02855274629474,200.35146913955035
338.88828344473507,200.24551426977976
339.7480141431755,190.58180995320626
340.60774484161584,199.9574833591564
341.46747554005617,199.76107930335385
342.3272062384966,199.51985662198382
343.18693693693695,188.1688847459581
344.0466676353774,209.32135543873443
344.9063983338177,198.45308013516828
345.76612903225805,208.5542245826367
346.6258597306985,197.3817754190687
347.4855904291388,191.45221004742112
348.34532112757927,195.95312414637678
349.2050518260196,195.088939567062
350.06478252445993,202.92711934418827
350.9245132229004,200.3719252364308
351.7842439213407,192.51698874936122
352.64397461978115,191.75729190243908
353.5037053182215,191.0455082644785
354.3634360166618,197.63050727689244
355.22316671510225,189.7605055876167
356.0828974135426,190.00057727297573
356.942628111983,188.65163066312525
357.80235881042336,206.03645439827397
358.6620895088637,195.34619178176104
359.52182020730413,193.97646001540357
360.38155090574446,186.90998065892268
361.2412816041849,186.5558149436316
362.10101230262524,196.9523779832842
362.96074300106557,185.91790276525848
363.820473699506,185.62637454257845
364.68020439794634,185.34794372450423
365.5399350963868,185.07871943123678
366.3996657948271,184.81499519368091
367.25939649326745,194.61525757271158
368.1191271917079,183.346347786932
368.9788578901482,181.81671938921266
369.83858858858866,187.90607888912362
370.698319287029,183.11283203408794
371.5580499854693,175.96520095222354
372.41778068390977,183.26818002519187
373.2775113823501,183.12327706429383
374.13724208079054,183.00574722744304
374.9969727792309,182.91837566977185
375.8567034776712,182.86394754641282
376.71643417611165,182.84524801249825
377.576164874552,182.864740712739
378.4358955729924,192.71839463314274
379.29562627143275,175.02384451710162
380.1553569698731,172.82730092280238
381.0150876683135,183.26810505812452
381.87481836675386,183.42937514368586
382.7345490651943,183.6064293660459
383.59427976363463,195.86199433903028
384.45401046207496,178.19014283595794
385.3137411605154,168.845375074345
386.17347185895574,184.39709815296956
387.0332025573962,184.60542834715133
387.8929332558365,184.81639486208275
388.75266395427684,182.19849359879677
389.6123946527173,185.2434175056067
390.4721253511576,199.27736064023705
391.33185604959806,185.30494750234328
392.1915867480384,191.6683822317348
393.0513174464787,186.09808580718217
393.91104814491916,191.17254790284267
394.7707788433595,175.30829769716945
395.63050954179994,186.71742980094479
396.49024024024027,186.9159934802875
397.3499709386806,172.52108948014407
398.20970163712104,197.04796637582055
399.0694323355614,184.44889036068753
399.9291630340018,187.67343645413385
400.78889373244215,187.8663517681707
401.6486244308825,203.24965942169857
402.5083551293229,177.84731072842288
403.36808582776325,186.26376052738755
404.2278165262037,190.3338742462607
405.087547224644,178.1645870014465
405.94727792308447,179.82243644233387
406.8070086215248,189.25199438399164
407.66673931996513,193.36029705705087
408.5264700184056,201.11576065867354
409.3862007168459,190.75518344081016
410.24593141528635,193.06854768537013
411.1056621137267,180.45526617804757
411.965392812167,192.25333996756095
412.82512351060745,192.83676204708848
413.6848542090478,185.81747397201786
414.54458490748823,195.41767787664367
415.40431560592856,180.15477022436252
416.2640463043689,213.2924219813936
417.12377700280933,196.00781147530913
417.98350770124966,210.8570207293252
418.8432383996901,202.66682257505903
419.70296909813044,197.7659180565346
420.56269979657077,197.0712018220351
421.4224304950112,198.72085903757326
422.28216119345154,198.79524065884863
423.141891891892,199.47366742978684
424.0016225903323,199.78220276340292
424.86135328877265,195.20892581802613
425.7210839872131,200.28013107156397
426.5808146856534,200.4761621924731
427.44054538409387,200.64133005551088
428.3002760825342,209.668263660087
429.1600067809745,200.89226969462882
430.01973747941497,203.32204677357188
430.8794681778553,214.77141917483792
431.73919887629575,205.66784936314193
432.5989295747361,192.5277787269754
433.4586602731764,192.49465590674686
434.31839097161685,201.20693137159773
435.1781216700572,201.22200440253752
436.0378523684976,201.23311479128682
436.89758306693795,201.2427805379411
437.7573137653783,199.39024100293665
438.61704446381873,189.83214146705524
439.47677516225906,203.56572644665852
440.3365058606995,188.82393633552863
441.19623655913983,201.3572000480495
442.05596725758016,188.15955854699547
442.9156979560206,202.68711437376348
443.77542865446094,193.67950862150835
444.6351593529014,201.59563412117058
445.4948900513417,206.77028024587818
446.35462074978204,214.65603756963412
447.2143514482225,204.65519656710393
448.0740821466628,201.8586323243235
448.93381284510326,192.2031084947674
449.7935435435436,211.4942881651818
450.6532742419839,201.99019904975754
451.51300494042437,202.01021188387446
452.3727356388647,215.60387172967776
453.23246633730514,202.0017250555387
454.09219703574547,201.9689759314099
454.9519277341858,201.9143900261898
455.81165843262625,201.83585081366715
456.6713891310666,201.73313013707102
457.531119829507,206.97307216175201
458.39085052794735,210.46412409958458
459.2505812263877,211.1184986360947
460.1103119248281,192.87813073976056
460.97004262326845,186.7231964672209
461.8297733217089,190.82249463933775
462.68950402014923,196.39782091122802
463.54923471858956,200.4427821180217
464.40896541703,196.226401074313
465.26869611547033,210.2181963517988
466.1284268139108,213.80140550927086
466.9881575123511,200.26175088860185
467.84788821079144,200.2574778515672
468.7076189092319,200.28305758552526
469.5673496076722,200.33502894200154
470.42708030611266,200.40993077252153
471.286811004553,200.50430192861063
472.1465417029933,208.9141570878256
473.00627240143376,194.54747017720078
473.8660030998741,188.28580812008764
474.72573379831454,201.00725683916673
475.58546449675487,192.32275826053936
476.4451951951952,201.28556038752103
477.30492589363564,201.41930466530633
478.16465659207597,201.54482908086422
479.0243872905164,201.95247150550097
479.88411798895675,196.04064583581314
480.7438486873971,200.6306072222546
481.6035793858375,210.9613026050219
482.46331008427785,185.36437919863425
483.3230407827183,201.93153415286307
484.1827714811586,201.90260737554223
485.04250217959896,204.2151193747675
485.9022328780394,201.73618412241888
486.76196357647973,196.07101459507953
487.6216942749202,188.85728991470316
488.4814249733605,185.77235568424555
489.34115567180083,209.57136873896104
490.2008863702413,201.61264641844488
491.0606170686816,199.43395871699525
491.92034776712205,192.26461982068432
492.7800784655624,200.27295605742532
493.6398091640027,196.50192102613497
494.49953986244316,199.94130234280473
495.3592705608835,199.81282327734573
496.21900125932393,199.71701708718237
497.07873195776426,199.65659472401794
497.9384626562046,190.59688841921516
498.79819335464504,186.3777847805625
499.65792405308537,199.65875907151553
500.5176547515258,199.70992895354192
501.37738544996614,189.7727517392616
502.23711614840647,218.80795596226355
503.0968468468469,183.26140726616597
503.95657754528725,183.21374132044147
504.8163082437277,195.68295599480274
505.676038942168,200.3220538218686
506.53576964060835,200.44497850010217
507.3955003390488,205.1126729758429
508.2552310374891,200.67986793215437
509.11496173592957,191.6579441358949
509.9746924343699,200.87875337271348
510.83442313281023,209.12243041477046
511.6941538312507,205.61780340711437
512.553884529691,201.05342330728578
513.4136152281314,195.014293909474
514.2733459265718,201.04999728467862
515.1330766250121,187.84947069550367
515.9928073234526,196.53757129697294
516.8525380218929,196.56367048673138
517.7122687203333,200.63994079161728
518.5719994187737,200.4347088276449
519.431730117214,200.18198594592505
520.2914608156544,193.57406891867677
521.1511915140948,203.27286263313076
522.0109222125352,210.11853055145622
522.8706529109755,198.66378783187596
523.7303836094159,191.34855159777217
524.5901143078563,197.58831635824004
525.4498450062966,193.09752876638404
526.3095757047371,196.2930193591492
527.1693064031774,201.05804028399535
528.0290371016177,189.40801495754906
528.8887678000582,206.68086061731933
529.7484984984985,193.13102953986697
530.608229196939,192.32525671940476
531.4679598953793,191.5651864917449
532.3276905938197,194.39669259289286
533.1874212922601,199.35268208610862
534.0471519907004,194.3737042014933
534.9068826891408,206.68727674864425
535.7666133875812,189.18234864188733
536.6263440860216,179.666593033371
537.486074784462,175.181222708848
538.3458054829023,188.7276357154892
539.2055361813427,179.97198323664972
540.065266879783,195.83506386301286
540.9249975782235,198.7586852192333
541.7847282766638,187.6961064225158
542.6444589751042,206.59961936972994
543.5041896735446,187.7603151360194
544.3639203719849,179.1045845762711
545.2236510704254,185.44370954702373
546.0833817688657,175.9946799242574
546.943112467306,186.24282919955724
547.8028431657465,185.8331001093643
548.6625738641868,185.438172328907
549.5223045626273,168.54522035180463
550.3820352610676,184.746609401532
551.2417659595079,184.47691860678088
552.1014966579484,192.87561370331255
552.9612273563887,189.0926504499222
553.8209580548291,193.25984903545773
554.6806887532695,194.47639090876018
555.5404194517098,183.96023265565844
556.4001501501502,183.94732613635793
557.2598808485906,176.9458946885113
558.119611547031,171.72339873927723
558.9793422454713,189.22730043727245
559.8390729439117,183.82001516033702
560.6988036423521,183.7623621669805
561.5585343407924,194.82918236877862
562.4182650392329,183.70722133122536
563.2779957376732,183.7412708856245
564.1377264361136,177.37802913774456
564.997457134554,194.29246967711026
565.8571878329943,176.41278850477156
566.7169185314348,184.57486932796326
567.5766492298751,184.93972418559406
568.4363799283154,185.34196124414467
569.2961106267559,188.79182094361573
570.1558413251962,184.0674113021071
571.0155720236367,186.63972479648007
571.875302722077,178.72597524638073
572.7350334205174,187.44753664977063
573.5947641189578,185.85040680940918
574.4544948173981,200.85722381582266
575.3142255158385,208.12889353925274
576.1739562142789,192.80463831122765
577.0336869127193,188.62049828075692
577.8934176111596,196.75521867844378
578.7531483096,188.88682552410836
579.6128790080404,189.05672140853318
580.4726097064807,194.913388719916
581.3323404049212,197.6080050322446
582.1920711033615,189.96743416683665
583.0518018018018,190.45070198600158
583.9115325002423,191.00943952154344
584.7712631986826,191.6264395237753
585.6309938971231,184.03459010001006
586.4907245955634,187.87810850539756
587.3504552940037,185.72130884077183
588.2101859924442,192.71770736505033
589.0699166908845,193.26387457183418
589.9296473893249,178.45709811845978
590.7893780877653,191.7710868950457
591.6491087862056,201.62349128726402
592.508839484646,197.28196348139997
593.3685701830864,197.73935436245517
594.2283008815268,190.92085320986146
595.0880315799672,190.54302896407327
595.9477622784075,194.57631589958487
596.8074929768479,213.85916052114675
597.6672236752883,199.07037059389606
598.5269543737287,199.18210175880034
599.386685072169,188.0281674561679
600.2464157706094,199.37969969930126
601.1061464690498,186.37643834305484
601.9658771674901,199.56301180823306
602.8256078659306,199.64948229967442
603.6853385643709,200.7087569906743
604.5450692628112,196.38599961348154
605.4047999612517,199.88879833540184
606.264530659692,199.9620515381956
607.1242613581325,200.0321351716401
607.9839920565728,198.21133214709536
608.8437227550131,200.1630093349819
609.7034534534536,208.92430368327481
610.5631841518939,207.91704837152818
611.4229148503343,194.2329982828742
612.2826455487747,183.00696133417995
613.142376247215,200.43850035848087
614.0021069456554,201.26298149366426
614.8618376440958,200.52915093756485
615.7215683425362,200.5705034393967
616.5812990409765,200.60927928425522
617.4410297394169,200.64553237326552
618.3007604378573,197.65459259178914
619.1604911362977,202.8053522406882
620.0202218347381,200.73969411645763
620.8799525331784,200.7663951933257
621.7396832316188,200.79084301997088
622.5994139300592,200.81308833979318
623.4591446284995,200.83315202983658
624.31887532694,184.96645277506516
625.1786060253803,190.1465757047891
626.0383367238207,203.48376333238278
626.8980674222611,197.50896487206327
627.7577981207014,202.97334869042317
628.6175288191419,200.90796186569509
629.4772595175822,200.9128745078012
630.3369902160226,200.9156397374292
631.196720914463,212.6406093940475
632.0564516129033,205.36751064134924
632.9161823113437,208.2998283457998
633.7759130097841,200.90531164586622
634.6356437082245,200.89740364913354
635.4953744066648,200.88737377433483
636.3551051051052,199.68844595296972
637.2148358035456,198.81672540078728
638.0745665019859,200.84459543889588
638.9342972004264,200.82612060918643
639.7940278988667,189.84702420687486
640.653758597307,201.3645345025087
641.5134892957475,195.1597770118188
642.3732199941878,207.84105092036566
643.2329506926283,200.7043992889515
644.0926813910686,202.63338248296972
644.9524120895089,200.6459896454916
645.8121427879494,188.5414328063466
646.6718734863897,195.1822118049264
647.5316041848301,209.22677101043712
648.3913348832705,200.5241737894263
649.2510655817108,200.49423626189764
650.1107962801512,200.4650392706987
650.9705269785916,192.33637525763797
651.830257677032,200.40993482075962
652.6899883754724,211.43134269185958
653.5497190739127,200.36099628654785
654.4094497723531,200.33950669000816
655.2691804707935,194.80038181007038
656.1289111692339,200.3038217423979
656.9886418676742,208.05952808521974
657.8483725661146,220.12077429645072
658.708103264555,200.27253464766576
659.5678339629953,188.12514927536606
660.4275646614358,187.40787521286285
661.2872953598761,190.39565249001495
662.1470260583164,188.12128664363223
663.0067567567569,207.5349000768669
663.8664874551972,200.3095162005575
664.7262181536377,201.27224286749635
665.585948852078,200.3479958687852
666.4456795505183,217.15080028424575
667.3054102489588,200.39554679415036
668.1651409473991,210.1604988161314
669.0248716458395,200.44970718970535
669.8846023442799,207.49550093999827
670.7443330427202,205.50426456719867
671.6040637411606,200.53795538069548
672.463794439601,188.47965323871537
673.3235251380414,200.5978691338286
674.1832558364817,204.43697211693092
675.0429865349221,200.65577610283452
675.9027172333625,200.68320773486857
676.7624479318029,200.7092145007655
677.6221786302433,200.73348867715674
678.4819093286836,206.58499278564364
679.341640027124,201.16236877602347
680.2013707255644,215.92099812178697
681.0611014240047,211.85568522933278
681.9208321224452,186.65171706731374
682.7805628208855,198.98776903116135
683.6402935193258,200.83025509674215
684.5000242177663,212.38522303107024
685.3597549162066,200.82761076112922
686.219485614647,200.820366971953
687.0792163130874,189.74759268383926
687.9389470115277,200.7932027377931
688.7986777099682,200.7729489275823
689.6584084084085,197.4757249863626
690.5181391068489,200.7182645078313
691.3778698052893,188.4502702921232
692.2376005037296,200.64356647155046
693.09733120217,198.51274975136934
693.9570619006104,200.54752135783122
694.8167925990508,200.49107694039833
695.6765232974911,189.01312763306865
696.5362539959315,200.36051097131806
697.3959846943719,191.7615710288738
698.2557153928122,200.20504277549563
699.1154460912527,216.7301312723653
699.975176789693,200.0141182442815
700.8349074881334,184.94026738554288
701.6946381865738,199.76526322748373
702.5543688850141,199.61183230796016
703.4140995834546,192.67621368040227
704.2738302818949,199.2324046886019
705.1335609803352,199.00058440554244
705.9932916787757,191.33949933234038
706.853022377216,202.18548673283064
707.7127530756565,195.76714212729902
708.5724837740968,192.93393614692798
709.4322144725371,197.30394659194877
710.2919451709776,196.83672920828428
711.1516758694179,200.18372010241671
712.0114065678583,206.4071510389846
712.8711372662987,209.45919050242696
713.730867964739,194.44450059943227
714.5905986631794,193.70459151659904
715.4503293616198,194.61682088085078
716.3100600600602,195.01050131159963
717.1697907585005,191.29006523713122
718.0295214569409,177.4254978685309
718.8892521553813,189.6867516941132
719.7489828538216,188.93761706632267
720.6087135522621,194.25689349898835
721.4684442507024,187.62678348354112
722.3281749491427,179.97879472906018
723.1879056475832,184.75248012799594
724.0476363460235,184.13488038175248
724.907367044464,185.8390709900434
725.7670977429043,178.95359377465527
726.6268284413446,185.29287835454286
727.4865591397851,185.0902329890914
728.3462898382254,190.08057472959803
729.2060205366658,188.06137444253253
730.0657512351062,184.70764944302903
730.9254819335465,184.639558205855
731.785212631987,191.16661950231054
732.6449433304273,188.12362955451863
733.5046740288677,184.54773452681934
734.364404727308,172.6712017400693
735.2241354257484,184.53318438544883
736.0838661241888,197.1843152844147
736.9435968226292,166.54949438876807
737.8033275210696,181.8291161054848
738.6630582195099,184.4467278731674
739.5227889179503,184.38615658585783
740.3825196163907,193.81825745576924
741.242250314831,184.20753278646723
742.1019810132715,184.4815233861299
742.9617117117118,183.96903292144896
743.8214424101521,189.99327891578528
744.6811731085926,177.13912722790704
745.5409038070329,183.5432281705662
746.4006345054734,183.39325101911706
747.2603652039137,192.2918788705357
748.120095902354,183.09639199409705
748.9798266007945,178.6726741660449
749.8395572992348,169.47599764310658
750.6992879976752,182.69673822528696
751.5590186961156,182.58579532708237
752.418749394556,182.490200671691
753.2784800929963,182.41248069738134
754.1382107914367,168.76582201940394
754.9979414898771,173.87876630925675
755.8576721883175,182.3122464322506
756.7174028867579,183.19211431258665
757.5771335851982,185.59624173069045
758.4368642836386,182.49266044400684
759.296594982079,182.639499022537
760.1563256805193,184.99600450322055
761.0160563789598,183.40350724206925
761.8757870774001,183.41587824691672
762.7355177758404,183.8046643334385
763.5952484742809,183.02996442144152
764.4549791727212,185.43149910203434
765.3147098711617,180.90408646626713
766.174440569602,186.15408186189265
767.0341712680423,186.96706231279606
767.8939019664828,187.87787463701775
768.7536326649231,188.87006377590848
769.6133633633635,198.14192267057643
770.4730940618039,181.9848638829501
771.3328247602442,178.8007094587357
772.1925554586846,200.74651671199064
773.052286157125,202.54537480687247
773.9120168555654,202.34843347383355
774.7717475540057,186.8694623453337
775.6314782524461,200.35142609420188
776.4912089508865,189.93679846067997
777.3509396493268,198.27526606263058
778.2106703477673,189.84574129033626
779.0704010462076,199.23781920656992
779.930131744648,204.97592410217428
780.7898624430884,204.2265656438917
781.6495931415287,200.22327289478702
782.5093238399692,200.4592159212474
783.3690545384095,200.6545813857356
784.2287852368498,200.8124375903037
785.0885159352903,200.93585283700395
785.9482466337306,197.00968059223948
786.807977332171,196.41472174108642
787.6677080306114,193.32160138351378
788.5274387290517,197.7799122246267
789.3871694274922,196.91364929042945
790.2469001259325,201.12490911689935
791.1066308243729,201.09315011598426
791.9663615228133,212.96063097419452
792.8260922212536,205.24223839830904
793.685822919694,200.95077907274316
794.5455536181344,200.897851718338
795.4052843165748,200.84730303069068
796.2650150150151,200.8022013118533
797.1247457134555,192.3665836335095
797.9844764118959,188.30785393914655
798.8442071103362,210.41321838122968
799.7039378087767,192.98616617503978
800.563668507217,208.86632953677872
801.4233992056573,197.39530169572396
802.2831299040978,215.42641223375915
803.1428606025381,184.57968475062106
804.0025913009786,200.17465129554785
804.8623219994189,200.7190576501489
805.7220526978592,211.4565485538566
806.5817833962997,200.7477113472577
807.44151409474,213.35535213197673
808.3012447931804,200.77820416041325
809.1609754916208,200.7923649981402
810.0207061900611,200.80490209137542
810.8804368885015,200.81576604427158
811.7401675869419,211.96832950199462
812.5998982853823,205.9171333445774
813.4596289838227,210.7964175480564
814.319359682263,200.85023806159344
815.1790903807034,200.8585695677144
816.0388210791438,200.867570254694
816.8985517775842,200.87763201260353
817.7582824760245,200.88914673151413
818.6180131744649,187.73536132711078
819.4777438729053,200.9181026126235
820.3374745713456,194.1829128497853
821.1972052697861,204.99521126130105
822.0569359682264,210.98359806788858
822.9166666666667,201.0106930699893
823.7763973651072,203.83497784891227
824.6361280635475,201.0805978873853
825.495858761988,197.28144564605336
826.3555894604283,183.96294676773368
827.2153201588686,201.2237846259731
828.0750508573091,193.47590464307632
828.9347815557494,201.34935592932186
829.7945122541898,194.54944487754344
830.6542429526302,201.49934234486528
831.5139736510705,207.52086995283383
832.373704349511,211.85619792970593
833.2334350479513,191.8603794797566
834.0931657463917,201.83909787097735
834.952896444832,201.59310218231042
835.8126271432724,204.344658184074
836.6723578417128,198.85440991745892
837.5320885401532,203.16016031768473
838.3918192385936,209.4712640896329
839.2515499370339,190.10299992026304
840.1112806354743,202.36894097283286
840.9710113339147,202.4194591344007
841.830742032355,206.06119201927837
842.6904727307955,202.49008479240186
843.5502034292358,211.00726918182409
844.4099341276761,197.24166140888073
845.2696648261166,202.5027010427567
846.1293955245569,202.47740837675312
846.9891262229974,202.43544493893174
847.8488569214377,218.09725486020739
848.708587619878,195.4349264628229
849.5683183183185,204.50450940765785
850.4280490167588,202.09706940215872
851.2877797151992,183.87493495491753
852.1475104136396,201.85544854909952
853.0072411120799,195.56665825487477
853.8669718105203,213.7873983114726
854.7267025089607,208.72304372694794
855.5864332074011,201.3391856805231
856.4461639058414,198.16334681598514
857.3058946042818,201.10948905679749
858.1656253027222,201.0115812520297
859.0253560011625,217.4395864373671
859.885086699603,200.8636920916192
860.7448173980433,219.25632374616507
861.6045480964837,200.79843210995512
862.4642787949241,200.80343147872964
863.3240094933644,198.31315180438605
864.1837401918049,206.154561882897
865.0434708902452,214.8280920514739
865.9032015886855,204.53970138370667
866.762932287126,201.08581618289463
867.6226629855663,186.66966350251556
868.4823936840068,201.22499094724088
869.3421243824471,203.07499644760355
870.2018550808874,201.57021586758162
871.0615857793279,211.28388908501847
871.9213164777682,201.32669251038405
872.7810471762086,201.28736078660353
873.640777874649,212.80653588991444
874.5005085730893,195.44290072157915
875.3602392715297,201.30671018425633
876.2199699699701,200.91547411358383
877.0797006684105,195.0810760958128
877.9394313668508,206.7725363144522
878.7991620652913,216.63809484519783
879.6588927637316,200.45734992836424
880.518623462172,205.52568332378553
881.3783541606124,200.30305749975722
882.2380848590527,200.2633344023975
883.0978155574932,202.8708473404521
883.9575462559335,200.27029706034077
884.8172769543738,200.31142758335196
885.6770076528143,198.0166716808919
886.5367383512546,191.5334495280614
887.396469049695,191.8340081215715
888.2561997481354,198.21152620540562
889.1159304465757,212.50072046803388
889.9756611450161,204.56992984748203
890.8353918434565,216.41105354646524
891.6951225418969,201.1316386130843
892.5548532403373,192.12740973689222
893.4145839387776,201.35858361296488
894.274314637218,201.4593362086204
895.1340453356584,201.55565478406757
895.9937760340988,211.66513834839193
896.8535067325391,201.70647525705257
897.7132374309795,197.47901815732118
898.5729681294199,201.82603080183264
899.4326988278602,201.87246596635143
900.2924295263007,207.1883211169238
901.152160224741,198.63796409916839
902.0118909231813,195.39029773003173
902.8716216216218,201.9709556482496
903.7313523200621,201.97412955531527
904.5910830185026,194.30310179210534
905.4508137169429,201.95524907624525
906.3105444153832,189.5279960547399
907.1702751138237,201.9032165137539
908.030005812264,214.95961264018433
908.8897365107044,202.52845117101086
909.7494672091448,209.17651633308574
910.6091979075851,202.08874661948363
911.4689286060255,207.20375546675965
912.3286593044659,202.98475653756827
913.1883900029063,201.46844361576655
914.0481207013466,201.37522080990465
914.907851399787,201.27443844445804
915.7675820982274,185.19727486691377
916.6273127966678,192.88069816412602
917.4870434951082,200.9274624518804
918.3467741935485,200.79717030936547
