59.4758064516129,201.3250976665611
60.33553715005327,202.1806565918997
61.19526784849365,212.56609123047494
62.05499854693402,185.8234649852039
62.9147292453744,201.17596411217005
63.774459943814776,207.93596863188753
64.63419064225515,197.94428622089728
65.49392134069552,211.44737116133092
66.35365203913591,211.6362916420266
67.21338273757628,216.39375587119991
68.07311343601665,196.86915120889955
68.93284413445703,200.83466005996655
69.7925748328974,200.7829955612038
70.65230553133779,197.87257545448497
71.51203622977816,211.6258541760066
72.37176692821853,209.93188309459708
73.2314976266589,188.3082562584666
74.0912283250993,211.83709988053764
74.95095902353967,217.57046683909522
75.81068972198004,207.8915903270662
76.67042042042041,209.67900299696063
77.5301511188608,194.3792958955894
78.38988181730117,208.77691782299985
79.24961251574155,208.9676182229741
80.10934321418192,186.81993032512642
80.96907391262229,213.6883060614686
81.82880461106268,194.1321168118085
82.68853530950305,200.23194341654118
83.54826600794343,209.5579461565442
84.4079967063838,198.1062800596125
85.26772740482417,213.28568839465856
86.12745810326456,200.2140406197101
86.98718880170493,202.34306270465714
87.8469195001453,188.91395528407585
88.70665019858568,200.22557577916982
89.56638089702605,205.69364659413665
90.42611159546644,204.8727020977515
91.28584229390681,210.31557239159278
92.14557299234718,200.2555003511982
93.00530369078756,190.0549110110054
93.86503438922793,200.27012539673612
94.72476508766832,200.27617188914542
95.58449578610869,195.33185351652017
96.44422648454906,200.28545859202103
97.30395718298945,188.62712097323953
98.16368788142981,187.85491320183203
99.0234185798702,200.29283710032385
99.88314927831057,200.2936732998478
100.74287997675094,200.29374942095512
101.60261067519133,197.61106095386117
102.46234137363169,188.16549029712016
103.32207207207207,200.28972675300872
104.18180277051245,207.32456025477296
105.04153346895282,200.28381188755202
105.90126416739321,200.2799773605453
106.76099486583357,200.2755993625839
107.62072556427395,186.0621354517725
108.48045626271433,200.26534740577318
109.3401869611547,200.2596601289229
110.19991765959509,187.0113552209176
111.05964835803545,200.24812123086232
111.91937905647583,201.3785902197421
112.7791097549162,186.44372039924824
113.63884045335658,200.23345873169802
114.49857115179697,207.58291052521824
115.35830185023732,200.22782507107152
116.21803254867771,200.22686198416847
117.07776324711809,200.2274064336569
117.93749394555846,200.2296622001252
118.79722464399885,200.23383306416181
119.65695534243922,204.54000496356664
120.51668604087959,198.99018827235804
121.37641673931996,200.25987404756623
122.23614743776034,193.16786356654853
123.09587813620072,200.290378873771
123.9556088346411,200.23572907513366
124.81533953308147,200.33104366695662
125.67507023152184,200.35457030631449
126.53480092996222,200.37989291613093
127.3945316284026,183.29196118118617
128.254262326843,195.85891864878656
129.11399302528335,204.1841209731991
129.9737237237237,188.02044245795418
130.8334544221641,200.5246904982404
131.69318512060448,190.37225099975603
132.55291581904487,207.1408357757917
133.41264651748523,211.9214766247262
134.2723772159256,200.64734139124502
135.13210791436597,197.42569780519878
135.99183861280636,200.70543462233718
136.85156931124675,201.7471637268783
137.7113000096871,191.75031607950794
138.57103070812747,200.78290597009413
139.43076140656785,197.98063403946347
140.29049210500824,200.8248486704039
141.15022280344863,195.28956353614117
142.009953501889,203.06414564230096
142.86968420032935,209.82939316550232
143.72941489876973,213.90803504113399
144.58914559721012,200.44668159317814
145.4488762956505,200.8319879875862
146.30860699409087,192.28103385764692
147.16833769253125,200.76694491632355
148.0280683909716,205.34351136038293
148.887799089412,200.65424385980882
149.7475297878524,200.57740660643998
150.60726048629274,211.92998749961052
151.46699118473313,206.34410029040373
152.3267218831735,200.25239591206014
153.18645258161388,200.1089839217433
154.04618328005427,198.78181204101648
154.90591397849462,199.76176917983173
155.765644676935,199.5551277142637
156.62537537537537,199.32457104297208
157.48510607381576,183.29436798725885
158.34483677225614,204.56349912074708
159.2045674706965,198.47521622488938
160.0642981691369,204.42241312571971
160.92402886757725,197.99526767786875
161.78375956601764,197.35952770377622
162.64349026445802,196.92205015712392
163.5032209628984,196.4585309027707
164.36295166133877,195.9879059647699
165.22268235977913,187.95896956765284
166.08241305821952,195.1041016171901
166.9421437566599,202.75696349252752
167.8018744551003,197.1514808044914
168.66160515354065,194.08919120066082
169.521335851981,197.98529015978644
170.3810665504214,200.00188347912518
171.24079724886178,197.09194269799988
172.10052794730217,186.23935105007033
172.96025864574253,192.27380746581403
173.8199893441829,175.12238259937783
174.67972004262327,191.0638617852285
175.53945074106366,190.3046421817277
176.39918143950405,199.51681175974662
177.2589121379444,175.47323884545202
178.11864283638477,179.57394693499458
178.97837353482515,187.15253482560703
179.83810423326554,192.7030884900817
180.69783493170593,178.12140396662735
181.55756563014629,176.35321243253907
182.41729632858664,183.02569302109734
183.27702702702703,178.3119087164665
184.13675772546742,191.579165574511
184.9964884239078,202.21056047688387
185.85621912234816,192.54201067293207
186.71594982078852,187.17925460485108
187.5756805192289,185.00245336768683
188.4354112176693,183.909182066808
189.29514191610966,183.1546055147067
190.15487261455004,180.5568012642008
191.01460331299043,190.05387703541197
191.8743340114308,186.12560211152172
192.73406470987118,183.60811042631272
193.59379540831154,183.51420343723103
194.45352610675192,188.43832685132864
195.3132568051923,183.2393152687325
196.17298750363267,188.2391081062981
197.03271820207306,190.11401580448882
197.89244890051341,192.62280039929556
198.7521795989538,191.71051731108346
199.6119102973942,177.01756476539978
200.47164099583455,195.18174699983874
201.33137169427494,171.7431234887551
202.19110239271532,183.0312519750177
203.05083309115568,185.97378907580247
203.91056378959607,175.5461443681824
204.77029448803643,185.7960927150785
205.63002518647681,183.8590781726183
206.4897558849172,184.11962605738583
207.34948658335756,192.63606095479372
208.20921728179795,184.67370490470472
209.0689479802383,189.37865204928684
209.9286786786787,198.83248790627724
210.78840937711908,181.30657399310786
211.64814007555944,193.63683424897405
212.50787077399983,195.20283455224785
213.36760147244019,193.01320152603463
214.22733217088057,196.84518836572576
215.08706286932096,186.85579906831614
215.94679356776132,171.74577239725198
216.8065242662017,203.2001409541528
217.66625496464206,199.82263915952896
218.52598566308245,188.072875434726
219.38571636152284,190.88104764047523
220.2454470599632,179.8539484202183
221.10517775840358,189.22684822561274
221.96490845684394,189.67706178093422
222.82463915528433,187.82996991332436
223.68436985372472,194.4786244924996
224.54410055216508,185.15340974326566
225.40383125060546,191.8899149981069
226.26356194904582,183.69884160362074
227.1232926474862,202.86002724023976
227.9830233459266,193.88050111664734
228.84275404436696,204.48388415854873
229.70248474280734,193.1925043960755
230.5622154412477,204.98530974562775
231.4219461396881,181.86862919447924
232.28167683812848,197.1437166807866
233.14140753656883,198.9515854067834
234.00113823500922,200.1757868189939
234.8608689334496,200.14753788410513
235.72059963188997,197.54465993679037
236.58033033033036,199.39028793471695
237.4400610287707,193.67639301450217
238.2997917272111,208.5172456411122
239.1595224256515,210.3093295334016
240.01925312409185,198.81649885133157
240.87898382253223,196.12657453875113
241.7387145209726,195.98862551725622
242.59844521941298,202.84420455448048
243.45817591785337,210.39639449804747
244.31790661629373,198.35010306483554
245.1776373147341,200.17340324757876
246.03736801317447,195.89659884498707
246.89709871161486,191.34546622068711
247.75682941005525,202.809116016008
248.6165601084956,192.80561776267982
249.476290806936,194.89771875145226
250.33602150537635,189.2868869482132
251.19575220381674,199.7348629936877
252.05548290225713,198.7160690750467
252.91521360069748,210.90292311123287
253.77494429913787,199.73107045427133
254.63467499757823,199.7588314098989
255.49440569601862,215.98431642946682
256.35413639445903,199.84479146415083
257.21386709289936,184.85255565000148
258.07359779133975,199.95678064222855
258.93332848978014,200.0170780026384
259.79305918822047,200.0773328639283
260.6527898866609,196.94781252995614
261.51252058510124,200.18898204904627
262.37225128354163,203.00890889419443
263.231981981982,204.56400962928677
264.09171268042235,204.39012144969672
264.9514433788628,193.9689294337429
265.8111740773031,193.51772857080857
266.6709047757435,206.27065209009265
267.5306354741839,200.3347444341348
268.3903661726242,201.51773888063423
269.25009687106467,200.31976482402072
270.109827569505,200.30874131906944
270.9695582679454,200.3233645958862
271.8292889663858,200.28570223202345
272.6890196648261,190.04124921037476
273.54875036326655,215.24593849922164
274.4084810617069,190.629669511907
275.26821176014727,206.11225754715477
276.12794245858765,193.81796748658175
276.987673157028,197.64610819916044
277.84740385546843,215.09690528519107
278.70713455390876,193.69398113945562
279.56686525234915,200.36578291317622
280.42659595078953,205.9130006258135
281.28632664922986,195.09200045943751
282.1460573476703,199.28504209152084
283.00578804611064,196.86108831467
283.865518744551,199.8646886808103
284.7252494429914,207.30804638338878
285.58498014143174,200.61743171439483
286.4447108398722,191.27138840115006
287.3044415383125,205.2518539467847
288.1641722367529,188.1511078339623
289.0239029351933,192.1420915459446
289.8836336336336,196.34672365724165
290.74336433207407,193.15095620196342
291.6030950305144,205.2064013277355
292.4628257289548,200.81658343219274
293.32255642739517,181.07296711703214
294.1822871258355,208.9323380810837
295.04201782427594,200.80364821144914
295.9017485227163,205.5698578154418
296.76147922115666,196.82858639219415
297.62120991959705,210.57424432381006
298.4809406180374,200.67877008098574
299.3406713164778,200.63149323193022
300.20040201491815,190.5014059325485
301.06013271335854,214.17330854775025
301.91986341179893,200.46395864893267
302.77959411023926,201.5371891816
303.6393248086797,196.60182737428664
304.49905550712003,204.09389963725167
305.3587862055604,200.21056550318983
306.2185169040008,200.14196966780875
307.07824760244114,205.58079083700346
307.9379783008816,184.968871435473
308.7977089993219,191.96621344886944
309.6574396977623,199.91781850661584
310.5171703962027,204.53088444332383
311.376901094643,198.2451272193953
312.23663179308346,199.79349040338468
313.0963624915238,204.7643232897783
313.9560931899642,199.67403514161518
314.81582388840457,186.4536006215888
315.6755545868449,184.96602777873716
316.53528528528534,199.7413659184892
317.39501598372567,212.41345135496482
318.2547466821661,184.89444549597258
319.11447738060644,199.8291878424974
319.9742080790468,199.87507796017675
320.8339387774872,204.57478430191287
321.69366947592755,199.98428173739737
322.553400174368,200.0450951727209
323.4131308728083,200.10838282304138
324.27286157124865,191.42757513335232
325.1325922696891,209.21406512005197
325.99232296812943,200.3005899428964
326.8520536665699,200.3612733321164
327.7117843650102,200.41818037578912
328.57151506345053,200.47006096180561
329.431245761891,200.51566497805723
330.2909764603313,204.49637693269372
331.15070715877175,202.01974312494133
332.0104378572121,212.32261620460343
332.8701685556524,200.6103131032365
333.72989925409286,211.65118747651783
334.5896299525332,203.4733313481938
335.44936065097363,210.2256691055608
336.30909134941396,192.27954907367368
337.1688220478543,184.08508496231838
338.02855274629474,210.9340474134109
338.88828344473507,200.24551426977976
339.7480141431755,200.11648845832164
340.60774484161584,208.5851326874627
341.46747554005617,207.88177778672883
342.3272062384966,208.0994289569231
343.18693693693695,205.460265025089
344.0466676353774,207.51984108595948
344.9063983338177,198.45308013516828
345.76612903225805,197.9583862622275
346.6258597306985,200.96636441967536
347.4855904291388,191.5020726181861
348.34532112757927,195.95312414637678
349.2050518260196,195.088939567062
350.06478252445993,194.1852970979153
350.9245132229004,203.6521067690552
351.7842439213407,192.51698874936122
352.64397461978115,191.9768123502233
353.5037053182215,191.0455082644785
354.3634360166618,188.39361240175708
355.22316671510225,189.7605055876167
356.0828974135426,189.18469903480286
356.942628111983,194.01568689902263
357.80235881042336,199.13533392895215
358.6620895088637,197.6442990188616
359.52182020730413,170.57879517771383
360.38155090574446,186.90998065892268
361.2412816041849,187.9290703727115
362.10101230262524,186.22641927234315
362.96074300106557,201.397171820624
363.820473699506,186.63308362716683
364.68020439794634,168.91475033335536
365.5399350963868,185.07871943123678
366.3996657948271,180.35199397813406
367.25939649326745,184.55646470815904
368.1191271917079,184.30581126075762
368.9788578901482,184.06582000660913
369.83858858858866,178.50816914648465
370.698319287029,183.62896469860033
371.5580499854693,179.3278021597578
372.41778068390977,175.87483548286548
373.2775113823501,191.46556616926466
374.13724208079054,173.0641283874197
374.9969727792309,182.91837566977185
375.8567034776712,189.84612261898576
376.71643417611165,167.30288185002934
377.576164874552,185.8780157625062
378.4358955729924,190.64378135276476
379.29562627143275,190.1342233576742
380.1553569698731,183.12681284080537
381.0150876683135,183.26810505812452
381.87481836675386,173.0072273152205
382.7345490651943,170.8362414792809
383.59427976363463,196.8772466962976
384.45401046207496,183.99116607544303
385.3137411605154,184.59779120702416
386.17347185895574,187.48295198465178
387.0332025573962,184.60542834715133
387.8929332558365,184.81639486208275
388.75266395427684,185.02929286061686
389.6123946527173,178.15721140733856
390.4721253511576,180.18295896848494
391.33185604959806,189.2279018572734
392.1915867480384,194.48782906648185
393.0513174464787,180.5070031676584
393.91104814491916,180.47952038250793
394.7707788433595,201.0266839143813
395.63050954179994,179.53293797502823
396.49024024024027,179.39475856083607
397.3499709386806,185.2004114592948
398.20970163712104,187.29819538650304
399.0694323355614,196.47471450761586
399.9291630340018,187.67343645413385
400.78889373244215,189.78167768998358
401.6486244308825,193.7943894571756
402.5083551293229,183.16413629560645
403.36808582776325,195.86118532914628
404.2278165262037,189.36146659726623
405.087547224644,189.0123578061618
405.94727792308447,180.69539276231447
406.8070086215248,182.32506140021115
407.66673931996513,189.96073850223365
408.5264700184056,184.46185867177556
409.3862007168459,190.75518344081016
410.24593141528635,177.0973282814506
411.1056621137267,178.67923766817975
411.965392812167,192.25333996756095
412.82512351060745,209.37411137285775
413.6848542090478,206.22597906600265
414.54458490748823,192.8428766374421
415.40431560592856,189.36795061362528
416.2640463043689,202.75738958732555
417.12377700280933,196.00781147530913
417.98350770124966,206.3447337678854
418.8432383996901,186.5105585674743
419.70296909813044,184.6722732116339
420.56269979657077,184.44382902771414
421.4224304950112,198.72085903757326
422.28216119345154,194.80723916965124
423.141891891892,196.0014267266585
424.0016225903323,199.78220276340292
424.86135328877265,200.04991761960125
425.7210839872131,200.28013107156397
426.5808146856534,193.53351023672312
427.44054538409387,200.64133005551088
428.3002760825342,194.31506667477433
429.1600067809745,215.05103804711882
430.01973747941497,214.67770323547302
430.8794681778553,201.05665282403055
431.73919887629575,208.35412688530442
432.5989295747361,184.875305886199
433.4586602731764,201.18537769837232
434.31839097161685,201.20693137159773
435.1781216700572,196.47125866298654
436.0378523684976,201.23311479128682
436.89758306693795,192.4829219446794
437.7573137653783,209.27626452401458
438.61704446381873,199.66502745530275
439.47677516225906,199.84558531840054
440.3365058606995,201.31735710551115
441.19623655913983,201.3572000480495
442.05596725758016,196.5147031816449
442.9156979560206,199.8118836497309
443.77542865446094,212.43694908454023
444.6351593529014,201.59563412117058
445.4948900513417,213.8897099766384
446.35462074978204,201.73256162984512
447.2143514482225,196.440875775228
448.0740821466628,205.21635431777597
448.93381284510326,199.54396952414834
449.7935435435436,203.48088153167998
450.6532742419839,213.87484808705855
451.51300494042437,202.01021188387446
452.3727356388647,211.768547867739
453.23246633730514,202.0017250555387
454.09219703574547,201.9689759314099
454.9519277341858,198.67512122998556
455.81165843262625,189.1914449278952
456.6713891310666,204.89559729457568
457.531119829507,203.09154239867638
458.39085052794735,199.38040646032883
459.2505812263877,194.88994641921434
460.1103119248281,209.75939132867657
460.97004262326845,201.0107726318464
461.8297733217089,213.52493741191017
462.68950402014923,200.71126491612756
463.54923471858956,197.78425756035787
464.40896541703,200.46155485624672
465.26869611547033,200.36700616288192
466.1284268139108,200.2988655422403
466.9881575123511,200.26175088860185
467.84788821079144,201.7304174175694
468.7076189092319,209.3283321930002
469.5673496076722,206.91550902229167
470.42708030611266,200.40993077252153
471.286811004553,191.41706956340153
472.1465417029933,200.61468126179415
473.00627240143376,191.06399036328196
473.8660030998741,205.78258804063842
474.72573379831454,201.00725683916673
475.58546449675487,201.14705739598298
476.4451951951952,201.28556038752103
477.30492589363564,201.41930466530633
478.16465659207597,201.54482908086422
479.0243872905164,195.15431577777665
479.88411798895675,196.9142352324987
480.7438486873971,204.82185448007942
481.6035793858375,189.96303336269332
482.46331008427785,201.9280130286347
483.3230407827183,201.93153415286307
484.1827714811586,189.2656616256359
485.04250217959896,201.8377822264543
485.9022328780394,190.75601921655831
486.76196357647973,205.6637638403086
487.6216942749202,199.4325305735999
488.4814249733605,201.2643920655752
489.34115567180083,205.5518766447239
490.2008863702413,199.5236048011856
491.0606170686816,211.46579365575766
491.92034776712205,200.46441259872967
492.7800784655624,200.27295605742532
493.6398091640027,200.0966329541408
494.49953986244316,199.94130234280473
495.3592705608835,199.81282327734573
496.21900125932393,204.33952106874113
497.07873195776426,199.65659472401794
497.9384626562046,199.62888334291256
498.79819335464504,213.2955616650533
499.65792405308537,203.34091342401575
500.5176547515258,205.51225244054817
501.37738544996614,205.68591525850502
502.23711614840647,199.86868968383968
503.0968468468469,195.7799984973489
503.95657754528725,196.57620704475337
504.8163082437277,197.02411222193365
505.676038942168,201.89251558583177
506.53576964060835,200.44497850010217
507.3955003390488,200.56531940814446
508.2552310374891,210.7195640295817
509.11496173592957,200.785415458291
509.9746924343699,189.1700414274178
510.83442313281023,200.82669178254582
511.6941538312507,201.01596591105178
512.553884529691,183.46909548248965
513.4136152281314,220.48891508985608
514.2733459265718,218.25091092192105
515.1330766250121,208.01050221047637
515.9928073234526,206.54763582075213
516.8525380218929,199.3210306036934
517.7122687203333,190.6831057907002
518.5719994187737,200.4347088276449
519.431730117214,200.18198594592505
520.2914608156544,199.87944110413264
521.1511915140948,199.52611671584242
522.0109222125352,198.01734246331682
522.8706529109755,197.2228117460721
523.7303836094159,198.15311260225323
524.5901143078563,197.58831635824004
525.4498450062966,196.96856373286312
526.3095757047371,178.06358977812584
527.1693064031774,195.56084787012526
528.0290371016177,209.81184544570976
528.8887678000582,193.95633330384933
529.7484984984985,196.5778362025087
530.608229196939,186.71726977803908
531.4679598953793,200.58870960110013
532.3276905938197,198.30888174042843
533.1874212922601,190.28684041196004
534.0471519907004,191.4740002144326
534.9068826891408,185.82957628852984
535.7666133875812,203.88578869437865
536.6263440860216,179.11494155873714
537.486074784462,187.44920068825317
538.3458054829023,188.7276357154892
539.2055361813427,188.63315096993895
540.065266879783,188.5360270735859
540.9249975782235,186.88222285100267
541.7847282766638,188.15725971141202
542.6444589751042,195.6974728504343
543.5041896735446,195.71748198525262
544.3639203719849,187.42610256771673
545.2236510704254,188.26217796173825
546.0833817688657,189.02248020888652
546.943112467306,193.28751099262328
547.8028431657465,178.04935294091834
548.6625738641868,174.17835539616203
549.5223045626273,167.2567477262019
550.3820352610676,184.746609401532
551.2417659595079,173.6097114949752
552.1014966579484,184.27373192181605
552.9612273563887,172.7464375300633
553.8209580548291,184.04085726707606
554.6806887532695,178.78605291334355
555.5404194517098,181.0443128539793
556.4001501501502,183.94732613635793
557.2598808485906,176.59800681025865
558.119611547031,195.3193085342087
558.9793422454713,193.8570907163475
559.8390729439117,191.96914477020323
560.6988036423521,174.7704939504092
561.5585343407924,183.71950799114362
562.4182650392329,178.4600886870515
563.2779957376732,200.06436057846182
564.1377264361136,191.3868278120333
564.997457134554,194.28047555984708
565.8571878329943,181.29611552639
566.7169185314348,174.01719073978018
567.5766492298751,184.93972418559406
568.4363799283154,195.6087948325624
569.2961106267559,176.18724874343803
570.1558413251962,180.4784983755029
571.0155720236367,181.72149559597648
571.875302722077,184.9206228062652
572.7350334205174,181.54489559536853
573.5947641189578,191.8161796867711
574.4544948173981,188.08509931753485
575.3142255158385,188.3100812614442
576.1739562142789,186.93133983456434
577.0336869127193,188.62049828075692
577.8934176111596,197.98396756139243
578.7531483096,191.583007362464
579.6128790080404,177.30105508971195
580.4726097064807,177.69401551126563
581.3323404049212,189.57650956035
582.1920711033615,184.62052290044107
583.0518018018018,170.91539257018533
583.9115325002423,187.42017625675027
584.7712631986826,182.525346966251
585.6309938971231,192.28449474301064
586.4907245955634,210.53198140229702
587.3504552940037,193.6549418337442
588.2101859924442,194.33329799978267
589.0699166908845,194.99049997746033
589.9296473893249,195.62019529310828
590.7893780877653,203.92878873673297
591.6491087862056,204.1734278396114
592.508839484646,197.28196348139997
593.3685701830864,197.73935436245517
594.2283008815268,185.25270442979703
595.0880315799672,185.4979116244582
595.9477622784075,204.52907914332445
596.8074929768479,209.991869045441
597.6672236752883,199.07037059389606
598.5269543737287,213.15811611785384
599.386685072169,194.39134997630325
600.2464157706094,199.37969969930126
601.1061464690498,189.07197340956245
601.9658771674901,199.56301180823306
602.8256078659306,199.64948229967442
603.6853385643709,190.69562534923614
604.5450692628112,199.8123216621337
605.4047999612517,213.3337866577994
606.264530659692,210.00038623198813
607.1242613581325,200.0321351716401
607.9839920565728,191.67282992206628
608.8437227550131,188.40608490039668
609.7034534534536,201.71295267418324
610.5631841518939,194.93969218851723
611.4229148503343,190.18223906475566
612.2826455487747,200.3890944789785
613.142376247215,193.77317970817623
614.0021069456554,200.4851678776346
614.8618376440958,200.52915093756485
615.7215683425362,186.5402260828443
616.5812990409765,200.60927928425522
617.4410297394169,207.93844422188195
618.3007604378573,200.6793166075526
619.1604911362977,200.71068588824158
620.0202218347381,184.09369903316235
620.8799525331784,204.26047909632356
621.7396832316188,204.3977712543807
622.5994139300592,198.5937435565627
623.4591446284995,197.897376055685
624.31887532694,193.61423097568886
625.1786060253803,200.8667520577816
626.0383367238207,191.29195278749447
626.8980674222611,200.8916773211068
627.7577981207014,200.9008975553754
628.6175288191419,213.79762473704903
629.4772595175822,207.67095814598852
630.3369902160226,201.1091049966874
631.196720914463,200.91626181031432
632.0564516129033,200.91474498219193
632.9161823113437,200.9110935087975
633.7759130097841,200.96181811815907
634.6356437082245,197.1534310630593
635.4953744066648,218.88708733687045
636.3551051051052,188.2149711698514
637.2148358035456,201.336617777989
638.0745665019859,200.84459543889588
638.9342972004264,200.82612060918643
639.7940278988667,198.82273756810315
640.653758597307,206.61973240594287
641.5134892957475,212.33512728369448
642.3732199941878,203.62146865053307
643.2329506926283,199.53681892302
644.0926813910686,200.6756251416587
644.9524120895089,215.02156748162471
645.8121427879494,199.90711537535222
646.6718734863897,200.58520253000356
647.5316041848301,208.60101820744615
648.3913348832705,207.3686544434984
649.2510655817108,195.14904999934038
650.1107962801512,200.4650392706987
650.9705269785916,207.9415712371598
651.830257677032,200.40993482075962
652.6899883754724,200.38456132375413
653.5497190739127,200.36099628654785
654.4094497723531,186.12342951899052
655.2691804707935,200.32035951500242
656.1289111692339,200.50652747397825
656.9886418676742,218.56366501573305
657.8483725661146,200.27964232786223
658.708103264555,200.27253464766576
659.5678339629953,194.62440885138028
660.4275646614358,200.26961778330545
661.2872953598761,200.27419046429694
662.1470260583164,209.1915711291137
663.0067567567569,191.93164375955655
663.8664874551972,199.27720398534854
664.7262181536377,192.99819786022587
665.585948852078,193.14572005854083
666.4456795505183,200.37079128600988
667.3054102489588,200.39554679415036
668.1651409473991,189.14305318275484
669.0248716458395,210.59953046171626
669.8846023442799,205.7072310360291
670.7443330427202,215.05156177309576
671.6040637411606,217.44469947048862
672.463794439601,196.98023676503692
673.3235251380414,200.5978691338286
674.1832558364817,193.714863025238
675.0429865349221,191.69024350597053
675.9027172333625,195.69886469315117
676.7624479318029,205.61671686897185
677.6221786302433,203.4315192252633
678.4819093286836,201.5561468034993
679.341640027124,200.7756083679484
680.2013707255644,200.79283843561186
681.0611014240047,200.80711373251626
681.9208321224452,195.36907501346934
682.7805628208855,182.96133848916875
683.6402935193258,200.83025509674215
684.5000242177663,200.83085124185445
685.3597549162066,200.82761076112922
686.219485614647,210.36321471990837
687.0792163130874,209.91658746097127
687.9389470115277,190.72270634537176
688.7986777099682,200.7729489275823
689.6584084084085,199.66504047912457
690.5181391068489,183.94826729585515
691.3778698052893,210.38186194105856
692.2376005037296,200.64356647155046
693.09733120217,201.46471551120555
693.9570619006104,202.3312268453957
694.8167925990508,189.23106796548413
695.6765232974911,200.4287957057651
696.5362539959315,200.36051097131806
697.3959846943719,210.85542917906713
698.2557153928122,200.20504277549563
699.1154460912527,200.11536592478032
699.975176789693,184.60922076254343
700.8349074881334,195.67121304700103
701.6946381865738,199.76526322748373
702.5543688850141,202.45084027752105
703.4140995834546,202.76221487564482
704.2738302818949,199.2324046886019
705.1335609803352,199.00058440554244
705.9932916787757,198.73681075141306
706.853022377216,198.4381719346013
707.7127530756565,198.10175616349485
708.5724837740968,197.72465164648153
709.4322144725371,197.30394659194877
710.2919451709776,196.83672920828428
711.1516758694179,206.1892334550164
712.0114065678583,190.3608241291155
712.8711372662987,197.91742286605174
713.730867964739,196.7208253123373
714.5905986631794,183.81726369540038
715.4503293616198,206.73106060371657
716.3100600600602,199.3627900251642
717.1697907585005,188.70120266929305
718.0295214569409,193.76697635081635
718.8892521553813,184.66049884944835
719.7489828538216,182.46490846316033
720.6087135522621,198.25897399684644
721.4684442507024,190.9841080953511
722.3281749491427,187.0811787784166
723.1879056475832,186.60449464217552
724.0476363460235,186.19202680324292
724.907367044464,185.8390709900434
725.7670977429043,198.86672118848398
726.6268284413446,184.40643496453816
727.4865591397851,175.6173210502823
728.3462898382254,184.92828256307203
729.2060205366658,178.9798674337864
730.0657512351062,184.70764944302903
730.9254819335465,192.2969489046344
731.785212631987,184.59334482181214
732.6449433304273,190.66396071922844
733.5046740288677,168.40285519245225
734.364404727308,196.02349911406304
735.2241354257484,184.53318438544883
736.0838661241888,188.63822313139931
736.9435968226292,176.90646008110426
737.8033275210696,174.65388268262228
738.6630582195099,170.33809658119486
739.5227889179503,178.2340759131342
740.3825196163907,176.3226251564833
741.242250314831,187.11010428814154
742.1019810132715,190.78540289169146
742.9617117117118,176.45535456360622
743.8214424101521,183.83364556000043
744.6811731085926,172.1382660157945
745.5409038070329,197.14686437280062
746.4006345054734,176.39026261425687
747.2603652039137,183.9025128014784
748.120095902354,183.09639199409705
748.9798266007945,189.58016797243408
749.8395572992348,186.76079546478303
750.6992879976752,182.69673822528696
751.5590186961156,176.98129216814996
752.418749394556,182.490200671691
753.2784800929963,175.8854430551108
754.1382107914367,182.35516184242164
754.9979414898771,182.3207705450802
755.8576721883175,182.3122464322506
756.7174028867579,177.0824186368444
757.5771335851982,187.4627462431238
758.4368642836386,182.55849670058913
759.296594982079,180.81580405706637
760.1563256805193,182.83870714610558
761.0160563789598,183.09569636935228
761.8757870774001,183.41587824691672
762.7355177758404,193.90244111331666
763.5952484742809,184.2674661835574
764.4549791727212,193.62201280373057
765.3147098711617,185.4367633931448
766.174440569602,186.15408186189265
767.0341712680423,186.96706231279606
767.8939019664828,200.4937384297115
768.7536326649231,194.85520557402765
769.6133633633635,179.6373994004669
770.4730940618039,187.36313935043847
771.3328247602442,192.1039191609197
772.1925554586846,193.1906263302874
773.052286157125,198.71210473147931
773.9120168555654,212.98322118141627
774.7717475540057,196.15358337813498
775.6314782524461,206.20233129325854
776.4912089508865,193.18951229150665
777.3509396493268,204.75060921604626
778.2106703477673,188.70859969324647
779.0704010462076,195.53668751562486
779.930131744648,207.1275323782592
780.7898624430884,199.94368400430236
781.6495931415287,212.41998316613228
782.5093238399692,200.4592159212474
783.3690545384095,200.6545813857356
784.2287852368498,200.8124375903037
785.0885159352903,193.60269042430167
785.9482466337306,201.02789542788838
786.807977332171,201.09163366500925
787.6677080306114,185.74821202451454
788.5274387290517,198.56273114263223
789.3871694274922,217.91207572458399
790.2469001259325,199.79883879853938
791.1066308243729,198.20556180423335
791.9663615228133,201.05149657361846
792.8260922212536,201.00301679185404
793.685822919694,205.51033602041778
794.5455536181344,188.94991286910053
795.4052843165748,194.82745371344404
796.2650150150151,189.65009456543729
797.1247457134555,200.76519044044068
797.9844764118959,192.0128347224297
798.8442071103362,200.71526871555318
799.7039378087767,210.39960603876347
800.563668507217,212.1752752237123
801.4233992056573,191.45849312190214
802.2831299040978,212.03777582789814
803.1428606025381,200.85100633811587
804.0025913009786,195.22390039993445
804.8623219994189,195.14934525222856
805.7220526978592,193.43984817208946
806.5817833962997,219.33366093254372
807.44151409474,208.82340058934662
808.3012447931804,200.77820416041325
809.1609754916208,208.31628299345434
810.0207061900611,202.54363442913075
810.8804368885015,210.59597812459148
811.7401675869419,200.82533972767018
812.5998982853823,200.83401503164254
813.4596289838227,206.80429842300802
814.319359682263,196.1005011011357
815.1790903807034,205.19514063195624
816.0388210791438,200.867570254694
816.8985517775842,196.24154003442203
817.7582824760245,200.96495782739376
818.6180131744649,200.90250630149697
819.4777438729053,200.9181026126235
820.3374745713456,214.95598445795252
821.1972052697861,201.59143091073153
822.0569359682264,200.98223089357643
822.9166666666667,211.36886419201556
823.7763973651072,195.98166132878862
824.6361280635475,195.588875178208
825.495858761988,205.5736332668265
826.3555894604283,200.08459411885806
827.2153201588686,205.16586263628747
828.0750508573091,209.32365967079804
828.9347815557494,201.34935592932186
829.7945122541898,201.42173065958923
830.6542429526302,190.11970953870033
831.5139736510705,184.15532100550573
832.373704349511,209.94770693783758
833.2334350479513,200.98852951823704
834.0931657463917,201.61389420849608
834.952896444832,201.9255987574871
835.8126271432724,198.9092811008379
836.6723578417128,187.06816776210792
837.5320885401532,198.98935425266845
838.3918192385936,191.8623611723853
839.2515499370339,199.28461097855083
840.1112806354743,202.36894097283286
840.9710113339147,202.4194591344007
841.830742032355,198.5386554214944
842.6904727307955,202.49008479240186
843.5502034292358,196.97387914995085
844.4099341276761,192.8199426971938
845.2696648261166,206.2435783748958
846.1293955245569,202.47740837675312
846.9891262229974,210.9399738963542
847.8488569214377,202.3756579980045
848.708587619878,202.29771960653767
849.5683183183185,195.76847333683793
850.4280490167588,192.2267784894724
851.2877797151992,220.84482978803732
852.1475104136396,201.85544854909952
853.0072411120799,193.03037161490445
853.8669718105203,192.9372716117159
854.7267025089607,195.0890845051311
855.5864332074011,201.3391856805231
856.4461639058414,211.73184471781397
857.3058946042818,205.91380976221208
858.1656253027222,214.05369954741687
859.0253560011625,204.3115104439181
859.885086699603,200.8636920916192
860.7448173980433,214.56668785549667
861.6045480964837,192.91124182631157
862.4642787949241,200.80343147872964
863.3240094933644,188.07834682859325
864.1837401918049,200.87996624263974
865.0434708902452,200.94147950279412
865.9032015886855,201.01177492265293
866.762932287126,204.3323172997962
867.6226629855663,201.15856696419772
868.4823936840068,201.22499094724088
869.3421243824471,201.28005181270245
870.2018550808874,195.06520479908409
871.0615857793279,205.7827531547469
871.9213164777682,201.32669251038405
872.7810471762086,212.01606432346435
873.640777874649,211.41219888978142
874.5005085730893,197.21253266403068
875.3602392715297,201.02991913999222
876.2199699699701,200.91547411358383
877.0797006684105,214.78610314172806
877.9394313668508,198.3694066780277
878.7991620652913,200.56122171349926
879.6588927637316,212.3160784139328
880.518623462172,200.3967445218712
881.3783541606124,192.4014318642716
882.2380848590527,200.2633344023975
883.0978155574932,197.19117880146393
883.9575462559335,200.27029706034077
884.8172769543738,200.31142758335196
885.6770076528143,213.02161965872452
886.5367383512546,209.3571686287591
887.396469049695,186.125213664154
888.2561997481354,208.50285705194744
889.1159304465757,200.76859825658934
889.9756611450161,207.17955369079198
890.8353918434565,184.1573887064303
891.6951225418969,191.77944839316802
892.5548532403373,182.17044553474673
893.4145839387776,192.13182329838435
894.274314637218,201.4593362086204
895.1340453356584,207.86944568263297
895.9937760340988,209.43213859806468
896.8535067325391,213.3595333673542
897.7132374309795,187.867685122281
898.5729681294199,201.82603080183264
899.4326988278602,195.5061876056043
900.2924295263007,199.74130935712333
901.152160224741,213.7996192056083
902.0118909231813,201.95927518194753
902.8716216216218,201.9709556482496
903.7313523200621,214.10614184026173
904.5910830185026,201.96886974927145
905.4508137169429,197.33475316514367
906.3105444153832,209.2827782070715
907.1702751138237,206.0113723564691
908.030005812264,201.86495031654286
908.8897365107044,210.42973195408953
909.7494672091448,204.759024629721
910.6091979075851,201.7020262145731
911.4689286060255,201.63191916422778
912.3286593044659,196.4650330536381
913.1883900029063,213.0767521683505
914.0481207013466,201.37522080990465
914.907851399787,201.27443844445804
915.7675820982274,195.48279890405627
916.6273127966678,201.05048641931887
917.4870434951082,199.18919089979312
918.3467741935485,193.49058090013858
