59.4758064516129,201.3250976665611
60.33553715005327,201.29264307671758
61.19526784849365,200.32886569771938
62.05499854693402,196.586254523256
62.9147292453744,201.17596411217005
63.774459943814776,206.1766657486726
64.63419064225515,202.1969114163322
65.49392134069552,201.03744998280732
66.35365203913591,197.62461597322
67.21338273757628,198.07441146890946
68.07311343601665,187.83729142570235
68.93284413445703,205.02242855967006
69.7925748328974,197.7612293858817
70.65230553133779,194.2938046545227
71.51203622977816,201.8307838257982
72.37176692821853,208.76267437245005
73.2314976266589,200.58266610495656
74.0912283250993,196.09714330133173
74.95095902353967,193.9842171658555
75.81068972198004,215.04627992864854
76.67042042042041,206.19773387592736
77.5301511188608,200.37198502449243
78.38988181730117,200.338545110717
79.24961251574155,200.30879703412631
80.10934321418192,200.28308068175414
80.96907391262229,200.26172965732573
81.82880461106268,201.09811208025894
82.68853530950305,202.23419168277744
83.54826600794343,217.32218835810292
84.4079967063838,199.34545913860717
85.26772740482417,207.0980236859578
86.12745810326456,190.97058108180053
86.98718880170493,192.12258707384993
87.8469195001453,210.3783546506902
88.70665019858568,198.7407285787337
89.56638089702605,197.2048849943247
90.42611159546644,183.022554480168
91.28584229390681,190.61839974758885
92.14557299234718,210.97272936080213
93.00530369078756,192.3619791207377
93.86503438922793,200.27012539673612
94.72476508766832,200.9175867573294
95.58449578610869,211.940796194701
96.44422648454906,209.2892413141198
97.30395718298945,196.11478120563515
98.16368788142981,200.29120987846014
99.0234185798702,191.68251093737692
99.88314927831057,192.7391760179062
100.74287997675094,220.1731841858237
101.60261067519133,210.37816258958816
102.46234137363169,209.0624860138409
103.32207207207207,203.71170404813464
104.18180277051245,199.4040443300217
105.04153346895282,202.62531995400943
105.90126416739321,200.2799773605453
106.76099486583357,205.26863162308405
107.62072556427395,202.368934996728
108.48045626271433,200.26534740577318
109.3401869611547,194.56902780855103
110.19991765959509,203.5060475644139
111.05964835803545,181.53090531838376
111.91937905647583,204.30042929177912
112.7791097549162,201.8258314921738
113.63884045335658,197.95157420308635
114.49857115179697,206.82184903837808
115.35830185023732,205.0431677149113
116.21803254867771,197.9977887690032
117.07776324711809,200.2274064336569
117.93749394555846,200.2296622001252
118.79722464399885,182.2413897369127
119.65695534243922,200.24012280635523
120.51668604087959,197.95131397249042
121.37641673931996,200.25987404756623
122.23614743776034,193.75270623288927
123.09587813620072,216.46921519576512
123.9556088346411,204.09072476046518
124.81533953308147,205.2652288237401
125.67507023152184,204.44818471078943
126.53480092996222,201.06498626749737
127.3945316284026,211.77151314539032
128.254262326843,203.9926186620714
129.11399302528335,211.3754720316039
129.9737237237237,213.14576975002578
130.8334544221641,192.3402904441988
131.69318512060448,209.59385896530455
132.55291581904487,208.1677892612992
133.41264651748523,189.37503437961746
134.2723772159256,206.86670036565465
135.13210791436597,190.0354721382389
135.99183861280636,210.27443579269513
136.85156931124675,197.38167723070444
137.7113000096871,193.58008368633713
138.57103070812747,213.4700795338092
139.43076140656785,209.72405083507257
140.29049210500824,190.79935106581428
141.15022280344863,200.84100657374577
142.009953501889,211.938625058479
142.86968420032935,205.05402575303646
143.72941489876973,200.85774101165097
144.58914559721012,193.45232412109263
145.4488762956505,191.13880875080665
146.30860699409087,200.90559604746798
147.16833769253125,202.72306754427802
148.0280683909716,202.78445561319265
148.887799089412,193.6094995588749
149.7475297878524,200.57740660643998
150.60726048629274,204.1364163302527
151.46699118473313,197.0339576198934
152.3267218831735,195.54852429627155
153.18645258161388,200.1089839217433
154.04618328005427,194.74142119933603
154.90591397849462,199.76176917983173
155.765644676935,194.2641960411611
156.62537537537537,212.8419966888816
157.48510607381576,197.25049666778222
158.34483677225614,200.42345824566877
159.2045674706965,194.14446786569872
160.0642981691369,202.5184835385573
160.92402886757725,191.98462781347516
161.78375956601764,181.30992694604996
162.64349026445802,196.92205015712392
163.5032209628984,188.5165626942738
164.36295166133877,187.16614974409762
165.22268235977913,195.52986598796275
166.08241305821952,205.18907106875398
166.9421437566599,189.24491580867365
167.8018744551003,194.39593318243462
168.66160515354065,181.11511950866202
169.521335851981,179.18935940671724
170.3810665504214,180.0590219680365
171.24079724886178,189.37158763012792
172.10052794730217,186.14560525641957
172.96025864574253,182.6071893512826
173.8199893441829,188.41141094314733
174.67972004262327,191.0638617852285
175.53945074106366,191.86101599035987
176.39918143950405,191.68778182576176
177.2589121379444,175.65981038141857
178.11864283638477,199.6996079659223
178.97837353482515,191.83325294996257
179.83810423326554,172.883240087015
180.69783493170593,178.5291002166093
181.55756563014629,190.50596401953402
182.41729632858664,193.0126965901424
183.27702702702703,184.8446525152953
184.13675772546742,184.58559257902633
184.9964884239078,183.9895792333295
185.85621912234816,184.2127247290323
186.71594982078852,187.68045124263563
187.5756805192289,172.03922431899062
188.4354112176693,186.42750483999802
189.29514191610966,194.05758327164253
190.15487261455004,180.57866575498753
191.01460331299043,195.41195784084172
191.8743340114308,194.7981027722054
192.73406470987118,174.97251091448004
193.59379540831154,183.51420343723103
194.45352610675192,176.14194520847752
195.3132568051923,167.16633730725135
196.17298750363267,192.177079540165
197.03271820207306,187.39563522396452
197.89244890051341,178.24703338814092
198.7521795989538,182.76122077856112
199.6119102973942,199.50694702666107
200.47164099583455,199.1311238439814
201.33137169427494,168.577411517356
202.19110239271532,182.2881993884216
203.05083309115568,193.75939024643804
203.91056378959607,181.48836276012932
204.77029448803643,183.6154916041895
205.63002518647681,180.53655727598724
206.4897558849172,194.17686306617188
207.34948658335756,190.18422275317081
208.20921728179795,187.2037614304557
209.0689479802383,198.67253507004403
209.9286786786787,182.51050434365115
210.78840937711908,179.65733354597302
211.64814007555944,180.4435171599557
212.50787077399983,174.38628019648976
213.36760147244019,186.3188533666024
214.22733217088057,194.30234451779168
215.08706286932096,192.10588579936385
215.94679356776132,174.84414772499957
216.8065242662017,199.8599327064835
217.66625496464206,181.73098408612665
218.52598566308245,177.2945310717725
219.38571636152284,195.04715754972722
220.2454470599632,172.59688756189897
221.10517775840358,183.63561550746348
221.96490845684394,189.67706178093422
222.82463915528433,190.16618446217973
223.68436985372472,200.6213723671061
224.54410055216508,197.28562638746294
225.40383125060546,187.7424248983542
226.26356194904582,188.67800711597476
227.1232926474862,207.36558205684
227.9830233459266,190.76720351295464
228.84275404436696,205.6811794732399
229.70248474280734,184.66682596107
230.5622154412477,201.17500812270444
231.4219461396881,191.46002394911187
232.28167683812848,198.51216390904375
233.14140753656883,197.42777944034745
234.00113823500922,193.27724924125852
234.8608689334496,201.3575718961317
235.72059963188997,199.065274173307
236.58033033033036,199.39028793471695
237.4400610287707,191.8485295818896
238.2997917272111,214.03538794208856
239.1595224256515,185.0396654569114
240.01925312409185,197.30855368073105
240.87898382253223,191.1377801013268
241.7387145209726,190.12964625221645
242.59844521941298,209.02579189172548
243.45817591785337,191.73350404265227
244.31790661629373,189.60364029551894
245.1776373147341,200.17340324757876
246.03736801317447,207.7096034343141
246.89709871161486,200.0367874853752
247.75682941005525,199.20792568635193
248.6165601084956,210.0109792778648
249.476290806936,191.04321818366458
250.33602150537635,190.98072361184072
251.19575220381674,190.02282433285922
252.05548290225713,199.9973164543105
252.91521360069748,207.64739507929406
253.77494429913787,185.767836270896
254.63467499757823,194.13425343365975
255.49440569601862,199.79746616653395
256.35413639445903,207.39467466264338
257.21386709289936,185.92853529720605
258.07359779133975,213.18505949756997
258.93332848978014,198.32623209196257
259.79305918822047,191.4282326658116
260.6527898866609,200.13536196607274
261.51252058510124,209.83706100987956
262.37225128354163,185.78377237840402
263.231981981982,189.89690837652046
264.09171268042235,200.30241224839577
264.9514433788628,190.46759811663225
265.8111740773031,210.3225568952317
266.6709047757435,196.9748536826638
267.5306354741839,196.34807041990132
268.3903661726242,215.54808682792424
269.25009687106467,200.31976482402072
270.109827569505,206.81284624887968
270.9695582679454,214.60867490288138
271.8292889663858,208.5083146615278
272.6890196648261,190.88886946297868
273.54875036326655,200.26944080564658
274.4084810617069,198.47730500361945
275.26821176014727,208.759343141952
276.12794245858765,204.4146787326914
276.987673157028,205.37604046236396
277.84740385546843,200.92710665243473
278.70713455390876,200.33757578086076
279.56686525234915,200.36578291317622
280.42659595078953,204.35834120420765
281.28632664922986,182.05894805305465
282.1460573476703,202.90573060936669
283.00578804611064,197.33520932313738
283.865518744551,197.10668762063187
284.7252494429914,208.71671358572604
285.58498014143174,200.61743171439483
286.4447108398722,200.65345221362224
287.3044415383125,205.03748430831922
288.1641722367529,198.84251228091023
289.0239029351933,200.7475543361225
289.8836336336336,200.09217434229663
290.74336433207407,207.2875380687295
291.6030950305144,194.40733012507405
292.4628257289548,193.3484314891986
293.32255642739517,197.00148408613447
294.1822871258355,215.39978796004175
295.04201782427594,197.14518213932155
295.9017485227163,199.2524212085914
296.76147922115666,217.77741451586837
297.62120991959705,200.7204253177365
298.4809406180374,206.1112995588768
299.3406713164778,187.80658560620432
300.20040201491815,202.54604482949424
301.06013271335854,198.27691827460933
301.91986341179893,199.72556536883164
302.77959411023926,214.47555633914146
303.6393248086797,188.1148520534439
304.49905550712003,200.2747218519846
305.3587862055604,206.87533316288284
306.2185169040008,210.59502051350077
307.07824760244114,195.925787666066
307.9379783008816,212.94907427258255
308.7977089993219,209.06774653787124
309.6574396977623,199.91781850661584
310.5171703962027,198.3161896187899
311.376901094643,192.58949975141337
312.23663179308346,191.75089851106046
313.0963624915238,206.0375538582714
313.9560931899642,216.1327538577326
314.81582388840457,208.95536956109805
315.6755545868449,208.52342656416073
316.53528528528534,200.94725586428342
317.39501598372567,199.76108170954475
318.2547466821661,200.4299340861076
319.11447738060644,210.68660710002544
319.9742080790468,194.72360128372287
320.8339387774872,193.05315106165747
321.69366947592755,199.98552442508773
322.553400174368,188.46618356177535
323.4131308728083,203.98676065300373
324.27286157124865,193.70183970462125
325.1325922696891,205.77283898071042
325.99232296812943,200.3005899428964
326.8520536665699,211.9561511102129
327.7117843650102,200.41818037578912
328.57151506345053,190.82546022169012
329.431245761891,196.5146855711054
330.2909764603313,209.46316320681035
331.15070715877175,196.93955803763774
332.0104378572121,187.42092584438308
332.8701685556524,205.6554303736378
333.72989925409286,191.28598584451876
334.5896299525332,210.56754380356054
335.44936065097363,200.55413972125473
336.30909134941396,211.7643238355065
337.1688220478543,210.10796114453024
338.02855274629474,196.55795980253697
338.88828344473507,213.28846659000283
339.7480141431755,200.11648845832164
340.60774484161584,199.9574833591564
341.46747554005617,210.8793881356427
342.3272062384966,200.72083507516302
343.18693693693695,204.73602038366172
344.0466676353774,187.44788648083176
344.9063983338177,193.4585001818393
345.76612903225805,202.6628447336787
346.6258597306985,190.80699628968642
347.4855904291388,191.83936040384484
348.34532112757927,211.70542602343147
349.2050518260196,206.0198052873394
350.06478252445993,190.90889020735764
350.9245132229004,178.61146384832995
351.7842439213407,187.7489565547593
352.64397461978115,200.5441548083415
353.5037053182215,191.0455082644785
354.3634360166618,190.38034407852317
355.22316671510225,178.51405312218606
356.0828974135426,193.5231588572704
356.942628111983,192.00023763991408
357.80235881042336,188.16000671562765
358.6620895088637,189.0015155578621
359.52182020730413,202.45621015321106
360.38155090574446,183.74675052828843
361.2412816041849,192.8216977987895
362.10101230262524,180.19392281274799
362.96074300106557,185.92963420171418
363.820473699506,185.62637454257845
364.68020439794634,185.34794372450423
365.5399350963868,174.03913370687724
366.3996657948271,180.82511264600237
367.25939649326745,174.2077054363594
368.1191271917079,172.66549320681406
368.9788578901482,173.35223671962444
369.83858858858866,185.5837729679717
370.698319287029,171.53435833364554
371.5580499854693,190.3223940028775
372.41778068390977,185.737655670712
373.2775113823501,170.64226151049684
374.13724208079054,172.74897362346607
374.9969727792309,181.34520359466495
375.8567034776712,176.63925331077056
376.71643417611165,192.4789650132349
377.576164874552,181.79931908661183
378.4358955729924,181.8325097563302
379.29562627143275,167.23998179109634
380.1553569698731,196.19528558952328
381.0150876683135,185.225062070302
381.87481836675386,181.1549910043966
382.7345490651943,183.57807469627704
383.59427976363463,193.94394703631585
384.45401046207496,177.1172139120095
385.3137411605154,180.12463484938453
386.17347185895574,194.3427516783371
387.0332025573962,181.70308024470248
387.8929332558365,191.3562265606005
388.75266395427684,178.106414410364
389.6123946527173,185.31102381720027
390.4721253511576,180.98316560453887
391.33185604959806,191.65600416066175
392.1915867480384,178.20215667073995
393.0513174464787,186.09808580718217
393.91104814491916,201.57432652232887
394.7707788433595,192.3414653628641
395.63050954179994,191.71703516110742
396.49024024024027,183.01355320697715
397.3499709386806,204.65032351517516
398.20970163712104,186.85512626174153
399.0694323355614,192.75186135297315
399.9291630340018,176.7664110803235
400.78889373244215,202.37707033341377
401.6486244308825,177.90455022348195
402.5083551293229,177.8149295937694
403.36808582776325,201.03405490062238
404.2278165262037,188.74825919739015
405.087547224644,174.68105883561938
405.94727792308447,176.90014922892308
406.8070086215248,189.6153854169438
407.66673931996513,191.62414046652867
408.5264700184056,182.23189291656715
409.3862007168459,192.52392880786314
410.24593141528635,199.67174146844403
411.1056621137267,200.18779509831728
411.965392812167,187.52792061379927
412.82512351060745,201.8637283940517
413.6848542090478,202.19722399854822
414.54458490748823,186.17416813478565
415.40431560592856,181.85111612068758
416.2640463043689,194.2222253718634
417.12377700280933,185.99715485486252
417.98350770124966,187.27562241385485
418.8432383996901,190.17866523199964
419.70296909813044,197.7659180565346
420.56269979657077,198.26994783261145
421.4224304950112,192.48233102618124
422.28216119345154,192.75993866393875
423.141891891892,201.74740968784488
424.0016225903323,197.15128344675014
424.86135328877265,190.55616237211552
425.7210839872131,204.27944598281778
426.5808146856534,203.16995968260426
427.44054538409387,217.99357231772677
428.3002760825342,194.73029422412003
429.1600067809745,206.45245265599644
430.01973747941497,209.03247228795317
430.8794681778553,191.27180558704424
431.73919887629575,189.40146915680162
432.5989295747361,202.52142728691408
433.4586602731764,194.20502167508357
434.31839097161685,207.15860077867262
435.1781216700572,209.31571517860274
436.0378523684976,204.6710838276323
436.89758306693795,201.2427805379411
437.7573137653783,199.65862120801376
438.61704446381873,191.47239031158014
439.47677516225906,194.3504548176729
440.3365058606995,203.23455852114154
441.19623655913983,204.72525766931778
442.05596725758016,211.40801825154887
442.9156979560206,208.84728575461634
443.77542865446094,207.57266864774363
444.6351593529014,214.67858416803438
445.4948900513417,210.4165592568546
446.35462074978204,196.8828695547719
447.2143514482225,201.79801644427792
448.0740821466628,201.8586323243235
448.93381284510326,201.24782868114747
449.7935435435436,197.2667601837656
450.6532742419839,194.33258239060538
451.51300494042437,197.01972485929014
452.3727356388647,201.4414659869686
453.23246633730514,196.8389550783417
454.09219703574547,201.9689759314099
454.9519277341858,200.96044246797067
455.81165843262625,211.48315267038225
456.6713891310666,206.087485619456
457.531119829507,198.4744197801503
458.39085052794735,196.97387531077945
459.2505812263877,208.58842073294167
460.1103119248281,191.50941593877388
460.97004262326845,196.756093221196
461.8297733217089,200.8571205101345
462.68950402014923,205.8859511538941
463.54923471858956,192.62018286640185
464.40896541703,198.4624144694289
465.26869611547033,192.68986786351385
466.1284268139108,196.58792668639722
466.9881575123511,200.26175088860185
467.84788821079144,200.2574778515672
468.7076189092319,188.9744565947016
469.5673496076722,207.36409403380097
470.42708030611266,207.86153273991337
471.286811004553,204.90721483100467
472.1465417029933,187.49987480890042
473.00627240143376,192.67188940306718
473.8660030998741,190.44900974692501
474.72573379831454,190.3612873653256
475.58546449675487,210.1278656003216
476.4451951951952,192.43422258136877
477.30492589363564,193.69232827281851
478.16465659207597,200.53228633569887
479.0243872905164,207.0332084823498
479.88411798895675,198.7099032956672
480.7438486873971,201.83747166942862
481.6035793858375,205.4876070610959
482.46331008427785,207.26194762868437
483.3230407827183,201.93153415286307
484.1827714811586,210.2854670672374
485.04250217959896,206.72188364159672
485.9022328780394,207.82834405806653
486.76196357647973,190.63463579219777
487.6216942749202,202.2703682381889
488.4814249733605,188.94319963007845
489.34115567180083,214.5666100446058
490.2008863702413,207.6301193726399
491.0606170686816,201.29788235845794
491.92034776712205,197.96571213979578
492.7800784655624,191.1006707188112
493.6398091640027,189.06968595836938
494.49953986244316,190.84406229339976
495.3592705608835,202.84947238198498
496.21900125932393,203.65668689408832
497.07873195776426,192.39500745001803
497.9384626562046,199.62888334291256
498.79819335464504,200.33149889607085
499.65792405308537,185.56582726623392
500.5176547515258,199.70992895354192
501.37738544996614,208.22306317331373
502.23711614840647,210.05862801569404
503.0968468468469,215.96014668358777
503.95657754528725,199.84655945236588
504.8163082437277,202.23989013531724
505.676038942168,212.6379923563632
506.53576964060835,192.71038668663647
507.3955003390488,184.58515252332228
508.2552310374891,215.89517893084593
509.11496173592957,203.22273326870592
509.9746924343699,200.87875337271348
510.83442313281023,200.9566730615807
511.6941538312507,206.53416634075603
512.553884529691,195.0890249722572
513.4136152281314,207.12146874048818
514.2733459265718,190.86888474173014
515.1330766250121,186.58364901066912
515.9928073234526,191.0560639048777
516.8525380218929,200.85785846337748
517.7122687203333,201.14557635001694
518.5719994187737,188.68999565912029
519.431730117214,214.3253702405967
520.2914608156544,191.75283252491448
521.1511915140948,184.49062674487652
522.0109222125352,207.82404937261657
522.8706529109755,204.37795838831073
523.7303836094159,198.15311260225323
524.5901143078563,197.58831635824004
525.4498450062966,206.32166614463785
526.3095757047371,190.01122964004045
527.1693064031774,202.54933561628297
528.0290371016177,202.55537676254596
528.8887678000582,196.87470414337793
529.7484984984985,202.2590457455194
530.608229196939,187.14964351556912
531.4679598953793,187.48183910223352
532.3276905938197,188.83353989659008
533.1874212922601,172.85458667001762
534.0471519907004,182.76583762720193
534.9068826891408,194.91537846653642
535.7666133875812,171.70964578796261
536.6263440860216,177.28575020155438
537.486074784462,178.6906945916857
538.3458054829023,175.7044493217029
539.2055361813427,191.88784269504717
540.065266879783,188.36218629672024
540.9249975782235,185.84446882179404
541.7847282766638,184.0005129388363
542.6444589751042,176.94578984738712
543.5041896735446,197.6344615363605
544.3639203719849,188.1082377586307
545.2236510704254,190.5598851773679
546.0833817688657,170.8602615310805
546.943112467306,186.24282919955724
547.8028431657465,190.1874276663715
548.6625738641868,185.438172328907
549.5223045626273,185.07151803426848
550.3820352610676,178.78278163818112
551.2417659595079,190.97684475341623
552.1014966579484,186.0241516228251
552.9612273563887,172.73351761280057
553.8209580548291,167.23040240171028
554.6806887532695,187.86270963732278
555.5404194517098,183.96023265565844
556.4001501501502,193.70663295093436
557.2598808485906,178.92419171280562
558.119611547031,172.53606860594252
558.9793422454713,183.87669827281454
559.8390729439117,178.7423342915631
560.6988036423521,183.7623621669805
561.5585343407924,183.71950799114362
562.4182650392329,189.3171772029232
563.2779957376732,183.7412708856245
564.1377264361136,183.37387811757807
564.997457134554,184.0106025469954
565.8571878329943,189.56214286363954
566.7169185314348,198.4182695457945
567.5766492298751,174.35896322551187
568.4363799283154,185.34196124414467
569.2961106267559,181.07349650741887
570.1558413251962,197.04459685971852
571.0155720236367,194.36212163678582
571.875302722077,198.32303454102652
572.7350334205174,198.16113522139239
573.5947641189578,198.86936518109098
574.4544948173981,183.15088674941344
575.3142255158385,180.99476859036645
576.1739562142789,187.96222193146215
577.0336869127193,188.62049828075692
577.8934176111596,192.44791680161316
578.7531483096,188.88682552410836
579.6128790080404,201.51914056380988
580.4726097064807,207.35637805916144
581.3323404049212,199.98299487788523
582.1920711033615,198.45404332191634
583.0518018018018,190.45070198600158
583.9115325002423,191.00943952154344
584.7712631986826,191.6264395237753
585.6309938971231,187.98016295771478
586.4907245955634,184.10477644932112
587.3504552940037,199.58349366616446
588.2101859924442,190.9487705731243
589.0699166908845,194.99049997746033
589.9296473893249,200.34035048676617
590.7893780877653,195.48049194638327
591.6491087862056,180.9686032696728
592.508839484646,195.05013895642315
593.3685701830864,197.73935436245517
594.2283008815268,196.9109133108275
595.0880315799672,195.703722275368
595.9477622784075,193.47727445329707
596.8074929768479,198.92812326003244
597.6672236752883,193.36348884811895
598.5269543737287,199.18210175880034
599.386685072169,184.84244565986822
600.2464157706094,201.65227623753304
601.1061464690498,198.09842547349191
601.9658771674901,199.56301180823306
602.8256078659306,191.2186930117785
603.6853385643709,203.41929580888555
604.5450692628112,208.03429139331277
605.4047999612517,185.11493620104935
606.264530659692,207.13334570734105
607.1242613581325,196.01861220721804
607.9839920565728,182.31486087971794
608.8437227550131,206.16832059238104
609.7034534534536,200.2239076671294
610.5631841518939,193.90803064869746
611.4229148503343,208.53822196360568
612.2826455487747,186.67746036080223
613.142376247215,200.60433433428614
614.0021069456554,183.50963427136375
614.8618376440958,200.52915093756485
615.7215683425362,209.949335196821
616.5812990409765,203.20905197369177
617.4410297394169,193.6289758216447
618.3007604378573,202.82345178652443
619.1604911362977,201.8219105100189
620.0202218347381,193.1698642510437
620.8799525331784,193.49091940747505
621.7396832316188,200.79084301997088
622.5994139300592,200.81308833979318
623.4591446284995,196.36379487735965
624.31887532694,187.77597619863286
625.1786060253803,183.23963509468751
626.0383367238207,212.70578185150762
626.8980674222611,200.8916773211068
627.7577981207014,200.9008975553754
628.6175288191419,200.90796186569509
629.4772595175822,207.77094664183267
630.3369902160226,206.10174551018625
631.196720914463,200.91626181031432
632.0564516129033,200.91474498219193
632.9161823113437,209.32404859349484
633.7759130097841,200.90531164586622
634.6356437082245,200.85342289014733
635.4953744066648,208.7710481549434
636.3551051051052,211.12471828510206
637.2148358035456,190.9388071690583
638.0745665019859,202.81477748136462
638.9342972004264,200.82612060918643
639.7940278988667,206.13085072044382
640.653758597307,209.00617323062428
641.5134892957475,196.9296439171801
642.3732199941878,200.73204510650257
643.2329506926283,210.46687005663554
644.0926813910686,191.3635291707943
644.9524120895089,209.4420968262293
645.8121427879494,213.4144389736121
646.6718734863897,202.39204938291752
647.5316041848301,200.55458487241742
648.3913348832705,194.02599378466547
649.2510655817108,206.36487169026168
650.1107962801512,187.5915879696173
650.9705269785916,199.4918521422358
651.830257677032,200.47632694178648
652.6899883754724,188.48655672676733
653.5497190739127,201.37767361299424
654.4094497723531,208.49440194370385
655.2691804707935,204.20208469316538
656.1289111692339,208.82254437217128
656.9886418676742,200.29016035306208
657.8483725661146,193.1993729219788
658.708103264555,189.29073558634104
659.5678339629953,200.26910429333998
660.4275646614358,217.06463067661625
661.2872953598761,193.77686069182388
662.1470260583164,196.65640004192255
663.0067567567569,193.9637761808258
663.8664874551972,206.75704261309184
664.7262181536377,212.74775823223922
665.585948852078,208.3608024723988
666.4456795505183,200.37079128600988
667.3054102489588,194.6114769021309
668.1651409473991,203.1486710779958
669.0248716458395,210.84304425384747
669.8846023442799,203.2171015914288
670.7443330427202,192.11078614576755
671.6040637411606,209.0724772367249
672.463794439601,208.80295740732532
673.3235251380414,197.57262569964539
674.1832558364817,196.37864949858775
675.0429865349221,190.1763670012547
675.9027172333625,199.15022522559235
676.7624479318029,202.0652762005445
677.6221786302433,204.71309323362127
678.4819093286836,209.91053038927578
679.341640027124,195.0037050083602
680.2013707255644,194.12023211311538
681.0611014240047,208.57586892555597
681.9208321224452,190.8580104143848
682.7805628208855,193.8017982374726
683.6402935193258,197.1823839369459
684.5000242177663,198.91624193555992
685.3597549162066,200.82761076112922
686.219485614647,201.24810125444088
687.0792163130874,193.38790084040826
687.9389470115277,196.78732005984554
688.7986777099682,194.14907704229523
689.6584084084085,191.95557354050518
690.5181391068489,208.75515374157712
691.3778698052893,187.7383145865733
692.2376005037296,189.97532912397003
693.09733120217,203.0337098421617
693.9570619006104,196.61543057385933
694.8167925990508,200.24587506871987
695.6765232974911,203.0838977650942
696.5362539959315,211.58660068637732
697.3959846943719,208.09322618373338
698.2557153928122,204.9484936180167
699.1154460912527,195.00291809659188
699.975176789693,203.8608984744636
700.8349074881334,206.81301435551813
701.6946381865738,208.48383556883684
702.5543688850141,195.1891792690381
703.4140995834546,212.87777457712508
704.2738302818949,209.0745116393385
705.1335609803352,206.35122103986947
705.9932916787757,208.4337979608738
706.853022377216,183.82725018289364
707.7127530756565,209.67920451286196
708.5724837740968,198.74374260674148
709.4322144725371,187.55544698505284
710.2919451709776,188.12412388690748
711.1516758694179,196.20391443442642
712.0114065678583,193.37297157776987
712.8711372662987,189.8875937717281
713.730867964739,190.78935516456292
714.5905986631794,193.36656161890895
715.4503293616198,186.10869149081105
716.3100600600602,196.01218105744277
717.1697907585005,201.47958434141685
718.0295214569409,197.43635649029383
718.8892521553813,184.30154864422877
719.7489828538216,199.52918449486202
720.6087135522621,202.16848358201443
721.4684442507024,186.3774512889404
722.3281749491427,181.84245955388457
723.1879056475832,184.61095171235644
724.0476363460235,199.06453698843714
724.907367044464,188.21531086883854
725.7670977429043,170.24519064891797
726.6268284413446,193.6263594638712
727.4865591397851,194.3248078089744
728.3462898382254,181.63341738829632
729.2060205366658,191.14206406617143
730.0657512351062,198.82846278428997
730.9254819335465,175.61788075296036
731.785212631987,173.63454072154929
732.6449433304273,183.16033791758647
733.5046740288677,176.20372704059784
734.364404727308,176.20508688165313
735.2241354257484,172.97346208670376
736.0838661241888,184.29091063261907
736.9435968226292,185.206375433417
737.8033275210696,172.8583743909665
738.6630582195099,179.72305140631536
739.5227889179503,190.30866118204665
740.3825196163907,186.53426415531652
741.242250314831,184.2202650951328
742.1019810132715,186.121360672809
742.9617117117118,185.23106437984785
743.8214424101521,175.12112243136497
744.6811731085926,184.26482875576667
745.5409038070329,193.7196278130101
746.4006345054734,182.64962726872025
747.2603652039137,191.62732340751037
748.120095902354,183.05684904774748
748.9798266007945,167.05793672138634
749.8395572992348,190.11969820607354
750.6992879976752,171.136286300932
751.5590186961156,182.58579532708237
752.418749394556,186.56432742801348
753.2784800929963,192.73683044830392
754.1382107914367,193.39414361821775
754.9979414898771,185.59415551852945
755.8576721883175,180.0019651105172
756.7174028867579,191.7561736092264
757.5771335851982,191.309203785087
758.4368642836386,184.06898587197944
759.296594982079,192.78209586526305
760.1563256805193,190.66043295577424
761.0160563789598,184.2588836921346
761.8757870774001,174.80561313610184
762.7355177758404,193.93352874794232
763.5952484742809,181.03890604854035
764.4549791727212,169.5334701365016
765.3147098711617,185.4367633931448
766.174440569602,186.15408186189265
767.0341712680423,186.95065578505105
767.8939019664828,185.52935032626664
768.7536326649231,183.36970084085135
769.6133633633635,193.90190595656506
770.4730940618039,201.99308586175172
771.3328247602442,209.29467780496987
772.1925554586846,188.3826260699845
773.052286157125,197.27799299694976
773.9120168555654,190.6397700467847
774.7717475540057,201.03827079774152
775.6314782524461,196.94637109115658
776.4912089508865,206.61101070684276
777.3509396493268,206.4110599355992
778.2106703477673,197.3309970691979
779.0704010462076,213.1479032087
779.930131744648,214.4678634032083
780.7898624430884,208.11044952893442
781.6495931415287,198.07754715504188
782.5093238399692,200.41178791822387
783.3690545384095,200.6545813857356
784.2287852368498,200.8124375903037
785.0885159352903,194.24635633740334
785.9482466337306,193.83235185973723
786.807977332171,195.02212459845578
787.6677080306114,208.37903024688248
788.5274387290517,190.0100761842777
789.3871694274922,201.65208337059354
790.2469001259325,202.14533508934608
791.1066308243729,210.65884807144278
791.9663615228133,202.5273258335081
792.8260922212536,203.82375488731108
793.685822919694,187.66116233238967
794.5455536181344,217.84634773587084
795.4052843165748,216.44766490342758
796.2650150150151,202.62027376669673
797.1247457134555,200.76519044044068
797.9844764118959,218.92713798276196
798.8442071103362,190.90595942079375
799.7039378087767,192.70336356144344
800.563668507217,208.93754359695333
801.4233992056573,196.3288404588261
802.2831299040978,207.78381117183835
803.1428606025381,206.45282133168695
804.0025913009786,200.7071957074804
804.8623219994189,214.5068781954667
805.7220526978592,200.73279956172374
806.5817833962997,208.26340839818954
807.44151409474,194.26345626952477
808.3012447931804,200.99600072043174
809.1609754916208,200.7923649981402
810.0207061900611,213.49614917201046
810.8804368885015,203.48683842299042
811.7401675869419,205.50316416579085
812.5998982853823,214.41561197377962
813.4596289838227,187.51306281555676
814.319359682263,200.23761711179066
815.1790903807034,198.8431139763943
816.0388210791438,192.66891038877924
816.8985517775842,199.1696407098664
817.7582824760245,200.88914673151413
818.6180131744649,204.192666787148
819.4777438729053,200.40034907602632
820.3374745713456,194.81445568427466
821.1972052697861,193.41756044109337
822.0569359682264,191.7548716631363
822.9166666666667,194.793551137773
823.7763973651072,201.0433514379018
824.6361280635475,209.51466732296709
825.495858761988,187.6418519384198
826.3555894604283,190.6401341273323
827.2153201588686,198.07829032478526
828.0750508573091,194.54869670098356
828.9347815557494,198.71966156967275
829.7945122541898,201.42173065958923
830.6542429526302,215.56133255570387
831.5139736510705,201.58103794689615
832.373704349511,187.67376101346449
833.2334350479513,204.7645259093484
834.0931657463917,217.7969498609798
834.952896444832,193.62907142346813
835.8126271432724,211.53206982686666
836.6723578417128,202.09240366870668
837.5320885401532,210.2911635926616
838.3918192385936,209.95357313130722
839.2515499370339,189.41344572018488
840.1112806354743,218.53059167071999
840.9710113339147,214.32954953497867
841.830742032355,208.97033373271182
842.6904727307955,192.5341274779112
843.5502034292358,209.15808423244988
844.4099341276761,215.86933754447762
845.2696648261166,202.5027010427567
846.1293955245569,206.45703980992528
846.9891262229974,212.21545865054236
847.8488569214377,215.01113878384365
848.708587619878,202.29771960653767
849.5683183183185,192.67578337267722
850.4280490167588,188.72526623117946
851.2877797151992,205.2352766007123
852.1475104136396,204.76167976398344
853.0072411120799,197.035684479012
853.8669718105203,204.99419359057097
854.7267025089607,214.57038830482483
855.5864332074011,205.44995580800054
856.4461639058414,202.1343253344722
857.3058946042818,200.5957164902348
858.1656253027222,193.97561406131686
859.0253560011625,203.36373364127337
859.885086699603,200.6384258366396
860.7448173980433,191.4040140060057
861.6045480964837,204.09812025988168
862.4642787949241,216.84169322532424
863.3240094933644,200.83227146151106
864.1837401918049,204.29095247685444
865.0434708902452,200.28839027204717
865.9032015886855,203.00468390379777
866.762932287126,205.87775537547643
867.6226629855663,203.22493792688203
868.4823936840068,197.48041008254123
869.3421243824471,199.8635816816232
870.2018550808874,183.32317229608256
871.0615857793279,212.11253274951883
871.9213164777682,210.5654263989933
872.7810471762086,197.47793378541172
873.640777874649,213.58157566622177
874.5005085730893,201.13361888533424
875.3602392715297,200.8729640974488
876.2199699699701,199.2786571983678
877.0797006684105,183.32046692092035
877.9394313668508,216.19318720411937
878.7991620652913,196.05744175328275
879.6588927637316,212.6958409200215
880.518623462172,195.27316487864204
881.3783541606124,208.9279587457345
882.2380848590527,200.2633344023975
883.0978155574932,200.25322455100417
883.9575462559335,196.15290107435945
884.8172769543738,188.82164856518915
885.6770076528143,205.2639699564611
886.5367383512546,211.27977218375767
887.396469049695,197.1544024132655
888.2561997481354,205.3518947850103
889.1159304465757,193.84473846682315
889.9756611450161,200.88846557348566
890.8353918434565,202.23020163735558
891.6951225418969,209.57295366600275
892.5548532403373,210.68795160750057
893.4145839387776,201.35858361296488
894.274314637218,201.4593362086204
895.1340453356584,198.68889156299545
895.9937760340988,203.39011484071762
896.8535067325391,201.70647525705257
897.7132374309795,212.54502569604028
898.5729681294199,220.57512460969554
899.4326988278602,207.11347521936412
900.2924295263007,192.93178364355907
901.152160224741,191.43021514660575
902.0118909231813,201.95927518194753
902.8716216216218,201.9709556482496
903.7313523200621,189.33071824556689
904.5910830185026,205.83141561934588
905.4508137169429,199.31911215355495
906.3105444153832,201.93334038236375
907.1702751138237,212.4716613441857
908.030005812264,191.23734958213038
908.8897365107044,193.72472240126496
909.7494672091448,201.76428232082537
910.6091979075851,214.69616519037885
911.4689286060255,209.1301297344287
912.3286593044659,201.55403401591656
913.1883900029063,195.1210964697508
914.0481207013466,209.55480438669514
914.907851399787,201.27443844445804
915.7675820982274,191.6039418187345
916.6273127966678,187.62969582721632
917.4870434951082,197.07019722559335
918.3467741935485,207.6312280777984
