59.4758064516129,198.96209434521936
60.33553715005327,212.4834643104668
61.19526784849365,209.59407168411508
62.05499854693402,210.90676717786786
62.9147292453744,200.15319500133168
63.774459943814776,214.89451850259462
64.63419064225515,205.3006062559264
65.49392134069552,190.14782801672314
66.35365203913591,201.08931504443234
67.21338273757628,199.8750576517979
68.07311343601665,183.4305924010802
68.93284413445703,200.05475224992753
69.7925748328974,200.9218091423371
70.65230553133779,184.2163600532858
71.51203622977816,191.0728464800717
72.37176692821853,211.5725949711739
73.2314976266589,213.70222742835466
74.0912283250993,197.1029786370907
74.95095902353967,200.49105691858875
75.81068972198004,209.9246842952339
76.67042042042041,207.9639052495541
77.5301511188608,194.92525033118102
78.38988181730117,200.39400733897443
79.24961251574155,206.56895952082255
80.10934321418192,184.50762051595086
80.96907391262229,198.2437561841074
81.82880461106268,190.4794333771701
82.68853530950305,192.76450670549542
83.54826600794343,187.71140195030972
84.4079967063838,192.2538305206401
85.26772740482417,199.72429796975604
86.12745810326456,194.4577450088335
86.98718880170493,188.86731626889653
87.8469195001453,208.83273004273735
88.70665019858568,202.39823019067654
89.56638089702605,195.55154026270267
90.42611159546644,203.99225279555878
91.28584229390681,204.13523050193086
92.14557299234718,211.14104794944888
93.00530369078756,210.73517762852214
93.86503438922793,190.85697214067935
94.72476508766832,200.27617188914542
95.58449578610869,205.61191312629063
96.44422648454906,205.3801612785847
97.30395718298945,198.332904550215
98.16368788142981,201.85519799003384
99.0234185798702,200.29283710032385
99.88314927831057,207.3583630211149
100.74287997675094,199.68971468225794
101.60261067519133,186.6219925555473
102.46234137363169,209.76421884748154
103.32207207207207,191.5094663694352
104.18180277051245,182.42576776379786
105.04153346895282,210.84487856326615
105.90126416739321,206.8826860135366
106.76099486583357,200.6113791790737
107.62072556427395,200.27070883759086
108.48045626271433,207.8777276911632
109.3401869611547,200.27349429237486
110.19991765959509,194.19996846592457
111.05964835803545,202.95642901199577
111.91937905647583,200.2426771708289
112.7791097549162,200.23772174424462
113.63884045335658,200.01182080482243
114.49857115179697,204.20711571169682
115.35830185023732,209.51220897648625
116.21803254867771,194.9931035840822
117.07776324711809,195.60679015607334
117.93749394555846,190.66655526863076
118.79722464399885,217.61358329377097
119.65695534243922,191.15006101632977
120.51668604087959,200.24873520729383
121.37641673931996,201.36736826641632
122.23614743776034,204.47171362062338
123.09587813620072,204.46621240197368
123.9556088346411,197.0260825065528
124.81533953308147,217.0968183777143
125.67507023152184,199.08891678260846
126.53480092996222,187.76831945706624
127.3945316284026,200.40676135286725
128.254262326843,201.59902783141706
129.11399302528335,185.35219006305928
129.9737237237237,186.82864583451578
130.8334544221641,209.0853808495898
131.69318512060448,216.06614842385108
132.55291581904487,211.18133538745872
133.41264651748523,209.32948726785995
134.2723772159256,200.64734139124502
135.13210791436597,194.81178473004724
135.99183861280636,196.93724827383886
136.85156931124675,187.30218468198365
137.7113000096871,189.52190645130213
138.57103070812747,204.84943843873185
139.43076140656785,193.94102971637875
140.29049210500824,185.50315272196482
141.15022280344863,198.1991309610299
142.009953501889,212.0707606584946
142.86968420032935,193.96396954356305
143.72941489876973,202.17350677573108
144.58914559721012,206.00140661807674
145.4488762956505,192.65039259583003
146.30860699409087,196.3940236295502
147.16833769253125,219.1389310457988
148.0280683909716,183.68482629570084
148.887799089412,214.50623484999443
149.7475297878524,212.54776664981273
150.60726048629274,197.06418087245274
151.46699118473313,207.1982987964674
152.3267218831735,194.95943141824543
153.18645258161388,204.64548563335612
154.04618328005427,209.86932226495466
154.90591397849462,199.28636241706118
155.765644676935,207.23885808336644
156.62537537537537,190.63875270547948
157.48510607381576,190.5601910642142
158.34483677225614,202.69459008291992
159.2045674706965,198.47521622488938
160.0642981691369,187.87161658875542
160.92402886757725,197.7633821061283
161.78375956601764,202.0358761813977
162.64349026445802,210.70542070905398
163.5032209628984,197.4488699247656
164.36295166133877,195.9879059647699
165.22268235977913,195.52986598796275
166.08241305821952,195.1041016171901
166.9421437566599,194.72798933745113
167.8018744551003,192.88002690579154
168.66160515354065,203.0053117941696
169.521335851981,207.39554219222202
170.3810665504214,195.86413426604452
171.24079724886178,183.64669475035186
172.10052794730217,199.04219895666967
172.96025864574253,208.04630191955437
173.8199893441829,206.14626584802036
174.67972004262327,176.43095189186764
175.53945074106366,188.26902766016008
176.39918143950405,199.87016950260846
177.2589121379444,198.9127759063694
178.11864283638477,197.21236801691734
178.97837353482515,187.15253482560703
179.83810423326554,186.53208713666174
180.69783493170593,192.50914485427356
181.55756563014629,189.1336864018489
182.41729632858664,185.1616738762871
183.27702702702703,174.8876275064419
184.13675772546742,171.34416739352417
184.9964884239078,173.67092888242118
185.85621912234816,183.16772242516646
186.71594982078852,188.93118772667464
187.5756805192289,167.12062331650097
188.4354112176693,169.72254462112267
189.29514191610966,180.19593152998306
190.15487261455004,181.77999683488898
191.01460331299043,195.40956146726177
191.8743340114308,183.64474863322096
192.73406470987118,193.43455999718128
193.59379540831154,174.1280247240072
194.45352610675192,189.78418432112895
195.3132568051923,174.84978087650936
196.17298750363267,187.73876450173643
197.03271820207306,176.75603277456005
197.89244890051341,174.53018229138908
198.7521795989538,182.76122077856112
199.6119102973942,180.23075216552255
200.47164099583455,166.81927525289967
201.33137169427494,189.49000632198604
202.19110239271532,185.73630669046327
203.05083309115568,189.32465945945873
203.91056378959607,181.2078892426278
204.77029448803643,183.6154916041895
205.63002518647681,192.49127898289942
206.4897558849172,185.97012011557823
207.34948658335756,187.71973334624877
208.20921728179795,173.63070409239873
209.0689479802383,199.90372629282007
209.9286786786787,191.75015976120932
210.78840937711908,199.76805528472633
211.64814007555944,185.79039664671842
212.50787077399983,195.5159408047825
213.36760147244019,193.463324518611
214.22733217088057,190.3043520896997
215.08706286932096,186.85579906831614
215.94679356776132,177.56023220564634
216.8065242662017,197.6703923033072
217.66625496464206,197.64970044975237
218.52598566308245,193.90774206384742
219.38571636152284,180.422220879969
220.2454470599632,187.10996222383335
221.10517775840358,187.23989890127103
221.96490845684394,180.63559775934567
222.82463915528433,188.15908835513883
223.68436985372472,188.66143616218693
224.54410055216508,196.80283487545572
225.40383125060546,211.29850559794488
226.26356194904582,186.16968849861897
227.1232926474862,186.76830482056354
227.9830233459266,206.73682200852502
228.84275404436696,194.562370753075
229.70248474280734,209.8480221480947
230.5622154412477,198.57614149946033
231.4219461396881,201.7116089072848
232.28167683812848,214.36832228745283
233.14140753656883,197.41200924560212
234.00113823500922,198.2218455074935
234.8608689334496,188.23287419837453
235.72059963188997,203.2204561782798
236.58033033033036,198.86856160813076
237.4400610287707,202.055170904251
238.2997917272111,211.57296588938823
239.1595224256515,211.52640692155154
240.01925312409185,198.5086009978728
240.87898382253223,200.224734118945
241.7387145209726,197.19739492213833
242.59844521941298,199.20850150453526
243.45817591785337,215.47374551945404
244.31790661629373,197.78753402174632
245.1776373147341,189.5625946334773
246.03736801317447,198.35275202577057
246.89709871161486,201.74483650427234
247.75682941005525,199.96245232447686
248.6165601084956,207.28722663474468
249.476290806936,190.4379959256106
250.33602150537635,211.3373148155052
251.19575220381674,199.7348629936877
252.05548290225713,203.72468778906045
252.91521360069748,202.42687866000978
253.77494429913787,191.29923446938727
254.63467499757823,191.89125624240918
255.49440569601862,204.97591657558263
256.35413639445903,181.01337422596953
257.21386709289936,193.07753682769956
258.07359779133975,197.48675291558442
258.93332848978014,193.0179893380777
259.79305918822047,190.4356149755434
260.6527898866609,209.77367756850188
261.51252058510124,187.5002065426633
262.37225128354163,183.79438304708336
263.231981981982,185.8668745094847
264.09171268042235,206.03327561302274
264.9514433788628,205.75639952241713
265.8111740773031,205.29058865053327
266.6709047757435,195.26299636190444
267.5306354741839,200.3347444341348
268.3903661726242,214.03389825159275
269.25009687106467,212.93417535973666
270.109827569505,200.1413323445977
270.9695582679454,210.9627638113169
271.8292889663858,205.897537673692
272.6890196648261,191.7474422629214
273.54875036326655,200.3298480600926
274.4084810617069,212.02964696053553
275.26821176014727,196.9703624621356
276.12794245858765,189.75798759866828
276.987673157028,204.9175703566754
277.84740385546843,196.47193638537632
278.70713455390876,208.6824063980309
279.56686525234915,206.8936464329594
280.42659595078953,200.39720439059053
281.28632664922986,192.50967186719686
282.1460573476703,200.4671330387331
283.00578804611064,211.31171990001914
283.865518744551,200.542247041323
284.7252494429914,211.88832564330914
285.58498014143174,215.53483217694685
286.4447108398722,206.74854747835522
287.3044415383125,198.8571473461519
288.1641722367529,195.11503172353957
289.0239029351933,206.44679695955375
289.8836336336336,187.65172778843447
290.74336433207407,195.8165170470146
291.6030950305144,197.9164452028016
292.4628257289548,203.6608307960012
293.32255642739517,208.08649900257734
294.1822871258355,200.81540119819277
295.04201782427594,190.39362579684158
295.9017485227163,208.3306730079849
296.76147922115666,187.54788881301522
297.62120991959705,206.3248308664053
298.4809406180374,188.04046905494434
299.3406713164778,201.36561659647361
300.20040201491815,210.94562391921286
301.06013271335854,188.82522657399517
301.91986341179893,186.75242772773476
302.77959411023926,200.4022209886559
303.6393248086797,190.66274807642418
304.49905550712003,210.7473910238022
305.3587862055604,216.63318787666108
306.2185169040008,190.49002752142133
307.07824760244114,198.47268348989562
307.9379783008816,203.99816708545765
308.7977089993219,207.0980036585873
309.6574396977623,182.26797718623115
310.5171703962027,197.4517156419644
311.376901094643,192.85072861219246
312.23663179308346,183.34703664453818
313.0963624915238,199.56375879428145
313.9560931899642,195.58834326537809
314.81582388840457,211.06549662437982
315.6755545868449,209.40295857473953
316.53528528528534,197.9356035048073
317.39501598372567,213.69338696423154
318.2547466821661,188.65276103519716
319.11447738060644,199.8291878424974
319.9742080790468,197.6551029136367
320.8339387774872,190.67247060109938
321.69366947592755,198.62269332216187
322.553400174368,185.3209902394722
323.4131308728083,197.77080472635305
324.27286157124865,195.1559122438489
325.1325922696891,213.04945105395547
325.99232296812943,207.50981243204248
326.8520536665699,200.25279013297907
327.7117843650102,205.6233278498664
328.57151506345053,205.9676812951423
329.431245761891,200.51566497805723
330.2909764603313,214.55108804288284
331.15070715877175,201.79687185408906
332.0104378572121,205.26629336568638
332.8701685556524,190.4655047215148
333.72989925409286,201.3007231200066
334.5896299525332,197.40489801949414
335.44936065097363,195.63398486049132
336.30909134941396,200.50452714346756
337.1688220478543,199.09334294836356
338.02855274629474,210.71897497232297
338.88828344473507,212.06359881362687
339.7480141431755,200.11648845832164
340.60774484161584,194.14669891083244
341.46747554005617,202.64508341820985
342.3272062384966,199.51985662198382
343.18693693693695,195.09695238932255
344.0466676353774,181.8419958159585
344.9063983338177,182.21744409387443
345.76612903225805,207.48759969361586
346.6258597306985,208.20625300717765
347.4855904291388,209.9575852593087
348.34532112757927,195.95312414637678
349.2050518260196,195.088939567062
350.06478252445993,184.7925296323484
350.9245132229004,187.03581970356188
351.7842439213407,192.51698874936122
352.64397461978115,192.92377651119932
353.5037053182215,192.46550942151165
354.3634360166618,178.3979665312521
355.22316671510225,185.39374383505717
356.0828974135426,182.27585762327496
356.942628111983,179.20964819837863
357.80235881042336,197.99498017557258
358.6620895088637,187.7081857407086
359.52182020730413,184.23647222525705
360.38155090574446,191.89250159314324
361.2412816041849,173.8168928757798
362.10101230262524,194.13564105956246
362.96074300106557,190.1427878068245
363.820473699506,185.16161000858693
364.68020439794634,184.7358609105129
365.5399350963868,185.01764712811766
366.3996657948271,184.81499519368091
367.25939649326745,193.38705565099838
368.1191271917079,184.30581126075762
368.9788578901482,191.22257430016805
369.83858858858866,184.52265132115195
370.698319287029,183.62896469860033
371.5580499854693,180.64334943816135
372.41778068390977,179.16607013441958
373.2775113823501,194.98733051420933
374.13724208079054,174.01330803215504
374.9969727792309,181.74345384698273
375.8567034776712,175.94611293484945
376.71643417611165,176.00234842226814
377.576164874552,182.864740712739
378.4358955729924,186.5808583440122
379.29562627143275,174.87157862514272
380.1553569698731,182.67091213513913
381.0150876683135,166.84554938759527
381.87481836675386,183.42937514368586
382.7345490651943,173.01372848199136
383.59427976363463,177.19523587709085
384.45401046207496,190.86852693515584
385.3137411605154,184.19210911668446
386.17347185895574,189.25355658366274
387.0332025573962,177.49839469148543
387.8929332558365,184.81639486208275
388.75266395427684,180.86017315358237
389.6123946527173,181.71253145042644
390.4721253511576,186.43922686059693
391.33185604959806,188.3353684189123
392.1915867480384,185.88610294783985
393.0513174464787,175.46675313256998
393.91104814491916,205.05993561783885
394.7707788433595,186.51445407088164
395.63050954179994,186.71742980094479
396.49024024024027,200.4067379267783
397.3499709386806,191.1450450875489
398.20970163712104,188.18898533416296
399.0694323355614,187.4851216741245
399.9291630340018,181.63382425850614
400.78889373244215,197.03165084892564
401.6486244308825,202.36723439850408
402.5083551293229,195.72231991953626
403.36808582776325,191.23510554312526
404.2278165262037,197.21743210392398
405.087547224644,197.0607843713984
405.94727792308447,194.17440903878017
406.8070086215248,195.36413920412653
407.66673931996513,195.36944277334553
408.5264700184056,190.48206385556674
409.3862007168459,189.0608941674039
410.24593141528635,206.88207308007895
411.1056621137267,178.17529304741487
411.965392812167,205.03420739857629
412.82512351060745,178.23927240865612
413.6848542090478,175.970701411872
414.54458490748823,207.50825955904605
415.40431560592856,190.0359003330497
416.2640463043689,207.25860246633366
417.12377700280933,199.6582821767031
417.98350770124966,206.3062965060704
418.8432383996901,197.21446056448332
419.70296909813044,181.76649863800225
420.56269979657077,198.26994783261145
421.4224304950112,199.7487701749576
422.28216119345154,192.51666197462856
423.141891891892,199.47366742978684
424.0016225903323,196.6988999697897
424.86135328877265,206.15159925177184
425.7210839872131,191.82922263443845
426.5808146856534,197.6570166125269
427.44054538409387,200.2739827064802
428.3002760825342,213.68585955899923
429.1600067809745,201.32485277768924
430.01973747941497,200.9839965807105
430.8794681778553,220.38350259118798
431.73919887629575,200.31897126041963
432.5989295747361,190.17893199683553
433.4586602731764,199.26346577659726
434.31839097161685,206.4142757250121
435.1781216700572,192.13028119898814
436.0378523684976,210.9224480272713
436.89758306693795,206.77173913321695
437.7573137653783,196.6426704683912
438.61704446381873,200.45647414985763
439.47677516225906,190.6904359841451
440.3365058606995,191.98656383768798
441.19623655913983,197.19445115166297
442.05596725758016,188.9020832034439
442.9156979560206,187.7615320558908
443.77542865446094,210.31478353821296
444.6351593529014,191.66587391610466
445.4948900513417,203.9681553103066
446.35462074978204,201.3215260450298
447.2143514482225,203.2411374434015
448.0740821466628,209.2732897597317
448.93381284510326,211.2080128634163
449.7935435435436,209.7313602179503
450.6532742419839,205.93162686022038
451.51300494042437,207.08147679863475
452.3727356388647,215.5201550078245
453.23246633730514,207.76485642143663
454.09219703574547,215.21490030685166
454.9519277341858,201.9143900261898
455.81165843262625,200.03658813987977
456.6713891310666,184.14621192632825
457.531119829507,199.76082517867903
458.39085052794735,206.8171651983803
459.2505812263877,201.32285491336688
460.1103119248281,201.24834996590374
460.97004262326845,204.32782691869107
461.8297733217089,200.8571205101345
462.68950402014923,199.5791458056038
463.54923471858956,197.51632455895074
464.40896541703,202.5216668759264
465.26869611547033,201.04905906746814
466.1284268139108,201.08933976207422
466.9881575123511,212.8992872207143
467.84788821079144,208.35749177403105
468.7076189092319,204.3115761865681
469.5673496076722,210.72134357296864
470.42708030611266,187.29894976987217
471.286811004553,205.2812871366511
472.1465417029933,185.23429337124645
473.00627240143376,214.91635811970133
473.8660030998741,203.08420045678218
474.72573379831454,203.99002652246014
475.58546449675487,215.24405337793183
476.4451951951952,188.61634875032973
477.30492589363564,200.81710278223125
478.16465659207597,208.94502493195228
479.0243872905164,201.65867248572033
479.88411798895675,201.75737373139992
480.7438486873971,199.44573546614717
481.6035793858375,201.89550515133166
482.46331008427785,211.91975791353576
483.3230407827183,190.2982625696183
484.1827714811586,219.82980564852093
485.04250217959896,200.8137561346087
485.9022328780394,199.22982671548763
486.76196357647973,204.85675719990357
487.6216942749202,197.9780113493552
488.4814249733605,202.17253442578675
489.34115567180083,205.9469231058954
490.2008863702413,202.49425060262962
491.0606170686816,200.6651435241255
491.92034776712205,195.7408639500406
492.7800784655624,195.3656528853814
493.6398091640027,216.3968401803566
494.49953986244316,207.89176034632652
495.3592705608835,197.88469661297245
496.21900125932393,200.68765369207864
497.07873195776426,199.65659472401794
497.9384626562046,206.12292446175272
498.79819335464504,211.75924061550194
499.65792405308537,203.95683499935677
500.5176547515258,202.02967571384008
501.37738544996614,203.83419440908443
502.23711614840647,199.86868968383968
503.0968468468469,189.8956592672639
503.95657754528725,191.36615943500396
504.8163082437277,214.52950598401185
505.676038942168,200.72528190029436
506.53576964060835,194.65535499274085
507.3955003390488,191.87064136151844
508.2552310374891,200.67986793215437
509.11496173592957,200.16971137823452
509.9746924343699,213.99720946064946
510.83442313281023,217.63090785876378
511.6941538312507,206.7922729555509
512.553884529691,198.33327651182995
513.4136152281314,218.4663792458569
514.2733459265718,190.83810300931412
515.1330766250121,201.00269663815567
515.9928073234526,191.03888201804966
516.8525380218929,210.51826937013516
517.7122687203333,204.43337551325314
518.5719994187737,192.79482178362434
519.431730117214,208.15556527598645
520.2914608156544,192.77272328817986
521.1511915140948,202.70356686912672
522.0109222125352,204.60071429092542
522.8706529109755,212.62930689625338
523.7303836094159,182.12004495082004
524.5901143078563,198.89375626079234
525.4498450062966,183.64833051321443
526.3095757047371,207.09125570940978
527.1693064031774,206.34492859406672
528.0290371016177,178.1565654158946
528.8887678000582,182.17410202058025
529.7484984984985,202.5407812839082
530.608229196939,178.21325305290605
531.4679598953793,183.6334654567003
532.3276905938197,190.87699050616922
533.1874212922601,190.28684041196004
534.0471519907004,197.8536217297393
534.9068826891408,202.37999021558636
535.7666133875812,175.70799775223313
536.6263440860216,177.92810450765657
537.486074784462,187.19234503384922
538.3458054829023,185.7263420752176
539.2055361813427,197.2314894234168
540.065266879783,203.1790916063783
540.9249975782235,180.03381085143022
541.7847282766638,190.20076680477953
542.6444589751042,176.60591572824083
543.5041896735446,187.75729131029314
544.3639203719849,191.47142555257304
545.2236510704254,192.67370708317563
546.0833817688657,202.2062222026798
546.943112467306,185.5295896637889
547.8028431657465,189.85380570682275
548.6625738641868,186.2516652360012
549.5223045626273,186.15663171434133
550.3820352610676,181.796968436267
551.2417659595079,170.13516488177262
552.1014966579484,176.38988902148353
552.9612273563887,190.5792761589597
553.8209580548291,188.72340725364393
554.6806887532695,178.30294430638392
555.5404194517098,176.46400701749792
556.4001501501502,196.0100384977766
557.2598808485906,191.23949354781587
558.119611547031,168.4171267084279
558.9793422454713,199.06289584701202
559.8390729439117,190.84643355464522
560.6988036423521,180.739676440684
561.5585343407924,176.3421028093285
562.4182650392329,185.28528595323453
563.2779957376732,196.76147140880502
564.1377264361136,187.29490527363473
564.997457134554,178.22252347220328
565.8571878329943,184.4611129060592
566.7169185314348,175.21677322564955
567.5766492298751,176.07328204399153
568.4363799283154,185.34196124414467
569.2961106267559,198.25822483434519
570.1558413251962,189.14475936046588
571.0155720236367,195.88961231007522
571.875302722077,177.68398243030376
572.7350334205174,193.4273902417124
573.5947641189578,187.79426117328532
574.4544948173981,190.64370235245062
575.3142255158385,200.44176909386564
576.1739562142789,182.0417098528518
577.0336869127193,174.7895031355834
577.8934176111596,178.92383908871972
578.7531483096,171.76651988609976
579.6128790080404,199.243904198609
580.4726097064807,181.05593193890974
581.3323404049212,195.67559356872508
582.1920711033615,198.56259490092341
583.0518018018018,185.20708107615724
583.9115325002423,199.83004232582073
584.7712631986826,206.47571426765617
585.6309938971231,188.47268000097537
586.4907245955634,201.36060919518735
587.3504552940037,203.93680101468348
588.2101859924442,204.28094013627643
589.0699166908845,176.1353159795013
589.9296473893249,198.361075611308
590.7893780877653,199.73407856618198
591.6491087862056,180.0948266781131
592.508839484646,188.5309893366144
593.3685701830864,192.6001198051996
594.2283008815268,191.6772185668275
595.0880315799672,188.51821919874718
595.9477622784075,190.996189472016
596.8074929768479,198.92812326003244
597.6672236752883,201.08619526543845
598.5269543737287,193.19629593079992
599.386685072169,201.11607323565786
600.2464157706094,192.81318694474732
601.1061464690498,205.01952970128164
601.9658771674901,204.40543704816562
602.8256078659306,189.0456480723312
603.6853385643709,214.7904794386067
604.5450692628112,199.10086636564247
605.4047999612517,190.65661190415096
606.264530659692,197.12555445771625
607.1242613581325,198.1293208728094
607.9839920565728,188.90839068309865
608.8437227550131,211.07615055079438
609.7034534534536,190.94184274270975
610.5631841518939,185.46916948961194
611.4229148503343,204.87400038363793
612.2826455487747,207.36219245174732
613.142376247215,208.58090223812297
614.0021069456554,194.0288802621131
614.8618376440958,208.2343193990855
615.7215683425362,186.76792549117607
616.5812990409765,201.08695336172707
617.4410297394169,213.91695106806
618.3007604378573,193.25540658034106
619.1604911362977,200.71068588824158
620.0202218347381,195.03435542113374
620.8799525331784,219.59054389567683
621.7396832316188,193.31023538302
622.5994139300592,188.8091362316476
623.4591446284995,209.3675611079977
624.31887532694,185.57982685338618
625.1786060253803,201.23352419802484
626.0383367238207,197.56069419098858
626.8980674222611,192.01153944040254
627.7577981207014,195.71729147990624
628.6175288191419,204.85091394053237
629.4772595175822,212.55153669738658
630.3369902160226,200.9156397374292
631.196720914463,217.18301787496642
632.0564516129033,198.79809950169462
632.9161823113437,203.91118093143433
633.7759130097841,197.9950628240129
634.6356437082245,206.98458616610742
635.4953744066648,208.8552636844761
636.3551051051052,209.8679807235524
637.2148358035456,200.86096541348064
638.0745665019859,192.86527422733892
638.9342972004264,219.80199286879605
639.7940278988667,190.412907950321
640.653758597307,200.7828838289099
641.5134892957475,190.20863341605386
642.3732199941878,190.33767856468413
643.2329506926283,209.51519051451982
644.0926813910686,200.6756251416587
644.9524120895089,197.47928613976458
645.8121427879494,184.7134815639317
646.6718734863897,203.27276974075994
647.5316041848301,200.55458487241742
648.3913348832705,200.99169848168734
649.2510655817108,200.49423626189764
650.1107962801512,217.38985428384237
650.9705269785916,199.14956580863404
651.830257677032,201.78299913660868
652.6899883754724,197.95926078044437
653.5497190739127,217.24199427881047
654.4094497723531,205.5531602533627
655.2691804707935,201.70948331131868
656.1289111692339,192.8566734257884
656.9886418676742,200.29016035306208
657.8483725661146,208.2791354276452
658.708103264555,208.93356625798756
659.5678339629953,200.26910429333998
660.4275646614358,219.04056350826733
661.2872953598761,200.27419046429694
662.1470260583164,199.87000070147752
663.0067567567569,193.62336279936378
663.8664874551972,209.53068660276043
664.7262181536377,200.32746826584489
665.585948852078,200.3479958687852
666.4456795505183,186.64401060217534
667.3054102489588,196.8830771593407
668.1651409473991,183.80307109279346
669.0248716458395,200.44970718970535
669.8846023442799,200.76516889698124
670.7443330427202,201.12920145762135
671.6040637411606,213.33612093133775
672.463794439601,204.09691000125747
673.3235251380414,201.4618429179612
674.1832558364817,203.7158588445217
675.0429865349221,211.6118443674781
675.9027172333625,203.9282694661412
676.7624479318029,200.18762355401748
677.6221786302433,189.8559949389869
678.4819093286836,207.2701332703731
679.341640027124,193.27858768307254
680.2013707255644,200.3653637074586
681.0611014240047,197.20622162448348
681.9208321224452,200.8182196594595
682.7805628208855,189.21035861832246
683.6402935193258,208.9017336240696
684.5000242177663,202.8621057981836
685.3597549162066,200.6457350513016
686.219485614647,184.94581948694892
687.0792163130874,205.18866888892433
687.9389470115277,211.55279512565377
688.7986777099682,184.68664061463096
689.6584084084085,187.96665919241093
690.5181391068489,208.22771534513896
691.3778698052893,215.7429767969997
692.2376005037296,186.0865034201829
693.09733120217,200.59829564067743
693.9570619006104,198.6713755684491
694.8167925990508,214.67895982447072
695.6765232974911,200.5323645934631
696.5362539959315,200.90673377941943
697.3959846943719,201.8408303899728
698.2557153928122,215.41732164673954
699.1154460912527,192.2526223726601
699.975176789693,188.05192827350425
700.8349074881334,196.1318312682287
701.6946381865738,208.24350744358875
702.5543688850141,189.3545495812263
703.4140995834546,194.54333561830575
704.2738302818949,199.2324046886019
705.1335609803352,204.82618681107823
705.9932916787757,198.73681075141306
706.853022377216,212.95550123455243
707.7127530756565,198.10175616349485
708.5724837740968,201.0858336732891
709.4322144725371,197.30394659194877
710.2919451709776,191.68236224113724
711.1516758694179,203.05278872407524
712.0114065678583,195.75111028711086
712.8711372662987,203.11028366921158
713.730867964739,202.41549629178192
714.5905986631794,193.70459151659904
715.4503293616198,186.5850876529325
716.3100600600602,194.55705246245776
717.1697907585005,202.4630837846705
718.0295214569409,184.82197908008757
718.8892521553813,201.480948897324
719.7489828538216,195.01672310751204
720.6087135522621,187.61982321099924
721.4684442507024,190.31200143830822
722.3281749491427,187.0811787784166
723.1879056475832,184.76233602130344
724.0476363460235,174.69155971479165
724.907367044464,185.8390709900434
725.7670977429043,179.34074001676746
726.6268284413446,175.24780476237862
727.4865591397851,179.623270326735
728.3462898382254,186.69814472407433
729.2060205366658,177.89138205582327
730.0657512351062,175.58028352671448
730.9254819335465,199.03129958222922
731.785212631987,184.59334482181214
732.6449433304273,199.01307899442702
733.5046740288677,184.54773452681934
734.364404727308,173.00151296345186
735.2241354257484,168.5312182246638
736.0838661241888,170.94052470832534
736.9435968226292,186.05375584323687
737.8033275210696,184.4872722088684
738.6630582195099,193.94276190174023
739.5227889179503,180.4946918347096
740.3825196163907,182.07177265516714
741.242250314831,193.8214072034845
742.1019810132715,191.56240984788036
742.9617117117118,183.96903292144896
743.8214424101521,174.352684807744
744.6811731085926,193.30178545187132
745.5409038070329,166.9452574978577
746.4006345054734,172.62335968379188
747.2603652039137,195.58580625241885
748.120095902354,199.5148406544714
748.9798266007945,195.8685321339953
749.8395572992348,187.40194843749782
750.6992879976752,182.69673822528696
751.5590186961156,174.53629777420682
752.418749394556,174.92977728709982
753.2784800929963,182.41248069738134
754.1382107914367,174.38357051688627
754.9979414898771,182.3207705450802
755.8576721883175,189.98109474479492
756.7174028867579,194.59733622113018
757.5771335851982,182.12341530762052
758.4368642836386,195.17823006903748
759.296594982079,182.639499022537
760.1563256805193,183.5025189307012
761.0160563789598,172.87631342842482
761.8757870774001,183.41587824691672
762.7355177758404,169.66066334252363
763.5952484742809,196.23809400730823
764.4549791727212,191.2622652544527
765.3147098711617,180.3908128087622
766.174440569602,176.85708029222573
767.0341712680423,186.96706231279606
767.8939019664828,187.0432630472213
768.7536326649231,197.6192912432773
769.6133633633635,189.92053569920566
770.4730940618039,185.048734168621
771.3328247602442,196.56573746069427
772.1925554586846,186.12382736003724
773.052286157125,202.31423525342458
773.9120168555654,204.8398036775348
774.7717475540057,199.92633108654664
775.6314782524461,187.8084947907402
776.4912089508865,208.06200323782235
777.3509396493268,195.99456804682885
778.2106703477673,198.62072179297687
779.0704010462076,199.23781920656992
779.930131744648,198.87957458149225
780.7898624430884,203.73109278417488
781.6495931415287,201.9411741603269
782.5093238399692,214.57269578862451
783.3690545384095,196.0083776596166
784.2287852368498,189.26636073834763
785.0885159352903,204.86793380885595
785.9482466337306,190.68614152626827
786.807977332171,196.24085032242834
787.6677080306114,204.99576878030675
788.5274387290517,208.74134532062652
789.3871694274922,185.6858085250772
790.2469001259325,201.9835057526637
791.1066308243729,201.09315011598426
791.9663615228133,207.41418720792933
792.8260922212536,200.95974333783457
793.685822919694,195.94149662946475
794.5455536181344,209.5965103980918
795.4052843165748,194.52029129031087
796.2650150150151,185.68874967173693
797.1247457134555,188.10149974623306
797.9844764118959,194.25660178199053
798.8442071103362,200.71526871555318
799.7039378087767,182.83110920567964
800.563668507217,196.23858320480298
801.4233992056573,213.33883425610048
802.2831299040978,193.40706285952552
803.1428606025381,207.99828948228577
804.0025913009786,201.73056850966185
804.8623219994189,203.91377748876684
805.7220526978592,203.23462424815392
806.5817833962997,199.70392961803933
807.44151409474,189.9947176557115
808.3012447931804,195.26444109792166
809.1609754916208,200.62029174984096
810.0207061900611,196.90654202434996
810.8804368885015,203.02340647110717
811.7401675869419,190.14654281471462
812.5998982853823,197.99500532245946
813.4596289838227,210.2303323513883
814.319359682263,194.02915484247023
815.1790903807034,201.4296306682094
816.0388210791438,202.87945659801952
816.8985517775842,217.533907272158
817.7582824760245,196.68208635330288
818.6180131744649,202.55847797768982
819.4777438729053,214.3304053629047
820.3374745713456,205.94625253573537
821.1972052697861,196.97254419421216
822.0569359682264,193.77300904711115
822.9166666666667,205.61611749811257
823.7763973651072,203.2347796245318
824.6361280635475,208.11792941550647
825.495858761988,207.25292279586847
826.3555894604283,197.1493926336862
827.2153201588686,214.96478537596926
828.0750508573091,191.1609593472264
828.9347815557494,213.72159498187406
829.7945122541898,201.42173065958923
830.6542429526302,196.5382408650268
831.5139736510705,211.03987770569708
832.373704349511,210.25514014086946
833.2334350479513,201.46991969246494
834.0931657463917,199.51111661628963
834.952896444832,191.4413462700804
835.8126271432724,202.0104183694816
836.6723578417128,201.06274795944626
837.5320885401532,203.90183558817128
838.3918192385936,200.18406876980956
839.2515499370339,190.0991750634934
840.1112806354743,199.55416392819066
840.9710113339147,208.69034780032126
841.830742032355,199.87681298454038
842.6904727307955,220.16213708089265
843.5502034292358,217.58523076582532
844.4099341276761,212.45615278653395
845.2696648261166,191.7030020189347
846.1293955245569,194.9518347368029
846.9891262229974,209.7471035232338
847.8488569214377,212.5650687125174
848.708587619878,184.13893409128937
849.5683183183185,188.36193343022327
850.4280490167588,211.04911378717924
851.2877797151992,184.0949093392129
852.1475104136396,200.00891568245228
853.0072411120799,185.0377818469147
853.8669718105203,190.6709020840912
854.7267025089607,190.06569765934918
855.5864332074011,213.51941609865563
856.4461639058414,206.49833733636612
857.3058946042818,202.3452421456612
858.1656253027222,198.70450787403183
859.0253560011625,200.92871256797466
859.885086699603,190.29579461994138
860.7448173980433,200.8193289099504
861.6045480964837,213.59849587035828
862.4642787949241,200.30169114827322
863.3240094933644,216.36935045684797
864.1837401918049,213.13398970787173
865.0434708902452,201.71433318905878
865.9032015886855,202.93768095417167
866.762932287126,201.08581618289463
867.6226629855663,214.56668866239934
868.4823936840068,194.89624226418704
869.3421243824471,203.3021171567696
870.2018550808874,209.95612342237197
871.0615857793279,201.33593891359556
871.9213164777682,209.18204231930346
872.7810471762086,209.3478449247045
873.640777874649,201.22121791305594
874.5005085730893,206.65291783194976
875.3602392715297,208.53152850229804
876.2199699699701,206.76283378820082
877.0797006684105,188.51777272847858
877.9394313668508,185.09636974630777
878.7991620652913,212.31978241796944
879.6588927637316,190.5911302409445
880.518623462172,212.03048204000032
881.3783541606124,188.30941677954291
882.2380848590527,196.78030145960417
883.0978155574932,196.30923617953246
883.9575462559335,213.06021202416704
884.8172769543738,187.6151014163687
885.6770076528143,191.75661933704288
886.5367383512546,212.90282245646412
887.396469049695,202.88029319312867
888.2561997481354,208.25083051103658
889.1159304465757,193.15240790896047
889.9756611450161,206.99826978583064
890.8353918434565,198.7683526280555
891.6951225418969,201.1316386130843
892.5548532403373,188.54984601449956
893.4145839387776,206.08051209460808
894.274314637218,206.24324820866252
895.1340453356584,196.21542877416258
895.9937760340988,215.78118836064064
896.8535067325391,201.70647525705257
897.7132374309795,197.12812233820893
898.5729681294199,205.24416148953918
899.4326988278602,187.06458248743874
900.2924295263007,201.91010318712546
901.152160224741,199.39535097547156
902.0118909231813,198.97617895599294
902.8716216216218,215.54254071177007
903.7313523200621,208.32318556025672
904.5910830185026,187.90757279561103
905.4508137169429,203.0356140355828
906.3105444153832,198.96795085087473
907.1702751138237,207.271872560439
908.030005812264,214.46605517669806
908.8897365107044,210.5303673590982
909.7494672091448,185.21980069074522
910.6091979075851,204.71339202536063
911.4689286060255,206.30329795562182
912.3286593044659,203.3522283987587
913.1883900029063,215.93570828936788
914.0481207013466,201.37522080990465
914.907851399787,208.69387695504332
915.7675820982274,220.68306835265508
916.6273127966678,201.05048641931887
917.4870434951082,197.34953896986923
918.3467741935485,212.7349179397443
