59.4758064516129,215.80116387279887
60.33553715005327,195.54794345049396
61.19526784849365,192.74771256170524
62.05499854693402,208.35349250953345
62.9147292453744,207.94764465162427
63.774459943814776,192.34195569405094
64.63419064225515,201.08548101029572
65.49392134069552,193.41743567831762
66.35365203913591,208.85706045534138
67.21338273757628,205.74543079701957
68.07311343601665,201.4576049324415
68.93284413445703,204.34452899626842
69.7925748328974,189.652041432948
70.65230553133779,211.24481862801738
71.51203622977816,200.68088535125176
72.37176692821853,206.95589341439464
73.2314976266589,188.22084257698006
74.0912283250993,201.87744344452415
74.95095902353967,191.02724553775636
75.81068972198004,208.9003777006303
76.67042042042041,196.85700559008205
77.5301511188608,192.01268644868722
78.38988181730117,200.338545110717
79.24961251574155,188.60456864787324
80.10934321418192,194.78073796559147
80.96907391262229,203.759040856154
81.82880461106268,195.67036193341056
82.68853530950305,193.5217969808964
83.54826600794343,200.88231837231962
84.4079967063838,213.20972760761964
85.26772740482417,200.21422020491786
86.12745810326456,196.82636776740395
86.98718880170493,200.2161167127741
87.8469195001453,200.22008344547302
88.70665019858568,195.15495851603401
89.56638089702605,216.33657776160075
90.42611159546644,215.64381003443245
91.28584229390681,216.43007379850383
92.14557299234718,209.25299046829832
93.00530369078756,193.70820677732846
93.86503438922793,209.8159804297376
94.72476508766832,193.59546783186548
95.58449578610869,196.34779371240427
96.44422648454906,185.15321169544632
97.30395718298945,200.28876069033362
98.16368788142981,200.29120987846014
99.0234185798702,191.2495374937882
99.88314927831057,208.53954441199613
100.74287997675094,186.92359110804597
101.60261067519133,187.60823152709756
102.46234137363169,216.26868911356777
103.32207207207207,196.8478821026495
104.18180277051245,200.28707199968088
105.04153346895282,210.19934101805595
105.90126416739321,194.95830312245675
106.76099486583357,198.1190442029125
107.62072556427395,209.81995834890967
108.48045626271433,194.86477646740576
109.3401869611547,193.9436739205343
110.19991765959509,201.38159875421158
111.05964835803545,213.94967736909422
111.91937905647583,200.2426771708289
112.7791097549162,195.26325493082564
113.63884045335658,196.134179830265
114.49857115179697,185.78821571282668
115.35830185023732,200.22782507107152
116.21803254867771,196.5979723971517
117.07776324711809,200.2274064336569
117.93749394555846,206.80508917667748
118.79722464399885,200.23383306416181
119.65695534243922,202.9670949212218
120.51668604087959,203.30968053346487
121.37641673931996,185.99501242551835
122.23614743776034,200.27374100702045
123.09587813620072,206.48235923134834
123.9556088346411,204.16701054269745
124.81533953308147,196.77956783890062
125.67507023152184,205.40158789318352
126.53480092996222,208.74868368117853
127.3945316284026,205.9559783426279
128.254262326843,210.79305793736887
129.11399302528335,200.15776873716717
129.9737237237237,193.39600574687185
130.8334544221641,183.3545497947365
131.69318512060448,201.7207401846902
132.55291581904487,185.64192889595807
133.41264651748523,217.67271718076833
134.2723772159256,200.64734139124502
135.13210791436597,196.0056249608745
135.99183861280636,204.2865136926845
136.85156931124675,214.72602790576917
137.7113000096871,208.85066767329624
138.57103070812747,183.85264307094357
139.43076140656785,200.80514420880328
140.29049210500824,195.13900501220678
141.15022280344863,196.6102667196629
142.009953501889,209.65821550445173
142.86968420032935,214.43189944259169
143.72941489876973,202.893038264623
144.58914559721012,196.58766578380903
145.4488762956505,215.20756218027896
146.30860699409087,200.8842656824087
147.16833769253125,200.74750127571392
148.0280683909716,200.7170746323511
148.887799089412,197.1516688078896
149.7475297878524,209.06188151267457
150.60726048629274,203.75656304518463
151.46699118473313,200.37752868819547
152.3267218831735,191.3619623765509
153.18645258161388,194.09183561022618
154.04618328005427,202.9306216330984
154.90591397849462,199.76176917983173
155.765644676935,191.62046081860814
156.62537537537537,182.5083174494538
157.48510607381576,182.61760257659407
158.34483677225614,188.0622260496793
159.2045674706965,209.74011497166907
160.0642981691369,196.36949883017732
160.92402886757725,201.88119249902562
161.78375956601764,197.35952770377622
162.64349026445802,196.92205015712392
163.5032209628984,189.82693037466498
164.36295166133877,195.9879059647699
165.22268235977913,187.13338222899594
166.08241305821952,190.8991360094207
166.9421437566599,179.2828702627759
167.8018744551003,194.39593318243462
168.66160515354065,189.2104232933249
169.521335851981,195.3265627231531
170.3810665504214,203.31776026013125
171.24079724886178,196.40678903842186
172.10052794730217,188.04184370619902
172.96025864574253,200.9381897344067
173.8199893441829,199.85610760899908
174.67972004262327,199.6645145135767
175.53945074106366,204.70371273951713
176.39918143950405,176.38483819551732
177.2589121379444,172.67757527028394
178.11864283638477,194.85033082643747
178.97837353482515,193.75505999192956
179.83810423326554,196.4650198299302
180.69783493170593,172.13916451844705
181.55756563014629,176.72430504664865
182.41729632858664,191.59573950623536
183.27702702702703,181.27018341533318
184.13675772546742,187.63171695054402
184.9964884239078,189.55675083429358
185.85621912234816,193.0081768815134
186.71594982078852,174.89214116241638
187.5756805192289,181.331013166503
188.4354112176693,175.19859252271337
189.29514191610966,173.36392685479706
190.15487261455004,177.7171518025416
191.01460331299043,181.03575810996207
191.8743340114308,177.90822754238636
192.73406470987118,183.60811042631272
193.59379540831154,177.14879783809954
194.45352610675192,181.09646553554902
195.3132568051923,192.43987513811857
196.17298750363267,188.93779573149197
197.03271820207306,170.2200554029744
197.89244890051341,169.46862986781272
198.7521795989538,167.87100915792897
199.6119102973942,182.7607720339894
200.47164099583455,170.0850230487659
201.33137169427494,182.90026285002588
202.19110239271532,192.98150134010942
203.05083309115568,174.80352819854727
203.91056378959607,172.89411002541038
204.77029448803643,200.8859334823527
205.63002518647681,171.3060566070791
206.4897558849172,177.29289157127886
207.34948658335756,197.6423751383571
208.20921728179795,188.7411874218383
209.0689479802383,169.8489144095713
209.9286786786787,178.37540010854232
210.78840937711908,176.8776720379186
211.64814007555944,177.13818019920032
212.50787077399983,181.36773281252403
213.36760147244019,182.8283791413902
214.22733217088057,186.58442575070723
215.08706286932096,186.85579906831614
215.94679356776132,176.19294583892952
216.8065242662017,177.80074931474846
217.66625496464206,197.41102617188176
218.52598566308245,194.32325968319307
219.38571636152284,179.59187406218257
220.2454470599632,201.62923395417886
221.10517775840358,196.72902648309167
221.96490845684394,189.67706178093422
222.82463915528433,178.8071774840326
223.68436985372472,183.23799624269378
224.54410055216508,182.9554461350812
225.40383125060546,191.8899149981069
226.26356194904582,201.04459299863956
227.1232926474862,194.10761427925993
227.9830233459266,188.60932539050611
228.84275404436696,200.0106381479455
229.70248474280734,189.1277857722075
230.5622154412477,186.8339092964815
231.4219461396881,185.64359390539602
232.28167683812848,198.36519321266923
233.14140753656883,206.15126303765777
234.00113823500922,209.04893733928103
234.8608689334496,203.7852218232505
235.72059963188997,208.5900235097309
236.58033033033036,198.09819375615115
237.4400610287707,196.4072782533463
238.2997917272111,207.8313414123134
239.1595224256515,198.65055980936333
240.01925312409185,214.85880065793359
240.87898382253223,198.0929618988155
241.7387145209726,196.81924260696286
242.59844521941298,194.88593941378153
243.45817591785337,192.57771171099984
244.31790661629373,183.50597749325334
245.1776373147341,188.82395882686356
246.03736801317447,204.51360527277728
246.89709871161486,213.63346580646981
247.75682941005525,193.27890402468023
248.6165601084956,215.81494841279266
249.476290806936,194.8511829169827
250.33602150537635,204.414775584709
251.19575220381674,202.63246478171732
252.05548290225713,201.50337393470096
252.91521360069748,215.11819557074728
253.77494429913787,206.09169421624574
254.63467499757823,198.42207444795045
255.49440569601862,184.92065016074852
256.35413639445903,192.63288204890773
257.21386709289936,198.9848192090552
258.07359779133975,202.05786470993405
258.93332848978014,200.0170780026384
259.79305918822047,204.9465111963602
260.6527898866609,199.32515662477599
261.51252058510124,197.5025497718345
262.37225128354163,195.4556614125383
263.231981981982,212.29464347604844
264.09171268042235,196.04789159116797
264.9514433788628,200.321319381899
265.8111740773031,192.52066490930588
266.6709047757435,199.1875709691925
267.5306354741839,185.40572389227404
268.3903661726242,194.6476079735432
269.25009687106467,217.47650940676309
270.109827569505,189.94037861510915
270.9695582679454,197.87619481970444
271.8292889663858,194.71092794612488
272.6890196648261,204.27734450213768
273.54875036326655,200.26944080564658
274.4084810617069,204.67011253194113
275.26821176014727,207.63295041806924
276.12794245858765,200.2786338094645
276.987673157028,193.98969640608001
277.84740385546843,208.14378209209417
278.70713455390876,185.87574918601146
279.56686525234915,211.51560024367248
280.42659595078953,192.02355880199408
281.28632664922986,195.98399349185198
282.1460573476703,210.63862251441734
283.00578804611064,200.50436153847
283.865518744551,195.65373653108745
284.7252494429914,207.02415090484703
285.58498014143174,208.9085339249772
286.4447108398722,208.23560190175445
287.3044415383125,182.82972550527143
288.1641722367529,199.74778015132048
289.0239029351933,182.09049652323694
289.8836336336336,200.77213746690964
290.74336433207407,209.56894664468282
291.6030950305144,194.53519735957892
292.4628257289548,190.55630297717266
293.32255642739517,193.39511146139876
294.1822871258355,189.7601139968411
295.04201782427594,196.53902875285323
295.9017485227163,202.4564825083738
296.76147922115666,190.05192532730976
297.62120991959705,207.12376954156792
298.4809406180374,210.00964063120793
299.3406713164778,194.61412411378515
300.20040201491815,189.70553762151565
301.06013271335854,201.30482162836304
301.91986341179893,192.885403990713
302.77959411023926,183.3122952452329
303.6393248086797,201.03397760153203
304.49905550712003,190.43781382538455
305.3587862055604,181.0539616231947
306.2185169040008,184.1084778070948
307.07824760244114,210.44305958871084
307.9379783008816,214.56712356732115
308.7977089993219,199.96995472694465
309.6574396977623,213.57753649902446
310.5171703962027,195.23291686778023
311.376901094643,198.2166765500379
312.23663179308346,214.94267728653983
313.0963624915238,188.20669272790084
313.9560931899642,186.3508121369615
314.81582388840457,211.28403989534928
315.6755545868449,214.308617838196
316.53528528528534,198.75408452641958
317.39501598372567,206.81275799120115
318.2547466821661,212.6833723726306
319.11447738060644,199.9655306264547
319.9742080790468,207.75502841590395
320.8339387774872,198.7813497576422
321.69366947592755,199.98428173739737
322.553400174368,187.43583997062225
323.4131308728083,184.69123914524522
324.27286157124865,208.91888723994484
325.1325922696891,196.35337651530313
325.99232296812943,214.0936381728175
326.8520536665699,211.69572749120175
327.7117843650102,190.39259447351492
328.57151506345053,185.7423706243946
329.431245761891,200.51566497805723
330.2909764603313,193.505148087138
331.15070715877175,191.38470371731418
332.0104378572121,196.79750163073726
332.8701685556524,195.95272731330147
333.72989925409286,190.6265291934133
334.5896299525332,207.12369043690796
335.44936065097363,202.53287261887382
336.30909134941396,206.28691022519982
337.1688220478543,193.209069925238
338.02855274629474,206.8050329180431
338.88828344473507,206.84140398990672
339.7480141431755,200.11648845832164
340.60774484161584,208.1427653116092
341.46747554005617,200.68758050466263
342.3272062384966,207.2472105911627
343.18693693693695,210.8314233945723
344.0466676353774,202.0606601486014
344.9063983338177,207.42818048199953
345.76612903225805,191.02025998367844
346.6258597306985,192.6428179383358
347.4855904291388,206.83187498478156
348.34532112757927,198.09248828124498
349.2050518260196,195.088939567062
350.06478252445993,196.71182515586148
350.9245132229004,194.40755386740443
351.7842439213407,196.92597093370543
352.64397461978115,191.00664840432995
353.5037053182215,198.49646580820962
354.3634360166618,193.90696373064984
355.22316671510225,183.82780563876912
356.0828974135426,182.09156345579208
356.942628111983,193.06809066928193
357.80235881042336,189.78617428262362
358.6620895088637,199.78291562998405
359.52182020730413,198.35960312909714
360.38155090574446,187.46691936564028
361.2412816041849,182.28103916298832
362.10101230262524,187.6760834868631
362.96074300106557,193.9338684447153
363.820473699506,174.95095747049487
364.68020439794634,185.27908137070858
365.5399350963868,190.65986060798312
366.3996657948271,165.05874294998435
367.25939649326745,177.03820750405137
368.1191271917079,192.4626494950473
368.9788578901482,188.73499269979217
369.83858858858866,187.7384754147088
370.698319287029,175.9103639938785
371.5580499854693,168.60613031494378
372.41778068390977,185.42177505710697
373.2775113823501,183.12327706429383
374.13724208079054,175.61627123877338
374.9969727792309,176.5456015986398
375.8567034776712,182.86394754641282
376.71643417611165,182.84524801249825
377.576164874552,179.9370630555325
378.4358955729924,186.0582412418816
379.29562627143275,181.36895273389604
380.1553569698731,170.36401576207206
381.0150876683135,191.90059458266188
381.87481836675386,170.3606794082733
382.7345490651943,183.6064293660459
383.59427976363463,186.46277881403702
384.45401046207496,184.61481467345848
385.3137411605154,179.28328730411505
386.17347185895574,168.90313399783454
387.0332025573962,187.1595973033481
387.8929332558365,177.85090392996932
388.75266395427684,188.18210712516674
389.6123946527173,185.2434175056067
390.4721253511576,197.48169545401436
391.33185604959806,184.61937209577692
392.1915867480384,182.07788376971132
393.0513174464787,179.78570806249286
393.91104814491916,186.3077711272451
394.7707788433595,190.2216950366286
395.63050954179994,193.99133969718957
396.49024024024027,186.6328718898524
397.3499709386806,183.68528118778616
398.20970163712104,205.7269438526115
399.0694323355614,188.33160209303392
399.9291630340018,196.90216589928446
400.78889373244215,185.6674304718122
401.6486244308825,191.54454193006754
402.5083551293229,188.2788321648865
403.36808582776325,185.26914085436454
404.2278165262037,198.295422771697
405.087547224644,176.4743612028068
405.94727792308447,193.97922641075976
406.8070086215248,189.6153854169438
407.66673931996513,193.3846721741682
408.5264700184056,199.00445345631744
409.3862007168459,193.52287965549323
410.24593141528635,189.88040837987205
411.1056621137267,178.4741206988808
411.965392812167,192.25333996756095
412.82512351060745,184.85244174100853
413.6848542090478,191.71867899289566
414.54458490748823,196.21486574102843
415.40431560592856,192.53675367223514
416.2640463043689,203.72706575400218
417.12377700280933,207.75490389169906
417.98350770124966,194.68348256670325
418.8432383996901,190.70994849116653
419.70296909813044,191.12074282452483
420.56269979657077,186.97523904732162
421.4224304950112,211.9521963366522
422.28216119345154,191.60772796843185
423.141891891892,201.67040181480334
424.0016225903323,210.8180250179317
424.86135328877265,186.48309932529787
425.7210839872131,196.16172078322722
426.5808146856534,198.3086004552865
427.44054538409387,202.3851448611647
428.3002760825342,191.0336035798251
429.1600067809745,202.05149655575187
430.01973747941497,212.88365950116173
430.8794681778553,206.77381821466864
431.73919887629575,182.7192096136619
432.5989295747361,210.72886572672
433.4586602731764,201.18537769837232
434.31839097161685,189.3799026276382
435.1781216700572,212.74177245641053
436.0378523684976,205.81620693750617
436.89758306693795,210.94560959123615
437.7573137653783,195.7299326690521
438.61704446381873,183.29687039071456
439.47677516225906,198.26288748930986
440.3365058606995,217.368436249416
441.19623655913983,215.89723488584093
442.05596725758016,200.9178810937789
442.9156979560206,201.46484764500394
443.77542865446094,204.02137053215068
444.6351593529014,204.8002646416355
445.4948900513417,186.67565948441862
446.35462074978204,205.9367257002384
447.2143514482225,201.1028978839603
448.0740821466628,208.52431002881082
448.93381284510326,216.33140459596933
449.7935435435436,198.74637207334615
450.6532742419839,195.46676909232514
451.51300494042437,196.15293509508265
452.3727356388647,212.67263822136428
453.23246633730514,214.6515178988407
454.09219703574547,196.1752772737152
454.9519277341858,199.86049080678708
455.81165843262625,218.73070983112248
456.6713891310666,199.10224178842347
457.531119829507,196.02485809379718
458.39085052794735,192.90915695164946
459.2505812263877,201.46960177484735
460.1103119248281,188.77067138419432
460.97004262326845,211.28088007158965
461.8297733217089,208.5088727495833
462.68950402014923,191.65790576422813
463.54923471858956,203.6156669943753
464.40896541703,194.35597698609897
465.26869611547033,205.18973086711856
466.1284268139108,194.1604108183108
466.9881575123511,199.82783413685982
467.84788821079144,189.09520049156922
468.7076189092319,209.87742217760348
469.5673496076722,197.9511926694416
470.42708030611266,192.33186686597824
471.286811004553,195.0706768081501
472.1465417029933,199.35628249203364
473.00627240143376,203.37098495527533
473.8660030998741,187.63084124460246
474.72573379831454,206.46392547998641
475.58546449675487,205.64231144902635
476.4451951951952,204.97118683982714
477.30492589363564,217.63344473031552
478.16465659207597,201.54482908086422
479.0243872905164,213.875092324343
479.88411798895675,196.22869828069068
480.7438486873971,195.0738899276832
481.6035793858375,212.86632014709244
482.46331008427785,200.47942134711286
483.3230407827183,196.81546517496474
484.1827714811586,197.97371692564496
485.04250217959896,194.14179415672274
485.9022328780394,190.95395346117033
486.76196357647973,211.20698696415556
487.6216942749202,204.46863364715836
488.4814249733605,201.2643920655752
489.34115567180083,217.0015193538634
490.2008863702413,200.869289779684
491.0606170686816,207.06065797622242
491.92034776712205,194.3325311186235
492.7800784655624,201.46910529869635
493.6398091640027,200.0966329541408
494.49953986244316,195.30613103802105
495.3592705608835,192.59656970246527
496.21900125932393,183.3296224759465
497.07873195776426,191.82295946857215
497.9384626562046,201.73412162497016
498.79819335464504,200.9244693030956
499.65792405308537,202.12974980992098
500.5176547515258,199.70992895354192
501.37738544996614,203.64181622956363
502.23711614840647,196.82005819327196
503.0968468468469,209.63678379960743
503.95657754528725,200.0812876101911
504.8163082437277,191.8285840227348
505.676038942168,203.99053230369677
506.53576964060835,211.00943016582846
507.3955003390488,191.78564770303103
508.2552310374891,191.9687429740534
509.11496173592957,200.785415458291
509.9746924343699,212.01647512324618
510.83442313281023,191.84176313551296
511.6941538312507,186.92379117577656
512.553884529691,201.05342330728578
513.4136152281314,183.8133815609924
514.2733459265718,209.57552554477638
515.1330766250121,198.00860409907358
515.9928073234526,203.68002869995826
516.8525380218929,193.60465232995173
517.7122687203333,200.63994079161728
518.5719994187737,207.80431582045338
519.431730117214,203.65763693936248
520.2914608156544,207.48774617637028
521.1511915140948,208.05353113773467
522.0109222125352,192.72637206293717
522.8706529109755,198.66378783187596
523.7303836094159,198.4257967500981
524.5901143078563,182.31799213660418
525.4498450062966,179.8185212721529
526.3095757047371,183.05981868189417
527.1693064031774,210.13306891330993
528.0290371016177,194.77499636207006
528.8887678000582,184.89950820914984
529.7484984984985,185.42188112355012
530.608229196939,180.0677128016993
531.4679598953793,191.5651864917449
532.3276905938197,190.7692919014243
533.1874212922601,182.24317860934107
534.0471519907004,191.2570185940557
534.9068826891408,199.8854509232552
535.7666133875812,203.02827681484916
536.6263440860216,184.06199553558605
537.486074784462,194.41259209026842
538.3458054829023,204.77150860257296
539.2055361813427,195.43197353242718
540.065266879783,197.77645945898485
540.9249975782235,185.19033774305706
541.7847282766638,200.13011124393995
542.6444589751042,186.84949051112088
543.5041896735446,184.48134174926977
544.3639203719849,183.68884918654425
545.2236510704254,185.19305056806485
546.0833817688657,199.65237970209418
546.943112467306,169.59363828547694
547.8028431657465,195.66863219619597
548.6625738641868,195.31506661839268
549.5223045626273,185.07151803426848
550.3820352610676,184.746609401532
551.2417659595079,191.41013678048324
552.1014966579484,197.42519362685647
552.9612273563887,190.30013603866033
553.8209580548291,201.74833998198397
554.6806887532695,179.01964966602353
555.5404194517098,197.3861655454725
556.4001501501502,195.0696047818725
557.2598808485906,175.78209655471744
558.119611547031,183.91694871089885
558.9793422454713,186.19898679372466
559.8390729439117,186.47754021174381
560.6988036423521,190.89605639073972
561.5585343407924,184.85972926783884
562.4182650392329,183.70722133122536
563.2779957376732,189.83557068981304
564.1377264361136,189.8452950430717
564.997457134554,190.75458539621718
565.8571878329943,171.46173466021742
566.7169185314348,183.1484425125558
567.5766492298751,184.85568492486954
568.4363799283154,178.2883964209943
569.2961106267559,185.07294133383672
570.1558413251962,180.06862947507616
571.0155720236367,194.13671634312115
571.875302722077,203.61692663252464
572.7350334205174,184.91227155837458
573.5947641189578,190.30138210187948
574.4544948173981,188.08509931753485
575.3142255158385,190.34537154393414
576.1739562142789,200.59594269159072
577.0336869127193,178.41592872394116
577.8934176111596,188.74851993868091
578.7531483096,189.26116039286944
579.6128790080404,204.03967255905278
580.4726097064807,189.27951396344906
581.3323404049212,188.11929315577717
582.1920711033615,180.21091710509822
583.0518018018018,191.55868971665282
583.9115325002423,185.22466366742427
584.7712631986826,190.16389724800462
585.6309938971231,188.01184035454006
586.4907245955634,198.72899707291486
587.3504552940037,191.03135918581393
588.2101859924442,205.2927927206617
589.0699166908845,194.99049997746033
589.9296473893249,182.7019454228996
590.7893780877653,205.44214553323636
591.6491087862056,194.59196460042332
592.508839484646,186.34293451722016
593.3685701830864,197.73935436245517
594.2283008815268,187.75195643800362
595.0880315799672,191.16907372800662
595.9477622784075,198.734784683324
596.8074929768479,209.38019773169975
597.6672236752883,190.81039552073995
598.5269543737287,197.85749700442028
599.386685072169,208.89185452915257
600.2464157706094,198.36080870224578
601.1061464690498,219.24035726095155
601.9658771674901,211.00537901027687
602.8256078659306,206.76647691390193
603.6853385643709,201.43907065909815
604.5450692628112,196.7600821241713
605.4047999612517,213.70924116996792
606.264530659692,199.89122935965423
607.1242613581325,203.5225381193829
607.9839920565728,200.09910313686055
608.8437227550131,207.1552164100265
609.7034534534536,202.57956277928517
610.5631841518939,207.6446616121848
611.4229148503343,191.79069389231074
612.2826455487747,200.3890944789785
613.142376247215,200.43850035848087
614.0021069456554,195.52889760095314
614.8618376440958,188.27081811901246
615.7215683425362,189.2929952416847
616.5812990409765,214.5025288493503
617.4410297394169,191.56329471591633
618.3007604378573,194.0881148824363
619.1604911362977,200.71068588824158
620.0202218347381,193.9864934727098
620.8799525331784,189.69376526969504
621.7396832316188,182.7522596120535
622.5994139300592,210.17254573018008
623.4591446284995,214.15316210745274
624.31887532694,212.56164021288683
625.1786060253803,209.35463887862153
626.0383367238207,201.13320948712752
626.8980674222611,194.61124364398702
627.7577981207014,204.1285813005514
628.6175288191419,200.90796186569509
629.4772595175822,211.10798018773454
630.3369902160226,204.4635629713894
631.196720914463,185.22241961519927
632.0564516129033,201.07104280652288
632.9161823113437,204.66013710713472
633.7759130097841,195.17749344658756
634.6356437082245,193.56961792635977
635.4953744066648,200.88737377433483
636.3551051051052,191.11484658597385
637.2148358035456,198.70448600323215
638.0745665019859,216.99089487008456
638.9342972004264,201.6671598795478
639.7940278988667,187.56813956994972
640.653758597307,190.17085982266377
641.5134892957475,194.77767303279643
642.3732199941878,212.792011327256
643.2329506926283,193.7670111621807
644.0926813910686,210.23307175588178
644.9524120895089,204.95093313095185
645.8121427879494,202.8584848106583
646.6718734863897,185.56998040910003
647.5316041848301,197.16709842953316
648.3913348832705,186.40745554195374
649.2510655817108,197.61235446123942
650.1107962801512,213.10777435598666
650.9705269785916,198.43432967807897
651.830257677032,210.2566581223246
652.6899883754724,209.01176468799147
653.5497190739127,200.36099628654785
654.4094497723531,204.007467058067
655.2691804707935,204.64593847357548
656.1289111692339,197.11972433942086
656.9886418676742,200.18835375874764
657.8483725661146,201.04153263858822
658.708103264555,205.6961733548477
659.5678339629953,206.41467587953795
660.4275646614358,200.10255809624462
661.2872953598761,200.81048736629026
662.1470260583164,199.31947486924363
663.0067567567569,201.16294191266138
663.8664874551972,207.473563694172
664.7262181536377,192.35486471810356
665.585948852078,200.18684058958044
666.4456795505183,208.16252831374774
667.3054102489588,195.32316678300938
668.1651409473991,190.64197821825806
669.0248716458395,200.22777219863605
669.8846023442799,207.6592855131545
670.7443330427202,207.32905878213342
671.6040637411606,194.85323685049866
672.463794439601,213.10610392135786
673.3235251380414,210.53060078417943
674.1832558364817,204.34946548656026
675.0429865349221,200.65577610283452
675.9027172333625,191.02289003629775
676.7624479318029,186.6388788959386
677.6221786302433,200.73348867715674
678.4819093286836,209.2871584641803
679.341640027124,190.44246335767673
680.2013707255644,209.51135466775992
681.0611014240047,204.01471632861404
681.9208321224452,190.4319035056424
682.7805628208855,193.7260544881393
683.6402935193258,215.2326168553751
684.5000242177663,191.07684942127662
685.3597549162066,214.15004684376873
686.219485614647,183.2973762221314
687.0792163130874,210.10484445817525
687.9389470115277,208.72182395564292
688.7986777099682,210.7722271689652
689.6584084084085,200.85983071074438
690.5181391068489,200.63826449041616
691.3778698052893,211.29907143660435
692.2376005037296,184.81757185556341
693.09733120217,194.97358998844635
693.9570619006104,193.4344744118911
694.8167925990508,205.414864557656
695.6765232974911,209.82408557590261
696.5362539959315,193.0822708572394
697.3959846943719,210.36474898956314
698.2557153928122,200.20504277549563
699.1154460912527,190.5372975407685
699.975176789693,200.1723854842652
700.8349074881334,199.89838794238673
701.6946381865738,193.50928566343117
702.5543688850141,211.1606316345009
703.4140995834546,213.2938860705806
704.2738302818949,187.83250273302613
705.1335609803352,202.50090368257085
705.9932916787757,193.89696853642326
706.853022377216,210.8961669901792
707.7127530756565,183.69864706037177
708.5724837740968,181.75793566552267
709.4322144725371,188.83871662141115
710.2919451709776,199.65386323651975
711.1516758694179,208.2788242153147
712.0114065678583,201.79173334640643
712.8711372662987,199.32325047820953
713.730867964739,199.98654954734556
714.5905986631794,206.59400354743028
715.4503293616198,178.65457668983944
716.3100600600602,192.11050351853848
717.1697907585005,191.29006523713122
718.0295214569409,201.00238694195204
718.8892521553813,179.3398853824505
719.7489828538216,176.08722434989224
720.6087135522621,196.34084484892162
721.4684442507024,186.09735893551954
722.3281749491427,174.93373196037558
723.1879056475832,187.98198194176544
724.0476363460235,187.41657651514276
724.907367044464,178.6724764157386
725.7670977429043,179.9823956729061
726.6268284413446,187.29737048096592
727.4865591397851,199.6169112129537
728.3462898382254,186.1246510599131
729.2060205366658,184.80232280490966
730.0657512351062,174.46896630931093
730.9254819335465,188.93658038500578
731.785212631987,173.99769393323385
732.6449433304273,189.3085824998511
733.5046740288677,181.74780545164862
734.364404727308,194.90789321202232
735.2241354257484,175.79116511586543
736.0838661241888,180.72696603682297
736.9435968226292,195.56255365842554
737.8033275210696,179.38005408366428
738.6630582195099,193.41042154844104
739.5227889179503,199.043990040496
740.3825196163907,184.30559241350008
741.242250314831,198.63172442383274
742.1019810132715,180.8367996717027
742.9617117117118,194.8960668167008
743.8214424101521,197.72925363998775
744.6811731085926,177.75094253294083
745.5409038070329,178.3110107298866
746.4006345054734,183.39325101911706
747.2603652039137,190.44704940905862
748.120095902354,193.26844719199786
748.9798266007945,188.79544057001206
749.8395572992348,176.49366603519283
750.6992879976752,185.29162578298258
751.5590186961156,188.6297996575486
752.418749394556,195.78693898974888
753.2784800929963,191.01479046779147
754.1382107914367,189.30810200826332
754.9979414898771,181.03593978194323
755.8576721883175,179.27336611507727
756.7174028867579,175.01824649045017
757.5771335851982,191.26688037312945
758.4368642836386,176.49446347337866
759.296594982079,182.639499022537
760.1563256805193,168.32400225151628
761.0160563789598,186.6246300000389
761.8757870774001,198.60502925586778
762.7355177758404,196.9322359377041
763.5952484742809,185.05834971160309
764.4549791727212,184.80969535191284
765.3147098711617,181.24263941350884
766.174440569602,190.13465102861858
767.0341712680423,180.39649005938733
767.8939019664828,184.24633830070871
768.7536326649231,190.9379542508024
769.6133633633635,197.61262044869753
770.4730940618039,179.04652072059025
771.3328247602442,192.1039191609197
772.1925554586846,185.93362586181857
773.052286157125,194.24320754596215
773.9120168555654,210.8217178221892
774.7717475540057,214.01899251969877
775.6314782524461,186.49894742759287
776.4912089508865,197.6695867128829
777.3509396493268,211.1075438346154
778.2106703477673,201.27858298019856
779.0704010462076,213.80825033123713
779.930131744648,194.5030856872388
780.7898624430884,204.46908981535026
781.6495931415287,215.9401241074484
782.5093238399692,198.7408228942174
783.3690545384095,210.0677257523657
784.2287852368498,211.32093655657823
785.0885159352903,182.27167389258986
785.9482466337306,201.02789542788838
786.807977332171,206.21405272144378
787.6677080306114,201.13013585041858
788.5274387290517,207.61297458876052
789.3871694274922,196.46162910233335
790.2469001259325,210.31680251162422
791.1066308243729,205.5745141051578
791.9663615228133,210.1639804353189
792.8260922212536,208.0365696465674
793.685822919694,209.17492632416835
794.5455536181344,202.25881251247938
795.4052843165748,200.0517072316669
796.2650150150151,198.12671358950035
797.1247457134555,200.76519044044068
797.9844764118959,196.82820909643212
798.8442071103362,188.85261249094683
799.7039378087767,200.70093885088966
800.563668507217,214.03162651985105
801.4233992056573,200.68999064238628
802.2831299040978,193.57571481230775
803.1428606025381,191.88995966767249
804.0025913009786,200.28032932290603
804.8623219994189,199.23247728213278
805.7220526978592,204.30530269567618
806.5817833962997,210.49356465944362
807.44151409474,192.9377212175511
808.3012447931804,194.88380003251075
809.1609754916208,206.35544091467648
810.0207061900611,200.80490209137542
810.8804368885015,209.81132561913026
811.7401675869419,213.13908426943158
812.5998982853823,206.52553427502204
813.4596289838227,202.66369679994875
814.319359682263,191.95286946432458
815.1790903807034,217.1470991011549
816.0388210791438,200.867570254694
816.8985517775842,190.53230059995585
817.7582824760245,207.25396499241333
818.6180131744649,207.68706337227746
819.4777438729053,198.67760210577015
820.3374745713456,210.67495216042457
821.1972052697861,206.7024663349008
822.0569359682264,201.0588032597082
822.9166666666667,196.41546885158405
823.7763973651072,200.67672776213132
824.6361280635475,212.19959642461217
825.495858761988,203.7181521139071
826.3555894604283,199.41895814431138
827.2153201588686,206.0846431503656
828.0750508573091,218.18945894188604
828.9347815557494,208.12701162345266
829.7945122541898,188.70044181231953
830.6542429526302,207.32458291333683
831.5139736510705,190.48204392040861
832.373704349511,198.03462124147296
833.2334350479513,211.0857829539526
834.0931657463917,201.83909787097735
834.952896444832,207.0783880039597
835.8126271432724,216.36771303105976
836.6723578417128,210.18166912408074
837.5320885401532,205.211249846798
838.3918192385936,207.3110017128661
839.2515499370339,213.9806657468985
840.1112806354743,200.98940341945536
840.9710113339147,195.36020561443326
841.830742032355,216.76953689999692
842.6904727307955,208.2478414857785
843.5502034292358,195.71436459172466
844.4099341276761,193.67556780700858
845.2696648261166,202.5027010427567
846.1293955245569,202.47740837675312
846.9891262229974,185.66606770185453
847.8488569214377,200.83719329849174
848.708587619878,206.80902147764277
849.5683183183185,207.79504339433092
850.4280490167588,215.57587873027163
851.2877797151992,210.37495327574518
852.1475104136396,201.85544854909952
853.0072411120799,207.80506047821498
853.8669718105203,207.48413517253897
854.7267025089607,204.2256934805085
855.5864332074011,214.7564241903597
856.4461639058414,214.2740304492861
857.3058946042818,212.14108556102144
858.1656253027222,207.77620074054065
859.0253560011625,200.66516570020792
859.885086699603,208.25548528863243
860.7448173980433,196.0410769848206
861.6045480964837,197.8459322952171
862.4642787949241,197.6916747672119
863.3240094933644,185.45533324242874
864.1837401918049,208.08780054766527
865.0434708902452,202.3992741097612
865.9032015886855,194.242656500707
866.762932287126,196.8953793277905
867.6226629855663,209.70756271195722
868.4823936840068,210.7994946705024
869.3421243824471,212.76557132908687
870.2018550808874,202.97423796501283
871.0615857793279,195.53282817801414
871.9213164777682,203.2824691571604
872.7810471762086,204.0361748434891
873.640777874649,215.80558297822844
874.5005085730893,210.18083313128977
875.3602392715297,201.74294849776592
876.2199699699701,199.13049985939656
877.0797006684105,211.218477617203
877.9394313668508,199.3916606044813
878.7991620652913,201.75910995230458
879.6588927637316,202.8187087374668
880.518623462172,204.14329386346546
881.3783541606124,200.97006120235073
882.2380848590527,207.22448985985312
883.0978155574932,210.10179592372089
883.9575462559335,190.19077526125142
884.8172769543738,200.31142758335196
885.6770076528143,188.06002493867587
886.5367383512546,194.60381306294636
887.396469049695,205.49882523426055
888.2561997481354,190.1331505043566
889.1159304465757,191.05723032236554
889.9756611450161,201.656591862744
890.8353918434565,192.89044004076132
891.6951225418969,205.1960964625043
892.5548532403373,197.6208440218134
893.4145839387776,209.30222587455452
894.274314637218,213.83058870250218
895.1340453356584,217.56747417772078
895.9937760340988,208.2049035253977
896.8535067325391,209.96643793999613
897.7132374309795,213.85545010461837
898.5729681294199,192.80884194454342
899.4326988278602,194.0722857561137
900.2924295263007,192.5416639743443
901.152160224741,201.9390153102818
902.0118909231813,193.46956681509576
902.8716216216218,206.89818367320476
903.7313523200621,194.90313674747833
904.5910830185026,193.5324440989744
905.4508137169429,216.92706217175459
906.3105444153832,206.76573506131834
907.1702751138237,190.58739057123086
908.030005812264,205.83956586269434
908.8897365107044,201.89312783601724
909.7494672091448,204.93759710723228
910.6091979075851,209.81539316830197
911.4689286060255,212.47577558383455
912.3286593044659,191.6490896887022
913.1883900029063,198.4515246016965
914.0481207013466,201.4105388501164
914.907851399787,218.03827217586596
915.7675820982274,201.16616936555377
916.6273127966678,209.24473812389482
917.4870434951082,193.26032581762072
918.3467741935485,211.68256947430555
