59.4758064516129,214.36737323146764
60.33553715005327,214.2029716603379
61.19526784849365,201.25674269634865
62.05499854693402,194.34089430934552
62.9147292453744,191.59253775344916
63.774459943814776,197.5547104089612
64.63419064225515,198.97561501410001
65.49392134069552,206.4410244717515
66.35365203913591,198.42102804554054
67.21338273757628,186.4132304189156
68.07311343601665,211.92931173131313
68.93284413445703,193.07844652413664
69.7925748328974,199.32065995120752
70.65230553133779,207.13409895863666
71.51203622977816,199.31657322531748
72.37176692821853,200.63111941413018
73.2314976266589,200.58266610495656
74.0912283250993,190.22000717729748
74.95095902353967,188.4530720873607
75.81068972198004,214.04490150318176
76.67042042042041,202.92772677686102
77.5301511188608,209.4126674313384
78.38988181730117,196.13376628427977
79.24961251574155,200.30879703412631
80.10934321418192,186.90994742951833
80.96907391262229,215.23086981723543
81.82880461106268,190.4740311123166
82.68853530950305,200.23194341654118
83.54826600794343,213.32501929619048
84.4079967063838,215.10551423527636
85.26772740482417,191.66300843901007
86.12745810326456,200.2140406197101
86.98718880170493,212.83645971534546
87.8469195001453,188.65792657953048
88.70665019858568,198.62498307341409
89.56638089702605,209.27743065358015
90.42611159546644,196.99294486236255
91.28584229390681,214.23056130823127
92.14557299234718,189.00790378318115
93.00530369078756,187.20102817012693
93.86503438922793,207.79754034328508
94.72476508766832,215.450293116309
95.58449578610869,204.48185683452954
96.44422648454906,216.42776513823557
97.30395718298945,206.01566167131944
98.16368788142981,200.29120987846014
99.0234185798702,200.29283710032385
99.88314927831057,198.84904303413367
100.74287997675094,191.25936229364996
101.60261067519133,209.33101921757736
102.46234137363169,200.29174520361246
103.32207207207207,196.68882040660745
104.18180277051245,188.23482481268468
105.04153346895282,201.70077510934402
105.90126416739321,184.53125499235023
106.76099486583357,208.21283435866076
107.62072556427395,209.83131161427858
108.48045626271433,195.49997902447222
109.3401869611547,213.60868812808363
110.19991765959509,196.96974776735735
111.05964835803545,207.2644580970217
111.91937905647583,210.36586179950567
112.7791097549162,201.56659244491277
113.63884045335658,189.9470300281807
114.49857115179697,205.93281306601867
115.35830185023732,196.05187904471396
116.21803254867771,191.4537891574477
117.07776324711809,199.06604999491807
117.93749394555846,209.67253922931366
118.79722464399885,190.79011941519582
119.65695534243922,192.6264430409156
120.51668604087959,205.58468474787608
121.37641673931996,206.47342419681485
122.23614743776034,205.69369839016463
123.09587813620072,202.74365631956545
123.9556088346411,189.33508348524975
124.81533953308147,218.32899151308143
125.67507023152184,205.7709929100523
126.53480092996222,204.51724376546068
127.3945316284026,190.2455002085108
128.254262326843,201.4696658907058
129.11399302528335,211.84930233445058
129.9737237237237,209.94768170932474
130.8334544221641,203.14052045183666
131.69318512060448,192.90083111522887
132.55291581904487,213.11014345502622
133.41264651748523,209.3254953308866
134.2723772159256,210.094463508893
135.13210791436597,210.38971052532472
135.99183861280636,195.20696872959456
136.85156931124675,208.8571273994861
137.7113000096871,211.22769865280415
138.57103070812747,190.7348644714861
139.43076140656785,195.32625215037564
140.29049210500824,211.45620481762725
141.15022280344863,195.8788561638521
142.009953501889,188.83517937703667
142.86968420032935,193.67900220571994
143.72941489876973,186.90140622246798
144.58914559721012,200.8492527593899
145.4488762956505,200.8319879875862
146.30860699409087,203.60902546450242
147.16833769253125,199.8681909280328
148.0280683909716,197.10236866582568
148.887799089412,218.09730431088306
149.7475297878524,214.0816365795635
150.60726048629274,195.22243348754537
151.46699118473313,186.61497823830936
152.3267218831735,210.54752005986063
153.18645258161388,200.1089839217433
154.04618328005427,208.67490687943032
154.90591397849462,204.58860957064806
155.765644676935,199.5551277142637
156.62537537537537,199.32457104297208
157.48510607381576,200.90610495076007
158.34483677225614,198.78603465527155
159.2045674706965,198.47521622488938
160.0642981691369,195.5904629267775
160.92402886757725,197.7633821061283
161.78375956601764,197.35952770377622
162.64349026445802,189.28988469050788
163.5032209628984,205.18888296792153
164.36295166133877,196.86907518964594
165.22268235977913,209.57306092439603
166.08241305821952,195.1041016171901
166.9421437566599,182.40414394657412
167.8018744551003,190.65188945621168
168.66160515354065,188.58684663426672
169.521335851981,193.78886663714056
170.3810665504214,192.55983139836553
171.24079724886178,212.25014935282186
172.10052794730217,192.7374299062107
172.96025864574253,192.27380746581403
173.8199893441829,188.3114011116003
174.67972004262327,191.0638617852285
175.53945074106366,197.86410131437228
176.39918143950405,181.5509155847738
177.2589121379444,199.65892994082665
178.11864283638477,193.66757052974853
178.97837353482515,206.24870599394114
179.83810423326554,195.95530746637826
180.69783493170593,192.03066420376564
181.55756563014629,174.7693901487545
182.41729632858664,187.05159245324927
183.27702702702703,188.52229529492598
184.13675772546742,184.58559257902633
184.9964884239078,186.45612064082974
185.85621912234816,171.75708541346114
186.71594982078852,193.56652704706823
187.5756805192289,194.86242990311604
188.4354112176693,185.92740232375243
189.29514191610966,183.84757143982685
190.15487261455004,187.13591697711394
191.01460331299043,197.42382917952008
191.8743340114308,182.9715348376934
192.73406470987118,182.50933468222388
193.59379540831154,191.6260170511895
194.45352610675192,181.4490036670164
195.3132568051923,188.80553740389317
196.17298750363267,201.5719195948547
197.03271820207306,190.78831015527072
197.89244890051341,182.81443258193698
198.7521795989538,175.85338431406606
199.6119102973942,182.7607720339894
200.47164099583455,189.374278378795
201.33137169427494,182.90026285002588
202.19110239271532,182.4820780500215
203.05083309115568,183.19710328758106
203.91056378959607,183.74574284181233
204.77029448803643,186.91427254085207
205.63002518647681,180.0533051490383
206.4897558849172,190.7930471787073
207.34948658335756,166.51140261511162
208.20921728179795,184.67370490470472
209.0689479802383,186.22692752860343
209.9286786786787,172.19504064603152
210.78840937711908,185.15432923970002
211.64814007555944,185.79039664671842
212.50787077399983,201.70129487346333
213.36760147244019,183.02838163533266
214.22733217088057,187.4295930893672
215.08706286932096,182.49838982758055
215.94679356776132,178.25349277157468
216.8065242662017,188.05512429974513
217.66625496464206,194.59068176917128
218.52598566308245,180.5308035215917
219.38571636152284,192.53719334688773
220.2454470599632,192.1152389044636
221.10517775840358,192.36449661323098
221.96490845684394,195.14287374600252
222.82463915528433,187.14656358261925
223.68436985372472,192.59414194461175
224.54410055216508,194.73441716948415
225.40383125060546,196.8395600507316
226.26356194904582,178.76448101052856
227.1232926474862,203.08099070554792
227.9830233459266,192.46121283508583
228.84275404436696,197.66858240382885
229.70248474280734,204.35866149301458
230.5622154412477,178.70744313710318
231.4219461396881,201.37668354099634
232.28167683812848,205.15233738127654
233.14140753656883,191.58680857324993
234.00113823500922,187.44239324044568
234.8608689334496,203.614256076644
235.72059963188997,190.3754936576862
236.58033033033036,211.47187321625339
237.4400610287707,194.05223783442088
238.2997917272111,207.90758085374972
239.1595224256515,200.03023243240247
240.01925312409185,197.6717999545282
240.87898382253223,212.97887859929182
241.7387145209726,197.5687319293002
242.59844521941298,208.96105093345003
243.45817591785337,200.26253336796537
244.31790661629373,204.82588247449064
245.1776373147341,191.4528331023185
246.03736801317447,200.10867510452718
246.89709871161486,200.95469784505772
247.75682941005525,209.94150949324725
248.6165601084956,205.0979438701589
249.476290806936,198.4594913173646
250.33602150537635,199.77188093484224
251.19575220381674,194.0857657493199
252.05548290225713,211.1164153580912
252.91521360069748,198.49711942353807
253.77494429913787,199.73107045427133
254.63467499757823,208.09386856944894
255.49440569601862,182.1376673067332
256.35413639445903,217.68935286845488
257.21386709289936,200.39100426869294
258.07359779133975,186.10259997485545
258.93332848978014,193.53799405186297
259.79305918822047,197.47144803929552
260.6527898866609,196.08644872842282
261.51252058510124,188.85310615430015
262.37225128354163,203.5363277425365
263.231981981982,200.27426394929853
264.09171268042235,207.71177123959302
264.9514433788628,189.97230717931285
265.8111740773031,192.172665410533
266.6709047757435,208.57261676701208
267.5306354741839,186.82707968613386
268.3903661726242,207.99957466059837
269.25009687106467,200.31976482402072
270.109827569505,200.30874131906944
270.9695582679454,200.29698210022732
271.8292889663858,218.03096205456438
272.6890196648261,194.6536346541068
273.54875036326655,188.2379762415023
274.4084810617069,203.48597064443976
275.26821176014727,212.1933962095884
276.12794245858765,202.3340484257781
276.987673157028,186.70590903968613
277.84740385546843,214.5432007588016
278.70713455390876,187.2721320244308
279.56686525234915,189.04697720059957
280.42659595078953,203.09028478696322
281.28632664922986,217.53866535244617
282.1460573476703,195.99180923668166
283.00578804611064,214.46659331131374
283.865518744551,204.8842423880759
284.7252494429914,212.2660372195087
285.58498014143174,201.93367331248396
286.4447108398722,217.42391659561605
287.3044415383125,194.56453887164548
288.1641722367529,202.09615072645576
289.0239029351933,181.85547633604122
289.8836336336336,208.41762712877951
290.74336433207407,190.99762297607242
291.6030950305144,200.80729135044047
292.4628257289548,200.81658343219274
293.32255642739517,201.03845776641688
294.1822871258355,208.614169028191
295.04201782427594,202.04288285577172
295.9017485227163,201.30009313763915
296.76147922115666,200.75565637838255
297.62120991959705,214.85885094991067
298.4809406180374,200.67877008098574
299.3406713164778,189.26562735750088
300.20040201491815,191.23393021995898
301.06013271335854,194.0459432613023
301.91986341179893,204.2227302869572
302.77959411023926,186.54141924506695
303.6393248086797,203.48564921054574
304.49905550712003,193.13706745053634
305.3587862055604,207.91364712026336
306.2185169040008,209.94142230005704
307.07824760244114,194.21795782731263
307.9379783008816,192.6346562597247
308.7977089993219,200.43945933673425
309.6574396977623,200.2001369723069
310.5171703962027,194.06446496443849
311.376901094643,195.88873540521033
312.23663179308346,199.79349040338468
313.0963624915238,200.63445828575456
313.9560931899642,189.98860542770137
314.81582388840457,200.11425518001784
315.6755545868449,208.19230922695374
316.53528528528534,207.77109270871424
317.39501598372567,190.33561755385142
318.2547466821661,198.44909946999562
319.11447738060644,199.8291878424974
319.9742080790468,204.82218310981477
320.8339387774872,198.45430590834965
321.69366947592755,205.04858104343538
322.553400174368,203.59193858079433
323.4131308728083,196.6270128426939
324.27286157124865,190.70394602331496
325.1325922696891,200.23738032023803
325.99232296812943,217.82957726575904
326.8520536665699,191.38081318151688
327.7117843650102,193.5786115432542
328.57151506345053,198.2675403774571
329.431245761891,200.51566497805723
330.2909764603313,198.16930213224535
331.15070715877175,207.93176054563259
332.0104378572121,209.94817818910187
332.8701685556524,208.66509196424914
333.72989925409286,187.80367622526794
334.5896299525332,212.24491501733405
335.44936065097363,190.47248811788143
336.30909134941396,189.4663005085874
337.1688220478543,203.77246208358662
338.02855274629474,215.0174242136752
338.88828344473507,211.5183192961751
339.7480141431755,207.3012382732239
340.60774484161584,213.2878818133657
341.46747554005617,187.8381218773871
342.3272062384966,208.75391864071165
343.18693693693695,195.3833306380181
344.0466676353774,199.94301057195926
344.9063983338177,204.896740241981
345.76612903225805,197.9583862622275
346.6258597306985,191.20254101647436
347.4855904291388,196.71582793676188
348.34532112757927,195.95312414637678
349.2050518260196,189.16290837736167
350.06478252445993,194.97387148911483
350.9245132229004,183.70449363935265
351.7842439213407,181.864846084559
352.64397461978115,182.56347122068814
353.5037053182215,179.2168074803225
354.3634360166618,191.04488630877967
355.22316671510225,198.2557675871425
356.0828974135426,182.3488920946769
356.942628111983,195.6942666104752
357.80235881042336,172.74757627858503
358.6620895088637,189.18596135016972
359.52182020730413,179.49954105088767
360.38155090574446,203.15494479048778
361.2412816041849,182.65245576094617
362.10101230262524,188.60310824271716
362.96074300106557,190.3452546037896
363.820473699506,194.51443491991537
364.68020439794634,184.52356464009216
365.5399350963868,188.3998350721441
366.3996657948271,177.32265874025785
367.25939649326745,171.52265594798723
368.1191271917079,185.65446975846316
368.9788578901482,184.06582000660913
369.83858858858866,183.83927610084586
370.698319287029,168.62165928219804
371.5580499854693,178.46805485211536
372.41778068390977,187.43407716361324
373.2775113823501,188.11282723603873
374.13724208079054,173.7856601272215
374.9969727792309,178.3734175439438
375.8567034776712,173.90137423860253
376.71643417611165,184.47223598933522
377.576164874552,187.9003679696329
378.4358955729924,177.1376944973933
379.29562627143275,185.61891280192415
380.1553569698731,190.55605208435384
381.0150876683135,182.3344533779547
381.87481836675386,189.29662521384648
382.7345490651943,196.84352735306334
383.59427976363463,180.85230076571463
384.45401046207496,203.55650354400558
385.3137411605154,189.6328927136767
386.17347185895574,190.8831475539675
387.0332025573962,183.39282588742245
387.8929332558365,175.10428956024072
388.75266395427684,173.6015037955556
389.6123946527173,195.59562600371908
390.4721253511576,180.2691376425828
391.33185604959806,195.8403055694277
392.1915867480384,191.72243821172918
393.0513174464787,196.08278164876708
393.91104814491916,170.47957885509118
394.7707788433595,192.49587881360821
395.63050954179994,189.79133343748828
396.49024024024027,199.0443044293867
397.3499709386806,195.95701213969159
398.20970163712104,187.29819538650304
399.0694323355614,178.05676476348185
399.9291630340018,172.82826967434175
400.78889373244215,177.57977964514552
401.6486244308825,169.37180768092426
402.5083551293229,188.2788321648865
403.36808582776325,197.61419806206638
404.2278165262037,187.73647909889064
405.087547224644,195.44233468515205
405.94727792308447,206.09112474012431
406.8070086215248,189.6153854169438
407.66673931996513,192.63540875045018
408.5264700184056,188.60766198769537
409.3862007168459,186.02849477412556
410.24593141528635,190.61891547193423
411.1056621137267,199.128025223974
411.965392812167,192.25333996756095
412.82512351060745,192.83676204708848
413.6848542090478,211.96527986738528
414.54458490748823,179.86826377086453
415.40431560592856,202.56539495992467
416.2640463043689,189.47747278642672
417.12377700280933,196.00781147530913
417.98350770124966,197.05494176071272
418.8432383996901,197.21446056448332
419.70296909813044,187.02166228027536
420.56269979657077,198.64550547651794
421.4224304950112,203.81809338578418
422.28216119345154,192.1563540791984
423.141891891892,185.9281652998115
424.0016225903323,219.06904178346133
424.86135328877265,199.54912892207415
425.7210839872131,201.8574375306679
426.5808146856534,210.40674597728912
427.44054538409387,200.64133005551088
428.3002760825342,193.82166663239792
429.1600067809745,192.76017959690233
430.01973747941497,192.13013504321603
430.8794681778553,212.9266599369157
431.73919887629575,208.6815151509292
432.5989295747361,186.6229453294326
433.4586602731764,201.84664674392164
434.31839097161685,201.20693137159773
435.1781216700572,218.4931319274698
436.0378523684976,202.50959802088462
436.89758306693795,208.45879814721573
437.7573137653783,213.8741224121402
438.61704446381873,197.72562127953006
439.47677516225906,205.3931663626808
440.3365058606995,192.17084232442232
441.19623655913983,201.3572000480495
442.05596725758016,187.56123278772338
442.9156979560206,198.08189477041205
443.77542865446094,189.95577455372984
444.6351593529014,201.59563412117058
445.4948900513417,202.2326461941804
446.35462074978204,195.36658495895773
447.2143514482225,206.16026185867867
448.0740821466628,207.97279323583766
448.93381284510326,208.0453903106157
449.7935435435436,211.97713240769997
450.6532742419839,206.67430652117287
451.51300494042437,210.09142354465678
452.3727356388647,194.73703916948682
453.23246633730514,198.1451478539356
454.09219703574547,196.21440536777877
454.9519277341858,207.6039539990673
455.81165843262625,192.3113299317749
456.6713891310666,201.73313013707102
457.531119829507,201.6102886706526
458.39085052794735,210.67953735017173
459.2505812263877,203.21986005577853
460.1103119248281,201.16756839500877
460.97004262326845,201.0107726318464
461.8297733217089,216.0749176343245
462.68950402014923,200.71126491612756
463.54923471858956,200.5778587360801
464.40896541703,208.45739604298663
465.26869611547033,196.33033822820377
466.1284268139108,194.04424267161684
466.9881575123511,194.14341545200043
467.84788821079144,195.73983191273499
468.7076189092319,204.35767902889833
469.5673496076722,195.34666216351116
470.42708030611266,215.63629782973553
471.286811004553,204.11954639439594
472.1465417029933,190.02602269303625
473.00627240143376,190.21126498969215
473.8660030998741,206.67206231291638
474.72573379831454,190.5696446686009
475.58546449675487,196.11316054769702
476.4451951951952,216.15318364938437
477.30492589363564,185.91629043403756
478.16465659207597,206.349106788397
479.0243872905164,189.6294227656571
479.88411798895675,187.71676258982666
480.7438486873971,197.69073806783246
481.6035793858375,203.91189079169033
482.46331008427785,201.9280130286347
483.3230407827183,201.93153415286307
484.1827714811586,201.90260737554223
485.04250217959896,194.32584133677534
485.9022328780394,213.85868333046758
486.76196357647973,197.30417974680796
487.6216942749202,213.11089380765648
488.4814249733605,187.64789899105972
489.34115567180083,208.4618989325526
490.2008863702413,216.03446773060247
491.0606170686816,189.2690914038675
491.92034776712205,189.4089160148425
492.7800784655624,187.41928244568737
493.6398091640027,189.53257160218024
494.49953986244316,206.77842746550084
495.3592705608835,211.34852779423574
496.21900125932393,195.74104851727648
497.07873195776426,200.47664964286727
497.9384626562046,189.2812285965198
498.79819335464504,209.88146872340846
499.65792405308537,200.76246941354086
500.5176547515258,191.7813072349982
501.37738544996614,187.72924152720375
502.23711614840647,208.4747677575123
503.0968468468469,212.6077581405467
503.95657754528725,212.9401357036503
504.8163082437277,209.8588874306917
505.676038942168,210.1529780240201
506.53576964060835,200.44497850010217
507.3955003390488,195.89898725032577
508.2552310374891,212.8005303800008
509.11496173592957,186.13103646962432
509.9746924343699,214.42022680518966
510.83442313281023,206.4573314617631
511.6941538312507,206.63428915059274
512.553884529691,201.05342330728578
513.4136152281314,195.02288560763364
514.2733459265718,193.05816013629072
515.1330766250121,201.87525784350422
515.9928073234526,208.29386655407976
516.8525380218929,200.8008770054659
517.7122687203333,219.19960100110512
518.5719994187737,203.77530264089992
519.431730117214,208.46082906504617
520.2914608156544,194.18918390806775
521.1511915140948,208.17813092266508
522.0109222125352,206.2619619659595
522.8706529109755,201.36755173409685
523.7303836094159,200.23416744574908
524.5901143078563,197.58831635824004
525.4498450062966,192.7590083469038
526.3095757047371,192.35690778925664
527.1693064031774,195.56084787012526
528.0290371016177,194.77499636207006
528.8887678000582,209.66037569596517
529.7484984984985,205.3147511856879
530.608229196939,181.60863073292919
531.4679598953793,203.3524829932574
532.3276905938197,180.94954281718177
533.1874212922601,190.28684041196004
534.0471519907004,182.22271575817447
534.9068826891408,194.13480315336741
535.7666133875812,203.65454596539743
536.6263440860216,188.13958829705007
537.486074784462,176.21597988016705
538.3458054829023,195.6802526064632
539.2055361813427,172.14479252976437
540.065266879783,188.5360270735859
540.9249975782235,187.9528564305647
541.7847282766638,190.744080428971
542.6444589751042,197.6178097528699
543.5041896735446,182.92491991100587
544.3639203719849,185.31778839842698
545.2236510704254,179.58508889007922
546.0833817688657,194.01920224872725
546.943112467306,184.12255051160113
547.8028431657465,184.185848118412
548.6625738641868,197.86676458147386
549.5223045626273,172.43632174330978
550.3820352610676,188.36556772439178
551.2417659595079,190.55789632943092
552.1014966579484,188.61358687389495
552.9612273563887,185.86091196393284
553.8209580548291,174.83288079664644
554.6806887532695,182.6214293342429
555.5404194517098,188.81121013247832
556.4001501501502,171.87945764137757
557.2598808485906,173.68557063162731
558.119611547031,188.09998535699205
558.9793422454713,188.86059847468186
559.8390729439117,178.98587359542233
560.6988036423521,164.66686193526724
561.5585343407924,183.71950799114362
562.4182650392329,182.65269879016398
563.2779957376732,183.7412708856245
564.1377264361136,192.64863347246967
564.997457134554,190.39978518253756
565.8571878329943,173.6014193702967
566.7169185314348,182.10143508393787
567.5766492298751,172.6077632903146
568.4363799283154,185.34196124414467
569.2961106267559,194.40111057476642
570.1558413251962,186.20528563247126
571.0155720236367,181.3754478024479
571.875302722077,192.86766799295654
572.7350334205174,201.23916113063433
573.5947641189578,186.9962157716161
574.4544948173981,188.274540382484
575.3142255158385,196.97007522278642
576.1739562142789,184.94571467896134
577.0336869127193,194.92323945509622
577.8934176111596,174.68890265151802
578.7531483096,176.41045639888077
579.6128790080404,189.05672140853318
580.4726097064807,183.5350832770577
581.3323404049212,179.24114746503272
582.1920711033615,202.79627677256664
583.0518018018018,184.9275225729516
583.9115325002423,197.56581972183452
584.7712631986826,189.32857911683362
585.6309938971231,181.1736515119353
586.4907245955634,192.96639792956248
587.3504552940037,194.49094764782686
588.2101859924442,202.72004622237634
589.0699166908845,191.94843395538456
589.9296473893249,209.09731619537254
590.7893780877653,182.34719046350662
591.6491087862056,198.20418386840527
592.508839484646,194.52965707597065
593.3685701830864,208.69695345856482
594.2283008815268,200.6150565070821
595.0880315799672,203.05563700054518
595.9477622784075,205.25782746184362
596.8074929768479,184.16976556777178
597.6672236752883,199.07037059389606
598.5269543737287,200.91577337487263
599.386685072169,202.88804350433156
600.2464157706094,193.76372626081059
601.1061464690498,207.16516437473197
601.9658771674901,203.8340858225951
602.8256078659306,213.14858206461622
603.6853385643709,185.49043472977885
604.5450692628112,204.68164360499492
605.4047999612517,204.11723770326938
606.264530659692,195.22106913207216
607.1242613581325,206.66001881970405
607.9839920565728,192.01547198508186
608.8437227550131,196.11282095839655
609.7034534534536,191.49694699289657
610.5631841518939,194.66856860850746
611.4229148503343,217.88291832425972
612.2826455487747,192.31174160860587
613.142376247215,192.61558278772517
614.0021069456554,186.61332223330308
614.8618376440958,200.23654071249263
615.7215683425362,200.5705034393967
616.5812990409765,187.62951750622935
617.4410297394169,211.48784219144162
618.3007604378573,204.0660999843154
619.1604911362977,209.3200796916481
620.0202218347381,208.0075224893205
620.8799525331784,186.9566500220623
621.7396832316188,207.48835478688224
622.5994139300592,191.75484029450428
623.4591446284995,200.83315202983658
624.31887532694,200.85103851725424
625.1786060253803,198.5637215921154
626.0383367238207,190.6080718375017
626.8980674222611,210.1804360498033
627.7577981207014,214.8651353821465
628.6175288191419,205.2573488078151
629.4772595175822,193.70199553018662
630.3369902160226,199.60725568695582
631.196720914463,207.5884292332034
632.0564516129033,200.91474498219193
632.9161823113437,200.9110935087975
633.7759130097841,200.02141787408095
634.6356437082245,190.0396173856189
635.4953744066648,211.55029512464841
636.3551051051052,199.20620549258686
637.2148358035456,200.86096541348064
638.0745665019859,187.80518304624493
638.9342972004264,190.8000344668885
639.7940278988667,200.80554518008773
640.653758597307,200.7828838289099
641.5134892957475,198.16847693571023
642.3732199941878,203.86366899895637
643.2329506926283,213.05799988958756
644.0926813910686,211.4224692383649
644.9524120895089,204.71034722146484
645.8121427879494,197.42688844211924
646.6718734863897,182.13095604766298
647.5316041848301,200.36824947181861
648.3913348832705,187.58057611732843
649.2510655817108,211.82758659392616
650.1107962801512,191.55852653317362
650.9705269785916,207.03657290477324
651.830257677032,208.5799348514748
652.6899883754724,200.38456132375413
653.5497190739127,190.4933492971631
654.4094497723531,200.31545125097745
655.2691804707935,200.32035951500242
656.1289111692339,203.14585597651418
656.9886418676742,200.29016035306208
657.8483725661146,213.57767644604374
658.708103264555,205.87819030269608
659.5678339629953,200.01957846670604
660.4275646614358,182.68996063964192
661.2872953598761,195.11720331994292
662.1470260583164,207.05596427168692
663.0067567567569,200.2944473962914
663.8664874551972,200.1642411209921
664.7262181536377,213.0285219133356
665.585948852078,185.5618099742171
666.4456795505183,189.7838004155123
667.3054102489588,198.3501210085243
668.1651409473991,211.23253955976907
669.0248716458395,202.07155287309575
669.8846023442799,200.47849663038278
670.7443330427202,203.79751370608574
671.6040637411606,200.53795538069548
672.463794439601,187.04216245502133
673.3235251380414,187.67002067129536
674.1832558364817,200.6272273280317
675.0429865349221,212.891216975915
675.9027172333625,192.94249346323008
676.7624479318029,204.82713513755203
677.6221786302433,204.76674763426212
678.4819093286836,205.65689980151905
679.341640027124,210.4981334036205
680.2013707255644,192.3710853671262
681.0611014240047,202.0318228280983
681.9208321224452,190.11761120243875
682.7805628208855,202.07597133768076
683.6402935193258,195.02797126460584
684.5000242177663,208.96705007832813
685.3597549162066,190.66159219902434
686.219485614647,200.3318208854395
687.0792163130874,214.3953545630892
687.9389470115277,201.8362614024899
688.7986777099682,206.48032430149593
689.6584084084085,193.4831124295005
690.5181391068489,208.57461943246165
691.3778698052893,207.37557088297072
692.2376005037296,200.64356647155046
693.09733120217,200.59829564067743
693.9570619006104,209.3643150325246
694.8167925990508,200.01121381833462
695.6765232974911,200.4287957057651
696.5362539959315,209.37952901583526
697.3959846943719,200.28605605444355
698.2557153928122,189.20700842602898
699.1154460912527,211.6509071954628
699.975176789693,204.86187144379352
700.8349074881334,209.40407304924025
701.6946381865738,205.30498199474894
702.5543688850141,206.34682454231486
703.4140995834546,202.83144085752713
704.2738302818949,189.1285455233407
705.1335609803352,195.5844007898312
705.9932916787757,191.991182114926
706.853022377216,187.65650965262995
707.7127530756565,200.98333153298339
708.5724837740968,194.79441296063132
709.4322144725371,196.24780302595732
710.2919451709776,195.74500713405905
711.1516758694179,196.32008770387577
712.0114065678583,197.92831565702954
712.8711372662987,199.57866775949526
713.730867964739,210.73486716959655
714.5905986631794,182.52211028296023
715.4503293616198,196.76010130642823
716.3100600600602,195.73334310843825
717.1697907585005,189.5729327333684
718.0295214569409,202.83290337330888
718.8892521553813,193.21458027945982
719.7489828538216,188.93761706632267
720.6087135522621,179.28728124694294
721.4684442507024,180.2181694388334
722.3281749491427,198.9483106851642
723.1879056475832,197.90486135425257
724.0476363460235,190.59970435512
724.907367044464,178.62328021724392
725.7670977429043,191.48400745737572
726.6268284413446,169.92303077407672
727.4865591397851,185.0902329890914
728.3462898382254,176.60446923945258
729.2060205366658,199.7543781724944
730.0657512351062,179.55616466718783
730.9254819335465,193.59868580868172
731.785212631987,187.82819473214732
732.6449433304273,169.12550581254163
733.5046740288677,186.72990636602054
734.364404727308,176.12764678457037
735.2241354257484,198.41585149710312
736.0838661241888,176.1684322084202
736.9435968226292,191.23855435443156
737.8033275210696,175.19281926008833
738.6630582195099,174.51189299948993
739.5227889179503,198.9357000128674
740.3825196163907,184.30559241350008
741.242250314831,178.63079333935323
742.1019810132715,194.5888484047808
742.9617117117118,180.3778167552423
743.8214424101521,174.84152788540206
744.6811731085926,190.10574677364343
745.5409038070329,183.5432281705662
746.4006345054734,192.17615211990088
747.2603652039137,179.13380649943386
748.120095902354,185.66903341164013
748.9798266007945,189.09960462652512
749.8395572992348,197.25443446580525
750.6992879976752,175.5448316725933
751.5590186961156,182.58579532708237
752.418749394556,199.29998050605735
753.2784800929963,194.70686144935692
754.1382107914367,192.5966412446596
754.9979414898771,167.85860137902856
755.8576721883175,173.60845216153209
756.7174028867579,189.14792667807205
757.5771335851982,187.75536574817355
758.4368642836386,189.03586798643104
759.296594982079,190.59355419774985
760.1563256805193,168.25309819180862
761.0160563789598,173.1057771599098
761.8757870774001,168.9853440570939
762.7355177758404,183.8046643334385
763.5952484742809,197.05657530091472
764.4549791727212,184.80969535191284
765.3147098711617,193.1207326813616
766.174440569602,187.07023809532964
767.0341712680423,191.8767306052547
767.8939019664828,181.25595662696236
768.7536326649231,194.6208551754522
769.6133633633635,183.55325188132053
770.4730940618039,192.62636941415755
771.3328247602442,197.03229277929586
772.1925554586846,180.8105713504016
773.052286157125,194.24320754596215
773.9120168555654,207.44369229254474
774.7717475540057,209.27001491214003
775.6314782524461,183.25582461246103
776.4912089508865,197.6695867128829
777.3509396493268,198.27526606263058
778.2106703477673,198.38929918068547
779.0704010462076,192.52388481764584
779.930131744648,186.63466747434492
780.7898624430884,209.83721311652806
781.6495931415287,207.76464368688931
782.5093238399692,194.74852392508996
783.3690545384095,188.46942500783163
784.2287852368498,198.4147456740297
785.0885159352903,212.09229081468487
785.9482466337306,201.02789542788838
786.807977332171,200.40388014066923
787.6677080306114,201.95309180920077
788.5274387290517,195.02806435303336
789.3871694274922,201.1437052743115
790.2469001259325,206.21326340202612
791.1066308243729,193.32398851406836
791.9663615228133,200.89323967526093
792.8260922212536,203.61049840664657
793.685822919694,192.89535595780427
794.5455536181344,207.55838504410173
795.4052843165748,195.92633659131468
796.2650150150151,202.36246195259284
797.1247457134555,209.36681655801897
797.9844764118959,192.57602890509546
798.8442071103362,211.97722483322582
799.7039378087767,189.83515322140624
800.563668507217,196.70278286891008
801.4233992056573,194.86399374364635
802.2831299040978,213.1631846635688
803.1428606025381,200.69792382866558
804.0025913009786,197.6872604950482
804.8623219994189,218.81067375111934
805.7220526978592,196.48117094800085
806.5817833962997,200.7477113472577
807.44151409474,200.76308291180325
808.3012447931804,204.029853404614
809.1609754916208,214.23608203719635
810.0207061900611,195.22703844937269
810.8804368885015,217.85264559103712
811.7401675869419,191.9406158552929
812.5998982853823,204.44400794850318
813.4596289838227,208.88849046986374
814.319359682263,205.88622918596946
815.1790903807034,196.8450009958438
816.0388210791438,195.99212633858872
816.8985517775842,205.60358889447744
817.7582824760245,188.80382187599548
818.6180131744649,200.90250630149697
819.4777438729053,203.453232955279
820.3374745713456,196.53108920687262
821.1972052697861,193.3673613319016
822.0569359682264,210.5710843871678
822.9166666666667,187.17329661626917
823.7763973651072,211.66522079346143
824.6361280635475,218.4192839812019
825.495858761988,190.197392707266
826.3555894604283,215.29818636013155
827.2153201588686,200.8528012566254
828.0750508573091,201.3247666455599
828.9347815557494,201.34935592932186
829.7945122541898,201.42173065958923
830.6542429526302,210.2719491201352
831.5139736510705,198.63279448467503
832.373704349511,201.66566442742783
833.2334350479513,188.94150982253078
834.0931657463917,210.68070543370817
834.952896444832,193.98910449875535
835.8126271432724,192.444157325007
836.6723578417128,202.09240366870668
837.5320885401532,202.96775863928644
838.3918192385936,209.36954260240617
839.2515499370339,191.4149677346263
840.1112806354743,212.76353086383048
840.9710113339147,202.82819506312413
841.830742032355,209.45818016675133
842.6904727307955,212.78386750355773
843.5502034292358,197.11987736663795
844.4099341276761,206.14767617295087
845.2696648261166,208.03912747254202
846.1293955245569,204.56340945257384
846.9891262229974,198.68426197229286
847.8488569214377,214.6930145072703
848.708587619878,202.29771960653767
849.5683183183185,192.0244533347227
850.4280490167588,202.09706940215872
851.2877797151992,201.97997576322066
852.1475104136396,185.70010826932716
853.0072411120799,201.72629684678216
853.8669718105203,191.83207844871328
854.7267025089607,217.97369922860722
855.5864332074011,201.3391856805231
856.4461639058414,205.4631647695976
857.3058946042818,188.05200301004407
858.1656253027222,216.32699121859338
859.0253560011625,191.5482130832559
859.885086699603,191.77975019163642
860.7448173980433,212.6833998608409
861.6045480964837,211.98641720638412
862.4642787949241,200.80343147872964
863.3240094933644,196.97501196719026
864.1837401918049,218.65562415518897
865.0434708902452,194.73632274341628
865.9032015886855,188.7198892312646
866.762932287126,213.44932259481334
867.6226629855663,192.38666658914573
868.4823936840068,196.76909924992077
869.3421243824471,204.4885933259737
870.2018550808874,212.66785779216193
871.0615857793279,203.66807734874018
871.9213164777682,197.4753503415186
872.7810471762086,205.06129838214255
873.640777874649,192.72011115097465
874.5005085730893,187.55666373704076
875.3602392715297,200.92185484357248
876.2199699699701,183.48451099617665
877.0797006684105,191.1378131889113
877.9394313668508,202.88083988811454
878.7991620652913,197.61340962457683
879.6588927637316,187.93839100774224
880.518623462172,195.9166458244858
881.3783541606124,199.89586500437548
882.2380848590527,215.3798110233538
883.0978155574932,206.07433693532798
883.9575462559335,201.8589040144077
884.8172769543738,218.3650169470278
885.6770076528143,208.9745987772794
886.5367383512546,203.8381030030276
887.396469049695,188.55095007245868
888.2561997481354,199.7347893522383
889.1159304465757,208.18501405898596
889.9756611450161,191.13342370976582
890.8353918434565,196.0631880169559
891.6951225418969,188.38878153828944
892.5548532403373,209.6645153947769
893.4145839387776,210.39099519674724
894.274314637218,197.5225180260633
895.1340453356584,201.55085378376887
895.9937760340988,207.98938716551302
896.8535067325391,206.01247778739324
897.7132374309795,188.46580411813076
898.5729681294199,209.54168553544434
899.4326988278602,187.65798964178822
900.2924295263007,201.91010318712546
901.152160224741,196.89719867970337
902.0118909231813,209.82194098185406
902.8716216216218,212.33034635706102
903.7313523200621,201.97412955531527
904.5910830185026,193.92647482650685
905.4508137169429,192.97730561784326
906.3105444153832,197.90789708851287
907.1702751138237,213.34820809591847
908.030005812264,194.3929480882869
908.8897365107044,211.50655797760692
909.7494672091448,195.94359905420188
910.6091979075851,198.56825883504163
911.4689286060255,200.01417338200105
912.3286593044659,189.37202721375377
913.1883900029063,204.33446301179276
914.0481207013466,201.37522080990465
914.907851399787,191.38531958022747
915.7675820982274,192.95592886685364
916.6273127966678,213.2756931354973
917.4870434951082,197.39618131765073
918.3467741935485,188.8204350302393
