59.4758064516129,193.44816806981618
60.33553715005327,201.29264307671758
61.19526784849365,209.3345778230135
62.05499854693402,204.33672936145703
62.9147292453744,201.17596411217005
63.774459943814776,193.14620170304906
64.63419064225515,201.08548101029572
65.49392134069552,199.03977747470603
66.35365203913591,185.96192166650826
67.21338273757628,197.72917029798347
68.07311343601665,200.88627763854208
68.93284413445703,205.84433930338324
69.7925748328974,200.7829955612038
70.65230553133779,200.7316240292876
71.51203622977816,182.9700847398759
72.37176692821853,200.63111941413018
73.2314976266589,199.30410923709246
74.0912283250993,211.15857900142154
74.95095902353967,207.27954329734638
75.81068972198004,200.44858081546212
76.67042042042041,200.40877688841869
77.5301511188608,200.37198502449243
78.38988181730117,209.9851588834331
79.24961251574155,199.9347768270565
80.10934321418192,200.28308068175414
80.96907391262229,198.58341316177894
81.82880461106268,200.24479610120522
82.68853530950305,200.23194341654118
83.54826600794343,205.31836731950617
84.4079967063838,200.21702050703436
85.26772740482417,200.21422020491786
86.12745810326456,183.73659205762885
86.98718880170493,206.06203372754447
87.8469195001453,201.92110287973833
88.70665019858568,194.42954151940467
89.56638089702605,211.03420936878555
90.42611159546644,200.23967709500968
91.28584229390681,201.8034312300475
92.14557299234718,196.89986959967004
93.00530369078756,200.26314511033104
93.86503438922793,200.27012539673612
94.72476508766832,195.809578864926
95.58449578610869,200.28127263959934
96.44422648454906,200.28545859202103
97.30395718298945,194.62343037198048
98.16368788142981,200.29120987846014
99.0234185798702,200.29283710032385
99.88314927831057,200.2936732998478
100.74287997675094,200.29374942095512
101.60261067519133,200.293096407569
102.46234137363169,200.29174520361246
103.32207207207207,200.28972675300872
104.18180277051245,214.08044708186475
105.04153346895282,190.77448063262216
105.90126416739321,200.12050171992433
106.76099486583357,200.2755993625839
107.62072556427395,214.8707577826821
108.48045626271433,200.26534740577318
109.3401869611547,200.2596601289229
110.19991765959509,200.25385014375647
111.05964835803545,190.87558108120834
111.91937905647583,200.2426771708289
112.7791097549162,200.23772174424462
113.63884045335658,200.23345873169802
114.49857115179697,200.23009191377756
115.35830185023732,200.22782507107152
116.21803254867771,200.22686198416847
117.07776324711809,200.2274064336569
117.93749394555846,195.60002253167647
118.79722464399885,198.49448429015234
119.65695534243922,200.24012280635523
120.51668604087959,200.24873520729383
121.37641673931996,193.054418359661
122.23614743776034,200.27374100702045
123.09587813620072,200.290378873771
123.9556088346411,200.309563141596
124.81533953308147,195.4330834501171
125.67507023152184,200.35457030631449
126.53480092996222,204.58387294966656
127.3945316284026,217.3693355951464
128.254262326843,194.5733844989658
129.11399302528335,207.40674088275733
129.9737237237237,190.5945420351976
130.8334544221641,214.78649278949544
131.69318512060448,200.5555359164976
132.55291581904487,200.58642630044318
133.41264651748523,200.6171115065385
134.2723772159256,204.68149997497747
135.13210791436597,189.7640075067953
135.99183861280636,200.70543462233718
136.85156931124675,200.73279768164556
137.7113000096871,200.7587048454108
138.57103070812747,200.78290597009413
139.43076140656785,200.80514420880328
140.29049210500824,200.8248486704039
141.15022280344863,200.84100657374577
142.009953501889,200.85257192657215
142.86968420032935,200.8584987366261
143.72941489876973,198.47034542494612
144.58914559721012,200.8492527593899
145.4488762956505,211.2226653021723
146.30860699409087,197.8181814327318
147.16833769253125,194.58255852080154
148.0280683909716,200.7170746323511
148.887799089412,200.65424385980882
149.7475297878524,200.57740660643998
150.60726048629274,200.48551687998778
151.46699118473313,200.37752868819547
152.3267218831735,198.2146445515818
153.18645258161388,185.93615344683303
154.04618328005427,199.94591479666275
154.90591397849462,199.76176917983173
155.765644676935,207.53062262342195
156.62537537537537,199.32457104297208
157.48510607381576,199.0686798089702
158.34483677225614,198.78603465527155
159.2045674706965,214.32591204790296
160.0642981691369,183.3783838863482
160.92402886757725,197.7633821061283
161.78375956601764,208.01333783229487
162.64349026445802,185.99378656227344
163.5032209628984,184.06528968255014
164.36295166133877,206.37548341340568
165.22268235977913,195.52986598796275
166.08241305821952,195.1041016171901
166.9421437566599,194.72798933745113
167.8018744551003,194.39593318243462
168.66160515354065,205.94244372929347
169.521335851981,193.78886663714056
170.3810665504214,193.47606273688487
171.24079724886178,191.5001868889732
172.10052794730217,192.7374299062107
172.96025864574253,202.54201010833327
173.8199893441829,183.026941335578
174.67972004262327,191.0638617852285
175.53945074106366,182.7585577827702
176.39918143950405,189.48766631678677
177.2589121379444,180.03167680234753
178.11864283638477,187.86632018265203
178.97837353482515,194.21759783991473
179.83810423326554,186.53208713666174
180.69783493170593,185.99823312406417
181.55756563014629,185.54381472490795
182.41729632858664,185.1616738762871
183.27702702702703,184.8446525152953
184.13675772546742,184.58559257902633
184.9964884239078,184.37733600457406
185.85621912234816,184.2127247290323
186.71594982078852,184.08460068949483
187.5756805192289,183.98580582305547
188.4354112176693,183.909182066808
189.29514191610966,183.84757143982685
190.15487261455004,183.79381638417368
191.01460331299043,168.92252019102227
191.8743340114308,183.6812432992649
192.73406470987118,183.60811042631272
193.59379540831154,183.51420343723103
194.45352610675192,183.39236491017138
195.3132568051923,183.2393152687325
196.17298750363267,183.074055064395
197.03271820207306,177.07133871550568
197.89244890051341,182.81443258193698
198.7521795989538,186.3215892027075
199.6119102973942,176.84533596589324
200.47164099583455,175.7615973173189
201.33137169427494,180.17177048822802
202.19110239271532,183.0312519750177
203.05083309115568,186.99766919754575
203.91056378959607,183.39334156990768
204.77029448803643,192.84693731679863
205.63002518647681,181.29751653932956
206.4897558849172,202.8167777481156
207.34948658335756,184.3926600406841
208.20921728179795,202.14178126212164
209.0689479802383,175.87852704561206
209.9286786786787,196.48769454610155
210.78840937711908,185.52015493484598
211.64814007555944,171.99507434450243
212.50787077399983,186.05540322795505
213.36760147244019,186.3188533666024
214.22733217088057,186.58442575070723
215.08706286932096,186.85579906831614
215.94679356776132,187.13665200747582
216.8065242662017,178.13623846384377
217.66625496464206,201.95016649400588
218.52598566308245,188.072875434726
219.38571636152284,188.42843374055528
220.2454470599632,188.8118651081687
221.10517775840358,189.22684822561274
221.96490845684394,199.98903272153305
222.82463915528433,190.16618446217973
223.68436985372472,195.70331805928558
224.54410055216508,198.1133754062099
225.40383125060546,184.80402078782683
226.26356194904582,192.5353543415668
227.1232926474862,193.20185601361246
227.9830233459266,187.73228933605884
228.84275404436696,194.562370753075
229.70248474280734,195.34567833079984
230.5622154412477,200.96040377538995
231.4219461396881,196.53813788675137
232.28167683812848,206.17429763404664
233.14140753656883,210.10883142461088
234.00113823500922,198.2218455074935
234.8608689334496,198.67655774497243
235.72059963188997,188.6341600461459
236.58033033033036,199.39028793471695
237.4400610287707,199.65631094213356
238.2997917272111,196.66365816209753
239.1595224256515,200.03023243240247
240.01925312409185,189.82859870846795
240.87898382253223,200.224734118945
241.7387145209726,190.56149615427316
242.59844521941298,214.71125950414768
243.45817591785337,203.30686776003387
244.31790661629373,200.22625998017614
245.1776373147341,216.554180478753
246.03736801317447,200.10867510452718
246.89709871161486,200.0367874853752
247.75682941005525,199.96245232447686
248.6165601084956,211.1455372965053
249.476290806936,199.82528711485645
250.33602150537635,199.77188093484224
251.19575220381674,199.7348629936877
252.05548290225713,199.7169029861402
252.91521360069748,199.71636655967657
253.77494429913787,199.73107045427133
254.63467499757823,199.7588314098989
255.49440569601862,199.79746616653395
256.35413639445903,199.84479146415083
257.21386709289936,199.89862404272418
258.07359779133975,204.07351395477357
258.93332848978014,200.0170780026384
259.79305918822047,206.24609948461747
260.6527898866609,200.13536196607274
261.51252058510124,200.18898204904627
262.37225128354163,200.23600985282346
263.231981981982,200.27426394929853
264.09171268042235,209.7387099947093
264.9514433788628,200.321319381899
265.8111740773031,200.3322004143372
266.6709047757435,200.33627041023945
267.5306354741839,197.66500485044097
268.3903661726242,200.3288375505522
269.25009687106467,200.31976482402072
270.109827569505,203.63757091124117
270.9695582679454,208.9675333420202
271.8292889663858,200.28570223202345
272.6890196648261,200.27611677898688
273.54875036326655,200.26944080564658
274.4084810617069,200.26688937653162
275.26821176014727,200.2696774125013
276.12794245858765,200.2786338094645
276.987673157028,204.22221253603306
277.84740385546843,200.3132223291399
278.70713455390876,200.33757578086076
279.56686525234915,212.53641269987867
280.42659595078953,198.35300051176833
281.28632664922986,200.4312008776081
282.1460573476703,200.4671330387331
283.00578804611064,200.50436153847
283.865518744551,200.542247041323
284.7252494429914,200.58015021179645
285.58498014143174,200.61743171439483
286.4447108398722,219.70599178359646
287.3044415383125,192.37206653621456
288.1641722367529,201.74210509708453
289.0239029351933,200.7475543361225
289.8836336336336,200.37925650913476
290.74336433207407,203.68426849842882
291.6030950305144,200.80729135044047
292.4628257289548,200.81658343219274
293.32255642739517,200.81949982660876
294.1822871258355,200.81540119819277
295.04201782427594,200.80364821144914
295.9017485227163,200.7836606991242
296.76147922115666,191.3827792928016
297.62120991959705,202.5971321184677
298.4809406180374,211.0472063811019
299.3406713164778,204.43357865172933
300.20040201491815,196.58300059672393
301.06013271335854,200.5232849521039
301.91986341179893,198.37440919031926
302.77959411023926,200.4022209886559
303.6393248086797,186.39830608982908
304.49905550712003,200.2747218519846
305.3587862055604,210.70193708178942
306.2185169040008,212.24636651753502
307.07824760244114,200.0854520636808
307.9379783008816,200.02610010056625
308.7977089993219,198.92266842932736
309.6574396977623,199.91781850661584
310.5171703962027,199.87049400337983
311.376901094643,205.8351756754183
312.23663179308346,199.79349040338468
313.0963624915238,199.76541643422524
313.9560931899642,199.7453644373577
314.81582388840457,188.50354079091048
315.6755545868449,199.7325366156974
316.53528528528534,204.954016880932
317.39501598372567,199.76108170954475
318.2547466821661,199.79077238825045
319.11447738060644,199.8291878424974
319.9742080790468,189.043850352797
320.8339387774872,199.92719262917973
321.69366947592755,199.98428173739737
322.553400174368,209.72177475822122
323.4131308728083,200.10838282304138
324.27286157124865,198.84740830204703
325.1325922696891,187.65872102192685
325.99232296812943,196.5237246269074
326.8520536665699,208.57743102636277
327.7117843650102,192.9483246136095
328.57151506345053,200.47006096180561
329.431245761891,204.41808215272383
330.2909764603313,195.92671830087684
331.15070715877175,200.58304285283003
332.0104378572121,200.6023164871335
332.8701685556524,200.6103131032365
333.72989925409286,200.60578258903033
334.5896299525332,200.587474832406
335.44936065097363,186.13050822487315
336.30909134941396,200.50452714346756
337.1688220478543,200.43738698693573
338.02855274629474,200.35146913955035
338.88828344473507,200.24551426977976
339.7480141431755,207.4859559890565
340.60774484161584,199.9574833591564
341.46747554005617,199.76107930335385
342.3272062384966,199.51985662198382
343.18693693693695,185.92560506141345
344.0466676353774,200.5464442590838
344.9063983338177,198.45308013516828
345.76612903225805,197.9583862622275
346.6258597306985,197.3817754190687
347.4855904291388,193.54397282565859
348.34532112757927,196.40794980088398
349.2050518260196,184.6782165319943
350.06478252445993,194.1852970979153
350.9245132229004,193.32589256220118
351.7842439213407,192.51698874936122
352.64397461978115,191.75729190243908
353.5037053182215,191.0455082644785
354.3634360166618,190.38034407852317
355.22316671510225,197.7913978488459
356.0828974135426,183.98750196366194
356.942628111983,188.65163066312525
357.80235881042336,188.16000671562765
358.6620895088637,187.7081857407086
359.52182020730413,187.29280729801533
360.38155090574446,186.90998065892268
361.2412816041849,186.5558149436316
362.10101230262524,201.15873510726414
362.96074300106557,185.91790276525848
363.820473699506,185.62637454257845
364.68020439794634,185.34794372450423
365.5399350963868,185.22174059058943
366.3996657948271,184.81499519368091
367.25939649326745,177.60550425194117
368.1191271917079,184.30581126075762
368.9788578901482,196.72683079477244
369.83858858858866,183.83927610084586
370.698319287029,183.62896469860033
371.5580499854693,183.4376709550049
372.41778068390977,195.344225289656
373.2775113823501,183.12327706429383
374.13724208079054,169.80502129966504
374.9969727792309,182.91837566977185
375.8567034776712,192.68396428886712
376.71643417611165,182.84524801249825
377.576164874552,182.864740712739
378.4358955729924,182.920936936669
379.29562627143275,183.00969222317232
380.1553569698731,183.12681284080537
381.0150876683135,170.2832859184323
381.87481836675386,183.42937514368586
382.7345490651943,188.09140343156943
383.59427976363463,183.79507399376075
384.45401046207496,180.2646524529053
385.3137411605154,184.19210911668446
386.17347185895574,191.33560994777633
387.0332025573962,200.87228392943132
387.8929332558365,184.81639486208275
388.75266395427684,191.50763716841277
389.6123946527173,185.2434175056067
390.4721253511576,185.45806395990508
391.33185604959806,185.67252738636518
392.1915867480384,185.88610294783985
393.0513174464787,182.16589235142723
393.91104814491916,179.11349154927225
394.7707788433595,186.51445407088164
395.63050954179994,186.71742980094479
396.49024024024027,193.1528848994798
397.3499709386806,187.10944554962964
398.20970163712104,197.44585402089933
399.0694323355614,187.74745506688592
399.9291630340018,187.67343645413385
400.78889373244215,187.8663517681707
401.6486244308825,195.49451915345296
402.5083551293229,188.2788321648865
403.36808582776325,188.50482133084495
404.2278165262037,181.60684672184854
405.087547224644,188.49772290020897
405.94727792308447,189.30032919879974
406.8070086215248,181.67600063215158
407.66673931996513,189.96073850223365
408.5264700184056,190.33960049630923
409.3862007168459,190.75518344081016
410.24593141528635,209.755342482928
411.1056621137267,186.09529913873516
411.965392812167,192.25333996756095
412.82512351060745,192.83676204708848
413.6848542090478,193.44999022125384
414.54458490748823,190.27851721324134
415.40431560592856,194.7272343757013
416.2640463043689,195.69703494022014
417.12377700280933,196.00781147530913
417.98350770124966,192.34821755818908
418.8432383996901,197.21446056448332
419.70296909813044,186.46691167127017
420.56269979657077,198.26994783261145
421.4224304950112,197.8124641682851
422.28216119345154,199.12099254557094
423.141891891892,205.16209111260653
424.0016225903323,199.78220276340292
424.86135328877265,194.53418632238774
425.7210839872131,200.28013107156397
426.5808146856534,211.0499972034798
427.44054538409387,200.64133005551088
428.3002760825342,200.7789537338592
429.1600067809745,200.89226969462882
430.01973747941497,200.9839965807105
430.8794681778553,212.3588106364225
431.73919887629575,201.11275642468405
432.5989295747361,188.13357141335933
433.4586602731764,201.18537769837232
434.31839097161685,201.20693137159773
435.1781216700572,201.22200440253752
436.0378523684976,201.23311479128682
436.89758306693795,201.2427805379411
437.7573137653783,199.66437069758695
438.61704446381873,208.20577403049748
439.47677516225906,184.8158683464009
440.3365058606995,201.31735710551115
441.19623655913983,201.3572000480495
442.05596725758016,213.71414360261392
442.9156979560206,201.46484764500394
443.77542865446094,201.52841088860478
444.6351593529014,213.2570159314071
445.4948900513417,201.66439261186338
446.35462074978204,201.73256162984512
447.2143514482225,201.79801644427792
448.0740821466628,201.8586323243235
448.93381284510326,209.62629282592627
449.7935435435436,204.2339497738534
450.6532742419839,201.99019904975754
451.51300494042437,202.01021188387446
452.3727356388647,211.87441737450519
453.23246633730514,199.06022941290988
454.09219703574547,195.29447318042767
454.9519277341858,207.26164463483914
455.81165843262625,201.83585081366715
456.6713891310666,201.73313013707102
457.531119829507,207.06333159965334
458.39085052794735,201.4719793006664
459.2505812263877,205.87222187676102
460.1103119248281,201.16756839500877
460.97004262326845,204.8419001040042
461.8297733217089,200.8571205101345
462.68950402014923,211.90575115910346
463.54923471858956,200.5778587360801
464.40896541703,200.46155485624672
465.26869611547033,208.67531037559
466.1284268139108,200.2988655422403
466.9881575123511,200.40186408704474
467.84788821079144,196.21465224515273
468.7076189092319,207.7512341309614
469.5673496076722,210.72545095832766
470.42708030611266,200.40993077252153
471.286811004553,199.94845071135884
472.1465417029933,200.61468126179415
473.00627240143376,200.73760762359777
473.8660030998741,200.86961986554678
474.72573379831454,188.1201106124709
475.58546449675487,201.14705739598298
476.4451951951952,197.57575287523383
477.30492589363564,201.41930466530633
478.16465659207597,201.54482908086422
479.0243872905164,201.65867248572033
479.88411798895675,207.34824139339545
480.7438486873971,201.83747166942862
481.6035793858375,190.1818576448878
482.46331008427785,201.9280130286347
483.3230407827183,213.4617123278452
484.1827714811586,201.90260737554223
485.04250217959896,212.4923628734237
485.9022328780394,203.45803884300727
486.76196357647973,202.9585690329134
487.6216942749202,201.44362998805073
488.4814249733605,201.2643920655752
489.34115567180083,201.07099231147677
490.2008863702413,200.869289779684
491.0606170686816,198.64168796888092
491.92034776712205,200.46441259872967
492.7800784655624,212.46397633265968
493.6398091640027,200.0966329541408
494.49953986244316,199.94130234280473
495.3592705608835,199.81282327734573
496.21900125932393,212.3518674588137
497.07873195776426,205.53512226527087
497.9384626562046,199.62888334291256
498.79819335464504,199.6306743300254
499.65792405308537,199.65875907151553
500.5176547515258,199.70992895354192
501.37738544996614,199.7809753622636
502.23711614840647,199.86868968383968
503.0968468468469,204.50853319007138
503.95657754528725,200.0812876101911
504.8163082437277,200.1997539872846
505.676038942168,209.69111167751456
506.53576964060835,186.508602808506
507.3955003390488,211.3014305703228
508.2552310374891,204.21020311884922
509.11496173592957,185.0635953848587
509.9746924343699,200.87875337271348
510.83442313281023,192.76462392478783
511.6941538312507,201.01596591105178
512.553884529691,201.05342330728578
513.4136152281314,183.60458657669
514.2733459265718,201.04999728467862
515.1330766250121,201.6294797655582
515.9928073234526,201.9087083727168
516.8525380218929,200.8008770054659
517.7122687203333,200.63994079161728
518.5719994187737,200.4347088276449
519.431730117214,200.18198594592505
520.2914608156544,199.87944110413264
521.1511915140948,199.52611671584242
522.0109222125352,200.602348755652
522.8706529109755,198.66378783187596
523.7303836094159,198.15311260225323
524.5901143078563,204.28850579686866
525.4498450062966,196.96856373286312
526.3095757047371,184.00594439606874
527.1693064031774,207.24021778274295
528.0290371016177,190.47534255313846
528.8887678000582,197.67873618619024
529.7484984984985,193.13102953986697
530.608229196939,192.32525671940476
531.4679598953793,191.5651864917449
532.3276905938197,190.63176217951224
533.1874212922601,192.54910520593936
534.0471519907004,189.8152997621728
534.9068826891408,189.45337037879042
535.7666133875812,189.18234864188733
536.6263440860216,188.98352519200694
537.486074784462,194.10287586323778
538.3458054829023,188.7276357154892
539.2055361813427,188.63315096993895
540.065266879783,188.5360270735859
540.9249975782235,195.78088653363744
541.7847282766638,188.2590243906458
542.6444589751042,188.04196813364138
543.5041896735446,187.7603151360194
544.3639203719849,187.42610256771673
545.2236510704254,188.60709505309097
546.0833817688657,187.04096641008414
546.943112467306,186.24282919955724
547.8028431657465,185.8331001093643
548.6625738641868,185.438172328907
549.5223045626273,185.07151803426848
550.3820352610676,181.4287737554289
551.2417659595079,176.02841383051344
552.1014966579484,184.27373192181605
552.9612273563887,184.13232574306326
553.8209580548291,184.04085726707606
554.6806887532695,180.5175646049757
555.5404194517098,183.96023265565844
556.4001501501502,183.94732613635793
557.2598808485906,175.0759042079429
558.119611547031,183.91694871089885
558.9793422454713,200.37001784846683
559.8390729439117,183.82001516033702
560.6988036423521,190.2005477407565
561.5585343407924,183.71950799114362
562.4182650392329,183.70722133122536
563.2779957376732,181.64926550728927
564.1377264361136,186.16506257419556
564.997457134554,184.5939716112816
565.8571878329943,195.49331517825124
566.7169185314348,184.57486932796326
567.5766492298751,185.41254606077248
568.4363799283154,176.33194087096766
569.2961106267559,194.41872022666413
570.1558413251962,186.20528563247126
571.0155720236367,195.77298883350988
571.875302722077,187.05824982987434
572.7350334205174,199.76666828711498
573.5947641189578,198.3489368191129
574.4544948173981,188.08509931753485
575.3142255158385,188.3100812614442
576.1739562142789,188.48145417884263
577.0336869127193,195.60491149061735
577.8934176111596,204.46944236407026
578.7531483096,186.42319683704866
579.6128790080404,189.05672140853318
580.4726097064807,197.8794234901947
581.3323404049212,176.36581931624448
582.1920711033615,189.96743416683665
583.0518018018018,189.23151975660218
583.9115325002423,187.50466771841204
584.7712631986826,200.4261961908766
585.6309938971231,201.06427865881165
586.4907245955634,192.96639792956248
587.3504552940037,193.6549418337442
588.2101859924442,194.33329799978267
589.0699166908845,194.99049997746033
589.9296473893249,195.62019529310828
590.7893780877653,196.2161561680791
591.6491087862056,196.18197096201217
592.508839484646,207.6220206363015
593.3685701830864,197.73935436245517
594.2283008815268,191.3791958886523
595.0880315799672,187.17243789196883
595.9477622784075,198.734784683324
596.8074929768479,198.92812326003244
597.6672236752883,199.07037059389606
598.5269543737287,208.8818251914286
599.386685072169,199.2827502795608
600.2464157706094,204.35187769265355
601.1061464690498,199.473102241817
601.9658771674901,199.56301180823306
602.8256078659306,199.64948229967442
603.6853385643709,196.53191213567305
604.5450692628112,210.29404768549097
605.4047999612517,199.88879833540184
606.264530659692,199.9620515381956
607.1242613581325,195.96127556092492
607.9839920565728,213.07102911331174
608.8437227550131,200.1630093349819
609.7034534534536,200.2239076671294
610.5631841518939,200.28185203442786
611.4229148503343,200.33689633800253
612.2826455487747,191.50043148484215
613.142376247215,200.43850035848087
614.0021069456554,184.30372299121342
614.8618376440958,200.52915093756485
615.7215683425362,207.352103969386
616.5812990409765,214.28491656092658
617.4410297394169,200.64553237326552
618.3007604378573,200.02587760540075
619.1604911362977,191.57953263580018
620.0202218347381,200.73969411645763
620.8799525331784,200.7663951933257
621.7396832316188,192.66541987350035
622.5994139300592,203.5780225474518
623.4591446284995,196.124604479742
624.31887532694,200.85103851725424
625.1786060253803,200.8667520577816
626.0383367238207,195.06844786417344
626.8980674222611,206.3880194656403
627.7577981207014,195.3696704497478
628.6175288191419,200.90796186569509
629.4772595175822,200.9128745078012
630.3369902160226,204.89179153471474
631.196720914463,200.91626181031432
632.0564516129033,199.20932509281866
632.9161823113437,200.9110935087975
633.7759130097841,200.90531164586622
634.6356437082245,200.89740364913354
635.4953744066648,200.88737377433483
636.3551051051052,200.87522627720543
637.2148358035456,200.2038897059363
638.0745665019859,191.61011603841064
638.9342972004264,192.70162526524607
639.7940278988667,188.31283233446686
640.653758597307,197.97222987400522
641.5134892957475,200.7582956134444
642.3732199941878,212.15507725110413
643.2329506926283,193.62286125064168
644.0926813910686,200.6756251416587
644.9524120895089,203.39172944764795
645.8121427879494,200.61575978131742
646.6718734863897,194.61701540605682
647.5316041848301,200.55458487241742
648.3913348832705,200.5241737894263
649.2510655817108,200.49423626189764
650.1107962801512,211.13296648399262
650.9705269785916,200.43684979669692
651.830257677032,196.02427970734576
652.6899883754724,200.38456132375413
653.5497190739127,200.36099628654785
654.4094497723531,200.33950669000816
655.2691804707935,200.32035951500242
656.1289111692339,200.3038217423979
656.9886418676742,189.8052314918371
657.8483725661146,200.27964232786223
658.708103264555,200.27253464766576
659.5678339629953,200.26910429333998
660.4275646614358,200.26961778330545
661.2872953598761,200.27419046429694
662.1470260583164,196.74343983521064
663.0067567567569,180.545670037016
663.8664874551972,200.3095162005575
664.7262181536377,194.6936254868428
665.585948852078,200.3479958687852
666.4456795505183,195.09983552840654
667.3054102489588,197.8171684480971
668.1651409473991,199.63551143625892
669.0248716458395,205.10357156511128
669.8846023442799,213.81705689398825
670.7443330427202,200.50801526850228
671.6040637411606,200.53795538069548
672.463794439601,200.56800924359368
673.3235251380414,200.2846547892048
674.1832558364817,200.6272273280317
675.0429865349221,191.45016145315319
675.9027172333625,200.68320773486857
676.7624479318029,200.7092145007655
677.6221786302433,220.46324305338186
678.4819093286836,200.89627892540383
679.341640027124,200.7756083679484
680.2013707255644,188.27079213881333
681.0611014240047,205.051854233034
681.9208321224452,200.8182196594595
682.7805628208855,200.825989008406
683.6402935193258,200.83025509674215
684.5000242177663,200.83085124185445
685.3597549162066,196.73310518066833
686.219485614647,200.820366971953
687.0792163130874,200.80895319171216
687.9389470115277,208.55960258709754
688.7986777099682,200.7729489275823
689.6584084084085,200.74802507846624
690.5181391068489,200.7182645078313
691.3778698052893,200.6835005330639
692.2376005037296,200.64356647155046
693.09733120217,200.59829564067743
693.9570619006104,212.49244789959192
694.8167925990508,200.49107694039833
695.6765232974911,193.40496210538174
696.5362539959315,200.36051097131806
697.3959846943719,195.14321308370492
698.2557153928122,200.20504277549563
699.1154460912527,200.11536592478032
699.975176789693,200.0141182442815
700.8349074881334,189.29091932732896
701.6946381865738,213.67698156108912
702.5543688850141,206.81414410900157
703.4140995834546,184.7418903048137
704.2738302818949,199.2324046886019
705.1335609803352,199.00058440554244
705.9932916787757,198.73681075141306
706.853022377216,198.4381719346013
707.7127530756565,198.10175616349485
708.5724837740968,195.64467591618936
709.4322144725371,197.30394659194877
710.2919451709776,190.89952979276322
711.1516758694179,196.32008770387577
712.0114065678583,210.46185916835196
712.8711372662987,195.10359533690217
713.730867964739,194.44450059943227
714.5905986631794,185.21028307636627
715.4503293616198,192.92096905066447
716.3100600600602,192.11050351853848
717.1697907585005,191.29006523713122
718.0295214569409,190.4765245233528
718.8892521553813,189.6867516941132
719.7489828538216,193.3103321327196
720.6087135522621,179.90007507066602
721.4684442507024,200.44365345318124
722.3281749491427,177.28766774595186
723.1879056475832,186.60449464217552
724.0476363460235,182.78929275399003
724.907367044464,195.30131560520604
725.7670977429043,185.5409229310018
726.6268284413446,193.47030436933335
727.4865591397851,185.0902329890914
728.3462898382254,184.92828256307203
729.2060205366658,181.45225711129063
730.0657512351062,175.37112040363868
730.9254819335465,184.639558205855
731.785212631987,184.59334482181214
732.6449433304273,184.56430501932533
733.5046740288677,184.54773452681934
734.364404727308,184.53892907271893
735.2241354257484,184.53318438544883
736.0838661241888,184.5257961934339
736.9435968226292,184.51206022509882
737.8033275210696,184.4872722088684
738.6630582195099,179.3169574462308
739.5227889179503,184.38615658585783
740.3825196163907,184.30559241350008
741.242250314831,176.47929397931821
742.1019810132715,184.0945041430273
742.9617117117118,183.96903292144896
743.8214424101521,183.83364556000043
744.6811731085926,183.497711927993
745.5409038070329,185.56008575350398
746.4006345054734,183.39325101911706
747.2603652039137,183.24346348087133
748.120095902354,183.09639199409705
748.9798266007945,182.95456299706265
749.8395572992348,182.82050292803655
750.6992879976752,189.69298659192688
751.5590186961156,182.58579532708237
752.418749394556,182.490200671691
753.2784800929963,182.41248069738134
754.1382107914367,182.35516184242164
754.9979414898771,178.024326695351
755.8576721883175,182.3122464322506
756.7174028867579,188.08161902557495
757.5771335851982,182.39277985587552
758.4368642836386,182.49266044400684
759.296594982079,182.639499022537
760.1563256805193,182.83870714610558
761.0160563789598,183.09569636935228
761.8757870774001,166.85655763632442
762.7355177758404,183.8046643334385
763.5952484742809,200.15291985344368
764.4549791727212,184.80969535191284
765.3147098711617,185.4367633931448
766.174440569602,174.73898085623173
767.0341712680423,186.96706231279606
767.8939019664828,187.87787463701775
768.7536326649231,189.35696192729952
769.6133633633635,189.92053569920566
770.4730940618039,191.0061882223843
771.3328247602442,192.1039191609197
772.1925554586846,193.1906263302874
773.052286157125,194.24320754596215
773.9120168555654,195.23856062341974
774.7717475540057,186.85723832572953
775.6314782524461,196.42758469212387
776.4912089508865,197.6695867128829
777.3509396493268,198.27526606263058
778.2106703477673,186.5093239698248
779.0704010462076,199.23781920656992
779.930131744648,199.61731541088653
780.7898624430884,199.76631855668316
781.6495931415287,207.85458814678253
782.5093238399692,206.55894066197817
783.3690545384095,196.17163449419124
784.2287852368498,201.15395623634106
785.0885159352903,217.22415196642066
785.9482466337306,201.64065145603703
786.807977332171,201.09163366500925
787.6677080306114,201.13013585041858
788.5274387290517,205.9357151313547
789.3871694274922,190.05016795573096
790.2469001259325,201.12490911689935
791.1066308243729,201.09315011598426
791.9663615228133,201.05149657361846
792.8260922212536,201.00301679185404
793.685822919694,187.59037747121533
794.5455536181344,211.45885742417454
795.4052843165748,215.08646185711825
796.2650150150151,183.36715496286885
797.1247457134555,200.76519044044068
797.9844764118959,202.60269047481108
798.8442071103362,208.95754698074708
799.7039378087767,200.70093885088966
800.563668507217,196.99635738498878
801.4233992056573,200.68999064238628
802.2831299040978,191.08006991174892
803.1428606025381,200.69792382866558
804.0025913009786,200.7071957074804
804.8623219994189,196.8784098048402
805.7220526978592,200.73279956172374
806.5817833962997,200.7477113472577
807.44151409474,200.76308291180325
808.3012447931804,200.77820416041325
809.1609754916208,200.7923649981402
810.0207061900611,200.80490209137542
810.8804368885015,213.5751982925927
811.7401675869419,184.46724552131025
812.5998982853823,195.487929389963
813.4596289838227,200.84218384625987
814.319359682263,200.85023806159344
815.1790903807034,194.45973753770153
816.0388210791438,200.867570254694
816.8985517775842,200.87763201260353
817.7582824760245,187.37569232811785
818.6180131744649,200.90250630149697
819.4777438729053,200.9181026126235
820.3374745713456,200.93632755496472
821.1972052697861,197.84336855991654
822.0569359682264,202.26041626800458
822.9166666666667,201.0106930699893
823.7763973651072,201.0433514379018
824.6361280635475,201.0805978873853
825.495858761988,199.5304515570814
826.3555894604283,201.46277275060854
827.2153201588686,201.2237846259731
828.0750508573091,201.28330230245228
828.9347815557494,201.34935592932186
829.7945122541898,205.83057509766192
830.6542429526302,201.49934234486528
831.5139736510705,201.58103794689615
832.373704349511,194.93830797297306
833.2334350479513,194.58070376719004
834.0931657463917,201.83909787097735
834.952896444832,202.81647631355278
835.8126271432724,202.0104183694816
836.6723578417128,189.4963812960633
837.5320885401532,207.40720656100686
838.3918192385936,202.24325917583266
839.2515499370339,202.3098233072255
840.1112806354743,202.36894097283286
840.9710113339147,213.92256733866478
841.830742032355,202.46022475367508
842.6904727307955,202.49008479240186
843.5502034292358,207.60934169016227
844.4099341276761,202.51247597519674
845.2696648261166,209.3505127523389
846.1293955245569,193.03948857767094
846.9891262229974,202.43544493893174
847.8488569214377,202.3756579980045
848.708587619878,202.29771960653767
849.5683183183185,202.20392037892665
850.4280490167588,202.09706940215872
851.2877797151992,201.97997576322066
852.1475104136396,192.9973380181676
853.0072411120799,201.72629684678216
853.8669718105203,190.30016263653596
854.7267025089607,199.93935114298725
855.5864332074011,205.7266239376451
856.4461639058414,201.2196268952909
857.3058946042818,214.00540028998094
858.1656253027222,196.18719461374747
859.0253560011625,200.92871256797466
859.885086699603,200.8636920916192
860.7448173980433,194.22146630216474
861.6045480964837,200.79843210995512
862.4642787949241,200.80343147872964
863.3240094933644,190.26428109582938
864.1837401918049,200.87996624263974
865.0434708902452,198.72317887120732
865.9032015886855,201.01177492265293
866.762932287126,191.84495640680348
867.6226629855663,201.15856696419772
868.4823936840068,201.22499094724088
869.3421243824471,205.29602285790847
870.2018550808874,201.3187132412612
871.0615857793279,213.28646166825072
871.9213164777682,201.32669251038405
872.7810471762086,203.95418199705878
873.640777874649,191.5146243828719
874.5005085730893,201.13361888533424
875.3602392715297,189.86276499494738
876.2199699699701,217.73806982265566
877.0797006684105,207.07348145316033
877.9394313668508,200.67576996378352
878.7991620652913,200.56122171349926
879.6588927637316,200.45734992836424
880.518623462172,195.9504052846366
881.3783541606124,200.30305749975722
882.2380848590527,196.86437983963975
883.0978155574932,200.25322455100417
883.9575462559335,200.27029706034077
884.8172769543738,200.31142758335196
885.6770076528143,207.28059852401606
886.5367383512546,200.4533652821767
887.396469049695,200.54792376387957
888.2561997481354,200.65404287103556
889.1159304465757,195.83322234674384
889.9756611450161,202.01691638260104
890.8353918434565,201.01052047466914
891.6951225418969,201.1316386130843
892.5548532403373,201.24869564167588
893.4145839387776,201.35858361296488
894.274314637218,201.4593362086204
895.1340453356584,201.55085378376887
895.9937760340988,201.63320918453724
896.8535067325391,201.70647525705257
897.7132374309795,197.87100908911256
898.5729681294199,201.82603080183264
899.4326988278602,197.77294781326137
900.2924295263007,204.19667642904312
901.152160224741,216.90912177324802
902.0118909231813,213.53315111362886
902.8716216216218,201.9709556482496
903.7313523200621,207.63782168896793
904.5910830185026,201.96886974927145
905.4508137169429,212.83669076460063
906.3105444153832,201.93334038236375
907.1702751138237,201.9032165137539
908.030005812264,201.86495031654286
908.8897365107044,210.7796029249833
909.7494672091448,185.068205235732
910.6091979075851,186.09128302286922
911.4689286060255,201.76182088648764
912.3286593044659,201.55403401591656
913.1883900029063,201.6428484895971
914.0481207013466,200.53920750838896
914.907851399787,193.205942278977
915.7675820982274,211.5429424027333
916.6273127966678,201.05048641931887
917.4870434951082,200.9274624518804
918.3467741935485,216.49470011970334
