59.4758064516129,201.3250976665611
60.33553715005327,201.29264307671758
61.19526784849365,189.04743929541152
62.05499854693402,196.57440900432647
62.9147292453744,207.3782942352891
63.774459943814776,201.1317656824279
64.63419064225515,182.38929009466673
65.49392134069552,188.67018188292354
66.35365203913591,209.44278567315686
67.21338273757628,196.8699475070247
68.07311343601665,210.68970857276415
68.93284413445703,187.02117668309256
69.7925748328974,191.41827862601576
70.65230553133779,204.382228400218
71.51203622977816,200.68088535125176
72.37176692821853,198.84851513679465
73.2314976266589,196.64726483598037
74.0912283250993,206.9550500120411
74.95095902353967,216.99324956413136
75.81068972198004,197.44932023795764
76.67042042042041,200.40877688841869
77.5301511188608,197.83005109249956
78.38988181730117,200.338545110717
79.24961251574155,208.29492259588272
80.10934321418192,212.4919840407293
80.96907391262229,200.26172965732573
81.82880461106268,191.57057144362977
82.68853530950305,211.03260020863428
83.54826600794343,202.84309583795192
84.4079967063838,212.31106085742476
85.26772740482417,200.21422020491786
86.12745810326456,193.70507598537026
86.98718880170493,200.2161167127741
87.8469195001453,197.5575847013187
88.70665019858568,203.71783762112688
89.56638089702605,200.2322286752277
90.42611159546644,200.23967709500968
91.28584229390681,200.2475559998788
92.14557299234718,187.89557685585146
93.00530369078756,193.28928284977607
93.86503438922793,196.45707124353535
94.72476508766832,207.4994721419072
95.58449578610869,211.0136132533688
96.44422648454906,200.28545859202103
97.30395718298945,200.28876069033362
98.16368788142981,200.29120987846014
99.0234185798702,199.53214310314445
99.88314927831057,199.91722918424082
100.74287997675094,191.101284030374
101.60261067519133,200.293096407569
102.46234137363169,193.20007811626203
103.32207207207207,213.3206778091167
104.18180277051245,192.9996051326675
105.04153346895282,197.50207382535424
105.90126416739321,215.23672862816002
106.76099486583357,200.2755993625839
107.62072556427395,198.61414542034677
108.48045626271433,193.6104379096989
109.3401869611547,211.42499435759888
110.19991765959509,199.48362796197014
111.05964835803545,200.24812123086232
111.91937905647583,200.2426771708289
112.7791097549162,200.23772174424462
113.63884045335658,193.61118570598435
114.49857115179697,209.91748242449165
115.35830185023732,187.85072592726735
116.21803254867771,207.88676043567963
117.07776324711809,200.2274064336569
117.93749394555846,195.43084118930813
118.79722464399885,200.23383306416181
119.65695534243922,215.98664907238572
120.51668604087959,198.71153014056273
121.37641673931996,200.25987404756623
122.23614743776034,192.59633720196777
123.09587813620072,198.0073458754127
123.9556088346411,200.309563141596
124.81533953308147,200.33104366695662
125.67507023152184,217.27252860051297
126.53480092996222,200.37989291613093
127.3945316284026,200.40676135286725
128.254262326843,204.5057403533017
129.11399302528335,216.0485371323821
129.9737237237237,197.73627769518166
130.8334544221641,181.81982639721895
131.69318512060448,210.55869661643794
132.55291581904487,200.58642630044318
133.41264651748523,204.68390608693102
134.2723772159256,210.9307565023147
135.13210791436597,199.94725059834832
135.99183861280636,208.19321858128689
136.85156931124675,209.14832873765636
137.7113000096871,200.7587048454108
138.57103070812747,195.2989049142725
139.43076140656785,200.80514420880328
140.29049210500824,200.8248486704039
141.15022280344863,200.84100657374577
142.009953501889,200.85257192657215
142.86968420032935,198.54713344275558
143.72941489876973,199.42821443908426
144.58914559721012,200.8492527593899
145.4488762956505,200.8319879875862
146.30860699409087,212.04691309586616
147.16833769253125,206.71632541917074
148.0280683909716,198.56867189864764
148.887799089412,183.95496865746858
149.7475297878524,192.60553629157442
150.60726048629274,207.5758917976069
151.46699118473313,200.37752868819547
152.3267218831735,193.3055631391979
153.18645258161388,200.1089839217433
154.04618328005427,204.8154254705974
154.90591397849462,191.68219009980095
155.765644676935,187.61069870885828
156.62537537537537,212.89102582237453
157.48510607381576,199.0686798089702
158.34483677225614,203.7819741752846
159.2045674706965,212.49851988811162
160.0642981691369,199.37250428545136
160.92402886757725,193.03107176731527
161.78375956601764,207.73643426023943
162.64349026445802,196.92205015712392
163.5032209628984,196.4585309027707
164.36295166133877,188.62997466309895
165.22268235977913,206.82937626892056
166.08241305821952,206.49379568794004
166.9421437566599,197.5191084149338
167.8018744551003,194.39593318243462
168.66160515354065,186.4311165680547
169.521335851981,209.98575139231951
170.3810665504214,194.20930188265777
171.24079724886178,206.11324378001993
172.10052794730217,192.7374299062107
172.96025864574253,181.8277430345443
173.8199893441829,175.5564922232368
174.67972004262327,191.0638617852285
175.53945074106366,189.03624414319677
176.39918143950405,183.81038672283154
177.2589121379444,169.47093538937895
178.11864283638477,180.32378025075866
178.97837353482515,187.15253482560703
179.83810423326554,195.1092974483932
180.69783493170593,185.99823312406417
181.55756563014629,200.8980791488686
182.41729632858664,185.1616738762871
183.27702702702703,187.0568680187903
184.13675772546742,183.0946210818314
184.9964884239078,184.37733600457406
185.85621912234816,189.81375155536952
186.71594982078852,191.3558779598435
187.5756805192289,177.38927905605078
188.4354112176693,167.5182654761042
189.29514191610966,177.31656781074471
190.15487261455004,172.1265519205569
191.01460331299043,183.74075947793585
191.8743340114308,183.6812432992649
192.73406470987118,173.552060873301
193.59379540831154,183.51420343723103
194.45352610675192,191.11546474620133
195.3132568051923,172.66871339351354
196.17298750363267,171.37971427686412
197.03271820207306,182.9235267297221
197.89244890051341,174.76716996237292
198.7521795989538,192.14911798718126
199.6119102973942,182.7607720339894
200.47164099583455,182.80861113041374
201.33137169427494,182.90026285002588
202.19110239271532,200.672343978167
203.05083309115568,182.0249922548411
203.91056378959607,183.39334156990768
204.77029448803643,181.5364899242506
205.63002518647681,197.47409870463844
206.4897558849172,184.11962605738583
207.34948658335756,185.40363138393624
208.20921728179795,196.1768263242985
209.0689479802383,202.47268505292178
209.9286786786787,189.21184532159063
210.78840937711908,200.58908574670414
211.64814007555944,185.79039664671842
212.50787077399983,194.17416913973423
213.36760147244019,191.01608681641522
214.22733217088057,186.58442575070723
215.08706286932096,186.3018866293785
215.94679356776132,170.49681034034296
216.8065242662017,178.25362286561278
217.66625496464206,187.74151150263407
218.52598566308245,185.03256743624115
219.38571636152284,188.42843374055528
220.2454470599632,188.8118651081687
221.10517775840358,189.22684822561274
221.96490845684394,199.2389521154859
222.82463915528433,200.86661532064886
223.68436985372472,182.6605836683165
224.54410055216508,191.27445688082886
225.40383125060546,191.8899149981069
226.26356194904582,183.22458046465977
227.1232926474862,184.41893394201048
227.9830233459266,200.50447525805617
228.84275404436696,186.3794865897344
229.70248474280734,177.10115645558932
230.5622154412477,189.53456683493508
231.4219461396881,190.4595620709786
232.28167683812848,214.17978911731848
233.14140753656883,184.3468963768281
234.00113823500922,198.2218455074935
234.8608689334496,186.42426881734036
235.72059963188997,213.327153175453
236.58033033033036,187.27353194430276
237.4400610287707,199.65631094213356
238.2997917272111,207.66428812624682
239.1595224256515,216.75795500788684
240.01925312409185,208.65368072166066
240.87898382253223,200.224734118945
241.7387145209726,200.2664823717037
242.59844521941298,200.27751147659248
243.45817591785337,200.26253336796537
244.31790661629373,200.22625998017614
245.1776373147341,200.17340324757876
246.03736801317447,200.10867510452718
246.89709871161486,189.13425715745547
247.75682941005525,203.7531559394853
248.6165601084956,197.819933346614
249.476290806936,195.97259973901225
250.33602150537635,199.77188093484224
251.19575220381674,199.7348629936877
252.05548290225713,199.7169029861402
252.91521360069748,196.64934666887382
253.77494429913787,187.20498202046056
254.63467499757823,197.7064483949158
255.49440569601862,196.94509124778764
256.35413639445903,199.73903608553744
257.21386709289936,192.4971793788402
258.07359779133975,199.95678064222855
258.93332848978014,186.9926815951264
259.79305918822047,193.79657392195415
260.6527898866609,197.78083098241927
261.51252058510124,200.18898204904627
262.37225128354163,200.23600985282346
263.231981981982,187.936326447086
264.09171268042235,200.30241224839577
264.9514433788628,219.98919907831396
265.8111740773031,205.114638583923
266.6709047757435,200.33627041023945
267.5306354741839,201.46104369530175
268.3903661726242,209.3605405795987
269.25009687106467,200.31976482402072
270.109827569505,199.104279765266
270.9695582679454,200.29698210022732
271.8292889663858,193.55916587862046
272.6890196648261,198.0370796121831
273.54875036326655,209.21000046789118
274.4084810617069,201.76017835796526
275.26821176014727,198.6031034407541
276.12794245858765,207.63240323727328
276.987673157028,185.55599088578316
277.84740385546843,200.3132223291399
278.70713455390876,200.33757578086076
279.56686525234915,214.41539858316816
280.42659595078953,200.92397054680072
281.28632664922986,200.26865706523944
282.1460573476703,210.7799572099328
283.00578804611064,191.21679761531865
283.865518744551,200.542247041323
284.7252494429914,200.58015021179645
285.58498014143174,200.61743171439483
286.4447108398722,198.80089180838513
287.3044415383125,197.36664608042992
288.1641722367529,200.7191528599818
289.0239029351933,200.7475543361225
289.8836336336336,205.43269428254612
290.74336433207407,200.7922629168475
291.6030950305144,208.86045606188455
292.4628257289548,209.22617636058615
293.32255642739517,200.81949982660876
294.1822871258355,193.56981304136278
295.04201782427594,200.80364821144914
295.9017485227163,200.7836606991242
296.76147922115666,191.21565463951455
297.62120991959705,201.05342438808802
298.4809406180374,195.18531211240042
299.3406713164778,200.63149323193022
300.20040201491815,200.57939733436967
301.06013271335854,200.5232849521039
301.91986341179893,210.16169082847819
302.77959411023926,188.58618174924553
303.6393248086797,191.26904298630092
304.49905550712003,200.2747218519846
305.3587862055604,188.55278011134402
306.2185169040008,200.14720805248857
307.07824760244114,191.48015179129305
307.9379783008816,204.60891143795695
308.7977089993219,211.29826080500155
309.6574396977623,193.49714201510238
310.5171703962027,205.34581971025668
311.376901094643,189.86932955182417
312.23663179308346,199.79349040338468
313.0963624915238,199.76541643422524
313.9560931899642,199.7453644373577
314.81582388840457,183.2227281561476
315.6755545868449,211.0013945355627
316.53528528528534,199.7413659184892
317.39501598372567,199.76108170954475
318.2547466821661,199.79077238825045
319.11447738060644,197.0997611864323
319.9742080790468,199.87507796017675
320.8339387774872,199.92719262917973
321.69366947592755,199.27447921141572
322.553400174368,188.14641376701152
323.4131308728083,186.7936801086406
324.27286157124865,203.11668018224793
325.1325922696891,199.82001259210972
325.99232296812943,185.9513184205995
326.8520536665699,200.3612733321164
327.7117843650102,197.31294489817589
328.57151506345053,196.5667710717923
329.431245761891,205.38797793988243
330.2909764603313,212.4200116020057
331.15070715877175,183.80233161117098
332.0104378572121,200.6023164871335
332.8701685556524,200.6103131032365
333.72989925409286,200.60578258903033
334.5896299525332,200.587474832406
335.44936065097363,201.96970723810242
336.30909134941396,197.06494449275326
337.1688220478543,188.50296301442256
338.02855274629474,185.01072053121567
338.88828344473507,206.26361186393285
339.7480141431755,203.64802089479122
340.60774484161584,199.9574833591564
341.46747554005617,210.12370420319735
342.3272062384966,184.20140881945514
343.18693693693695,195.88040550625087
344.0466676353774,198.87327670682114
344.9063983338177,198.45308013516828
345.76612903225805,208.2906224595587
346.6258597306985,197.3817754190687
347.4855904291388,184.0670531764579
348.34532112757927,214.469520390235
349.2050518260196,202.26862096654196
350.06478252445993,194.1852970979153
350.9245132229004,197.58660444693987
351.7842439213407,185.60435850203942
352.64397461978115,176.96241534494575
353.5037053182215,191.0455082644785
354.3634360166618,192.3399192826959
355.22316671510225,189.7605055876167
356.0828974135426,173.35394021246222
356.942628111983,178.60703200218347
357.80235881042336,193.66593904604045
358.6620895088637,168.3310972741239
359.52182020730413,197.91990686196368
360.38155090574446,186.90998065892268
361.2412816041849,186.5558149436316
362.10101230262524,186.22641927234315
362.96074300106557,182.04835078998002
363.820473699506,185.62637454257845
364.68020439794634,174.0019116767828
365.5399350963868,185.07871943123678
366.3996657948271,193.84108581561975
367.25939649326745,191.30607265351782
368.1191271917079,186.9364543463935
368.9788578901482,184.06582000660913
369.83858858858866,173.4584107612684
370.698319287029,183.62896469860033
371.5580499854693,183.4376709550049
372.41778068390977,181.36085683125282
373.2775113823501,183.12327706429383
374.13724208079054,176.3552918101742
374.9969727792309,186.06323903659882
375.8567034776712,182.86394754641282
376.71643417611165,182.84524801249825
377.576164874552,180.9274227859285
378.4358955729924,184.77081219124338
379.29562627143275,183.00969222317232
380.1553569698731,173.81385647301167
381.0150876683135,183.26810505812452
381.87481836675386,181.78715019596774
382.7345490651943,183.6064293660459
383.59427976363463,180.09512016810106
384.45401046207496,183.77203637749597
385.3137411605154,176.11045620509904
386.17347185895574,197.39386331680407
387.0332025573962,184.60542834715133
387.8929332558365,187.25968574719363
388.75266395427684,182.20465727917096
389.6123946527173,182.67968837797517
390.4721253511576,180.52296713734498
391.33185604959806,185.67252738636518
392.1915867480384,182.9934457239612
393.0513174464787,197.66723068868157
393.91104814491916,186.3077711272451
394.7707788433595,186.51445407088164
395.63050954179994,204.43909627337314
396.49024024024027,187.3185803778504
397.3499709386806,198.18127940628807
398.20970163712104,175.99940801893737
399.0694323355614,183.1218050657645
399.9291630340018,180.89244403519334
400.78889373244215,187.8663517681707
401.6486244308825,190.87916290066497
402.5083551293229,188.2788321648865
403.36808582776325,188.50482133084495
404.2278165262037,188.74825919739015
405.087547224644,189.0123578061618
405.94727792308447,189.30032919879974
406.8070086215248,189.6153854169438
407.66673931996513,200.3293987395919
408.5264700184056,183.41410013532388
409.3862007168459,190.75518344081016
410.24593141528635,191.08292647217405
411.1056621137267,202.87019250494444
411.965392812167,181.30807978326965
412.82512351060745,192.83676204708848
413.6848542090478,188.90679556748415
414.54458490748823,194.0833668706079
415.40431560592856,194.7272343757013
416.2640463043689,204.83438080007147
417.12377700280933,191.09385475993875
417.98350770124966,196.62520583092507
418.8432383996901,212.32900655665327
419.70296909813044,188.03999760297035
420.56269979657077,190.3580032693838
421.4224304950112,199.62856878134033
422.28216119345154,206.3108606246575
423.141891891892,192.85512394783203
424.0016225903323,199.78220276340292
424.86135328877265,193.5220571019875
425.7210839872131,200.28013107156397
426.5808146856534,200.4761621924731
427.44054538409387,191.35259847012154
428.3002760825342,194.28359006919644
429.1600067809745,186.7299370557538
430.01973747941497,200.9839965807105
430.8794681778553,197.35286841265318
431.73919887629575,203.59774817395845
432.5989295747361,201.86903059647787
433.4586602731764,201.18537769837232
434.31839097161685,190.76627173757146
435.1781216700572,201.22200440253752
436.0378523684976,201.23311479128682
436.89758306693795,201.2427805379411
437.7573137653783,201.2535196425954
438.61704446381873,194.31795961908128
439.47677516225906,201.28828992628524
440.3365058606995,189.19535117419446
441.19623655913983,198.2070664767227
442.05596725758016,201.4070691212062
442.9156979560206,191.25706959524263
443.77542865446094,201.52841088860478
444.6351593529014,212.21554122771343
445.4948900513417,202.7188225735143
446.35462074978204,201.73256162984512
447.2143514482225,211.88446100437753
448.0740821466628,201.8586323243235
448.93381284510326,201.91228453914397
449.7935435435436,204.6674766709706
450.6532742419839,201.99019904975754
451.51300494042437,202.01021188387446
452.3727356388647,189.65171856993837
453.23246633730514,208.051250713802
454.09219703574547,201.9689759314099
454.9519277341858,214.9165032842391
455.81165843262625,205.61895750641767
456.6713891310666,197.9288906486506
457.531119829507,206.74608258351654
458.39085052794735,201.4719793006664
459.2505812263877,186.77941138146144
460.1103119248281,197.3565038460176
460.97004262326845,201.0107726318464
461.8297733217089,215.61966131873612
462.68950402014923,203.6894754738835
463.54923471858956,188.21424351135065
464.40896541703,205.41303302625312
465.26869611547033,202.6601862344734
466.1284268139108,200.2988655422403
466.9881575123511,200.26175088860185
467.84788821079144,197.35840633969948
468.7076189092319,200.28305758552526
469.5673496076722,193.75636337587073
470.42708030611266,195.82098890918445
471.286811004553,187.6197473382257
472.1465417029933,200.61468126179415
473.00627240143376,184.24559299945886
473.8660030998741,200.86961986554678
474.72573379831454,201.00725683916673
475.58546449675487,212.71593494113347
476.4451951951952,201.28556038752103
477.30492589363564,203.2653235762293
478.16465659207597,201.54482908086422
479.0243872905164,201.65867248572033
479.88411798895675,201.75737373139992
480.7438486873971,206.9611101416579
481.6035793858375,201.89550515133166
482.46331008427785,210.2058739683801
483.3230407827183,201.13306542039714
484.1827714811586,189.1521058521684
485.04250217959896,205.2156115089631
485.9022328780394,201.73618412241888
486.76196357647973,195.09588349074036
487.6216942749202,209.41213206759522
488.4814249733605,191.40828320180742
489.34115567180083,201.07099231147677
490.2008863702413,200.869289779684
491.0606170686816,200.6651435241255
491.92034776712205,214.63777879773502
492.7800784655624,200.27295605742532
493.6398091640027,209.2674071716259
494.49953986244316,199.21871765131917
495.3592705608835,202.4877418526783
496.21900125932393,188.50579588973397
497.07873195776426,198.60570386691217
497.9384626562046,199.62888334291256
498.79819335464504,204.74832518755213
499.65792405308537,215.84231418066759
500.5176547515258,189.8420461183952
501.37738544996614,199.7809753622636
502.23711614840647,199.86868968383968
503.0968468468469,202.36243337169398
503.95657754528725,200.0812876101911
504.8163082437277,200.1997539872846
505.676038942168,200.3220538218686
506.53576964060835,200.44497850010217
507.3955003390488,200.56531940814446
508.2552310374891,200.67986793215437
509.11496173592957,200.785415458291
509.9746924343699,209.2059466965461
510.83442313281023,200.9566730615807
511.6941538312507,201.01596591105178
512.553884529691,215.2965830500765
513.4136152281314,203.24064351013436
514.2733459265718,212.09938300245608
515.1330766250121,200.3727332700681
515.9928073234526,214.17721817166702
516.8525380218929,200.8008770054659
517.7122687203333,195.22114507109217
518.5719994187737,200.4347088276449
519.431730117214,200.68040591380515
520.2914608156544,209.43590022263314
521.1511915140948,199.52611671584242
522.0109222125352,196.9468159516309
522.8706529109755,192.6625545360618
523.7303836094159,203.79208976437587
524.5901143078563,201.08701672261637
525.4498450062966,196.96856373286312
526.3095757047371,199.07287005607753
527.1693064031774,197.47102119697718
528.0290371016177,194.77499636207006
528.8887678000582,199.58009296522565
529.7484984984985,191.74252861588653
530.608229196939,207.81987685521185
531.4679598953793,177.17268793791362
532.3276905938197,192.86523775863844
533.1874212922601,182.13851635282091
534.0471519907004,189.8152997621728
534.9068826891408,196.75151060334767
535.7666133875812,180.53107937307573
536.6263440860216,207.7068815120452
537.486074784462,179.6451186988358
538.3458054829023,188.7276357154892
539.2055361813427,176.54311573652478
540.065266879783,195.38330077052896
540.9249975782235,183.4264206445081
541.7847282766638,183.15896984363565
542.6444589751042,191.61578129536196
543.5041896735446,172.60856584590152
544.3639203719849,198.5621689639259
545.2236510704254,206.31896058000765
546.0833817688657,186.6538874234024
546.943112467306,186.24282919955724
547.8028431657465,185.8331001093643
548.6625738641868,180.84857107371607
549.5223045626273,173.0433997703848
550.3820352610676,187.34096734380458
551.2417659595079,197.05631964906993
552.1014966579484,168.24106507219415
552.9612273563887,179.63519682329843
553.8209580548291,184.04085726707606
554.6806887532695,191.90422340819626
555.5404194517098,182.80253515459742
556.4001501501502,193.74189092395295
557.2598808485906,173.4530507953983
558.119611547031,173.16961088547538
558.9793422454713,183.87669827281454
559.8390729439117,169.92293282555684
560.6988036423521,181.28880075612855
561.5585343407924,172.3227309165377
562.4182650392329,183.70722133122536
563.2779957376732,196.51060633145138
564.1377264361136,174.23229567667818
564.997457134554,197.04734766202907
565.8571878329943,184.2607207541358
566.7169185314348,184.57486932796326
567.5766492298751,184.93972418559406
568.4363799283154,185.34196124414467
569.2961106267559,196.58695391336536
570.1558413251962,174.59671148597255
571.0155720236367,193.80001393572843
571.875302722077,179.92544636274278
572.7350334205174,172.1140912939791
573.5947641189578,184.11564804097765
574.4544948173981,178.60078510594101
575.3142255158385,201.75439672058167
576.1739562142789,188.48145417884263
577.0336869127193,188.62049828075692
577.8934176111596,188.74851993868091
578.7531483096,188.88682552410836
579.6128790080404,179.48647175912023
580.4726097064807,189.27951396344906
581.3323404049212,175.85504536428925
582.1920711033615,189.96743416683665
583.0518018018018,191.10546652484285
583.9115325002423,201.89911922824336
584.7712631986826,194.42125248074254
585.6309938971231,192.28449474301064
586.4907245955634,192.96639792956248
587.3504552940037,183.88325309776235
588.2101859924442,206.88554540746074
589.0699166908845,189.89368235671793
589.9296473893249,188.60333630431057
590.7893780877653,195.34136297438542
591.6491087862056,182.4467327251063
592.508839484646,197.28196348139997
593.3685701830864,197.73935436245517
594.2283008815268,209.82656897800518
595.0880315799672,187.68203860062866
595.9477622784075,211.9953247440693
596.8074929768479,198.92812326003244
597.6672236752883,198.11410301209014
598.5269543737287,190.23594904404598
599.386685072169,199.2827502795608
600.2464157706094,201.28329624126573
601.1061464690498,199.473102241817
601.9658771674901,217.38575633244787
602.8256078659306,205.96571659210963
603.6853385643709,183.56583167646482
604.5450692628112,211.78369180003924
605.4047999612517,199.6534375947218
606.264530659692,206.03939540613342
607.1242613581325,200.0321351716401
607.9839920565728,200.09910313686055
608.8437227550131,200.1630093349819
609.7034534534536,200.2239076671294
610.5631841518939,200.28185203442786
611.4229148503343,200.33689633800253
612.2826455487747,190.09156791966174
613.142376247215,194.95243415572952
614.0021069456554,200.4851678776346
614.8618376440958,202.45835104994063
615.7215683425362,190.9982385969134
616.5812990409765,198.3026040801867
617.4410297394169,202.04116837672075
618.3007604378573,194.8758298635255
619.1604911362977,200.71068588824158
620.0202218347381,200.28760849474085
620.8799525331784,195.65207348179516
621.7396832316188,200.79084301997088
622.5994139300592,200.81308833979318
623.4591446284995,200.83315202983658
624.31887532694,213.35217805439427
625.1786060253803,206.45044102423418
626.0383367238207,209.9648619968606
626.8980674222611,194.1836332038806
627.7577981207014,200.9008975553754
628.6175288191419,195.77216428677045
629.4772595175822,191.15788885781257
630.3369902160226,200.39669027482077
631.196720914463,212.874406202878
632.0564516129033,206.6065771933103
632.9161823113437,187.1978738365791
633.7759130097841,208.50371404624494
634.6356437082245,200.89740364913354
635.4953744066648,190.79860753309254
636.3551051051052,193.75498884651023
637.2148358035456,201.37948148158932
638.0745665019859,200.84459543889588
638.9342972004264,196.44739019993204
639.7940278988667,200.80554518008773
640.653758597307,198.90853933028737
641.5134892957475,200.7582956134444
642.3732199941878,202.84252706871024
643.2329506926283,206.22411471632182
644.0926813910686,200.6756251416587
644.9524120895089,200.6459896454916
645.8121427879494,200.61575978131742
646.6718734863897,200.58520253000356
647.5316041848301,200.55458487241742
648.3913348832705,200.5241737894263
649.2510655817108,200.49423626189764
650.1107962801512,200.4650392706987
650.9705269785916,200.43684979669692
651.830257677032,207.81515871616836
652.6899883754724,200.38456132375413
653.5497190739127,215.81201675403037
654.4094497723531,200.33950669000816
655.2691804707935,200.14619483097533
656.1289111692339,193.9237593013985
656.9886418676742,200.29016035306208
657.8483725661146,207.46646336146418
658.708103264555,200.27253464766576
659.5678339629953,200.26910429333998
660.4275646614358,195.6056429681342
661.2872953598761,200.27419046429694
662.1470260583164,200.28256957641503
663.0067567567569,200.2944473962914
663.8664874551972,203.1693165389514
664.7262181536377,188.36656924720268
665.585948852078,194.6440802301899
666.4456795505183,200.37079128600988
667.3054102489588,200.39554679415036
668.1651409473991,217.43963473578214
669.0248716458395,188.79816402238785
669.8846023442799,191.77663816889893
670.7443330427202,193.12283966635758
671.6040637411606,200.53795538069548
672.463794439601,198.84607046163515
673.3235251380414,200.5978691338286
674.1832558364817,200.6272273280317
675.0429865349221,217.70887357778653
675.9027172333625,200.68320773486857
676.7624479318029,203.40797246269798
677.6221786302433,203.20578326065663
678.4819093286836,200.83441869075955
679.341640027124,200.7756083679484
680.2013707255644,200.79283843561186
681.0611014240047,202.06587775526165
681.9208321224452,206.06451855663184
682.7805628208855,200.825989008406
683.6402935193258,200.83025509674215
684.5000242177663,200.8224223799281
685.3597549162066,200.82761076112922
686.219485614647,200.820366971953
687.0792163130874,186.3860445535331
687.9389470115277,193.161570217251
688.7986777099682,200.7729489275823
689.6584084084085,188.16074437330542
690.5181391068489,200.7182645078313
691.3778698052893,201.41557905856442
692.2376005037296,193.4642720400862
693.09733120217,205.08471475307337
693.9570619006104,200.70081801943985
694.8167925990508,209.1903396662195
695.6765232974911,200.4287957057651
696.5362539959315,189.44182085110543
697.3959846943719,219.42302796256516
698.2557153928122,209.93512574900348
699.1154460912527,200.11536592478032
699.975176789693,200.0141182442815
700.8349074881334,199.89838794238673
701.6946381865738,197.286995732691
702.5543688850141,201.57272188632635
703.4140995834546,199.43518339220367
704.2738302818949,188.3937281138435
705.1335609803352,191.42340661715804
705.9932916787757,203.66610154364614
706.853022377216,198.4381719346013
707.7127530756565,216.46370406701257
708.5724837740968,196.76631186399908
709.4322144725371,197.30394659194877
710.2919451709776,186.50001458338568
711.1516758694179,196.32008770387577
712.0114065678583,195.75111028711086
712.8711372662987,195.12688516637726
713.730867964739,194.44450059943227
714.5905986631794,193.70459151659904
715.4503293616198,192.92096905066447
716.3100600600602,192.11050351853848
717.1697907585005,201.86994830492512
718.0295214569409,172.94299289990056
718.8892521553813,189.6867516941132
719.7489828538216,188.93761706632267
720.6087135522621,188.24599095689103
721.4684442507024,184.28860134647888
722.3281749491427,188.11529394255592
723.1879056475832,177.123431501595
724.0476363460235,176.25113065927695
724.907367044464,185.8390709900434
725.7670977429043,201.19846477675048
726.6268284413446,172.51035426649779
727.4865591397851,185.0902329890914
728.3462898382254,184.92828256307203
729.2060205366658,184.80232280490966
730.0657512351062,169.76714192477374
730.9254819335465,167.95391960470073
731.785212631987,172.70461360465723
732.6449433304273,186.71731853359626
733.5046740288677,184.54773452681934
734.364404727308,180.77050941487838
735.2241354257484,176.35902415405215
736.0838661241888,176.52014897264092
736.9435968226292,195.1591833445315
737.8033275210696,184.4872722088684
738.6630582195099,184.4467278731674
739.5227889179503,180.7082695928933
740.3825196163907,184.30559241350008
741.242250314831,181.93953516320903
742.1019810132715,182.7349105937301
742.9617117117118,180.73840914559017
743.8214424101521,183.83364556000043
744.6811731085926,181.27712552571086
745.5409038070329,183.5432281705662
746.4006345054734,183.39325101911706
747.2603652039137,174.32115759296417
748.120095902354,183.09639199409705
748.9798266007945,175.9776090171019
749.8395572992348,193.6124428201938
750.6992879976752,179.77602011879128
751.5590186961156,196.90038190210203
752.418749394556,175.02728269899742
753.2784800929963,182.41248069738134
754.1382107914367,182.35516184242164
754.9979414898771,182.3207705450802
755.8576721883175,194.34831516414195
756.7174028867579,171.487498749964
757.5771335851982,189.1749065354727
758.4368642836386,181.65244662123393
759.296594982079,182.639499022537
760.1563256805193,177.30834648003596
761.0160563789598,171.90813221576215
761.8757870774001,184.87608909181841
762.7355177758404,181.5203318217912
763.5952484742809,184.89501457653012
764.4549791727212,184.80969535191284
765.3147098711617,179.69510562285964
766.174440569602,176.9217317065825
767.0341712680423,186.96706231279606
767.8939019664828,187.87787463701775
768.7536326649231,205.09864014145356
769.6133633633635,187.18339371921454
770.4730940618039,191.10020379195882
771.3328247602442,182.5514628368021
772.1925554586846,180.86252089095098
773.052286157125,194.24320754596215
773.9120168555654,194.2050546135439
774.7717475540057,204.7531939145912
775.6314782524461,198.50909369736146
776.4912089508865,194.9900205210644
777.3509396493268,198.27526606263058
778.2106703477673,197.92196671868535
779.0704010462076,199.23781920656992
779.930131744648,199.61731541088653
780.7898624430884,191.15329879581867
781.6495931415287,200.22327289478702
782.5093238399692,213.39172773915163
783.3690545384095,212.158140941548
784.2287852368498,189.9403981039506
785.0885159352903,200.93585283700395
785.9482466337306,201.02789542788838
786.807977332171,201.09163366500925
787.6677080306114,207.74457006944613
788.5274387290517,201.14647028616864
789.3871694274922,202.7946902882262
790.2469001259325,201.12490911689935
791.1066308243729,201.09315011598426
791.9663615228133,200.62556177731778
792.8260922212536,190.8761865387535
793.685822919694,200.95077907274316
794.5455536181344,203.97709849832404
795.4052843165748,200.84730303069068
796.2650150150151,214.51287829947196
797.1247457134555,196.77942397960877
797.9844764118959,200.7364492137544
798.8442071103362,210.65575010285266
799.7039378087767,200.70093885088966
800.563668507217,196.19745100712063
801.4233992056573,190.39460046670615
802.2831299040978,212.63478513575805
803.1428606025381,200.69792382866558
804.0025913009786,194.8199562501411
804.8623219994189,199.78336431227183
805.7220526978592,200.73279956172374
806.5817833962997,200.7477113472577
807.44151409474,199.1034692177176
808.3012447931804,185.71427492149033
809.1609754916208,191.5742121599961
810.0207061900611,192.95199936630564
810.8804368885015,200.81576604427158
811.7401675869419,202.7797608972346
812.5998982853823,200.83401503164254
813.4596289838227,200.84218384625987
814.319359682263,201.84087253369984
815.1790903807034,200.8585695677144
816.0388210791438,200.867570254694
816.8985517775842,204.59764631605742
817.7582824760245,194.49420356049785
818.6180131744649,200.90250630149697
819.4777438729053,200.9181026126235
820.3374745713456,204.02680871276303
821.1972052697861,200.95757301859197
822.0569359682264,192.33617359070828
822.9166666666667,201.0106930699893
823.7763973651072,190.14211222481077
824.6361280635475,199.79731294728526
825.495858761988,201.1228243085108
826.3555894604283,192.47388746120026
827.2153201588686,201.2237846259731
828.0750508573091,201.28330230245228
828.9347815557494,187.73911883793994
829.7945122541898,210.83097839076092
830.6542429526302,201.49934234486528
831.5139736510705,214.02722099630336
832.373704349511,201.66566442742783
833.2334350479513,209.34524456944047
834.0931657463917,191.27598421667463
834.952896444832,201.9255987574871
835.8126271432724,202.0104183694816
836.6723578417128,202.09240366870668
837.5320885401532,186.87754096487856
838.3918192385936,189.8991648811115
839.2515499370339,202.3098233072255
840.1112806354743,207.37757273800736
840.9710113339147,214.447894268658
841.830742032355,202.46022475367508
842.6904727307955,202.49008479240186
843.5502034292358,191.50810197603099
844.4099341276761,202.51247597519674
845.2696648261166,193.3765473448517
846.1293955245569,202.47740837675312
846.9891262229974,195.93259498763481
847.8488569214377,202.86528265292083
848.708587619878,202.29771960653767
849.5683183183185,202.20392037892665
850.4280490167588,202.09706940215872
851.2877797151992,204.24149862117153
852.1475104136396,201.31700571760572
853.0072411120799,201.72629684678216
853.8669718105203,200.74298187015108
854.7267025089607,189.5654331943165
855.5864332074011,201.26111216297684
856.4461639058414,187.10481539462182
857.3058946042818,201.10948905679749
858.1656253027222,195.51264337049344
859.0253560011625,193.5566208714622
859.885086699603,214.64047586864817
860.7448173980433,200.8193289099504
861.6045480964837,200.79843210995512
862.4642787949241,206.15019201971808
863.3240094933644,200.83227146151106
864.1837401918049,200.87996624263974
865.0434708902452,205.17633331595107
865.9032015886855,191.65363649017598
866.762932287126,189.01978268858448
867.6226629855663,206.74670892724717
868.4823936840068,191.28239366616904
869.3421243824471,205.0052679521226
870.2018550808874,219.02590909409918
871.0615857793279,201.33593891359556
871.9213164777682,201.32669251038405
872.7810471762086,201.28736078660353
873.640777874649,201.22121791305594
874.5005085730893,209.60008373930089
875.3602392715297,201.02991913999222
876.2199699699701,216.67529179592628
877.0797006684105,204.30902089893345
877.9394313668508,200.67576996378352
878.7991620652913,200.56122171349926
879.6588927637316,206.19959310540247
880.518623462172,210.8797564680593
881.3783541606124,209.24517222237907
882.2380848590527,200.2633344023975
883.0978155574932,200.25322455100417
883.9575462559335,202.31939985911794
884.8172769543738,191.59236485732563
885.6770076528143,210.06190628957262
886.5367383512546,209.3998491048312
887.396469049695,202.84558017636465
888.2561997481354,209.48816044916404
889.1159304465757,205.21620751617817
889.9756611450161,200.88846557348566
890.8353918434565,201.13259985334767
891.6951225418969,201.1316386130843
892.5548532403373,194.0387556582697
893.4145839387776,201.35858361296488
894.274314637218,201.4593362086204
895.1340453356584,201.33024028615827
895.9937760340988,216.54298754719682
896.8535067325391,201.70647525705257
897.7132374309795,201.770724847442
898.5729681294199,201.82603080183264
899.4326988278602,199.8773733993806
900.2924295263007,195.7644404427621
901.152160224741,194.09869531445887
902.0118909231813,201.95927518194753
902.8716216216218,201.9709556482496
903.7313523200621,191.08483869758956
904.5910830185026,196.21416551225317
905.4508137169429,207.60005843106043
906.3105444153832,201.93334038236375
907.1702751138237,201.9032165137539
908.030005812264,201.86495031654286
908.8897365107044,198.88271019929027
909.7494672091448,214.42502570009847
910.6091979075851,201.7020262145731
911.4689286060255,201.63191916422778
912.3286593044659,193.06929286132237
913.1883900029063,201.46844361576655
914.0481207013466,201.37522080990465
914.907851399787,194.94750992509552
915.7675820982274,215.00272815502586
916.6273127966678,200.56318362090533
917.4870434951082,214.64885951893405
918.3467741935485,193.87953564587633
