59.4758064516129,201.3250976665611
60.33553715005327,201.59086057992351
61.19526784849365,201.25674269634865
62.05499854693402,201.21773641248825
62.9147292453744,201.17596411217005
63.774459943814776,202.5478965429288
64.63419064225515,201.08548101029572
65.49392134069552,201.03744998280732
66.35365203913591,200.98801248699627
67.21338273757628,192.10231548875615
68.07311343601665,212.61903367027182
68.93284413445703,200.83466005996655
69.7925748328974,199.437616220978
70.65230553133779,200.7316240292876
71.51203622977816,200.68088535125176
72.37176692821853,200.63111941413018
73.2314976266589,200.58266610495656
74.0912283250993,216.4464409614785
74.95095902353967,215.69482468144898
75.81068972198004,200.44858081546212
76.67042042042041,200.40877688841869
77.5301511188608,200.37198502449243
78.38988181730117,200.338545110717
79.24961251574155,204.77544660544928
80.10934321418192,200.28308068175414
80.96907391262229,200.26172965732573
81.82880461106268,193.15642101338568
82.68853530950305,200.23194341654118
83.54826600794343,200.22280656469653
84.4079967063838,196.84464426495205
85.26772740482417,200.21422020491786
86.12745810326456,207.41607138676056
86.98718880170493,200.2161167127741
87.8469195001453,200.22008344547302
88.70665019858568,200.22557577916982
89.56638089702605,200.2322286752277
90.42611159546644,200.23967709500968
91.28584229390681,200.2475559998788
92.14557299234718,200.2555003511982
93.00530369078756,200.26314511033104
93.86503438922793,200.27012539673612
94.72476508766832,200.27617188914542
95.58449578610869,200.28127263959934
96.44422648454906,200.28545859202103
97.30395718298945,200.28876069033362
98.16368788142981,188.59236354721398
99.0234185798702,200.29283710032385
99.88314927831057,200.2936732998478
100.74287997675094,200.29374942095512
101.60261067519133,200.293096407569
102.46234137363169,200.29174520361246
103.32207207207207,202.4573245138034
104.18180277051245,194.5384533200647
105.04153346895282,200.28381188755202
105.90126416739321,200.2799773605453
106.76099486583357,200.2755993625839
107.62072556427395,200.27070883759086
108.48045626271433,198.12214043093064
109.3401869611547,189.72527215210354
110.19991765959509,200.25385014375647
111.05964835803545,200.24812123086232
111.91937905647583,200.2426771708289
112.7791097549162,195.9782497483622
113.63884045335658,200.23345873169802
114.49857115179697,200.23009191377756
115.35830185023732,200.22782507107152
116.21803254867771,204.34589228739455
117.07776324711809,200.2274064336569
117.93749394555846,203.11331043725454
118.79722464399885,200.23383306416181
119.65695534243922,200.24012280635523
120.51668604087959,200.24873520729383
121.37641673931996,202.64561683751083
122.23614743776034,200.27374100702045
123.09587813620072,200.47031660209072
123.9556088346411,193.09619810011714
124.81533953308147,200.33104366695662
125.67507023152184,200.2805638325501
126.53480092996222,200.37989291613093
127.3945316284026,186.45991750990564
128.254262326843,182.7983279455573
129.11399302528335,200.4641351329455
129.9737237237237,200.49414018921013
130.8334544221641,200.5246904982404
131.69318512060448,187.97169488994416
132.55291581904487,200.58642630044318
133.41264651748523,200.6171115065385
134.2723772159256,197.54785334913933
135.13210791436597,200.67686581102413
135.99183861280636,200.70543462233718
136.85156931124675,200.73279768164556
137.7113000096871,200.03923980745736
138.57103070812747,200.78290597009413
139.43076140656785,185.76228901816262
140.29049210500824,187.48350158236022
141.15022280344863,200.84100657374577
142.009953501889,193.0725471241447
142.86968420032935,191.25142610217006
143.72941489876973,200.15050982519062
144.58914559721012,200.8492527593899
145.4488762956505,214.98226130442688
146.30860699409087,207.81644769523353
147.16833769253125,193.08805097445406
148.0280683909716,200.7170746323511
148.887799089412,200.65424385980882
149.7475297878524,200.57740660643998
150.60726048629274,187.77796690855342
151.46699118473313,200.37752868819547
152.3267218831735,203.91565747498157
153.18645258161388,212.85009148307577
154.04618328005427,199.94591479666275
154.90591397849462,199.76176917983173
155.765644676935,199.5551277142637
156.62537537537537,198.19694099584058
157.48510607381576,191.24673558666697
158.34483677225614,198.78603465527155
159.2045674706965,198.47521622488938
160.0642981691369,185.35909077384323
160.92402886757725,197.7633821061283
161.78375956601764,189.92891187253068
162.64349026445802,196.92205015712392
163.5032209628984,196.4585309027707
164.36295166133877,195.9879059647699
165.22268235977913,195.35193981845592
166.08241305821952,200.07572968999023
166.9421437566599,195.59116862871147
167.8018744551003,206.6107680241942
168.66160515354065,194.08919120066082
169.521335851981,191.69427259676786
170.3810665504214,183.32543728052636
171.24079724886178,193.13188274490463
172.10052794730217,192.7374299062107
172.96025864574253,192.27380746581403
173.8199893441829,191.72211866872553
174.67972004262327,191.0638617852285
175.53945074106366,201.1377307763641
176.39918143950405,202.37459574868643
177.2589121379444,188.65940278542266
178.11864283638477,187.86632018265203
178.97837353482515,187.15253482560703
179.83810423326554,185.85181453917065
180.69783493170593,185.99823312406417
181.55756563014629,185.54381472490795
182.41729632858664,185.1616738762871
183.27702702702703,198.10555363087076
184.13675772546742,184.58559257902633
184.9964884239078,184.37733600457406
185.85621912234816,174.7726808640375
186.71594982078852,184.50110004936315
187.5756805192289,170.292822581434
188.4354112176693,183.909182066808
189.29514191610966,181.15961534804612
190.15487261455004,183.79381638417368
191.01460331299043,183.74075947793585
191.8743340114308,183.6812432992649
192.73406470987118,175.3261871941185
193.59379540831154,183.51420343723103
194.45352610675192,167.7736448980618
195.3132568051923,182.946238131424
196.17298750363267,194.60852959344254
197.03271820207306,191.0176239767063
197.89244890051341,190.69182457630166
198.7521795989538,170.2003634955277
199.6119102973942,190.4934464572708
200.47164099583455,182.80861113041374
201.33137169427494,181.8621818985734
202.19110239271532,183.0312519750177
203.05083309115568,174.82553273765848
203.91056378959607,183.39334156990768
204.77029448803643,180.32506760865525
205.63002518647681,183.8590781726183
206.4897558849172,184.11962605738583
207.34948658335756,184.3926600406841
208.20921728179795,199.5399021723367
209.0689479802383,184.95828543163972
209.9286786786787,185.24192640368074
210.78840937711908,185.52015493484598
211.64814007555944,185.79039664671842
212.50787077399983,186.05540322795505
213.36760147244019,186.3188533666024
214.22733217088057,186.58442575070723
215.08706286932096,197.63608357527494
215.94679356776132,185.28822657081923
216.8065242662017,205.8622103855069
217.66625496464206,187.74151150263407
218.52598566308245,188.072875434726
219.38571636152284,187.88445186667187
220.2454470599632,188.8118651081687
221.10517775840358,189.22684822561274
221.96490845684394,189.67706178093422
222.82463915528433,180.3265214963949
223.68436985372472,190.69789495739593
224.54410055216508,185.88064160516362
225.40383125060546,191.8899149981069
226.26356194904582,192.5353543415668
227.1232926474862,193.20185601361246
227.9830233459266,196.1069771353584
228.84275404436696,194.562370753075
229.70248474280734,188.47204978553626
230.5622154412477,195.9001080357234
231.4219461396881,213.08139318713316
232.28167683812848,197.1437166807866
233.14140753656883,197.70792552023278
234.00113823500922,206.84879683772584
234.8608689334496,201.4533507898298
235.72059963188997,206.21016461122144
236.58033033033036,199.39028793471695
237.4400610287707,209.7580469831256
238.2997917272111,199.86805512991077
239.1595224256515,200.03023243240247
240.01925312409185,200.1475547839626
240.87898382253223,188.50945666295078
241.7387145209726,186.1693957709063
242.59844521941298,200.62554725982986
243.45817591785337,200.26253336796537
244.31790661629373,210.1336762842364
245.1776373147341,200.17340324757876
246.03736801317447,199.82313035489764
246.89709871161486,200.0367874853752
247.75682941005525,211.8824779473218
248.6165601084956,199.890381556186
249.476290806936,183.87557293765448
250.33602150537635,199.77188093484224
251.19575220381674,199.7348629936877
252.05548290225713,199.7169029861402
252.91521360069748,211.35447492275878
253.77494429913787,199.73107045427133
254.63467499757823,210.06094376008997
255.49440569601862,195.92237244126622
256.35413639445903,213.03160189592907
257.21386709289936,199.89862404272418
258.07359779133975,203.65195891126774
258.93332848978014,210.0955425497054
259.79305918822047,200.0773328639283
260.6527898866609,200.13536196607274
261.51252058510124,195.0858892279367
262.37225128354163,200.23600985282346
263.231981981982,200.27426394929853
264.09171268042235,200.3803219303862
264.9514433788628,200.321319381899
265.8111740773031,199.321708304788
266.6709047757435,212.2229618405551
267.5306354741839,208.86751126982406
268.3903661726242,206.1624169509599
269.25009687106467,200.31976482402072
270.109827569505,200.30874131906944
270.9695582679454,200.29698210022732
271.8292889663858,205.45657505677679
272.6890196648261,189.39573787594045
273.54875036326655,200.26944080564658
274.4084810617069,200.26688937653162
275.26821176014727,200.2696774125013
276.12794245858765,200.2786338094645
276.987673157028,200.2933618935092
277.84740385546843,200.4162261122029
278.70713455390876,200.33757578086076
279.56686525234915,200.36578291317622
280.42659595078953,200.39720439059053
281.28632664922986,194.6579856656639
282.1460573476703,200.4671330387331
283.00578804611064,200.50436153847
283.865518744551,200.542247041323
284.7252494429914,185.47659767960403
285.58498014143174,202.98691487819048
286.4447108398722,196.4787680045347
287.3044415383125,200.6875723739831
288.1641722367529,197.13803989957694
289.0239029351933,200.7475543361225
289.8836336336336,212.04382158071522
290.74336433207407,200.7922629168475
291.6030950305144,200.80729135044047
292.4628257289548,193.8687826713036
293.32255642739517,201.47667827977423
294.1822871258355,210.460538043544
295.04201782427594,204.6329626512644
295.9017485227163,200.7836606991242
296.76147922115666,200.75565637838255
297.62120991959705,206.0850892706357
298.4809406180374,200.67877008098574
299.3406713164778,215.0714821422045
300.20040201491815,200.57939733436967
301.06013271335854,205.54306513502164
301.91986341179893,190.44606361540215
302.77959411023926,200.4022209886559
303.6393248086797,200.33887453507327
304.49905550712003,200.2747218519846
305.3587862055604,200.21056550318983
306.2185169040008,211.27757591256955
307.07824760244114,200.0854520636808
307.9379783008816,214.59342145557136
308.7977089993219,199.96995472694465
309.6574396977623,207.0793573880421
310.5171703962027,199.87049400337983
311.376901094643,199.82878378103607
312.23663179308346,199.79349040338468
313.0963624915238,199.76541643422524
313.9560931899642,207.47613585271665
314.81582388840457,204.04731757505846
315.6755545868449,199.7325366156974
316.53528528528534,188.30631328889376
317.39501598372567,183.8764919165879
318.2547466821661,199.79077238825045
319.11447738060644,199.8291878424974
319.9742080790468,199.87507796017675
320.8339387774872,199.92719262917973
321.69366947592755,199.98428173739737
322.553400174368,208.35506636742593
323.4131308728083,200.10838282304138
324.27286157124865,195.95804953423536
325.1325922696891,200.23738032023803
325.99232296812943,200.3005899428964
326.8520536665699,210.89823354392433
327.7117843650102,200.41818037578912
328.57151506345053,200.47006096180561
329.431245761891,200.51566497805723
330.2909764603313,205.03394983560068
331.15070715877175,200.58304285283003
332.0104378572121,200.6023164871335
332.8701685556524,200.6103131032365
333.72989925409286,200.60578258903033
334.5896299525332,200.587474832406
335.44936065097363,200.55413972125473
336.30909134941396,200.50452714346756
337.1688220478543,198.7541841266198
338.02855274629474,200.35146913955035
338.88828344473507,200.24551426977976
339.7480141431755,197.12953409764415
340.60774484161584,199.9574833591564
341.46747554005617,208.3837442596608
342.3272062384966,199.51985662198382
343.18693693693695,212.78401656611018
344.0466676353774,218.062922514155
344.9063983338177,195.0698912094752
345.76612903225805,197.9583862622275
346.6258597306985,197.3817754190687
347.4855904291388,196.71582793676188
348.34532112757927,195.95312414637678
349.2050518260196,195.088939567062
350.06478252445993,189.4266763441081
350.9245132229004,188.28481913710323
351.7842439213407,192.51698874936122
352.64397461978115,197.9062053348718
353.5037053182215,191.0455082644785
354.3634360166618,179.58541442715443
355.22316671510225,189.7605055876167
356.0828974135426,178.6768020726475
356.942628111983,188.65163066312525
357.80235881042336,199.2067079213249
358.6620895088637,187.7081857407086
359.52182020730413,187.29280729801533
360.38155090574446,186.90998065892268
361.2412816041849,186.5558149436316
362.10101230262524,184.64384492116687
362.96074300106557,182.5306462479749
363.820473699506,185.62637454257845
364.68020439794634,185.34794372450423
365.5399350963868,190.35339812592818
366.3996657948271,170.3384395336271
367.25939649326745,186.8120470533934
368.1191271917079,184.30581126075762
368.9788578901482,173.86150581991237
369.83858858858866,183.83927610084586
370.698319287029,183.62896469860033
371.5580499854693,185.99363053822378
372.41778068390977,183.26818002519187
373.2775113823501,183.12327706429383
374.13724208079054,183.00574722744304
374.9969727792309,187.1760482138742
375.8567034776712,182.86394754641282
376.71643417611165,182.84524801249825
377.576164874552,182.864740712739
378.4358955729924,182.920936936669
379.29562627143275,183.00969222317232
380.1553569698731,168.27703959851945
381.0150876683135,174.94030702489397
381.87481836675386,202.06002386225035
382.7345490651943,183.6064293660459
383.59427976363463,183.79507399376075
384.45401046207496,183.99116607544303
385.3137411605154,192.46082248668287
386.17347185895574,184.39709815296956
387.0332025573962,183.7888518479539
387.8929332558365,184.81639486208275
388.75266395427684,167.79328437073937
389.6123946527173,185.2434175056067
390.4721253511576,185.45806395990508
391.33185604959806,185.67252738636518
392.1915867480384,185.88610294783985
393.0513174464787,189.08586376826116
393.91104814491916,186.3077711272451
394.7707788433595,186.51445407088164
395.63050954179994,194.40434926066987
396.49024024024027,197.82062682829547
397.3499709386806,187.10944554962964
398.20970163712104,197.21713905348184
399.0694323355614,187.4851216741245
399.9291630340018,185.7881418685285
400.78889373244215,184.76747886117886
401.6486244308825,188.067079657875
402.5083551293229,188.2788321648865
403.36808582776325,176.8799874688662
404.2278165262037,186.89299180025327
405.087547224644,172.92418362751306
405.94727792308447,189.30032919879974
406.8070086215248,189.6153854169438
407.66673931996513,185.87509647135207
408.5264700184056,190.33960049630923
409.3862007168459,190.75518344081016
410.24593141528635,191.21069937737633
411.1056621137267,178.8781616206192
411.965392812167,183.05780354722688
412.82512351060745,192.83676204708848
413.6848542090478,193.44999022125384
414.54458490748823,194.0833668706079
415.40431560592856,191.58759943968334
416.2640463043689,195.37193511708477
417.12377700280933,196.00781147530913
417.98350770124966,196.62520583092507
418.8432383996901,197.21446056448332
419.70296909813044,197.7659180565346
420.56269979657077,198.26994783261145
421.4224304950112,198.72085903757326
422.28216119345154,199.12099254557094
423.141891891892,199.47366742978684
424.0016225903323,199.78220276340292
424.86135328877265,204.90865257809244
425.7210839872131,212.66875682538944
426.5808146856534,200.4761621924731
427.44054538409387,200.64133005551088
428.3002760825342,200.7789537338592
429.1600067809745,200.89226969462882
430.01973747941497,203.31901211012837
430.8794681778553,201.05665282403055
431.73919887629575,201.11275642468405
432.5989295747361,201.1548253827662
433.4586602731764,201.18537769837232
434.31839097161685,201.20693137159773
435.1781216700572,201.22200440253752
436.0378523684976,201.23311479128682
436.89758306693795,196.1182739270287
437.7573137653783,201.2535196425954
438.61704446381873,201.26785010534505
439.47677516225906,201.28828992628524
440.3365058606995,201.31735710551115
441.19623655913983,197.97695407047678
442.05596725758016,201.4070691212062
442.9156979560206,211.0363031134198
443.77542865446094,201.52841088860478
444.6351593529014,205.62012811727445
445.4948900513417,201.66439261186338
446.35462074978204,192.70119514233014
447.2143514482225,201.79801644427792
448.0740821466628,213.47757630859388
448.93381284510326,201.91228453914397
449.7935435435436,193.01595938889406
450.6532742419839,197.5433986745727
451.51300494042437,202.01021188387446
452.3727356388647,202.0147621294142
453.23246633730514,201.75931704963577
454.09219703574547,206.37733413703333
454.9519277341858,201.9143900261898
455.81165843262625,187.11856693153942
456.6713891310666,211.26764715200446
457.531119829507,212.78024373526924
458.39085052794735,201.4719793006664
459.2505812263877,201.32285491336688
460.1103119248281,198.22581231320117
460.97004262326845,201.0107726318464
461.8297733217089,203.71528679458942
462.68950402014923,200.71126491612756
463.54923471858956,200.5778587360801
464.40896541703,214.65128686220692
465.26869611547033,186.28668713232352
466.1284268139108,199.33620185080096
466.9881575123511,200.26175088860185
467.84788821079144,209.84214590396482
468.7076189092319,200.28305758552526
469.5673496076722,200.33502894200154
470.42708030611266,202.85991274052566
471.286811004553,200.50430192861063
472.1465417029933,200.61468126179415
473.00627240143376,205.02526786760373
473.8660030998741,200.86961986554678
474.72573379831454,201.00725683916673
475.58546449675487,201.14705739598298
476.4451951951952,201.28556038752103
477.30492589363564,201.41930466530633
478.16465659207597,201.54482908086422
479.0243872905164,201.65867248572033
479.88411798895675,201.75737373139992
480.7438486873971,215.82215102015806
481.6035793858375,201.89550515133166
482.46331008427785,201.9280130286347
483.3230407827183,201.93153415286307
484.1827714811586,201.90260737554223
485.04250217959896,201.8377822264543
485.9022328780394,201.73618412241888
486.76196357647973,192.61896957129068
487.6216942749202,201.44362998805073
488.4814249733605,201.2643920655752
489.34115567180083,201.07099231147677
490.2008863702413,200.869289779684
491.0606170686816,200.08470054586317
491.92034776712205,195.20685143135205
492.7800784655624,182.26985314171927
493.6398091640027,200.0966329541408
494.49953986244316,211.10754236063843
495.3592705608835,194.0065846870777
496.21900125932393,213.29167003503215
497.07873195776426,208.24585764866868
497.9384626562046,199.62888334291256
498.79819335464504,199.6306743300254
499.65792405308537,203.02964072327842
500.5176547515258,199.70992895354192
501.37738544996614,194.6768450251754
502.23711614840647,199.86868968383968
503.0968468468469,199.9698633044292
503.95657754528725,200.0812876101911
504.8163082437277,200.1997539872846
505.676038942168,200.3220538218686
506.53576964060835,200.44497850010217
507.3955003390488,200.56531940814446
508.2552310374891,200.67986793215437
509.11496173592957,205.88643933244884
509.9746924343699,200.87875337271348
510.83442313281023,215.6164232195719
511.6941538312507,201.01596591105178
512.553884529691,190.36167130711993
513.4136152281314,201.06583663644173
514.2733459265718,195.84186041126563
515.1330766250121,201.00269663815567
515.9928073234526,200.9207260830317
516.8525380218929,200.8008770054659
517.7122687203333,195.07721854568658
518.5719994187737,200.4347088276449
519.431730117214,188.91500353191094
520.2914608156544,201.39108694984094
521.1511915140948,192.0869314659085
522.0109222125352,199.12117741408127
522.8706529109755,198.66378783187596
523.7303836094159,192.6117359156309
524.5901143078563,197.58831635824004
525.4498450062966,180.44757481049706
526.3095757047371,191.8190312352327
527.1693064031774,210.34355005333418
528.0290371016177,194.77499636207006
528.8887678000582,193.95633330384933
529.7484984984985,193.13102953986697
530.608229196939,192.32525671940476
531.4679598953793,191.5651864917449
532.3276905938197,190.87699050616922
533.1874212922601,190.28684041196004
534.0471519907004,189.8152997621728
534.9068826891408,189.45337037879042
535.7666133875812,189.18234864188733
536.6263440860216,202.2343709213304
537.486074784462,186.18549238341356
538.3458054829023,188.7276357154892
539.2055361813427,188.63315096993895
540.065266879783,181.38110062576413
540.9249975782235,184.63529932325253
541.7847282766638,197.64973961552354
542.6444589751042,181.9381817774456
543.5041896735446,187.7603151360194
544.3639203719849,196.93397115787516
545.2236510704254,184.80075409472448
546.0833817688657,195.43974121109875
546.943112467306,186.24282919955724
547.8028431657465,185.8331001093643
548.6625738641868,185.438172328907
549.5223045626273,182.119059080068
550.3820352610676,184.746609401532
551.2417659595079,184.47691860678088
552.1014966579484,174.65573594580607
552.9612273563887,183.3006603937
553.8209580548291,164.64884837613425
554.6806887532695,183.98745130191946
555.5404194517098,193.17306024432258
556.4001501501502,188.01630924836635
557.2598808485906,183.93685655208307
558.119611547031,202.01646439591977
558.9793422454713,183.87669827281454
559.8390729439117,181.34627958668537
560.6988036423521,183.7623621669805
561.5585343407924,193.57880318935287
562.4182650392329,183.70722133122536
563.2779957376732,173.5611375359424
564.1377264361136,183.8374253527398
564.997457134554,184.0106025469954
565.8571878329943,184.9587851143635
566.7169185314348,184.01402567341034
567.5766492298751,188.32786846102277
568.4363799283154,185.91834495114142
569.2961106267559,185.76825642073166
570.1558413251962,186.20528563247126
571.0155720236367,186.63972479648007
571.875302722077,187.05824982987434
572.7350334205174,191.99860241792408
573.5947641189578,192.76040589991743
574.4544948173981,188.08509931753485
575.3142255158385,198.0879308041883
576.1739562142789,198.26358235265013
577.0336869127193,188.62049828075692
577.8934176111596,188.74851993868091
578.7531483096,188.88682552410836
579.6128790080404,199.77369583310625
580.4726097064807,189.33792091939978
581.3323404049212,189.57650956035
582.1920711033615,189.96743416683665
583.0518018018018,190.45070198600158
583.9115325002423,187.99185241421648
584.7712631986826,191.6264395237753
585.6309938971231,192.28449474301064
586.4907245955634,194.02780910085318
587.3504552940037,208.58694182752532
588.2101859924442,194.33329799978267
589.0699166908845,208.2592687178475
589.9296473893249,192.387132553772
590.7893780877653,196.2161561680791
591.6491087862056,196.7721548237254
592.508839484646,197.28196348139997
593.3685701830864,197.73935436245517
594.2283008815268,198.13809968824373
595.0880315799672,198.18189229691856
595.9477622784075,198.734784683324
596.8074929768479,183.1889805283244
597.6672236752883,195.08720892425427
598.5269543737287,199.18210175880034
599.386685072169,187.11384987208086
600.2464157706094,201.15966336033023
601.1061464690498,199.473102241817
601.9658771674901,199.56301180823306
602.8256078659306,199.64948229967442
603.6853385643709,195.29895153262518
604.5450692628112,198.56565355773236
605.4047999612517,199.88879833540184
606.264530659692,199.9620515381956
607.1242613581325,196.94531989552266
607.9839920565728,200.09910313686055
608.8437227550131,200.1630093349819
609.7034534534536,203.14899397342325
610.5631841518939,190.57199894996694
611.4229148503343,206.22459663594472
612.2826455487747,203.9831657956794
613.142376247215,200.43850035848087
614.0021069456554,200.4851678776346
614.8618376440958,200.52915093756485
615.7215683425362,200.5705034393967
616.5812990409765,200.60927928425522
617.4410297394169,200.64553237326552
618.3007604378573,201.61479272675433
619.1604911362977,195.60848860684268
620.0202218347381,200.73969411645763
620.8799525331784,215.56400504374886
621.7396832316188,202.21808511459687
622.5994139300592,200.81308833979318
623.4591446284995,200.83315202983658
624.31887532694,200.85103851725424
625.1786060253803,205.51993069575036
626.0383367238207,200.88029690715402
626.8980674222611,200.8916773211068
627.7577981207014,200.9008975553754
628.6175288191419,200.90796186569509
629.4772595175822,200.9128745078012
630.3369902160226,198.4027723498258
631.196720914463,200.91626181031432
632.0564516129033,200.91474498219193
632.9161823113437,191.9919392469977
633.7759130097841,207.12382888869885
634.6356437082245,200.89740364913354
635.4953744066648,207.66622127443577
636.3551051051052,200.87522627720543
637.2148358035456,205.51978421105193
638.0745665019859,200.84459543889588
638.9342972004264,200.82612060918643
639.7940278988667,196.03200176771963
640.653758597307,194.97455776028133
641.5134892957475,200.7582956134444
642.3732199941878,200.73204510650257
643.2329506926283,203.16038719133036
644.0926813910686,200.6756251416587
644.9524120895089,200.6459896454916
645.8121427879494,200.61575978131742
646.6718734863897,200.58520253000356
647.5316041848301,200.55458487241742
648.3913348832705,190.61573823865388
649.2510655817108,200.49423626189764
650.1107962801512,200.4650392706987
650.9705269785916,195.16071467918752
651.830257677032,200.40993482075962
652.6899883754724,191.9642116733019
653.5497190739127,200.9670450742739
654.4094497723531,200.33950669000816
655.2691804707935,200.32035951500242
656.1289111692339,200.3038217423979
656.9886418676742,200.29016035306208
657.8483725661146,200.27964232786223
658.708103264555,200.27253464766576
659.5678339629953,210.25427681021438
660.4275646614358,200.26961778330545
661.2872953598761,200.27419046429694
662.1470260583164,200.28256957641503
663.0067567567569,194.30321978519018
663.8664874551972,200.3095162005575
664.7262181536377,207.76369838378437
665.585948852078,209.92546900983996
666.4456795505183,200.37079128600988
667.3054102489588,202.6462673143856
668.1651409473991,200.42195466983833
669.0248716458395,213.50408132641203
669.8846023442799,211.2712565397477
670.7443330427202,200.50801526850228
671.6040637411606,202.66758128668778
672.463794439601,209.73747322445698
673.3235251380414,200.5978691338286
674.1832558364817,200.6272273280317
675.0429865349221,200.65577610283452
675.9027172333625,200.68320773486857
676.7624479318029,192.2953717446704
677.6221786302433,210.7444288063607
678.4819093286836,214.17313658997813
679.341640027124,200.7756083679484
680.2013707255644,200.79283843561186
681.0611014240047,202.03064559888625
681.9208321224452,200.8182196594595
682.7805628208855,194.8562208784769
683.6402935193258,200.83025509674215
684.5000242177663,209.96790206305067
685.3597549162066,200.82761076112922
686.219485614647,200.820366971953
687.0792163130874,192.36197816954189
687.9389470115277,187.83857166831962
688.7986777099682,199.84893243347034
689.6584084084085,200.74802507846624
690.5181391068489,200.7182645078313
691.3778698052893,204.96080302095652
692.2376005037296,191.49216563224147
693.09733120217,200.59829564067743
693.9570619006104,200.54752135783122
694.8167925990508,206.71901028523376
695.6765232974911,218.97078699956106
696.5362539959315,204.06328940539754
697.3959846943719,200.28605605444355
698.2557153928122,200.20504277549563
699.1154460912527,200.11536592478032
699.975176789693,200.0141182442815
700.8349074881334,199.89838794238673
701.6946381865738,195.84081223558712
702.5543688850141,199.61183230796016
703.4140995834546,199.43518339220367
704.2738302818949,206.8978770463897
705.1335609803352,187.7122414107592
705.9932916787757,198.73681075141306
706.853022377216,198.4381719346013
707.7127530756565,198.10175616349485
708.5724837740968,200.97564868351526
709.4322144725371,192.64885790533643
710.2919451709776,196.83672920828428
711.1516758694179,196.32008770387577
712.0114065678583,190.9160054755495
712.8711372662987,210.47339130318198
713.730867964739,194.44450059943227
714.5905986631794,193.70459151659904
715.4503293616198,192.92096905066447
716.3100600600602,192.11050351853848
717.1697907585005,194.06204121920194
718.0295214569409,195.24788914782195
718.8892521553813,189.6867516941132
719.7489828538216,188.10255360884034
720.6087135522621,180.9177988873786
721.4684442507024,194.10957719713744
722.3281749491427,187.0811787784166
723.1879056475832,179.6193372711881
724.0476363460235,186.19202680324292
724.907367044464,185.8390709900434
725.7670977429043,185.94385385420054
726.6268284413446,185.29287835454286
727.4865591397851,177.86869776392615
728.3462898382254,178.91078767025442
729.2060205366658,184.80232280490966
730.0657512351062,184.70764944302903
730.9254819335465,181.69750053053482
731.785212631987,184.59334482181214
732.6449433304273,184.56430501932533
733.5046740288677,184.54773452681934
734.364404727308,178.45327443586942
735.2241354257484,184.53318438544883
736.0838661241888,184.5257961934339
736.9435968226292,196.73105020835735
737.8033275210696,184.4872722088684
738.6630582195099,194.34337048295416
739.5227889179503,184.38615658585783
740.3825196163907,193.74189384637407
741.242250314831,189.59229269365264
742.1019810132715,198.8777825283553
742.9617117117118,183.96903292144896
743.8214424101521,183.83364556000043
744.6811731085926,183.69086849695003
745.5409038070329,183.5432281705662
746.4006345054734,178.2942596871146
747.2603652039137,183.24346348087133
748.120095902354,180.0872414324336
748.9798266007945,182.95456299706265
749.8395572992348,182.82050292803655
750.6992879976752,188.21989498385614
751.5590186961156,164.45631097457388
752.418749394556,190.02149755285004
753.2784800929963,182.41248069738134
754.1382107914367,193.27318443949088
754.9979414898771,182.3207705450802
755.8576721883175,177.88533576224944
756.7174028867579,182.33444570350326
757.5771335851982,182.39277985587552
758.4368642836386,182.49266044400684
759.296594982079,182.639499022537
760.1563256805193,182.83870714610558
761.0160563789598,183.09569636935228
761.8757870774001,183.41587824691672
762.7355177758404,183.8046643334385
763.5952484742809,184.2674661835574
764.4549791727212,184.80969535191284
765.3147098711617,185.4367633931448
766.174440569602,186.15408186189265
767.0341712680423,186.96706231279606
767.8939019664828,189.72196974691718
768.7536326649231,188.87006377590848
769.6133633633635,183.22336610509984
770.4730940618039,191.0061882223843
771.3328247602442,192.1039191609197
772.1925554586846,193.1906263302874
773.052286157125,205.72641481372003
773.9120168555654,203.50059504053573
774.7717475540057,196.15358337813498
775.6314782524461,191.5932670766899
776.4912089508865,204.8995016154026
777.3509396493268,205.61374584258166
778.2106703477673,198.79423982550546
779.0704010462076,199.23781920656992
779.930131744648,199.61731541088653
780.7898624430884,199.94368400430236
781.6495931415287,200.22327289478702
782.5093238399692,200.4592159212474
783.3690545384095,200.6545813857356
784.2287852368498,205.14359153649906
785.0885159352903,200.93585283700395
785.9482466337306,201.02789542788838
786.807977332171,191.48637176373444
787.6677080306114,201.13013585041858
788.5274387290517,201.14647028616864
789.3871694274922,208.22358773219645
790.2469001259325,201.12490911689935
791.1066308243729,189.46259009715976
791.9663615228133,209.31877640603724
792.8260922212536,202.82326713357068
793.685822919694,200.95077907274316
794.5455536181344,215.37602930853072
795.4052843165748,189.23869068915027
796.2650150150151,200.8022013118533
797.1247457134555,193.3723893323764
797.9844764118959,186.74151056306258
798.8442071103362,200.71526871555318
799.7039378087767,200.70093885088966
800.563668507217,196.3462028634373
801.4233992056573,200.68999064238628
802.2831299040978,200.69195210865172
803.1428606025381,203.31392743797525
804.0025913009786,215.01874294419952
804.8623219994189,200.7190576501489
805.7220526978592,200.73279956172374
806.5817833962997,203.09285808358456
807.44151409474,200.76308291180325
808.3012447931804,200.77820416041325
809.1609754916208,200.7923649981402
810.0207061900611,200.80490209137542
810.8804368885015,200.81576604427158
811.7401675869419,200.82533972767018
812.5998982853823,200.83401503164254
813.4596289838227,200.84218384625987
814.319359682263,198.4969385337872
815.1790903807034,201.55082090425435
816.0388210791438,200.867570254694
816.8985517775842,200.87763201260353
817.7582824760245,200.88914673151413
818.6180131744649,200.90250630149697
819.4777438729053,200.9181026126235
820.3374745713456,193.39231452379065
821.1972052697861,200.95757301859197
822.0569359682264,200.98223089357643
822.9166666666667,201.0106930699893
823.7763973651072,201.0433514379018
824.6361280635475,201.0805978873853
825.495858761988,201.1228243085108
826.3555894604283,189.91060971180775
827.2153201588686,201.2237846259731
828.0750508573091,201.28330230245228
828.9347815557494,201.34935592932186
829.7945122541898,201.42173065958923
830.6542429526302,201.49934234486528
831.5139736510705,194.4396640893694
832.373704349511,214.5912039309267
833.2334350479513,201.7520687482062
834.0931657463917,195.50662472729766
834.952896444832,201.9255987574871
835.8126271432724,210.69031050256555
836.6723578417128,192.81524336241918
837.5320885401532,202.51609543688406
838.3918192385936,202.24325917583266
839.2515499370339,202.3098233072255
840.1112806354743,192.21083433966643
840.9710113339147,194.58746606686708
841.830742032355,202.46022475367508
842.6904727307955,194.71310003829896
843.5502034292358,202.5078862123271
844.4099341276761,202.51247597519674
845.2696648261166,202.5027010427567
846.1293955245569,200.50947231952344
846.9891262229974,195.26479830968665
847.8488569214377,202.3756579980045
848.708587619878,202.29771960653767
849.5683183183185,202.20392037892665
850.4280490167588,202.09706940215872
851.2877797151992,201.97997576322066
852.1475104136396,201.85544854909952
853.0072411120799,204.54176148236886
853.8669718105203,206.45363172139554
854.7267025089607,201.465356325507
855.5864332074011,201.3391856805231
856.4461639058414,201.2196268952909
857.3058946042818,207.77776603860997
858.1656253027222,189.6981152703057
859.0253560011625,209.03495035794614
859.885086699603,200.8636920916192
860.7448173980433,193.99874340659693
861.6045480964837,200.79843210995512
862.4642787949241,200.80343147872964
863.3240094933644,202.33521405406844
864.1837401918049,200.87996624263974
865.0434708902452,196.2943109497154
865.9032015886855,193.198651404897
866.762932287126,201.08581618289463
867.6226629855663,209.5618003208809
868.4823936840068,201.22499094724088
869.3421243824471,214.06913779535415
870.2018550808874,191.7134677399059
871.0615857793279,201.33593891359556
871.9213164777682,201.32669251038405
872.7810471762086,201.28736078660353
873.640777874649,210.18617334474467
874.5005085730893,201.4215605567522
875.3602392715297,192.2902215718916
876.2199699699701,200.91547411358383
877.0797006684105,205.881793702023
877.9394313668508,200.67576996378352
878.7991620652913,183.23777059594363
879.6588927637316,200.45734992836424
880.518623462172,200.24099056356442
881.3783541606124,209.96724803502366
882.2380848590527,205.1255768513313
883.0978155574932,200.25322455100417
883.9575462559335,189.27181493973228
884.8172769543738,195.03903971440783
885.6770076528143,205.64157791984104
886.5367383512546,210.9991934732542
887.396469049695,200.54792376387957
888.2561997481354,212.82061001834464
889.1159304465757,197.1534647349604
889.9756611450161,201.2187376077789
890.8353918434565,192.71327346044822
891.6951225418969,201.1316386130843
892.5548532403373,201.24869564167588
893.4145839387776,201.35858361296488
894.274314637218,201.4593362086204
895.1340453356584,201.55085378376887
895.9937760340988,210.02187098733418
896.8535067325391,201.70647525705257
897.7132374309795,201.770724847442
898.5729681294199,201.6843180197898
899.4326988278602,201.87246596635143
900.2924295263007,198.4010939161933
901.152160224741,197.7557688850424
902.0118909231813,201.95927518194753
902.8716216216218,191.06166495808307
903.7313523200621,201.97412955531527
904.5910830185026,201.96886974927145
905.4508137169429,201.95524907624525
906.3105444153832,201.93334038236375
907.1702751138237,201.9032165137539
908.030005812264,200.2529015627872
908.8897365107044,201.81861463685763
909.7494672091448,201.76428232082537
910.6091979075851,201.7020262145731
911.4689286060255,200.78036424367502
912.3286593044659,200.34961840602878
913.1883900029063,209.58839373220667
914.0481207013466,201.37522080990465
914.907851399787,201.27443844445804
915.7675820982274,201.16616936555377
916.6273127966678,201.05048641931887
917.4870434951082,198.04410305258645
918.3467741935485,201.3306565187614
