59.4758064516129,214.8380409978311
60.33553715005327,201.29264307671758
61.19526784849365,210.59624322536553
62.05499854693402,201.21773641248825
62.9147292453744,212.4702668477919
63.774459943814776,201.1317656824279
64.63419064225515,201.08548101029572
65.49392134069552,201.03744998280732
66.35365203913591,200.98801248699627
67.21338273757628,193.6909885089046
68.07311343601665,212.59180924456112
68.93284413445703,200.83466005996655
69.7925748328974,200.7829955612038
70.65230553133779,203.34901982530738
71.51203622977816,200.68088535125176
72.37176692821853,200.63111941413018
73.2314976266589,210.1549270005978
74.0912283250993,210.8995202372795
74.95095902353967,209.88553189835608
75.81068972198004,203.42948585499263
76.67042042042041,193.68629596157953
77.5301511188608,200.37198502449243
78.38988181730117,200.338545110717
79.24961251574155,200.30879703412631
80.10934321418192,193.5683438470411
80.96907391262229,200.26172965732573
81.82880461106268,191.57741748994405
82.68853530950305,200.3320837489523
83.54826600794343,200.22280656469653
84.4079967063838,200.21702050703436
85.26772740482417,200.21422020491786
86.12745810326456,200.2140406197101
86.98718880170493,200.2161167127741
87.8469195001453,191.04705407053646
88.70665019858568,200.22557577916982
89.56638089702605,202.03384513686723
90.42611159546644,201.38205861004533
91.28584229390681,200.2475559998788
92.14557299234718,200.2555003511982
93.00530369078756,188.68815659076813
93.86503438922793,206.71499838912018
94.72476508766832,200.27617188914542
95.58449578610869,200.28127263959934
96.44422648454906,211.40247537638504
97.30395718298945,200.28876069033362
98.16368788142981,200.29120987846014
99.0234185798702,200.29283710032385
99.88314927831057,200.2936732998478
100.74287997675094,208.62165061616665
101.60261067519133,200.293096407569
102.46234137363169,200.29174520361246
103.32207207207207,200.28972675300872
104.18180277051245,188.8534588212556
105.04153346895282,200.28381188755202
105.90126416739321,183.39348224483066
106.76099486583357,200.2755993625839
107.62072556427395,200.27070883759086
108.48045626271433,193.8972766963679
109.3401869611547,200.2596601289229
110.19991765959509,203.6977381207598
111.05964835803545,210.0552744498411
111.91937905647583,200.2426771708289
112.7791097549162,200.23772174424462
113.63884045335658,197.21408129045128
114.49857115179697,200.23009191377756
115.35830185023732,200.22782507107152
116.21803254867771,200.22686198416847
117.07776324711809,200.2274064336569
117.93749394555846,200.2296622001252
118.79722464399885,200.23383306416181
119.65695534243922,193.25497692453698
120.51668604087959,201.0583622071094
121.37641673931996,191.98106777214758
122.23614743776034,200.27374100702045
123.09587813620072,200.290378873771
123.9556088346411,200.309563141596
124.81533953308147,200.33104366695662
125.67507023152184,208.6443101206406
126.53480092996222,210.92589346557793
127.3945316284026,216.7884821321633
128.254262326843,200.43492547298504
129.11399302528335,200.4641351329455
129.9737237237237,200.49414018921013
130.8334544221641,203.07886877675003
131.69318512060448,186.3537969576599
132.55291581904487,200.58642630044318
133.41264651748523,193.46454376114113
134.2723772159256,208.55394164044299
135.13210791436597,193.40736857390885
135.99183861280636,200.70543462233718
136.85156931124675,200.73279768164556
137.7113000096871,200.7587048454108
138.57103070812747,200.78290597009413
139.43076140656785,200.80514420880328
140.29049210500824,200.8248486704039
141.15022280344863,200.84100657374577
142.009953501889,217.32251851812248
142.86968420032935,200.8584987366261
143.72941489876973,200.85774101165097
144.58914559721012,190.9137755731173
145.4488762956505,191.61717649003685
146.30860699409087,200.80490070398304
147.16833769253125,201.78739356743566
148.0280683909716,200.7170746323511
148.887799089412,199.66973485544582
149.7475297878524,200.57740660643998
150.60726048629274,200.48551687998778
151.46699118473313,200.37752868819547
152.3267218831735,210.6553855355453
153.18645258161388,200.1089839217433
154.04618328005427,200.8071154500922
154.90591397849462,192.28571194147358
155.765644676935,188.8003484078205
156.62537537537537,211.90268750491396
157.48510607381576,199.0686798089702
158.34483677225614,198.78603465527155
159.2045674706965,198.47521622488938
160.0642981691369,189.02764435412794
160.92402886757725,197.7633821061283
161.78375956601764,216.33412279429206
162.64349026445802,196.92205015712392
163.5032209628984,195.50796914481455
164.36295166133877,195.9879059647699
165.22268235977913,195.52986598796275
166.08241305821952,195.1041016171901
166.9421437566599,194.72798933745113
167.8018744551003,189.01399391075702
168.66160515354065,194.08919120066082
169.521335851981,185.59735722145473
170.3810665504214,206.30702094931428
171.24079724886178,193.13188274490463
172.10052794730217,201.61698033937824
172.96025864574253,192.27380746581403
173.8199893441829,191.72211866872553
174.67972004262327,191.0638617852285
175.53945074106366,190.3046421817277
176.39918143950405,184.14018168779828
177.2589121379444,188.65940278542266
178.11864283638477,187.86632018265203
178.97837353482515,187.15253482560703
179.83810423326554,186.53208713666174
180.69783493170593,185.99823312406417
181.55756563014629,185.54381472490795
182.41729632858664,185.1616738762871
183.27702702702703,195.07309402970498
184.13675772546742,192.4982199799311
184.9964884239078,184.37733600457406
185.85621912234816,185.0606583392764
186.71594982078852,184.08460068949483
187.5756805192289,187.18987173502512
188.4354112176693,183.909182066808
189.29514191610966,183.84757143982685
190.15487261455004,183.79381638417368
191.01460331299043,198.38637786662463
191.8743340114308,187.33822520566918
192.73406470987118,173.35320552099856
193.59379540831154,183.4496289219844
194.45352610675192,183.39236491017138
195.3132568051923,174.09269323937315
196.17298750363267,183.074055064395
197.03271820207306,192.807317058858
197.89244890051341,175.91403201287096
198.7521795989538,180.53638627064197
199.6119102973942,182.7607720339894
200.47164099583455,182.80861113041374
201.33137169427494,182.90026285002588
202.19110239271532,189.94255788863487
203.05083309115568,183.39819732247068
203.91056378959607,179.21573930647335
204.77029448803643,183.6154916041895
205.63002518647681,187.71854813539034
206.4897558849172,184.11962605738583
207.34948658335756,184.3926600406841
208.20921728179795,181.15508152608427
209.0689479802383,174.27243189694332
209.9286786786787,173.0685888998295
210.78840937711908,185.52015493484598
211.64814007555944,185.80230557239202
212.50787077399983,186.05540322795505
213.36760147244019,186.3188533666024
214.22733217088057,186.58442575070723
215.08706286932096,186.85579906831614
215.94679356776132,187.13665200747582
216.8065242662017,202.27180727809503
217.66625496464206,187.74151150263407
218.52598566308245,178.1177824304977
219.38571636152284,193.4552995655975
220.2454470599632,181.52943684107242
221.10517775840358,178.5770924885795
221.96490845684394,189.67706178093422
222.82463915528433,177.98288806069328
223.68436985372472,203.1808352355238
224.54410055216508,191.27445688082886
225.40383125060546,189.6661519826764
226.26356194904582,192.5353543415668
227.1232926474862,188.6668576174195
227.9830233459266,194.94855011187417
228.84275404436696,194.562370753075
229.70248474280734,195.23854602529917
230.5622154412477,195.9001080357234
231.4219461396881,196.53813788675137
232.28167683812848,197.1437166807866
233.14140753656883,197.70792552023278
234.00113823500922,198.2218455074935
234.8608689334496,198.67655774497243
235.72059963188997,199.065274173307
236.58033033033036,199.39028793471695
237.4400610287707,210.24187682819448
238.2997917272111,199.86805512991077
239.1595224256515,200.03023243240247
240.01925312409185,198.72948729802033
240.87898382253223,210.2243724743048
241.7387145209726,200.2664823717037
242.59844521941298,200.27751147659248
243.45817591785337,200.26253336796537
244.31790661629373,200.22625998017614
245.1776373147341,214.39067569354694
246.03736801317447,200.10867510452718
246.89709871161486,200.0367874853752
247.75682941005525,199.96245232447686
248.6165601084956,199.890381556186
249.476290806936,199.82528711485645
250.33602150537635,214.03583939945764
251.19575220381674,198.46628298149142
252.05548290225713,199.7169029861402
252.91521360069748,193.73083362343695
253.77494429913787,199.73107045427133
254.63467499757823,203.7591178439594
255.49440569601862,199.79746616653395
256.35413639445903,199.84479146415083
257.21386709289936,197.4773795324425
258.07359779133975,199.95678064222855
258.93332848978014,206.0718938754193
259.79305918822047,200.47353410534836
260.6527898866609,200.13536196607274
261.51252058510124,200.18898204904627
262.37225128354163,192.90410682798955
263.231981981982,182.37615447953647
264.09171268042235,188.29356982961554
264.9514433788628,199.11633541267315
265.8111740773031,195.95179175370757
266.6709047757435,198.53359873906354
267.5306354741839,200.3347444341348
268.3903661726242,187.66517671878594
269.25009687106467,200.31976482402072
270.109827569505,209.86185797981926
270.9695582679454,209.97486866279803
271.8292889663858,200.28570223202345
272.6890196648261,202.6761473114399
273.54875036326655,200.26944080564658
274.4084810617069,200.26688937653162
275.26821176014727,200.2696774125013
276.12794245858765,200.2786338094645
276.987673157028,210.64504505498405
277.84740385546843,200.3132223291399
278.70713455390876,198.73848608143425
279.56686525234915,200.36578291317622
280.42659595078953,200.39720439059053
281.28632664922986,200.4312008776081
282.1460573476703,200.4671330387331
283.00578804611064,181.12405156857272
283.865518744551,200.542247041323
284.7252494429914,200.58015021179645
285.58498014143174,193.7195385586609
286.4447108398722,200.65345221362224
287.3044415383125,200.6875723739831
288.1641722367529,190.17323925465098
289.0239029351933,200.7475543361225
289.8836336336336,200.77213746690964
290.74336433207407,200.7922629168475
291.6030950305144,200.80729135044047
292.4628257289548,200.81658343219274
293.32255642739517,200.81949982660876
294.1822871258355,200.81540119819277
295.04201782427594,200.80364821144914
295.9017485227163,200.7836606991242
296.76147922115666,201.01629024004075
297.62120991959705,208.35619918621774
298.4809406180374,200.67877008098574
299.3406713164778,200.63149323193022
300.20040201491815,194.94133578054928
301.06013271335854,199.34513110852618
301.91986341179893,200.46395864893267
302.77959411023926,200.4022209886559
303.6393248086797,193.34006554678183
304.49905550712003,200.2747218519846
305.3587862055604,200.21056550318983
306.2185169040008,200.14720805248857
307.07824760244114,200.0854520636808
307.9379783008816,200.02610010056625
308.7977089993219,199.96995472694465
309.6574396977623,202.61576966865897
310.5171703962027,199.87049400337983
311.376901094643,217.48902586841496
312.23663179308346,199.79349040338468
313.0963624915238,199.76541643422524
313.9560931899642,199.7453644373577
314.81582388840457,207.78421059956622
315.6755545868449,199.7325366156974
316.53528528528534,202.05288344684104
317.39501598372567,212.86650672230076
318.2547466821661,190.12416734959913
319.11447738060644,191.6468348246948
319.9742080790468,199.87507796017675
320.8339387774872,195.72480376712696
321.69366947592755,199.98428173739737
322.553400174368,200.0450951727209
323.4131308728083,200.10838282304138
324.27286157124865,200.1728945762501
325.1325922696891,200.23738032023803
325.99232296812943,200.05325075943367
326.8520536665699,200.3612733321164
327.7117843650102,192.07620374202412
328.57151506345053,201.0960476395254
329.431245761891,200.51566497805723
330.2909764603313,214.60320445940488
331.15070715877175,200.58304285283003
332.0104378572121,200.6023164871335
332.8701685556524,200.6103131032365
333.72989925409286,200.60578258903033
334.5896299525332,200.587474832406
335.44936065097363,200.55413972125473
336.30909134941396,200.50452714346756
337.1688220478543,200.30781513973707
338.02855274629474,200.35146913955035
338.88828344473507,201.88824641405532
339.7480141431755,200.11648845832164
340.60774484161584,210.19906924630968
341.46747554005617,199.76107930335385
342.3272062384966,199.51985662198382
343.18693693693695,199.0761677198558
344.0466676353774,198.87327670682114
344.9063983338177,198.45308013516828
345.76612903225805,197.9583862622275
346.6258597306985,189.16752733496614
347.4855904291388,196.71582793676188
348.34532112757927,195.95312414637678
349.2050518260196,195.088939567062
350.06478252445993,200.22684428463813
350.9245132229004,183.96010879978044
351.7842439213407,192.51698874936122
352.64397461978115,191.75729190243908
353.5037053182215,191.0455082644785
354.3634360166618,198.14914002211202
355.22316671510225,189.7605055876167
356.0828974135426,197.84656484825788
356.942628111983,188.65163066312525
357.80235881042336,196.30765069557398
358.6620895088637,187.7081857407086
359.52182020730413,183.8192299516411
360.38155090574446,178.5698025069019
361.2412816041849,186.5558149436316
362.10101230262524,168.08162067609965
362.96074300106557,185.91790276525848
363.820473699506,194.89581022820244
364.68020439794634,185.34794372450423
365.5399350963868,175.1625078198416
366.3996657948271,184.81499519368091
367.25939649326745,193.14808718295353
368.1191271917079,192.38864480509346
368.9788578901482,184.06582000660913
369.83858858858866,183.83927610084586
370.698319287029,183.62896469860033
371.5580499854693,183.4376709550049
372.41778068390977,183.26818002519187
373.2775113823501,183.12327706429383
374.13724208079054,183.00574722744304
374.9969727792309,178.26750354671643
375.8567034776712,182.86394754641282
376.71643417611165,182.84524801249825
377.576164874552,182.864740712739
378.4358955729924,182.920936936669
379.29562627143275,183.00969222317232
380.1553569698731,183.12681284080537
381.0150876683135,183.26810505812452
381.87481836675386,168.44708669195663
382.7345490651943,190.4004443346589
383.59427976363463,182.93228998162002
384.45401046207496,189.899522738882
385.3137411605154,188.64298036897026
386.17347185895574,184.39709815296956
387.0332025573962,188.3575800585714
387.8929332558365,184.81639486208275
388.75266395427684,185.02929286061686
389.6123946527173,185.2434175056067
390.4721253511576,185.45806395990508
391.33185604959806,185.67252738636518
392.1915867480384,185.88610294783985
393.0513174464787,186.09808580718217
393.91104814491916,186.3077711272451
394.7707788433595,186.51445407088164
395.63050954179994,186.71742980094479
396.49024024024027,187.66271569496587
397.3499709386806,195.86401691479057
398.20970163712104,187.29819538650304
399.0694323355614,177.7682393442958
399.9291630340018,187.67343645413385
400.78889373244215,187.8663517681707
401.6486244308825,188.067079657875
402.5083551293229,188.2788321648865
403.36808582776325,188.50482133084495
404.2278165262037,188.74825919739015
405.087547224644,189.0123578061618
405.94727792308447,185.99169077910872
406.8070086215248,199.44702259434644
407.66673931996513,189.96073850223365
408.5264700184056,190.33960049630923
409.3862007168459,182.36116311400443
410.24593141528635,191.21069937737633
411.1056621137267,194.96355473001708
411.965392812167,192.25333996756095
412.82512351060745,192.83676204708848
413.6848542090478,193.44999022125384
414.54458490748823,200.75473372788326
415.40431560592856,194.7272343757013
416.2640463043689,193.6134462484522
417.12377700280933,196.00781147530913
417.98350770124966,192.11340577183398
418.8432383996901,207.0313556481693
419.70296909813044,197.7659180565346
420.56269979657077,205.20895939308105
421.4224304950112,198.72085903757326
422.28216119345154,199.12099254557094
423.141891891892,199.47366742978684
424.0016225903323,199.78220276340292
424.86135328877265,200.04991761960125
425.7210839872131,200.28013107156397
426.5808146856534,200.4761621924731
427.44054538409387,194.34439765789847
428.3002760825342,195.07307400860665
429.1600067809745,200.89226969462882
430.01973747941497,200.9839965807105
430.8794681778553,201.05665282403055
431.73919887629575,201.11275642468405
432.5989295747361,201.1548253827662
433.4586602731764,201.18537769837232
434.31839097161685,201.20693137159773
435.1781216700572,201.22200440253752
436.0378523684976,201.23311479128682
436.89758306693795,213.8828788407488
437.7573137653783,213.55988908636834
438.61704446381873,185.0611422746042
439.47677516225906,205.61659578197418
440.3365058606995,204.70594339014968
441.19623655913983,201.3572000480495
442.05596725758016,201.4070691212062
442.9156979560206,201.46484764500394
443.77542865446094,201.52841088860478
444.6351593529014,201.59563412117058
445.4948900513417,201.66439261186338
446.35462074978204,190.8208169391697
447.2143514482225,201.79801644427792
448.0740821466628,201.8586323243235
448.93381284510326,201.91228453914397
449.7935435435436,201.95684835790132
450.6532742419839,204.7156025683896
451.51300494042437,204.3476683545816
452.3727356388647,214.00268141675735
453.23246633730514,202.0017250555387
454.09219703574547,210.66292923930627
454.9519277341858,201.9143900261898
455.81165843262625,201.83585081366715
456.6713891310666,192.4369542723042
457.531119829507,203.8057987109878
458.39085052794735,190.65874913823816
459.2505812263877,201.32285491336688
460.1103119248281,195.1957321070646
460.97004262326845,200.2096040729818
461.8297733217089,200.8571205101345
462.68950402014923,200.71126491612756
463.54923471858956,200.5778587360801
464.40896541703,200.46155485624672
465.26869611547033,200.36700616288192
466.1284268139108,200.2988655422403
466.9881575123511,200.26175088860185
467.84788821079144,216.16248923256214
468.7076189092319,200.28305758552526
469.5673496076722,193.08777454565538
470.42708030611266,200.40993077252153
471.286811004553,200.50430192861063
472.1465417029933,206.84167093394007
473.00627240143376,203.0852349985609
473.8660030998741,196.42004067721376
474.72573379831454,201.00725683916673
475.58546449675487,201.14705739598298
476.4451951951952,187.77715976644433
477.30492589363564,201.41930466530633
478.16465659207597,206.27926553732317
479.0243872905164,201.65867248572033
479.88411798895675,214.95315073546837
480.7438486873971,193.35137205500945
481.6035793858375,185.2295464987291
482.46331008427785,201.9280130286347
483.3230407827183,201.93153415286307
484.1827714811586,211.83252684889098
485.04250217959896,201.8377822264543
485.9022328780394,210.9239708881699
486.76196357647973,185.43452321232564
487.6216942749202,213.38323981682086
488.4814249733605,201.2643920655752
489.34115567180083,201.07099231147677
490.2008863702413,200.869289779684
491.0606170686816,185.4745782915702
491.92034776712205,200.46441259872967
492.7800784655624,200.27295605742532
493.6398091640027,200.0966329541408
494.49953986244316,211.53564757780362
495.3592705608835,199.81282327734573
496.21900125932393,199.71701708718237
497.07873195776426,191.32476704262498
497.9384626562046,199.62888334291256
498.79819335464504,199.6306743300254
499.65792405308537,203.45352709903207
500.5176547515258,199.70992895354192
501.37738544996614,197.49290906306175
502.23711614840647,199.86868968383968
503.0968468468469,199.9698633044292
503.95657754528725,200.0812876101911
504.8163082437277,191.67050348704123
505.676038942168,200.3220538218686
506.53576964060835,200.44497850010217
507.3955003390488,196.58169279038356
508.2552310374891,200.67986793215437
509.11496173592957,200.785415458291
509.9746924343699,200.87875337271348
510.83442313281023,187.26515815910815
511.6941538312507,201.01596591105178
512.553884529691,201.05342330728578
513.4136152281314,201.06583663644173
514.2733459265718,192.94425378333335
515.1330766250121,201.00269663815567
515.9928073234526,200.9207260830317
516.8525380218929,200.8008770054659
517.7122687203333,200.63994079161728
518.5719994187737,199.29240306659344
519.431730117214,200.18198594592505
520.2914608156544,215.4766359706447
521.1511915140948,199.52611671584242
522.0109222125352,199.12117741408127
522.8706529109755,198.66378783187596
523.7303836094159,198.15311260225323
524.5901143078563,197.58831635824004
525.4498450062966,196.96856373286312
526.3095757047371,196.2930193591492
527.1693064031774,195.56084787012526
528.0290371016177,194.77499636207006
528.8887678000582,193.95633330384933
529.7484984984985,193.13102953986697
530.608229196939,192.32525671940476
531.4679598953793,182.492201900429
532.3276905938197,198.71456581067605
533.1874212922601,207.4441906937128
534.0471519907004,189.8152997621728
534.9068826891408,194.07248791703717
535.7666133875812,185.82136032580698
536.6263440860216,197.61561110972605
537.486074784462,189.0240300696618
538.3458054829023,188.7276357154892
539.2055361813427,180.6700972131764
540.065266879783,188.5360270735859
540.9249975782235,188.41755466697364
541.7847282766638,187.23798021993747
542.6444589751042,188.04196813364138
543.5041896735446,188.1889123519295
544.3639203719849,187.42610256771673
545.2236510704254,187.05280260481666
546.0833817688657,186.6538874234024
546.943112467306,186.24282919955724
547.8028431657465,182.56837283903718
548.6625738641868,174.49113484381485
549.5223045626273,194.9936301978495
550.3820352610676,184.746609401532
551.2417659595079,184.47691860678088
552.1014966579484,184.27373192181605
552.9612273563887,184.13232574306326
553.8209580548291,203.0575960964348
554.6806887532695,183.98745130191946
555.5404194517098,183.96023265565844
556.4001501501502,201.68039876965943
557.2598808485906,183.93685655208307
558.119611547031,183.91694871089885
558.9793422454713,183.87669827281454
559.8390729439117,183.0962086080112
560.6988036423521,183.7623621669805
561.5585343407924,183.71950799114362
562.4182650392329,191.67868669226883
563.2779957376732,184.21655176352954
564.1377264361136,183.8374253527398
564.997457134554,184.0106025469954
565.8571878329943,186.92917400174363
566.7169185314348,195.03556664970017
567.5766492298751,184.93972418559406
568.4363799283154,185.34196124414467
569.2961106267559,175.40920112564532
570.1558413251962,186.20528563247126
571.0155720236367,186.63972479648007
571.875302722077,182.66534687057063
572.7350334205174,187.44753664977063
573.5947641189578,187.79426117328532
574.4544948173981,196.93118775879253
575.3142255158385,188.3100812614442
576.1739562142789,188.48145417884263
577.0336869127193,184.16933762825977
577.8934176111596,175.83623898473223
578.7531483096,188.88682552410836
579.6128790080404,193.94749139428876
580.4726097064807,189.27951396344906
581.3323404049212,189.57650956035
582.1920711033615,176.57353682669788
583.0518018018018,203.05519255840687
583.9115325002423,191.00943952154344
584.7712631986826,197.38670725678276
585.6309938971231,192.28449474301064
586.4907245955634,192.96639792956248
587.3504552940037,193.6549418337442
588.2101859924442,194.33329799978267
589.0699166908845,194.99049997746033
589.9296473893249,194.24558981560497
590.7893780877653,196.2161561680791
591.6491087862056,196.7721548237254
592.508839484646,192.53480601320499
593.3685701830864,197.73935436245517
594.2283008815268,198.13809968824373
595.0880315799672,198.47197168011826
595.9477622784075,198.734784683324
596.8074929768479,210.77732049719467
597.6672236752883,199.07037059389606
598.5269543737287,199.18210175880034
599.386685072169,203.6732466800848
600.2464157706094,199.37969969930126
601.1061464690498,199.473102241817
601.9658771674901,199.56301180823306
602.8256078659306,199.64948229967442
603.6853385643709,199.7325676172663
604.5450692628112,197.01229930640963
605.4047999612517,199.88879833540184
606.264530659692,204.45689337693835
607.1242613581325,202.1439454339744
607.9839920565728,204.32579487476184
608.8437227550131,200.1630093349819
609.7034534534536,205.08769322743024
610.5631841518939,200.28185203442786
611.4229148503343,200.33689633800253
612.2826455487747,200.3890944789785
613.142376247215,200.43850035848087
614.0021069456554,200.4851678776346
614.8618376440958,200.52915093756485
615.7215683425362,200.5705034393967
616.5812990409765,200.60927928425522
617.4410297394169,200.64553237326552
618.3007604378573,200.6793166075526
619.1604911362977,200.71068588824158
620.0202218347381,200.73969411645763
620.8799525331784,200.7663951933257
621.7396832316188,212.21366071403045
622.5994139300592,212.16855195309782
623.4591446284995,200.83315202983658
624.31887532694,200.85103851725424
625.1786060253803,195.2874559375377
626.0383367238207,200.88029690715402
626.8980674222611,200.8916773211068
627.7577981207014,200.9008975553754
628.6175288191419,200.90796186569509
629.4772595175822,188.75093212162506
630.3369902160226,200.9156397374292
631.196720914463,191.72294124149067
632.0564516129033,200.91474498219193
632.9161823113437,193.08657401130571
633.7759130097841,200.90531164586622
634.6356437082245,200.89740364913354
635.4953744066648,185.93292431386428
636.3551051051052,200.87522627720543
637.2148358035456,187.9064270553236
638.0745665019859,203.20566601584682
638.9342972004264,218.42423542499424
639.7940278988667,200.80554518008773
640.653758597307,200.7828838289099
641.5134892957475,192.6397374766849
642.3732199941878,194.95155617152557
643.2329506926283,189.1689046676342
644.0926813910686,200.6756251416587
644.9524120895089,200.6459896454916
645.8121427879494,211.53641086885276
646.6718734863897,200.58520253000356
647.5316041848301,200.55458487241742
648.3913348832705,214.95825765070438
649.2510655817108,200.49423626189764
650.1107962801512,200.4650392706987
650.9705269785916,199.94553869976522
651.830257677032,213.28777219507262
652.6899883754724,201.4230469935722
653.5497190739127,200.36099628654785
654.4094497723531,200.33950669000816
655.2691804707935,185.51706494794345
656.1289111692339,189.37478558347686
656.9886418676742,200.29016035306208
657.8483725661146,192.18088317171924
658.708103264555,189.59364207785512
659.5678339629953,200.26910429333998
660.4275646614358,200.26961778330545
661.2872953598761,200.27419046429694
662.1470260583164,200.28256957641503
663.0067567567569,193.75133371595868
663.8664874551972,212.74925146810665
664.7262181536377,206.0595957224356
665.585948852078,200.3479958687852
666.4456795505183,199.34801138742284
667.3054102489588,200.39554679415036
668.1651409473991,200.42195466983833
669.0248716458395,200.44970718970535
669.8846023442799,200.47849663038278
670.7443330427202,202.73079267872703
671.6040637411606,200.53795538069548
672.463794439601,200.56800924359368
673.3235251380414,200.5978691338286
674.1832558364817,202.59171794622665
675.0429865349221,200.65577610283452
675.9027172333625,196.12714154644297
676.7624479318029,200.7092145007655
677.6221786302433,200.73348867715674
678.4819093286836,200.7557225406739
679.341640027124,200.7756083679484
680.2013707255644,193.57882160307315
681.0611014240047,200.80711373251626
681.9208321224452,213.39333278400576
682.7805628208855,200.825989008406
683.6402935193258,207.13085842263598
684.5000242177663,200.83085124185445
685.3597549162066,202.83056556981924
686.219485614647,195.30934806469494
687.0792163130874,200.80895319171216
687.9389470115277,200.7932027377931
688.7986777099682,195.26380964777496
689.6584084084085,200.74802507846624
690.5181391068489,200.7182645078313
691.3778698052893,198.5987551336006
692.2376005037296,200.64356647155046
693.09733120217,197.0383098148991
693.9570619006104,209.412124588229
694.8167925990508,200.49107694039833
695.6765232974911,206.184048554935
696.5362539959315,191.77996325849762
697.3959846943719,183.36528031499842
698.2557153928122,200.20504277549563
699.1154460912527,200.11536592478032
699.975176789693,200.0141182442815
700.8349074881334,205.6489486585882
701.6946381865738,197.77487464970895
702.5543688850141,199.61183230796016
703.4140995834546,216.27055963693164
704.2738302818949,199.2324046886019
705.1335609803352,199.00058440554244
705.9932916787757,198.73681075141306
706.853022377216,198.4381719346013
707.7127530756565,198.10175616349485
708.5724837740968,200.11574102352805
709.4322144725371,197.30394659194877
710.2919451709776,196.83672920828428
711.1516758694179,200.10867699608409
712.0114065678583,195.75111028711086
712.8711372662987,200.36599699708404
713.730867964739,194.44450059943227
714.5905986631794,193.70459151659904
715.4503293616198,192.92096905066447
716.3100600600602,200.62671173467734
717.1697907585005,191.29006523713122
718.0295214569409,190.4765245233528
718.8892521553813,201.75481007449662
719.7489828538216,205.83735940151257
720.6087135522621,195.07811240112892
721.4684442507024,187.62678348354112
722.3281749491427,187.0811787784166
723.1879056475832,186.60449464217552
724.0476363460235,186.19202680324292
724.907367044464,185.8390709900434
725.7670977429043,185.5409229310018
726.6268284413446,185.29287835454286
727.4865591397851,185.0902329890914
728.3462898382254,171.31415708626147
729.2060205366658,182.51092900856196
730.0657512351062,184.70764944302903
730.9254819335465,191.14269746789915
731.785212631987,184.59334482181214
732.6449433304273,184.56430501932533
733.5046740288677,191.18955085212903
734.364404727308,184.53892907271893
735.2241354257484,167.70992259841267
736.0838661241888,189.66709931723574
736.9435968226292,184.51206022509882
737.8033275210696,198.01305529124798
738.6630582195099,184.4467278731674
739.5227889179503,185.71111433175994
740.3825196163907,184.30559241350008
741.242250314831,184.20753278646723
742.1019810132715,179.76317215278044
742.9617117117118,183.96903292144896
743.8214424101521,182.94889260498923
744.6811731085926,183.69086849695003
745.5409038070329,183.5432281705662
746.4006345054734,180.28074932793206
747.2603652039137,183.24346348087133
748.120095902354,183.09639199409705
748.9798266007945,182.95456299706265
749.8395572992348,179.55169070807767
750.6992879976752,182.69673822528696
751.5590186961156,179.321347149229
752.418749394556,182.490200671691
753.2784800929963,182.41248069738134
754.1382107914367,182.50235079456064
754.9979414898771,182.3207705450802
755.8576721883175,182.3122464322506
756.7174028867579,182.33444570350326
757.5771335851982,182.39277985587552
758.4368642836386,182.49266044400684
759.296594982079,189.96143854521532
760.1563256805193,193.69579343629513
761.0160563789598,183.09569636935228
761.8757870774001,183.41587824691672
762.7355177758404,183.8046643334385
763.5952484742809,191.9802104949082
764.4549791727212,191.87749622462604
765.3147098711617,167.59309457845154
766.174440569602,191.16420697386397
767.0341712680423,197.53184055727218
767.8939019664828,187.87787463701775
768.7536326649231,188.87006377590848
769.6133633633635,201.61507880247876
770.4730940618039,191.0061882223843
771.3328247602442,192.1039191609197
772.1925554586846,193.1906263302874
773.052286157125,194.24320754596215
773.9120168555654,195.23856062341974
774.7717475540057,186.1751926396444
775.6314782524461,196.96589057119968
776.4912089508865,197.6695867128829
777.3509396493268,198.27526606263058
778.2106703477673,198.79423982550546
779.0704010462076,199.23781920656992
779.930131744648,199.61731541088653
780.7898624430884,199.94368400430236
781.6495931415287,200.22327289478702
782.5093238399692,207.47866895839053
783.3690545384095,191.83106407237102
784.2287852368498,200.8124375903037
785.0885159352903,197.7196129115877
785.9482466337306,201.02789542788838
786.807977332171,189.7421942319388
787.6677080306114,201.13013585041858
788.5274387290517,201.14647028616864
789.3871694274922,214.34411609025548
790.2469001259325,201.12490911689935
791.1066308243729,208.6377255465205
791.9663615228133,201.05149657361846
792.8260922212536,197.0073491037804
793.685822919694,200.95077907274316
794.5455536181344,200.897851718338
795.4052843165748,200.84730303069068
796.2650150150151,200.8022013118533
797.1247457134555,199.90356543176756
797.9844764118959,200.7364492137544
798.8442071103362,200.71526871555318
799.7039378087767,200.70093885088966
800.563668507217,198.48925540133038
801.4233992056573,211.2709037774283
802.2831299040978,200.69195210865172
803.1428606025381,210.62189694134452
804.0025913009786,200.7071957074804
804.8623219994189,200.7190576501489
805.7220526978592,200.73279956172374
806.5817833962997,200.7477113472577
807.44151409474,200.76308291180325
808.3012447931804,199.75589564479017
809.1609754916208,188.2060975663903
810.0207061900611,200.80490209137542
810.8804368885015,200.81576604427158
811.7401675869419,203.02106697324703
812.5998982853823,200.83401503164254
813.4596289838227,200.84218384625987
814.319359682263,214.24173310296993
815.1790903807034,200.8585695677144
816.0388210791438,193.9268074253925
816.8985517775842,210.62608191007286
817.7582824760245,215.20373668352664
818.6180131744649,204.56769808051405
819.4777438729053,207.54223520101317
820.3374745713456,200.93632755496472
821.1972052697861,200.95757301859197
822.0569359682264,200.98223089357643
822.9166666666667,201.0106930699893
823.7763973651072,201.0433514379018
824.6361280635475,192.66038794685008
825.495858761988,201.1228243085108
826.3555894604283,201.17042259134968
827.2153201588686,210.61249114316553
828.0750508573091,201.28330230245228
828.9347815557494,201.34935592932186
829.7945122541898,201.42173065958923
830.6542429526302,218.26844357220241
831.5139736510705,201.58103794689615
832.373704349511,201.66566442742783
833.2334350479513,201.7520687482062
834.0931657463917,218.2326482289913
834.952896444832,201.9255987574871
835.8126271432724,202.42588744271424
836.6723578417128,199.10429897794165
837.5320885401532,202.17040161690835
838.3918192385936,202.24325917583266
839.2515499370339,202.3098233072255
840.1112806354743,202.36894097283286
840.9710113339147,190.47183364782677
841.830742032355,202.46022475367508
842.6904727307955,216.04162689836156
843.5502034292358,202.5078862123271
844.4099341276761,202.51247597519674
845.2696648261166,202.5027010427567
846.1293955245569,212.25415534102203
846.9891262229974,214.23637616666844
847.8488569214377,202.3756579980045
848.708587619878,190.47926180879423
849.5683183183185,191.26937782766842
850.4280490167588,210.67228633385042
851.2877797151992,201.97997576322066
852.1475104136396,194.7950781355771
853.0072411120799,193.29849806638435
853.8669718105203,201.59532974325566
854.7267025089607,201.465356325507
855.5864332074011,201.3391856805231
856.4461639058414,201.2196268952909
857.3058946042818,201.10948905679749
858.1656253027222,201.0115812520297
859.0253560011625,200.92871256797466
859.885086699603,201.0760854961132
860.7448173980433,200.8193289099504
861.6045480964837,204.8306329909278
862.4642787949241,200.80343147872964
863.3240094933644,200.83227146151106
864.1837401918049,200.87996624263974
865.0434708902452,200.94147950279412
865.9032015886855,202.04092892016058
866.762932287126,201.08581618289463
867.6226629855663,184.21075927685303
868.4823936840068,201.22499094724088
869.3421243824471,201.28005181270245
870.2018550808874,208.5058376028876
871.0615857793279,201.33593891359556
871.9213164777682,201.32669251038405
872.7810471762086,182.11571900127714
873.640777874649,201.22121791305594
874.5005085730893,201.13361888533424
875.3602392715297,201.02991913999222
876.2199699699701,200.91547411358383
877.0797006684105,200.795639242663
877.9394313668508,200.67576996378352
878.7991620652913,203.81206277044924
879.6588927637316,201.17554549814471
880.518623462172,200.36951004493227
881.3783541606124,185.40265926631693
882.2380848590527,200.2633344023975
883.0978155574932,200.25322455100417
883.9575462559335,200.27029706034077
884.8172769543738,200.31142758335196
885.6770076528143,200.3734917729824
886.5367383512546,200.4533652821767
887.396469049695,205.7830697118493
888.2561997481354,200.65404287103556
889.1159304465757,200.76859825658934
889.9756611450161,200.88846557348566
890.8353918434565,217.73928031225012
891.6951225418969,201.1316386130843
892.5548532403373,201.24869564167588
893.4145839387776,184.27376026292598
894.274314637218,212.84404984463185
895.1340453356584,201.55085378376887
895.9937760340988,201.63320918453724
896.8535067325391,201.70647525705257
897.7132374309795,201.770724847442
898.5729681294199,201.82603080183264
899.4326988278602,201.87246596635143
900.2924295263007,195.95980518562484
901.152160224741,201.9390153102818
902.0118909231813,201.95927518194753
902.8716216216218,193.71110171749797
903.7313523200621,201.97412955531527
904.5910830185026,201.96886974927145
905.4508137169429,204.6001555939211
906.3105444153832,201.93334038236375
907.1702751138237,201.9032165137539
908.030005812264,201.86495031654286
908.8897365107044,192.83748214151598
909.7494672091448,204.40294338531942
910.6091979075851,201.7020262145731
911.4689286060255,211.19115507386996
912.3286593044659,201.55403401591656
913.1883900029063,201.46844361576655
914.0481207013466,201.37522080990465
914.907851399787,201.27443844445804
915.7675820982274,201.16616936555377
916.6273127966678,201.05048641931887
917.4870434951082,200.9274624518804
918.3467741935485,200.79717030936547
