59.4758064516129,201.3250976665611
60.33553715005327,200.04199480208987
61.19526784849365,203.77764858024725
62.05499854693402,193.8454462687101
62.9147292453744,190.3870319891575
63.774459943814776,201.37173146773642
64.63419064225515,206.05300233067555
65.49392134069552,201.03744998280732
66.35365203913591,204.8250865094641
67.21338273757628,208.740711694913
68.07311343601665,184.0614683544735
68.93284413445703,206.56248105264712
69.7925748328974,212.62054239261397
70.65230553133779,206.38521834461912
71.51203622977816,210.14756259654408
72.37176692821853,212.22885322843015
73.2314976266589,200.58266610495656
74.0912283250993,200.7655012812354
74.95095902353967,190.76961609538358
75.81068972198004,205.8842755716051
76.67042042042041,208.1221010923612
77.5301511188608,204.72442138312414
78.38988181730117,204.0229689479549
79.24961251574155,191.71471618389114
80.10934321418192,197.99456937053242
80.96907391262229,197.53725928385788
81.82880461106268,204.32195675384145
82.68853530950305,200.23194341654118
83.54826600794343,208.39800464101066
84.4079967063838,216.4806553575279
85.26772740482417,207.40850614714765
86.12745810326456,200.2140406197101
86.98718880170493,200.2161167127741
87.8469195001453,209.49788037933632
88.70665019858568,211.04760153889396
89.56638089702605,195.61113853248028
90.42611159546644,204.98362325055822
91.28584229390681,202.61474364690508
92.14557299234718,198.9396360444743
93.00530369078756,208.20518621733373
93.86503438922793,205.13439472704206
94.72476508766832,200.27617188914542
95.58449578610869,183.01491258070746
96.44422648454906,200.28545859202103
97.30395718298945,183.38909921800033
98.16368788142981,194.01427878382128
99.0234185798702,200.9910535422999
99.88314927831057,197.08832342453218
100.74287997675094,199.69970587154472
101.60261067519133,188.89158526484997
102.46234137363169,189.07742526906765
103.32207207207207,206.40470517002424
104.18180277051245,198.63930252196707
105.04153346895282,193.18742768800814
105.90126416739321,216.75344352939248
106.76099486583357,215.32252757327333
107.62072556427395,197.2614861430283
108.48045626271433,200.60751495718773
109.3401869611547,194.308818362903
110.19991765959509,200.25385014375647
111.05964835803545,203.6474903231988
111.91937905647583,188.7246406618597
112.7791097549162,204.7405079218881
113.63884045335658,210.44564543409908
114.49857115179697,206.98927169156156
115.35830185023732,188.43885417636858
116.21803254867771,190.75216315736603
117.07776324711809,200.2274064336569
117.93749394555846,191.06063880561533
118.79722464399885,185.4324846122266
119.65695534243922,189.25204199303352
120.51668604087959,183.8097282378579
121.37641673931996,200.25987404756623
122.23614743776034,212.72112914220088
123.09587813620072,200.290378873771
123.9556088346411,214.95799064736627
124.81533953308147,189.93439468016857
125.67507023152184,207.2098944633825
126.53480092996222,206.17504815556276
127.3945316284026,201.06939313569634
128.254262326843,186.84713772205444
129.11399302528335,200.4641351329455
129.9737237237237,216.45329212390084
130.8334544221641,198.03676372781356
131.69318512060448,205.12582890889928
132.55291581904487,197.2113251955672
133.41264651748523,206.0715133983314
134.2723772159256,204.7156417320506
135.13210791436597,200.67686581102413
135.99183861280636,210.3072889472523
136.85156931124675,193.46487609676197
137.7113000096871,183.11081206827896
138.57103070812747,200.78290597009413
139.43076140656785,210.6798134014453
140.29049210500824,206.1507408411903
141.15022280344863,205.0287919421454
142.009953501889,190.66759535318812
142.86968420032935,195.18822056889718
143.72941489876973,192.49098468634693
144.58914559721012,190.69243734906388
145.4488762956505,197.86374322150402
146.30860699409087,207.59853814131677
147.16833769253125,185.9390781911565
148.0280683909716,196.57123553700205
148.887799089412,200.65424385980882
149.7475297878524,208.96270243348653
150.60726048629274,196.9127487616709
151.46699118473313,210.98542301254997
152.3267218831735,204.2856712853727
153.18645258161388,198.92196724043004
154.04618328005427,199.94591479666275
154.90591397849462,205.9182157850329
155.765644676935,200.46681356744168
156.62537537537537,204.97489450328962
157.48510607381576,181.75351451868022
158.34483677225614,195.24064467005059
159.2045674706965,202.69482760716963
160.0642981691369,199.59726480947273
160.92402886757725,188.39469683515463
161.78375956601764,192.2744235702169
162.64349026445802,196.92205015712392
163.5032209628984,191.3132271916685
164.36295166133877,210.32037611174212
165.22268235977913,202.69963451835122
166.08241305821952,202.22940366053012
166.9421437566599,207.6525546643705
167.8018744551003,202.7576269094308
168.66160515354065,206.24432392229158
169.521335851981,192.8510721706741
170.3810665504214,188.0224733673257
171.24079724886178,184.61180686013395
172.10052794730217,192.7374299062107
172.96025864574253,191.35364875269065
173.8199893441829,197.02490493442392
174.67972004262327,191.0638617852285
175.53945074106366,201.41044284345153
176.39918143950405,186.23001578693032
177.2589121379444,188.65940278542266
178.11864283638477,185.99199303216292
178.97837353482515,184.92900699539948
179.83810423326554,180.6429415314105
180.69783493170593,185.99823312406417
181.55756563014629,174.73376431856136
182.41729632858664,188.67379286171604
183.27702702702703,169.74211709541004
184.13675772546742,178.40625348678202
184.9964884239078,175.3483565052806
185.85621912234816,191.80161841676073
186.71594982078852,195.3334506074808
187.5756805192289,179.95227547166215
188.4354112176693,191.96249621533303
189.29514191610966,193.96937680044223
190.15487261455004,189.07622362617698
191.01460331299043,183.74075947793585
191.8743340114308,185.73498258936266
192.73406470987118,174.90366785439602
193.59379540831154,169.56109526268807
194.45352610675192,179.06658997528237
195.3132568051923,183.2393152687325
196.17298750363267,187.14143783642297
197.03271820207306,164.46429985202363
197.89244890051341,186.81704008491496
198.7521795989538,195.1456744636974
199.6119102973942,197.881785704408
200.47164099583455,180.8417010062578
201.33137169427494,190.10214630430104
202.19110239271532,183.0312519750177
203.05083309115568,173.84088103311163
203.91056378959607,191.7306517730616
204.77029448803643,196.87517852581902
205.63002518647681,195.98082790977185
206.4897558849172,199.52304326061073
207.34948658335756,182.1339711417561
208.20921728179795,183.4390865478251
209.0689479802383,172.1237437592903
209.9286786786787,182.2555835841795
210.78840937711908,184.16524281504513
211.64814007555944,185.79039664671842
212.50787077399983,174.68460114441112
213.36760147244019,184.24434730848967
214.22733217088057,177.58214596858707
215.08706286932096,180.10437282366993
215.94679356776132,177.180066656175
216.8065242662017,180.16825091035722
217.66625496464206,189.5224488086283
218.52598566308245,199.6880853238635
219.38571636152284,178.3210188037588
220.2454470599632,205.6407155733886
221.10517775840358,184.00152258583847
221.96490845684394,195.229215585089
222.82463915528433,180.46050409107195
223.68436985372472,195.11347243384077
224.54410055216508,195.4023624667094
225.40383125060546,195.47945170412112
226.26356194904582,189.66661255326576
227.1232926474862,197.23467039241083
227.9830233459266,183.04742355869118
228.84275404436696,205.50114224387545
229.70248474280734,190.83560516506017
230.5622154412477,187.60207509883062
231.4219461396881,197.76449306562927
232.28167683812848,197.1437166807866
233.14140753656883,201.49424524280883
234.00113823500922,196.72630857192175
234.8608689334496,192.51475431838858
235.72059963188997,212.5437345293459
236.58033033033036,190.08095919141397
237.4400610287707,199.810399054997
238.2997917272111,200.80169583200146
239.1595224256515,215.6898484140238
240.01925312409185,208.94732446934066
240.87898382253223,200.224734118945
241.7387145209726,196.4633251550152
242.59844521941298,190.97707086234095
243.45817591785337,195.92358812646694
244.31790661629373,185.36177890111625
245.1776373147341,195.87001170177143
246.03736801317447,190.05234718052833
246.89709871161486,212.30735313048777
247.75682941005525,194.84436757927926
248.6165601084956,214.20819540835348
249.476290806936,199.82528711485645
250.33602150537635,218.96116914387113
251.19575220381674,217.562552501628
252.05548290225713,181.25823053470933
252.91521360069748,187.94143602985338
253.77494429913787,215.59458535542586
254.63467499757823,201.47984192630778
255.49440569601862,211.90416234491605
256.35413639445903,197.86189640278735
257.21386709289936,199.89862404272418
258.07359779133975,202.1218085193608
258.93332848978014,209.1426236839471
259.79305918822047,213.91883435372364
260.6527898866609,190.58202224936727
261.51252058510124,213.37539640439587
262.37225128354163,192.12565125771965
263.231981981982,214.5546862587602
264.09171268042235,211.31016173885308
264.9514433788628,188.18730455307661
265.8111740773031,203.4276118800691
266.6709047757435,212.00437166328467
267.5306354741839,205.59414187699383
268.3903661726242,203.62637488122306
269.25009687106467,200.97233910019258
270.109827569505,194.55784882388173
270.9695582679454,200.29698210022732
271.8292889663858,189.76136926516176
272.6890196648261,195.77985031703042
273.54875036326655,205.04887678186435
274.4084810617069,199.05936454589758
275.26821176014727,188.89403933558853
276.12794245858765,200.2786338094645
276.987673157028,200.65109048998323
277.84740385546843,211.75446888063965
278.70713455390876,206.0414218080232
279.56686525234915,200.36578291317622
280.42659595078953,190.60348605825035
281.28632664922986,206.3730295163441
282.1460573476703,205.01580286867605
283.00578804611064,208.7820074102967
283.865518744551,199.24438320781337
284.7252494429914,202.39764390748894
285.58498014143174,194.43938157172184
286.4447108398722,202.95377537116406
287.3044415383125,200.6875723739831
288.1641722367529,204.8521229628088
289.0239029351933,187.89715693217764
289.8836336336336,200.77213746690964
290.74336433207407,196.4662738452786
291.6030950305144,199.5687515879181
292.4628257289548,195.1979765833406
293.32255642739517,195.00034223392984
294.1822871258355,196.97190975193368
295.04201782427594,207.70640809486605
295.9017485227163,195.03400480876624
296.76147922115666,200.56772344894605
297.62120991959705,197.55189718412709
298.4809406180374,201.97126983024413
299.3406713164778,200.63149323193022
300.20040201491815,185.02402782242635
301.06013271335854,215.30181688531655
301.91986341179893,200.89847007650255
302.77959411023926,187.53016336852863
303.6393248086797,209.30528209004976
304.49905550712003,185.96557996965691
305.3587862055604,196.98770638320073
306.2185169040008,193.11734569974595
307.07824760244114,196.6328268049945
307.9379783008816,200.02610010056625
308.7977089993219,209.23100184739758
309.6574396977623,199.91781850661584
310.5171703962027,195.3840006354868
311.376901094643,184.19516427335458
312.23663179308346,194.0198864748132
313.0963624915238,214.32928082984515
313.9560931899642,201.82261246525024
314.81582388840457,201.6560069408206
315.6755545868449,183.59668958835482
316.53528528528534,210.79012168254098
317.39501598372567,196.80052081415118
318.2547466821661,194.3294828470371
319.11447738060644,199.8291878424974
319.9742080790468,190.26371377185782
320.8339387774872,213.391418316823
321.69366947592755,203.42113315922265
322.553400174368,198.26020901913188
323.4131308728083,200.10838282304138
324.27286157124865,207.91911938738477
325.1325922696891,196.2829835189245
325.99232296812943,184.60736910364378
326.8520536665699,214.08693288068224
327.7117843650102,190.6071254885841
328.57151506345053,194.8703816672741
329.431245761891,205.18997836095713
330.2909764603313,187.34853743269878
331.15070715877175,203.1108396939892
332.0104378572121,199.27671670426736
332.8701685556524,209.1614352115161
333.72989925409286,204.3348989561191
334.5896299525332,205.42913076602113
335.44936065097363,193.03231585715423
336.30909134941396,186.65811370854644
337.1688220478543,201.15181935878874
338.02855274629474,189.04467014969575
338.88828344473507,201.77728089153112
339.7480141431755,210.11006098464736
340.60774484161584,203.85496989884584
341.46747554005617,186.59402670675453
342.3272062384966,199.51985662198382
343.18693693693695,194.6248373270983
344.0466676353774,192.1930882333862
344.9063983338177,201.95329724369213
345.76612903225805,181.97282002533046
346.6258597306985,186.94528724052358
347.4855904291388,204.89106017422586
348.34532112757927,195.95312414637678
349.2050518260196,185.22666500206225
350.06478252445993,213.39556308171024
350.9245132229004,189.2634801121399
351.7842439213407,180.2320232527206
352.64397461978115,185.38582836270604
353.5037053182215,204.41686184598288
354.3634360166618,195.17932109190937
355.22316671510225,180.6757008631683
356.0828974135426,173.42979607907623
356.942628111983,192.01631632362592
357.80235881042336,207.15531792475934
358.6620895088637,187.2354262447893
359.52182020730413,187.57001602019392
360.38155090574446,191.03195143729147
361.2412816041849,191.0886863282383
362.10101230262524,200.99765741092156
362.96074300106557,175.55692058196033
363.820473699506,170.83915688786442
364.68020439794634,199.62832803284505
365.5399350963868,195.51358170977977
366.3996657948271,180.18530716517176
367.25939649326745,173.60458721174842
368.1191271917079,178.26945102142895
368.9788578901482,187.7861396126268
369.83858858858866,193.35775760280595
370.698319287029,180.40398402159485
371.5580499854693,184.79903282317275
372.41778068390977,188.1402759983756
373.2775113823501,171.3515656554187
374.13724208079054,183.00574722744304
374.9969727792309,185.35624081380195
375.8567034776712,178.27577275729925
376.71643417611165,187.85932213635823
377.576164874552,196.49100847550042
378.4358955729924,179.41428853510496
379.29562627143275,184.25392991704942
380.1553569698731,178.6498622213039
381.0150876683135,179.50505048781702
381.87481836675386,183.42937514368586
382.7345490651943,183.6064293660459
383.59427976363463,186.55135513629241
384.45401046207496,167.57365204452367
385.3137411605154,191.51875420700654
386.17347185895574,184.39709815296956
387.0332025573962,197.26386985552503
387.8929332558365,189.02370483968647
388.75266395427684,176.730460053554
389.6123946527173,180.32938454793458
390.4721253511576,192.2331225441143
391.33185604959806,196.03105309505324
392.1915867480384,185.88610294783985
393.0513174464787,193.77950420845903
393.91104814491916,198.89427414151845
394.7707788433595,197.50734720570713
395.63050954179994,191.40187205946583
396.49024024024027,196.84075432906397
397.3499709386806,187.21742093673174
398.20970163712104,187.08159977704258
399.0694323355614,179.2745313788109
399.9291630340018,173.4101028964405
400.78889373244215,186.59920720876667
401.6486244308825,185.66191773273525
402.5083551293229,196.64459908968809
403.36808582776325,201.6377900498833
404.2278165262037,183.03503576201174
405.087547224644,189.0123578061618
405.94727792308447,192.6327082984233
406.8070086215248,174.13595812286033
407.66673931996513,184.62092472197395
408.5264700184056,187.04895459928434
409.3862007168459,182.80496558967215
410.24593141528635,181.58181071362966
411.1056621137267,202.61047876730925
411.965392812167,187.62608617039345
412.82512351060745,205.63907440374186
413.6848542090478,200.17022618032397
414.54458490748823,194.0833668706079
415.40431560592856,194.7272343757013
416.2640463043689,195.37193511708477
417.12377700280933,194.87622549604632
417.98350770124966,196.62520583092507
418.8432383996901,197.54841981259116
419.70296909813044,203.33070619557526
420.56269979657077,193.79257989666232
421.4224304950112,185.01162779198404
422.28216119345154,195.01469474532382
423.141891891892,209.9345244002525
424.0016225903323,202.3877223689692
424.86135328877265,200.04991761960125
425.7210839872131,181.76283375536323
426.5808146856534,202.000708269934
427.44054538409387,200.93061700153413
428.3002760825342,213.4995480435024
429.1600067809745,204.1593766981527
430.01973747941497,194.5935783532434
430.8794681778553,206.84602120215595
431.73919887629575,186.255248176101
432.5989295747361,201.1548253827662
433.4586602731764,184.56214289125043
434.31839097161685,192.2550066736106
435.1781216700572,201.22200440253752
436.0378523684976,215.48486541776282
436.89758306693795,204.16789943512362
437.7573137653783,201.54816823299174
438.61704446381873,202.70530356574065
439.47677516225906,194.86555872826506
440.3365058606995,202.89707666661943
441.19623655913983,210.18822044545908
442.05596725758016,205.8152567382554
442.9156979560206,213.93687743159606
443.77542865446094,198.24812532566605
444.6351593529014,210.33377094576863
445.4948900513417,192.11260185403964
446.35462074978204,205.89901782286273
447.2143514482225,197.2783850605448
448.0740821466628,208.8612051967174
448.93381284510326,198.35464671091827
449.7935435435436,206.76746628824515
450.6532742419839,208.9174850857845
451.51300494042437,205.0572829369368
452.3727356388647,210.49622454421979
453.23246633730514,213.56607235848804
454.09219703574547,204.46262072323327
454.9519277341858,193.67060210317442
455.81165843262625,195.47248565100094
456.6713891310666,201.73313013707102
457.531119829507,194.77215312779646
458.39085052794735,201.4719793006664
459.2505812263877,194.08910341122908
460.1103119248281,216.25114074421546
460.97004262326845,186.15578923836935
461.8297733217089,200.8571205101345
462.68950402014923,196.30790448636165
463.54923471858956,207.9726511723236
464.40896541703,184.0036568277004
465.26869611547033,189.34793538771103
466.1284268139108,187.53838607199623
466.9881575123511,186.98842074971998
467.84788821079144,189.98940744249558
468.7076189092319,196.75656404660918
469.5673496076722,209.15285385612273
470.42708030611266,211.00541862852506
471.286811004553,200.50430192861063
472.1465417029933,196.1728211446233
473.00627240143376,213.03451369742012
473.8660030998741,200.86961986554678
474.72573379831454,215.14084771130553
475.58546449675487,210.8349959622947
476.4451951951952,213.24415863754774
477.30492589363564,213.92573598409402
478.16465659207597,200.39262158590498
479.0243872905164,189.20919550605987
479.88411798895675,191.05806592917185
480.7438486873971,198.97501865621248
481.6035793858375,207.76247353907985
482.46331008427785,190.24845933849858
483.3230407827183,201.45540503793976
484.1827714811586,210.72495067657883
485.04250217959896,201.8377822264543
485.9022328780394,194.59274817876135
486.76196357647973,203.62709194005265
487.6216942749202,188.1904047766168
488.4814249733605,201.2643920655752
489.34115567180083,195.05234752414174
490.2008863702413,197.40967650566614
491.0606170686816,194.24763904273433
491.92034776712205,203.18380181047593
492.7800784655624,196.00719319494
493.6398091640027,200.0966329541408
494.49953986244316,211.31769348051589
495.3592705608835,192.38882064545953
496.21900125932393,190.36529823599187
497.07873195776426,203.22809638489528
497.9384626562046,212.55057345713334
498.79819335464504,195.84716248157616
499.65792405308537,217.5337968829246
500.5176547515258,198.75931581608157
501.37738544996614,199.7809753622636
502.23711614840647,210.23967056745806
503.0968468468469,198.22606641948275
503.95657754528725,204.7662308766494
504.8163082437277,195.5480344897849
505.676038942168,217.01139871994175
506.53576964060835,203.86614791043695
507.3955003390488,182.37197221801995
508.2552310374891,203.40628452357714
509.11496173592957,199.11669409421728
509.9746924343699,185.41332298722398
510.83442313281023,215.85122980964877
511.6941538312507,194.04911585735107
512.553884529691,200.5596781760874
513.4136152281314,193.49880702451966
514.2733459265718,201.04999728467862
515.1330766250121,190.33399195907356
515.9928073234526,199.5132210099091
516.8525380218929,188.47104436754316
517.7122687203333,212.67852255409886
518.5719994187737,204.7038138912229
519.431730117214,212.02845183553333
520.2914608156544,197.76437787255668
521.1511915140948,199.52611671584242
522.0109222125352,200.65865466527262
522.8706529109755,207.05997614469175
523.7303836094159,193.73173658670024
524.5901143078563,197.58831635824004
525.4498450062966,203.55994236781308
526.3095757047371,200.18286742684745
527.1693064031774,213.08834427356103
528.0290371016177,210.36567137891632
528.8887678000582,193.95633330384933
529.7484984984985,184.1767093221569
530.608229196939,182.78744537473227
531.4679598953793,200.63582743253238
532.3276905938197,202.01081496851342
533.1874212922601,193.98106958709798
534.0471519907004,191.80194036521516
534.9068826891408,186.27255185967346
535.7666133875812,188.94166986629673
536.6263440860216,183.35807365120016
537.486074784462,176.4196351737943
538.3458054829023,182.8061073807632
539.2055361813427,172.8265525204434
540.065266879783,180.42672537859065
540.9249975782235,183.09621251021113
541.7847282766638,199.19906667997762
542.6444589751042,177.2220538033108
543.5041896735446,191.3559786927417
544.3639203719849,194.0666211826912
545.2236510704254,199.4019643936133
546.0833817688657,185.18526570720542
546.943112467306,175.21618618248982
547.8028431657465,190.75161600551948
548.6625738641868,194.57709179160167
549.5223045626273,194.68239641744918
550.3820352610676,184.746609401532
551.2417659595079,170.3263519620791
552.1014966579484,181.80385925614053
552.9612273563887,184.92169885527937
553.8209580548291,185.09028487115302
554.6806887532695,188.3030030780658
555.5404194517098,184.94524920821172
556.4001501501502,183.94732613635793
557.2598808485906,189.50594970369343
558.119611547031,185.6182478833045
558.9793422454713,189.23205466586984
559.8390729439117,193.53361028355172
560.6988036423521,173.44536935745379
561.5585343407924,169.25194400506683
562.4182650392329,195.91436484845482
563.2779957376732,196.44722524221396
564.1377264361136,183.8374253527398
564.997457134554,189.1730011932534
565.8571878329943,189.89918785505506
566.7169185314348,186.97502834221225
567.5766492298751,175.20577126525734
568.4363799283154,179.29157597007003
569.2961106267559,185.76825642073166
570.1558413251962,186.20528563247126
571.0155720236367,174.40325569795786
571.875302722077,177.92804497562432
572.7350334205174,179.78353480546795
573.5947641189578,187.97704230509387
574.4544948173981,194.55403988125403
575.3142255158385,188.91120950184697
576.1739562142789,177.0635842933771
577.0336869127193,193.43259752774773
577.8934176111596,198.88208783068765
578.7531483096,177.2064337231648
579.6128790080404,189.05672140853318
580.4726097064807,186.89285973432817
581.3323404049212,201.89423506799181
582.1920711033615,203.04694474118318
583.0518018018018,179.52425566254803
583.9115325002423,198.38777253977898
584.7712631986826,191.6264395237753
585.6309938971231,179.6808806887948
586.4907245955634,183.00100499409055
587.3504552940037,193.6549418337442
588.2101859924442,209.37807035952017
589.0699166908845,194.99049997746033
589.9296473893249,192.96561157973542
590.7893780877653,192.2160276163424
591.6491087862056,200.14388232929693
592.508839484646,197.81435511651642
593.3685701830864,195.91209335685676
594.2283008815268,185.38006546572825
595.0880315799672,195.78526042459777
595.9477622784075,210.8841443449719
596.8074929768479,212.88777738186948
597.6672236752883,207.09523372375935
598.5269543737287,199.18210175880034
599.386685072169,201.47196295263728
600.2464157706094,202.43071086073292
601.1061464690498,210.58677908386795
601.9658771674901,192.89178273814537
602.8256078659306,212.01538346667158
603.6853385643709,189.56373471337034
604.5450692628112,188.67752634525553
605.4047999612517,199.88879833540184
606.264530659692,199.9620515381956
607.1242613581325,200.0321351716401
607.9839920565728,213.94112765292383
608.8437227550131,186.1426889206102
609.7034534534536,196.00655420412053
610.5631841518939,188.02329183577353
611.4229148503343,205.92018940389823
612.2826455487747,200.3890944789785
613.142376247215,200.43850035848087
614.0021069456554,181.58233655995318
614.8618376440958,182.30151163728664
615.7215683425362,189.54670358719903
616.5812990409765,207.67256196224548
617.4410297394169,194.32747930642032
618.3007604378573,211.8201391489347
619.1604911362977,185.77583527485362
620.0202218347381,210.66949376187767
620.8799525331784,196.46216925532048
621.7396832316188,214.27805727322718
622.5994139300592,196.34050336689572
623.4591446284995,196.09553323864532
624.31887532694,200.85103851725424
625.1786060253803,202.50443492115951
626.0383367238207,193.59265548617222
626.8980674222611,188.29185185645682
627.7577981207014,196.01933137945738
628.6175288191419,207.54590707419578
629.4772595175822,203.55027516441044
630.3369902160226,194.89263196707165
631.196720914463,200.91626181031432
632.0564516129033,198.62203664532393
632.9161823113437,184.76678870696736
633.7759130097841,200.90531164586622
634.6356437082245,212.37151108350548
635.4953744066648,202.40845507680353
636.3551051051052,211.09376608156498
637.2148358035456,186.33747105538293
638.0745665019859,198.8749711941663
638.9342972004264,201.3519086144811
639.7940278988667,208.6597887959412
640.653758597307,200.8282498440218
641.5134892957475,200.7582956134444
642.3732199941878,215.11424369534518
643.2329506926283,193.35449811658881
644.0926813910686,194.93306477889246
644.9524120895089,207.51850821549976
645.8121427879494,193.68387977160506
646.6718734863897,200.58520253000356
647.5316041848301,199.5195903332324
648.3913348832705,198.98576395499651
649.2510655817108,204.43611419680227
650.1107962801512,189.84656198696263
650.9705269785916,200.43684979669692
651.830257677032,196.2794261773375
652.6899883754724,200.38456132375413
653.5497190739127,195.0486257342786
654.4094497723531,183.28052104955628
655.2691804707935,197.44656005611824
656.1289111692339,213.77924134715653
656.9886418676742,187.2953854465793
657.8483725661146,200.27964232786223
658.708103264555,193.43592032296885
659.5678339629953,196.0808530388542
660.4275646614358,191.5246495552832
661.2872953598761,190.00289520899275
662.1470260583164,206.22013642037803
663.0067567567569,194.2964387078834
663.8664874551972,205.92417900511958
664.7262181536377,183.4422398137617
665.585948852078,201.16342278286155
666.4456795505183,191.42887534524937
667.3054102489588,209.46590534105263
668.1651409473991,215.02998919935976
669.0248716458395,213.16556681315845
669.8846023442799,197.43560259651102
670.7443330427202,202.24759118799824
671.6040637411606,207.0953438498725
672.463794439601,196.2820162154827
673.3235251380414,203.88694023018016
674.1832558364817,210.92257681715853
675.0429865349221,214.9588624749302
675.9027172333625,200.2919146599274
676.7624479318029,191.08862950316671
677.6221786302433,208.6496958283983
678.4819093286836,200.7557225406739
679.341640027124,199.59060096776784
680.2013707255644,217.58722532212937
681.0611014240047,188.93848482930318
681.9208321224452,200.8182196594595
682.7805628208855,194.32383744169192
683.6402935193258,199.32349588089104
684.5000242177663,215.27348555372862
685.3597549162066,207.49542296885255
686.219485614647,185.36668496371087
687.0792163130874,196.18217602314425
687.9389470115277,208.27970665595348
688.7986777099682,217.6271512837668
689.6584084084085,205.71797773078387
690.5181391068489,205.1856109318378
691.3778698052893,195.67583416228194
692.2376005037296,206.38428547511236
693.09733120217,210.1245540883766
693.9570619006104,200.62954869708938
694.8167925990508,202.98223825942253
695.6765232974911,191.95343829144264
696.5362539959315,190.40170350556838
697.3959846943719,210.71213503633183
698.2557153928122,209.19118277328755
699.1154460912527,216.1838859466954
699.975176789693,203.6727827681448
700.8349074881334,190.60679642067265
701.6946381865738,210.4650074458203
702.5543688850141,204.95176548744442
703.4140995834546,205.73007035425687
704.2738302818949,199.2324046886019
705.1335609803352,194.44883382501564
705.9932916787757,179.93942991085953
706.853022377216,207.0483722046369
707.7127530756565,193.11492961382743
708.5724837740968,183.74694308100788
709.4322144725371,196.34979017085018
710.2919451709776,187.3299171946395
711.1516758694179,190.70167359818444
712.0114065678583,205.95027052529548
712.8711372662987,195.12688516637726
713.730867964739,181.77432542421454
714.5905986631794,204.65362272445682
715.4503293616198,174.73732629336666
716.3100600600602,192.4019135415786
717.1697907585005,184.0215783618863
718.0295214569409,192.8516633270595
718.8892521553813,189.22938975148858
719.7489828538216,199.04705976050278
720.6087135522621,184.5864784207542
721.4684442507024,189.1630069863447
722.3281749491427,173.97732075677342
723.1879056475832,188.09239781269252
724.0476363460235,170.34061430026753
724.907367044464,192.56092270038204
725.7670977429043,177.46634388297497
726.6268284413446,185.08720723823868
727.4865591397851,168.96705138872534
728.3462898382254,192.52975894514464
729.2060205366658,184.0125448145414
730.0657512351062,198.75274425245843
730.9254819335465,184.639558205855
731.785212631987,184.59334482181214
732.6449433304273,198.56328712360477
733.5046740288677,190.08474135160887
734.364404727308,175.09594384270355
735.2241354257484,168.45618572175022
736.0838661241888,188.10776672418675
736.9435968226292,202.99721419179383
737.8033275210696,184.4872722088684
738.6630582195099,187.8021607692867
739.5227889179503,181.114896276953
740.3825196163907,189.977256072104
741.242250314831,184.20753278646723
742.1019810132715,175.46647169468724
742.9617117117118,181.26759119321133
743.8214424101521,180.92108604513476
744.6811731085926,179.08249211089966
745.5409038070329,174.03729217861044
746.4006345054734,193.29897449461473
747.2603652039137,172.20285557603046
748.120095902354,192.02676051859044
748.9798266007945,193.83219704597514
749.8395572992348,175.73357671089582
750.6992879976752,184.80673116467605
751.5590186961156,176.8600107284574
752.418749394556,182.490200671691
753.2784800929963,182.41248069738134
754.1382107914367,178.48169113158568
754.9979414898771,194.0414701575654
755.8576721883175,175.00706502790584
756.7174028867579,170.07252969358674
757.5771335851982,163.79197281487535
758.4368642836386,191.6909891056551
759.296594982079,169.9854326198082
760.1563256805193,177.770198151684
761.0160563789598,180.6485368051916
761.8757870774001,186.26985634743875
762.7355177758404,193.1271846915653
763.5952484742809,192.21595565665234
764.4549791727212,175.4051573648677
765.3147098711617,168.69735466595634
766.174440569602,183.18506006788132
767.0341712680423,199.8034070521803
767.8939019664828,177.64282866251088
768.7536326649231,193.00512990766538
769.6133633633635,195.70797592399833
770.4730940618039,185.6638185296446
771.3328247602442,185.77251891157852
772.1925554586846,202.01366467453767
773.052286157125,185.0985199881514
773.9120168555654,195.61442556143905
774.7717475540057,200.48852969085198
775.6314782524461,189.5070637194713
776.4912089508865,205.84826790656922
777.3509396493268,192.9144112632202
778.2106703477673,198.29938955268835
779.0704010462076,199.23781920656992
779.930131744648,199.61731541088653
780.7898624430884,199.94368400430236
781.6495931415287,197.57001428244652
782.5093238399692,192.5541641752611
783.3690545384095,211.02296179390297
784.2287852368498,194.68193800742347
785.0885159352903,200.93585283700395
785.9482466337306,199.18172473394753
786.807977332171,183.86746637420217
787.6677080306114,190.78466688116123
788.5274387290517,206.9500539566338
789.3871694274922,194.70263515886552
790.2469001259325,201.12490911689935
791.1066308243729,210.68402604961767
791.9663615228133,199.09533953961252
792.8260922212536,195.12638167542084
793.685822919694,202.10869362290214
794.5455536181344,198.61064314496673
795.4052843165748,216.4949525108774
796.2650150150151,201.79413864146323
797.1247457134555,206.2464439022194
797.9844764118959,190.82766152134337
798.8442071103362,184.16035378245428
799.7039378087767,196.81419975390747
800.563668507217,200.69274952481646
801.4233992056573,216.7503497117787
802.2831299040978,209.19025301574607
803.1428606025381,202.28499614214962
804.0025913009786,189.92353309398698
804.8623219994189,209.54935581767728
805.7220526978592,191.10315145616218
806.5817833962997,197.8857143257459
807.44151409474,195.80205264466943
808.3012447931804,198.37413217602375
809.1609754916208,217.63235430995934
810.0207061900611,193.80976214985722
810.8804368885015,200.93696319681743
811.7401675869419,195.8599348794524
812.5998982853823,195.22059270705367
813.4596289838227,200.84218384625987
814.319359682263,209.66334022375193
815.1790903807034,197.92490076913913
816.0388210791438,191.84886476809143
816.8985517775842,213.41552682997335
817.7582824760245,204.02815256516672
818.6180131744649,200.90250630149697
819.4777438729053,200.6688378041181
820.3374745713456,185.66049847540452
821.1972052697861,210.09805256818595
822.0569359682264,209.0243083206274
822.9166666666667,206.2308460304925
823.7763973651072,191.23070029978763
824.6361280635475,190.76001104462193
825.495858761988,203.19761547629952
826.3555894604283,190.74900050197888
827.2153201588686,208.25857341487293
828.0750508573091,205.25042034711342
828.9347815557494,210.41149220030618
829.7945122541898,202.23833119357553
830.6542429526302,202.30180386014257
831.5139736510705,208.6070527356338
832.373704349511,197.41906886516819
833.2334350479513,216.43861431968688
834.0931657463917,191.02002089588308
834.952896444832,201.9255987574871
835.8126271432724,194.37262202132678
836.6723578417128,203.20741686459533
837.5320885401532,202.17040161690835
838.3918192385936,202.24325917583266
839.2515499370339,212.93693443859712
840.1112806354743,187.5334671650688
840.9710113339147,191.39658815930608
841.830742032355,220.13573972878135
842.6904727307955,215.81989082003489
843.5502034292358,206.26181635976047
844.4099341276761,204.59245221116788
845.2696648261166,187.7695660670227
846.1293955245569,214.13065531288748
846.9891262229974,202.43544493893174
847.8488569214377,210.26943687169455
848.708587619878,215.98155578724777
849.5683183183185,204.70045811461472
850.4280490167588,196.5817913915183
851.2877797151992,216.31338839032804
852.1475104136396,212.71687362789967
853.0072411120799,193.27622877366093
853.8669718105203,193.68536642777295
854.7267025089607,194.48031058829585
855.5864332074011,199.77665325544996
856.4461639058414,200.22910324364824
857.3058946042818,191.27298698265875
858.1656253027222,205.20643473418005
859.0253560011625,202.78421781130154
859.885086699603,200.8636920916192
860.7448173980433,192.99882622204166
861.6045480964837,200.79843210995512
862.4642787949241,216.8790076540979
863.3240094933644,183.13360522205272
864.1837401918049,193.96000842766915
865.0434708902452,189.74480881184115
865.9032015886855,185.25379776502794
866.762932287126,197.93333375478934
867.6226629855663,204.6884073966305
868.4823936840068,202.0170733333329
869.3421243824471,201.28005181270245
870.2018550808874,205.55560788420263
871.0615857793279,189.78342266548538
871.9213164777682,198.05140435655397
872.7810471762086,199.08425689079994
873.640777874649,192.18725653344376
874.5005085730893,205.76498452154007
875.3602392715297,199.10107620198644
876.2199699699701,200.91547411358383
877.0797006684105,194.93693591954496
877.9394313668508,211.6540267522489
878.7991620652913,188.21848797843793
879.6588927637316,186.16074455430189
880.518623462172,208.5289724642625
881.3783541606124,205.1287926839855
882.2380848590527,200.2633344023975
883.0978155574932,212.43496724840685
883.9575462559335,196.34625133347586
884.8172769543738,191.35851347810575
885.6770076528143,205.2967277290956
886.5367383512546,209.36805530147106
887.396469049695,196.37493091362026
888.2561997481354,203.62123280737774
889.1159304465757,200.76859825658934
889.9756611450161,203.89255839068255
890.8353918434565,196.75677312069175
891.6951225418969,208.54699430756992
892.5548532403373,191.0369685621043
893.4145839387776,205.61553810822397
894.274314637218,207.28323791646318
895.1340453356584,201.55085378376887
895.9937760340988,201.63320918453724
896.8535067325391,211.84183236454075
897.7132374309795,201.770724847442
898.5729681294199,201.4187319518366
899.4326988278602,210.44510083718882
900.2924295263007,216.0779879011874
901.152160224741,201.9390153102818
902.0118909231813,191.8265963825071
902.8716216216218,201.9709556482496
903.7313523200621,215.48847416996628
904.5910830185026,205.32065001812475
905.4508137169429,207.0075924455794
906.3105444153832,212.6381028175909
907.1702751138237,195.00767325448314
908.030005812264,190.1299634886054
908.8897365107044,203.71381920280572
909.7494672091448,197.47110321402695
910.6091979075851,206.7996987222042
911.4689286060255,208.34282589272235
912.3286593044659,194.62133886341576
913.1883900029063,202.18250369456032
914.0481207013466,208.96703153466544
914.907851399787,196.62321855112756
915.7675820982274,190.77970016036784
916.6273127966678,193.89832162649077
917.4870434951082,187.37471224866147
918.3467741935485,197.6807685941249
