59.4758064516129,191.9587871928084
60.33553715005327,201.29264307671758
61.19526784849365,191.971018040101
62.05499854693402,198.60173869900603
62.9147292453744,202.81766853092063
63.774459943814776,212.6851215374925
64.63419064225515,212.16239369880122
65.49392134069552,218.3221889695128
66.35365203913591,193.3691539021494
67.21338273757628,186.41878342720236
68.07311343601665,192.184250479678
68.93284413445703,209.22444097069112
69.7925748328974,191.44972852541116
70.65230553133779,205.6901825619073
71.51203622977816,192.9821654683356
72.37176692821853,183.16123392142717
73.2314976266589,190.91792248081546
74.0912283250993,195.8586559030968
74.95095902353967,199.33450875506557
75.81068972198004,200.44858081546212
76.67042042042041,194.71622958463269
77.5301511188608,200.37198502449243
78.38988181730117,190.0461251776316
79.24961251574155,200.69042183922053
80.10934321418192,184.51725337071792
80.96907391262229,200.26172965732573
81.82880461106268,200.24479610120522
82.68853530950305,187.19098438769996
83.54826600794343,186.26121505746613
84.4079967063838,200.21702050703436
85.26772740482417,200.21422020491786
86.12745810326456,200.2140406197101
86.98718880170493,200.2161167127741
87.8469195001453,200.22008344547302
88.70665019858568,192.7196335461863
89.56638089702605,201.06296316820206
90.42611159546644,184.10486066616073
91.28584229390681,200.2475559998788
92.14557299234718,204.27182600380678
93.00530369078756,200.26314511033104
93.86503438922793,189.69260317052849
94.72476508766832,203.13740095633958
95.58449578610869,192.71448885450144
96.44422648454906,215.85491313735454
97.30395718298945,193.33559283480338
98.16368788142981,200.29120987846014
99.0234185798702,202.82178981027036
99.88314927831057,202.4643814566411
100.74287997675094,193.62341442684777
101.60261067519133,189.74390220880238
102.46234137363169,219.6522445968548
103.32207207207207,192.6503667882921
104.18180277051245,188.3163642985987
105.04153346895282,206.2000940568776
105.90126416739321,200.2799773605453
106.76099486583357,192.02709942809685
107.62072556427395,193.24937828400527
108.48045626271433,190.61497864616868
109.3401869611547,188.602086823992
110.19991765959509,194.9192155795611
111.05964835803545,200.24812123086232
111.91937905647583,210.15420167980463
112.7791097549162,200.23772174424462
113.63884045335658,200.23345873169802
114.49857115179697,193.16903298144516
115.35830185023732,208.22254167403207
116.21803254867771,193.07214960982327
117.07776324711809,202.9257769543287
117.93749394555846,190.1676908217958
118.79722464399885,200.23383306416181
119.65695534243922,209.69885596521254
120.51668604087959,200.24873520729383
121.37641673931996,206.28434603352588
122.23614743776034,184.7568813023094
123.09587813620072,200.290378873771
123.9556088346411,200.77051121829734
124.81533953308147,201.32691216013635
125.67507023152184,207.28353337545036
126.53480092996222,211.07669311130732
127.3945316284026,183.76497974361493
128.254262326843,191.87873989018794
129.11399302528335,205.19350735146807
129.9737237237237,200.49414018921013
130.8334544221641,209.15639813541802
131.69318512060448,209.9885484240795
132.55291581904487,200.58642630044318
133.41264651748523,199.21894123079505
134.2723772159256,184.0304115124999
135.13210791436597,200.67686581102413
135.99183861280636,209.3106390618974
136.85156931124675,204.6037594106319
137.7113000096871,200.7587048454108
138.57103070812747,200.78290597009413
139.43076140656785,203.13935798427235
140.29049210500824,205.13801686307053
141.15022280344863,197.13080791171333
142.009953501889,197.7276517655651
142.86968420032935,200.4692574259258
143.72941489876973,197.75492997610084
144.58914559721012,204.2246764308024
145.4488762956505,200.8319879875862
146.30860699409087,200.80490070398304
147.16833769253125,197.03358149743252
148.0280683909716,200.9494329579913
148.887799089412,211.82471322332037
149.7475297878524,204.11051675851007
150.60726048629274,200.48551687998778
151.46699118473313,210.670573910413
152.3267218831735,200.25239591206014
153.18645258161388,195.93662941520998
154.04618328005427,182.05590050817923
154.90591397849462,200.16579673131133
155.765644676935,203.64473571117895
156.62537537537537,199.32457104297208
157.48510607381576,199.0686798089702
158.34483677225614,189.8847492279193
159.2045674706965,200.65622936859518
160.0642981691369,188.37439626317024
160.92402886757725,187.12155567286493
161.78375956601764,197.94495188361782
162.64349026445802,192.319408881729
163.5032209628984,199.01082349811418
164.36295166133877,192.47243766560848
165.22268235977913,189.308487256787
166.08241305821952,194.12355204452996
166.9421437566599,194.72798933745113
167.8018744551003,194.35929188605235
168.66160515354065,183.34990967415806
169.521335851981,182.31911529072588
170.3810665504214,206.34187469142168
171.24079724886178,190.0698309724692
172.10052794730217,189.25790482942
172.96025864574253,192.27380746581403
173.8199893441829,204.98687221428014
174.67972004262327,191.50139765850122
175.53945074106366,190.3046421817277
176.39918143950405,189.48766631678677
177.2589121379444,189.0658059255485
178.11864283638477,187.86632018265203
178.97837353482515,180.5844477852684
179.83810423326554,197.42041961533835
180.69783493170593,185.99823312406417
181.55756563014629,172.88665071660424
182.41729632858664,185.38189521563856
183.27702702702703,189.27921770266016
184.13675772546742,192.95999686574325
184.9964884239078,187.1677763787293
185.85621912234816,182.25154792232516
186.71594982078852,169.36037774235288
187.5756805192289,183.98580582305547
188.4354112176693,194.89593286886193
189.29514191610966,183.84757143982685
190.15487261455004,194.2783080545658
191.01460331299043,182.26516511334378
191.8743340114308,170.93298757887604
192.73406470987118,179.30924649570161
193.59379540831154,180.35328061743203
194.45352610675192,191.39671012111398
195.3132568051923,189.24386455594467
196.17298750363267,196.44937774394185
197.03271820207306,181.0299469900183
197.89244890051341,168.1941797471583
198.7521795989538,182.76122077856112
199.6119102973942,181.0786575390188
200.47164099583455,182.80861113041374
201.33137169427494,177.247567747356
202.19110239271532,183.0312519750177
203.05083309115568,172.88965412307059
203.91056378959607,194.86801173521093
204.77029448803643,196.88343998690064
205.63002518647681,195.00352704967372
206.4897558849172,184.11962605738583
207.34948658335756,173.04519611871072
208.20921728179795,189.02532255045693
209.0689479802383,184.95828543163972
209.9286786786787,190.1004502518598
210.78840937711908,188.8999315706222
211.64814007555944,185.79039664671842
212.50787077399983,195.9375475557409
213.36760147244019,173.54971268180162
214.22733217088057,196.0713559582042
215.08706286932096,186.85579906831614
215.94679356776132,174.88461997398494
216.8065242662017,185.43265723668767
217.66625496464206,202.7288286261452
218.52598566308245,186.578172059376
219.38571636152284,188.42843374055528
220.2454470599632,201.59167704198106
221.10517775840358,198.894938341661
221.96490845684394,189.68991904459838
222.82463915528433,195.770951051633
223.68436985372472,196.06053459091765
224.54410055216508,200.94964248552753
225.40383125060546,178.00246530947737
226.26356194904582,187.19308948686503
227.1232926474862,193.20185601361246
227.9830233459266,195.4255740123659
228.84275404436696,183.23036821739993
229.70248474280734,200.63573876792094
230.5622154412477,195.9001080357234
231.4219461396881,196.94213265463634
232.28167683812848,181.8701854262455
233.14140753656883,203.7775743141312
234.00113823500922,198.2218455074935
234.8608689334496,192.6510434002851
235.72059963188997,202.5809778223341
236.58033033033036,207.65725284439975
237.4400610287707,189.42523304573194
238.2997917272111,202.83539106490986
239.1595224256515,207.90093067201087
240.01925312409185,192.90380041686055
240.87898382253223,204.8202808334157
241.7387145209726,208.97055949638747
242.59844521941298,206.0405074339353
243.45817591785337,215.96762102793002
244.31790661629373,200.22625998017614
245.1776373147341,204.31173722108278
246.03736801317447,209.71916599288897
246.89709871161486,199.65758978918856
247.75682941005525,199.96245232447686
248.6165601084956,192.47474748140021
249.476290806936,201.41231470290245
250.33602150537635,210.62790485051363
251.19575220381674,184.33755123110564
252.05548290225713,197.16717761059238
252.91521360069748,199.71636655967657
253.77494429913787,189.56603477035216
254.63467499757823,196.86302884682092
255.49440569601862,204.4525270936902
256.35413639445903,194.91628915223504
257.21386709289936,199.89862404272418
258.07359779133975,187.98493674516868
258.93332848978014,200.0170780026384
259.79305918822047,195.99501493054538
260.6527898866609,207.99630426121615
261.51252058510124,195.2809514110018
262.37225128354163,215.31314334776752
263.231981981982,200.8273961135864
264.09171268042235,192.66495460913148
264.9514433788628,200.321319381899
265.8111740773031,201.6315466567341
266.6709047757435,206.21771440785494
267.5306354741839,200.3347444341348
268.3903661726242,216.5891876799617
269.25009687106467,183.75641734643227
270.109827569505,199.64269594694002
270.9695582679454,187.29548059085243
271.8292889663858,200.28570223202345
272.6890196648261,185.82967360418365
273.54875036326655,198.28743150790672
274.4084810617069,183.8609752363319
275.26821176014727,199.83132510328642
276.12794245858765,185.30993959059086
276.987673157028,209.39129643526886
277.84740385546843,206.37032689945767
278.70713455390876,200.33757578086076
279.56686525234915,208.80536592125532
280.42659595078953,200.39720439059053
281.28632664922986,192.12671228825027
282.1460573476703,192.87595644006407
283.00578804611064,200.50436153847
283.865518744551,199.1665370964067
284.7252494429914,202.36647212788932
285.58498014143174,205.91891186801044
286.4447108398722,200.65345221362224
287.3044415383125,200.6875723739831
288.1641722367529,200.7191528599818
289.0239029351933,214.89896357542386
289.8836336336336,197.4680645992701
290.74336433207407,200.7922629168475
291.6030950305144,211.23092371789727
292.4628257289548,200.81658343219274
293.32255642739517,194.97095961330223
294.1822871258355,188.50342757099503
295.04201782427594,200.86174786429126
295.9017485227163,191.2397491740176
296.76147922115666,192.64013788113505
297.62120991959705,196.37809166180918
298.4809406180374,200.47064336353887
299.3406713164778,189.2188566874576
300.20040201491815,200.57939733436967
301.06013271335854,194.3448866111656
301.91986341179893,200.19110185180114
302.77959411023926,200.4022209886559
303.6393248086797,208.56412244695758
304.49905550712003,215.55190455694986
305.3587862055604,200.21056550318983
306.2185169040008,203.31186102569217
307.07824760244114,189.00663519596526
307.9379783008816,203.71714956501935
308.7977089993219,199.889250344157
309.6574396977623,205.7951536970504
310.5171703962027,199.87049400337983
311.376901094643,202.03543951270305
312.23663179308346,201.67818723363038
313.0963624915238,205.44456567444314
313.9560931899642,212.48012304756574
314.81582388840457,195.0561845735326
315.6755545868449,199.7325366156974
316.53528528528534,197.45320804565125
317.39501598372567,193.8057164742017
318.2547466821661,197.93994182354388
319.11447738060644,209.25211419210981
319.9742080790468,204.22755159743767
320.8339387774872,191.11557741651708
321.69366947592755,186.80398613742562
322.553400174368,205.8610429639188
323.4131308728083,200.3329013759104
324.27286157124865,200.5934160399702
325.1325922696891,209.7293795432634
325.99232296812943,191.23058268559086
326.8520536665699,185.41154485812518
327.7117843650102,197.03133312602262
328.57151506345053,209.11774758427984
329.431245761891,210.2210235169437
330.2909764603313,217.0651212934418
331.15070715877175,209.8853085165281
332.0104378572121,215.11014005171134
332.8701685556524,198.28418854819245
333.72989925409286,216.91858666305143
334.5896299525332,209.123812109749
335.44936065097363,199.4506378180272
336.30909134941396,216.07345922553333
337.1688220478543,197.1113002464783
338.02855274629474,188.54265795716307
338.88828344473507,189.67914246055025
339.7480141431755,199.38096984257808
340.60774484161584,203.6058927202404
341.46747554005617,195.91205412083582
342.3272062384966,196.97617616457345
343.18693693693695,192.23718008770976
344.0466676353774,198.87327670682114
344.9063983338177,198.45308013516828
345.76612903225805,184.22637395356566
346.6258597306985,197.3817754190687
347.4855904291388,196.71582793676188
348.34532112757927,199.1623546940329
349.2050518260196,199.5907332105293
350.06478252445993,183.4782134672126
350.9245132229004,184.2699828125459
351.7842439213407,204.2755235002117
352.64397461978115,182.29844967992625
353.5037053182215,177.2919909800223
354.3634360166618,194.2483945405005
355.22316671510225,192.1219860838898
356.0828974135426,197.44398262427194
356.942628111983,188.65163066312525
357.80235881042336,191.5117049956873
358.6620895088637,189.08852482547067
359.52182020730413,178.01504671351034
360.38155090574446,187.86804968000294
361.2412816041849,201.83662763067994
362.10101230262524,186.22641927234315
362.96074300106557,180.54337035576063
363.820473699506,182.11780718602415
364.68020439794634,191.80123105463292
365.5399350963868,182.5391305810483
366.3996657948271,199.60192428913928
367.25939649326745,172.3376722383846
368.1191271917079,183.82515775221003
368.9788578901482,191.69685958587883
369.83858858858866,178.1641503005132
370.698319287029,183.62896469860033
371.5580499854693,167.41948904628964
372.41778068390977,172.83280312463742
373.2775113823501,186.6080722732156
374.13724208079054,171.17712957068272
374.9969727792309,190.32703629239495
375.8567034776712,188.38671729462928
376.71643417611165,174.13604336301256
377.576164874552,173.2153978534566
378.4358955729924,166.1517404600836
379.29562627143275,183.00969222317232
380.1553569698731,179.52006712192542
381.0150876683135,174.4822852023461
381.87481836675386,191.54126499054968
382.7345490651943,191.4325382192423
383.59427976363463,183.79507399376075
384.45401046207496,199.30123009425364
385.3137411605154,186.0381172137482
386.17347185895574,183.67926778259726
387.0332025573962,175.01528700889176
387.8929332558365,181.70330746463563
388.75266395427684,183.29468749814708
389.6123946527173,174.80923050071448
390.4721253511576,181.9372044143158
391.33185604959806,185.41891946101845
392.1915867480384,190.99783898517074
393.0513174464787,177.1073673300174
393.91104814491916,192.34080653031265
394.7707788433595,188.24935847579306
395.63050954179994,194.46091045826142
396.49024024024027,194.44481240283037
397.3499709386806,187.10944554962964
398.20970163712104,185.91338376329304
399.0694323355614,187.4851216741245
399.9291630340018,180.84894036740334
400.78889373244215,187.65375544004817
401.6486244308825,188.067079657875
402.5083551293229,200.49505516536956
403.36808582776325,186.35645670199563
404.2278165262037,194.3683363673099
405.087547224644,192.90524945754674
405.94727792308447,190.0978522727608
406.8070086215248,178.7179842659111
407.66673931996513,182.75361269094353
408.5264700184056,185.15108426608646
409.3862007168459,179.6022760569386
410.24593141528635,191.21069937737633
411.1056621137267,191.70936034764742
411.965392812167,181.25743827918802
412.82512351060745,198.1973369050196
413.6848542090478,180.24611768284169
414.54458490748823,202.77956707162897
415.40431560592856,194.7272343757013
416.2640463043689,206.85001407630315
417.12377700280933,209.78590661761152
417.98350770124966,207.85273776491334
418.8432383996901,186.87921328199292
419.70296909813044,187.42840337681685
420.56269979657077,211.3038598323235
421.4224304950112,180.87743925920142
422.28216119345154,199.12099254557094
423.141891891892,199.47366742978684
424.0016225903323,194.71108847602562
424.86135328877265,200.04991761960125
425.7210839872131,200.28013107156397
426.5808146856534,200.4761621924731
427.44054538409387,209.0765260347563
428.3002760825342,191.08962617859933
429.1600067809745,189.71034438325907
430.01973747941497,200.9839965807105
430.8794681778553,201.05665282403055
431.73919887629575,207.162296098371
432.5989295747361,201.1548253827662
433.4586602731764,194.2821716314367
434.31839097161685,185.548589045715
435.1781216700572,203.36394874543572
436.0378523684976,195.3967727959144
436.89758306693795,200.07537860042646
437.7573137653783,188.84152067951965
438.61704446381873,204.23377520012136
439.47677516225906,202.81271948737128
440.3365058606995,219.91994540704187
441.19623655913983,208.34944670371468
442.05596725758016,190.56737870771067
442.9156979560206,188.263210959648
443.77542865446094,205.281372421253
444.6351593529014,220.9226222199198
445.4948900513417,204.89680343109492
446.35462074978204,214.38743039700748
447.2143514482225,201.79801644427792
448.0740821466628,206.11135251473337
448.93381284510326,201.91228453914397
449.7935435435436,211.97486908491118
450.6532742419839,192.89155465514654
451.51300494042437,202.01021188387446
452.3727356388647,202.0147621294142
453.23246633730514,204.00644175178178
454.09219703574547,201.9689759314099
454.9519277341858,210.9033124469341
455.81165843262625,208.85230743721183
456.6713891310666,187.4554705927952
457.531119829507,213.59380700712794
458.39085052794735,205.07949889221908
459.2505812263877,214.86451978706964
460.1103119248281,183.2094594411196
460.97004262326845,212.55885541242472
461.8297733217089,203.444461473888
462.68950402014923,210.31543515214406
463.54923471858956,187.80979343476213
464.40896541703,200.46155485624672
465.26869611547033,202.43111319841174
466.1284268139108,194.179537912987
466.9881575123511,192.7703315393904
467.84788821079144,200.2574778515672
468.7076189092319,208.0166825249396
469.5673496076722,202.52784271065406
470.42708030611266,200.40993077252153
471.286811004553,194.44071167989847
472.1465417029933,204.7639137934373
473.00627240143376,193.25467176429783
473.8660030998741,200.66821470231045
474.72573379831454,200.99982192296198
475.58546449675487,201.14705739598298
476.4451951951952,208.04508863556137
477.30492589363564,201.41930466530633
478.16465659207597,197.776910500015
479.0243872905164,201.65867248572033
479.88411798895675,196.81412496845766
480.7438486873971,205.06288990739964
481.6035793858375,193.97909097484015
482.46331008427785,188.60456123151587
483.3230407827183,192.42463763840865
484.1827714811586,207.83200958206916
485.04250217959896,211.3282757026068
485.9022328780394,191.1265904573048
486.76196357647973,200.2567835476759
487.6216942749202,214.23654906135602
488.4814249733605,192.19945858756924
489.34115567180083,196.34444925044298
490.2008863702413,200.869289779684
491.0606170686816,198.15894400045656
491.92034776712205,196.74839471779248
492.7800784655624,189.41377521100262
493.6398091640027,204.78738859626367
494.49953986244316,183.82148637568196
495.3592705608835,188.92617044373367
496.21900125932393,196.41006569879116
497.07873195776426,202.45888075410306
497.9384626562046,210.98270051900525
498.79819335464504,199.6306743300254
499.65792405308537,204.91126794121547
500.5176547515258,203.42121489331151
501.37738544996614,204.5374640401293
502.23711614840647,199.86868968383968
503.0968468468469,185.26812858351894
503.95657754528725,203.02457945544012
504.8163082437277,210.47360212918892
505.676038942168,195.1705456248273
506.53576964060835,207.30764104690232
507.3955003390488,219.65218614101965
508.2552310374891,204.26283247118687
509.11496173592957,196.942061413518
509.9746924343699,204.43915605520766
510.83442313281023,200.9566730615807
511.6941538312507,195.9217989299538
512.553884529691,205.36433364082754
513.4136152281314,211.8721332839629
514.2733459265718,201.04999728467862
515.1330766250121,197.1990153963201
515.9928073234526,195.75320290018254
516.8525380218929,200.8008770054659
517.7122687203333,188.80701539159463
518.5719994187737,200.69551018570112
519.431730117214,208.52063313325706
520.2914608156544,187.03278813478724
521.1511915140948,197.5464244499014
522.0109222125352,207.9506682387546
522.8706529109755,198.66378783187596
523.7303836094159,205.32458309320668
524.5901143078563,197.76280612520702
525.4498450062966,199.92913940200327
526.3095757047371,199.23509249753573
527.1693064031774,211.14379958500174
528.0290371016177,194.6076202486635
528.8887678000582,193.95633330384933
529.7484984984985,195.07506757658732
530.608229196939,196.89034770301396
531.4679598953793,204.85133781080503
532.3276905938197,193.16732972942302
533.1874212922601,203.2579016251826
534.0471519907004,186.37037459275248
534.9068826891408,175.9455148483887
535.7666133875812,191.29085363626993
536.6263440860216,193.4312533613863
537.486074784462,204.99228382909666
538.3458054829023,190.95902588586475
539.2055361813427,179.90022444819974
540.065266879783,182.06346013771048
540.9249975782235,197.62951826491903
541.7847282766638,189.02149715051874
542.6444589751042,183.8540970437168
543.5041896735446,194.42309043188945
544.3639203719849,200.7869565651323
545.2236510704254,200.7693616090366
546.0833817688657,196.27137846349797
546.943112467306,180.3395370997382
547.8028431657465,191.7472121803069
548.6625738641868,196.57889476738384
549.5223045626273,174.02867831515115
550.3820352610676,200.8148155910484
551.2417659595079,193.24658739423373
552.1014966579484,187.79994425923337
552.9612273563887,184.13232574306326
553.8209580548291,173.8316859260598
554.6806887532695,189.46161542774314
555.5404194517098,166.1419368548442
556.4001501501502,190.04042341562516
557.2598808485906,177.69193013600986
558.119611547031,192.400150272736
558.9793422454713,191.67785083320214
559.8390729439117,188.3462183377065
560.6988036423521,185.24603997627514
561.5585343407924,195.156376484637
562.4182650392329,190.116579454438
563.2779957376732,171.23848728251815
564.1377264361136,200.25590358897867
564.997457134554,174.34466268789438
565.8571878329943,174.69887234879934
566.7169185314348,190.83717928026977
567.5766492298751,196.8657035404959
568.4363799283154,192.65582224183404
569.2961106267559,175.8336367720234
570.1558413251962,186.4906739060006
571.0155720236367,186.70442114278043
571.875302722077,198.69394316644588
572.7350334205174,187.44753664977063
573.5947641189578,195.60584901139777
574.4544948173981,184.48561758694333
575.3142255158385,193.76541644395732
576.1739562142789,188.48145417884263
577.0336869127193,183.80952248779522
577.8934176111596,191.70585010663527
578.7531483096,192.16533335049934
579.6128790080404,176.48386189604966
580.4726097064807,178.7478168086965
581.3323404049212,189.57650956035
582.1920711033615,189.75736906776024
583.0518018018018,177.36629522270843
583.9115325002423,182.44882536219865
584.7712631986826,190.6408817419699
585.6309938971231,205.43951836768522
586.4907245955634,198.01731858273126
587.3504552940037,206.67468858291636
588.2101859924442,205.10559483711273
589.0699166908845,205.09167044877435
589.9296473893249,198.02438313957543
590.7893780877653,207.04379224919566
591.6491087862056,190.25018169113324
592.508839484646,203.41365196879312
593.3685701830864,197.73935436245517
594.2283008815268,200.5485546204064
595.0880315799672,199.88887786124002
595.9477622784075,192.56136055240773
596.8074929768479,193.30552575762763
597.6672236752883,193.65524026612272
598.5269543737287,201.00350827940989
599.386685072169,193.53472075709684
600.2464157706094,196.27528138285368
601.1061464690498,195.46892325889235
601.9658771674901,211.1655191108831
602.8256078659306,199.64948229967442
603.6853385643709,189.60237060520078
604.5450692628112,204.02316273346486
605.4047999612517,196.49055361800953
606.264530659692,213.3023085871109
607.1242613581325,183.38530002587657
607.9839920565728,216.24970984852425
608.8437227550131,200.1630093349819
609.7034534534536,218.4421324576098
610.5631841518939,215.74729267991938
611.4229148503343,213.02486412586765
612.2826455487747,212.13580548395032
613.142376247215,184.93991820593857
614.0021069456554,186.59596520750654
614.8618376440958,200.52915093756485
615.7215683425362,194.3497301419083
616.5812990409765,209.67382910873775
617.4410297394169,200.45611691260032
618.3007604378573,187.503520048653
619.1604911362977,209.3219572423775
620.0202218347381,203.5134054927672
620.8799525331784,203.82857869506063
621.7396832316188,190.01130066727842
622.5994139300592,200.81308833979318
623.4591446284995,212.20831660146348
624.31887532694,201.90034794815276
625.1786060253803,189.21951792592554
626.0383367238207,200.88029690715402
626.8980674222611,191.05044732126942
627.7577981207014,189.35035015423847
628.6175288191419,217.810343769817
629.4772595175822,200.9128745078012
630.3369902160226,191.56729606376047
631.196720914463,209.28550812275685
632.0564516129033,187.39339505837214
632.9161823113437,190.64413643176533
633.7759130097841,200.90531164586622
634.6356437082245,191.08358574219542
635.4953744066648,208.21550737663185
636.3551051051052,206.958954118279
637.2148358035456,204.97570495049393
638.0745665019859,194.75027288919358
638.9342972004264,200.82612060918643
639.7940278988667,200.96551979940259
640.653758597307,207.06140005747085
641.5134892957475,206.01543549660406
642.3732199941878,199.91896666396656
643.2329506926283,211.91629745617738
644.0926813910686,203.1594436067729
644.9524120895089,194.47327604033123
645.8121427879494,190.55681050016238
646.6718734863897,187.1259681923899
647.5316041848301,212.8176840040499
648.3913348832705,203.5667677290518
649.2510655817108,207.39351010527375
650.1107962801512,204.72671117233728
650.9705269785916,203.96241853194576
651.830257677032,196.2571125700455
652.6899883754724,200.38456132375413
653.5497190739127,200.36099628654785
654.4094497723531,200.33950669000816
655.2691804707935,200.32035951500242
656.1289111692339,200.3038217423979
656.9886418676742,213.66301771791962
657.8483725661146,191.38363099352787
658.708103264555,190.2085290483206
659.5678339629953,200.26910429333998
660.4275646614358,207.75502885804377
661.2872953598761,187.63815623290202
662.1470260583164,207.08086532617722
663.0067567567569,207.30843070598078
663.8664874551972,200.41410729838967
664.7262181536377,197.18557227898756
665.585948852078,184.72492857474487
666.4456795505183,200.37079128600988
667.3054102489588,200.39554679415036
668.1651409473991,192.1221501653459
669.0248716458395,188.58351180668484
669.8846023442799,200.47849663038278
670.7443330427202,193.36021558460024
671.6040637411606,207.61036670082152
672.463794439601,200.56800924359368
673.3235251380414,210.70389313522242
674.1832558364817,208.414418122467
675.0429865349221,197.8629181276638
675.9027172333625,203.4719736992117
676.7624479318029,197.62098141335574
677.6221786302433,186.45647304474613
678.4819093286836,199.529860054778
679.341640027124,204.01296094763342
680.2013707255644,203.78419523712887
681.0611014240047,203.39753074980987
681.9208321224452,204.94751110957725
682.7805628208855,209.88342267598622
683.6402935193258,206.0776700205807
684.5000242177663,212.0229938152912
685.3597549162066,191.40721799214268
686.219485614647,200.820366971953
687.0792163130874,197.05898857676698
687.9389470115277,205.14005631821237
688.7986777099682,184.61295317914272
689.6584084084085,188.0679768510464
690.5181391068489,198.6984054067712
691.3778698052893,199.3961696025184
692.2376005037296,193.9638706146822
693.09733120217,205.06441853772304
693.9570619006104,200.54752135783122
694.8167925990508,210.50176699825494
695.6765232974911,187.0243066065524
696.5362539959315,198.77366386914142
697.3959846943719,200.28605605444355
698.2557153928122,191.06188603392755
699.1154460912527,205.04676449227927
699.975176789693,201.5801794117924
700.8349074881334,214.51515819236053
701.6946381865738,191.81522808322092
702.5543688850141,199.61183230796016
703.4140995834546,183.1977167146116
704.2738302818949,199.2324046886019
705.1335609803352,199.00058440554244
705.9932916787757,200.4046366899493
706.853022377216,208.19659439941358
707.7127530756565,201.85643771684363
708.5724837740968,207.69385444407052
709.4322144725371,204.38328867761766
710.2919451709776,190.8482838593927
711.1516758694179,209.83352438606303
712.0114065678583,184.16198778798972
712.8711372662987,179.06477327618782
713.730867964739,198.02079853591238
714.5905986631794,183.25648693808176
715.4503293616198,201.3516990234589
716.3100600600602,204.65828996546355
717.1697907585005,181.84583482193437
718.0295214569409,200.5468249364268
718.8892521553813,200.77393035326583
719.7489828538216,176.3955989375072
720.6087135522621,179.54705695118025
721.4684442507024,193.88561493704245
722.3281749491427,198.89808503371395
723.1879056475832,186.60449464217552
724.0476363460235,197.9621005535758
724.907367044464,185.8390709900434
725.7670977429043,170.20201162473506
726.6268284413446,185.29287835454286
727.4865591397851,185.0902329890914
728.3462898382254,181.89967814195992
729.2060205366658,187.3924002407696
730.0657512351062,187.4047539287779
730.9254819335465,175.63837660646874
731.785212631987,178.0574435962155
732.6449433304273,184.56430501932533
733.5046740288677,200.44225297619744
734.364404727308,190.8951082012028
735.2241354257484,184.53318438544883
736.0838661241888,184.5257961934339
736.9435968226292,184.19810296520635
737.8033275210696,184.4872722088684
738.6630582195099,168.73524332931765
739.5227889179503,175.04667760177682
740.3825196163907,189.80214061126662
741.242250314831,188.82970641631766
742.1019810132715,179.3891395395181
742.9617117117118,176.35784258247784
743.8214424101521,192.36562779704528
744.6811731085926,178.3316161047627
745.5409038070329,183.5432281705662
746.4006345054734,192.6293035081058
747.2603652039137,183.24346348087133
748.120095902354,186.13645025557017
748.9798266007945,170.2618850211073
749.8395572992348,195.1255346054544
750.6992879976752,181.0093157857039
751.5590186961156,176.70229635008678
752.418749394556,183.12054436541672
753.2784800929963,198.33486265727615
754.1382107914367,192.2899687847947
754.9979414898771,182.3207705450802
755.8576721883175,182.3122464322506
756.7174028867579,167.14104236685796
757.5771335851982,177.25935566080506
758.4368642836386,182.82696452759885
759.296594982079,202.56423830215653
760.1563256805193,174.24089526185185
761.0160563789598,178.18904712530647
761.8757870774001,178.77335122874783
762.7355177758404,175.9411190647188
763.5952484742809,191.23863372627588
764.4549791727212,191.00197928423106
765.3147098711617,172.15833647097253
766.174440569602,182.74605456510935
767.0341712680423,186.8955068910749
767.8939019664828,175.93882578423487
768.7536326649231,182.86320468585018
769.6133633633635,187.9978292597687
770.4730940618039,189.68586375898474
771.3328247602442,206.77637384120914
772.1925554586846,197.12127543267354
773.052286157125,199.77383158294595
773.9120168555654,197.96879527188977
774.7717475540057,204.76754006935894
775.6314782524461,197.03122033492824
776.4912089508865,194.60819760359038
777.3509396493268,198.27526606263058
778.2106703477673,198.79423982550546
779.0704010462076,206.55346406730064
779.930131744648,197.20223264591073
780.7898624430884,186.54967506326787
781.6495931415287,212.39365605600622
782.5093238399692,195.1056733582538
783.3690545384095,204.27069053925462
784.2287852368498,186.98947259431097
785.0885159352903,201.64190381413655
785.9482466337306,208.16616254165015
786.807977332171,211.95742756194775
787.6677080306114,206.71007986783576
788.5274387290517,208.9492560591396
789.3871694274922,186.16902998740963
790.2469001259325,195.84396047820803
791.1066308243729,204.80206754832602
791.9663615228133,186.1638502943766
792.8260922212536,209.11953868004053
793.685822919694,219.5842356801366
794.5455536181344,200.897851718338
795.4052843165748,200.84730303069068
796.2650150150151,200.8022013118533
797.1247457134555,213.469619366277
797.9844764118959,211.41551862786807
798.8442071103362,200.81745362902984
799.7039378087767,191.6501170898641
800.563668507217,200.69274952481646
801.4233992056573,196.79810291915447
802.2831299040978,209.2497152288285
803.1428606025381,208.1730314024638
804.0025913009786,211.2067547321434
804.8623219994189,200.7190576501489
805.7220526978592,195.37957294394133
806.5817833962997,200.7477113472577
807.44151409474,194.57136658681523
808.3012447931804,189.9389617509835
809.1609754916208,197.14170518064896
810.0207061900611,200.80490209137542
810.8804368885015,201.66028263381725
811.7401675869419,211.45597780513103
812.5998982853823,189.18923342784296
813.4596289838227,214.02451546153807
814.319359682263,191.85646277976608
815.1790903807034,200.8585695677144
816.0388210791438,201.38929378277902
816.8985517775842,188.64050075580843
817.7582824760245,200.88914673151413
818.6180131744649,202.83839758951495
819.4777438729053,205.97843785700243
820.3374745713456,204.26131403416716
821.1972052697861,206.67993925854424
822.0569359682264,216.70528892626464
822.9166666666667,196.2107001592933
823.7763973651072,201.0433514379018
824.6361280635475,201.0805978873853
825.495858761988,202.49935991034846
826.3555894604283,207.07957224908753
827.2153201588686,204.6178126437483
828.0750508573091,209.34012549706645
828.9347815557494,188.4218768179294
829.7945122541898,204.63256726055556
830.6542429526302,191.77060465000218
831.5139736510705,191.45645647654592
832.373704349511,211.42113932634837
833.2334350479513,198.47353235996766
834.0931657463917,190.26838022859548
834.952896444832,214.99024168051392
835.8126271432724,186.011315049585
836.6723578417128,207.93838158231176
837.5320885401532,215.4674568801476
838.3918192385936,197.39701447140516
839.2515499370339,198.0582176930863
840.1112806354743,202.3854076629137
840.9710113339147,202.4194591344007
841.830742032355,210.85530461670356
842.6904727307955,211.048269135427
843.5502034292358,211.7551059414555
844.4099341276761,214.05165740252176
845.2696648261166,216.54482501868995
846.1293955245569,202.47740837675312
846.9891262229974,202.43544493893174
847.8488569214377,202.3756579980045
848.708587619878,202.29771960653767
849.5683183183185,202.20392037892665
850.4280490167588,200.70707967765054
851.2877797151992,204.73546627612933
852.1475104136396,201.8515076555249
853.0072411120799,201.72629684678216
853.8669718105203,201.59532974325566
854.7267025089607,213.14529390985763
855.5864332074011,201.3391856805231
856.4461639058414,211.37790298869635
857.3058946042818,201.10948905679749
858.1656253027222,213.40334548126384
859.0253560011625,184.89203924352626
859.885086699603,200.8636920916192
860.7448173980433,194.9019660495901
861.6045480964837,211.8410312561662
862.4642787949241,210.74438528376913
863.3240094933644,187.43556414274195
864.1837401918049,218.1753662439141
865.0434708902452,197.06485001875876
865.9032015886855,190.7680219117395
866.762932287126,210.54968876695546
867.6226629855663,202.4181513423353
868.4823936840068,219.48100864230642
869.3421243824471,216.91951490931913
870.2018550808874,204.57018753971852
871.0615857793279,209.28711128203108
871.9213164777682,214.73159220532804
872.7810471762086,206.6272101056438
873.640777874649,201.3235789382562
874.5005085730893,208.18280466541657
875.3602392715297,184.50665973434567
876.2199699699701,206.45207751012472
877.0797006684105,200.795639242663
877.9394313668508,193.1938750145527
878.7991620652913,208.90662021732493
879.6588927637316,198.3713205489942
880.518623462172,211.7397603127329
881.3783541606124,189.6652680167261
882.2380848590527,200.2633344023975
883.0978155574932,180.49868173172388
883.9575462559335,200.27029706034077
884.8172769543738,182.81164655799358
885.6770076528143,200.3734917729824
886.5367383512546,203.9933464762421
887.396469049695,192.29026928711818
888.2561997481354,202.79655827167775
889.1159304465757,200.76859825658934
889.9756611450161,215.83883117306803
890.8353918434565,199.96248262491278
891.6951225418969,198.9858220992571
892.5548532403373,206.19940223894048
893.4145839387776,209.67192748520114
894.274314637218,196.3662562143482
895.1340453356584,201.55085378376887
895.9937760340988,213.49721072291794
896.8535067325391,201.89238561933993
897.7132374309795,187.1516929664772
898.5729681294199,212.72650580441066
899.4326988278602,201.87246596635143
900.2924295263007,204.4718978879977
901.152160224741,197.34179556868256
902.0118909231813,215.89410761277333
902.8716216216218,198.46681776302174
903.7313523200621,221.3936865274495
904.5910830185026,218.87507090043854
905.4508137169429,201.95524907624525
906.3105444153832,200.31169043532324
907.1702751138237,196.89749099809063
908.030005812264,201.86495031654286
908.8897365107044,208.9930834680897
909.7494672091448,216.86548379521497
910.6091979075851,215.02585887649772
911.4689286060255,214.69495970932948
912.3286593044659,207.96126979613524
913.1883900029063,201.46844361576655
914.0481207013466,205.0200678719623
914.907851399787,193.87178994253796
915.7675820982274,201.16616936555377
916.6273127966678,195.1699401202387
917.4870434951082,197.06303366432167
918.3467741935485,205.46863354561597
