59.4758064516129,184.57570317742886
60.33553715005327,201.29264307671758
61.19526784849365,206.32827952727206
62.05499854693402,199.05606393594948
62.9147292453744,201.17596411217005
63.774459943814776,194.051797794449
64.63419064225515,196.95012972866803
65.49392134069552,201.03744998280732
66.35365203913591,200.98801248699627
67.21338273757628,196.2830665049054
68.07311343601665,200.88627763854208
68.93284413445703,205.3256103162559
69.7925748328974,204.09076310565905
70.65230553133779,200.7316240292876
71.51203622977816,203.73803621891443
72.37176692821853,200.63111941413018
73.2314976266589,200.58266610495656
74.0912283250993,188.91595264106138
74.95095902353967,196.9088645868393
75.81068972198004,197.83222696696197
76.67042042042041,200.40877688841869
77.5301511188608,189.28814108805724
78.38988181730117,193.2563665529614
79.24961251574155,208.76157327535753
80.10934321418192,200.28308068175414
80.96907391262229,203.99349345608306
81.82880461106268,188.6837132668988
82.68853530950305,200.23194341654118
83.54826600794343,201.68125134108215
84.4079967063838,206.46270832262223
85.26772740482417,200.21422020491786
86.12745810326456,195.88044823859912
86.98718880170493,194.26055783864334
87.8469195001453,200.22008344547302
88.70665019858568,185.70711263999297
89.56638089702605,200.2322286752277
90.42611159546644,194.01252985000605
91.28584229390681,200.2475559998788
92.14557299234718,190.71801233433274
93.00530369078756,211.08181277784027
93.86503438922793,189.49927764675547
94.72476508766832,211.09733594629347
95.58449578610869,184.49872482165108
96.44422648454906,209.71739348477726
97.30395718298945,208.38670161651672
98.16368788142981,183.62164340282317
99.0234185798702,197.15783582265664
99.88314927831057,199.6561089305976
100.74287997675094,200.29374942095512
101.60261067519133,184.83242797595284
102.46234137363169,200.27969325771502
103.32207207207207,214.20238911258676
104.18180277051245,208.38919837897194
105.04153346895282,187.20414337132394
105.90126416739321,195.74252323419267
106.76099486583357,200.2755993625839
107.62072556427395,186.56281092660703
108.48045626271433,218.17144310515974
109.3401869611547,194.5960697335905
110.19991765959509,188.40351874111442
111.05964835803545,195.01281270539303
111.91937905647583,182.47030169702637
112.7791097549162,214.87981037115048
113.63884045335658,200.23345873169802
114.49857115179697,200.23009191377756
115.35830185023732,210.80903453160195
116.21803254867771,192.98307859198334
117.07776324711809,200.2274064336569
117.93749394555846,210.73734183699736
118.79722464399885,188.3950409227741
119.65695534243922,200.24012280635523
120.51668604087959,199.04998520658987
121.37641673931996,209.45886885049168
122.23614743776034,188.04759699045184
123.09587813620072,200.290378873771
123.9556088346411,200.309563141596
124.81533953308147,191.22728762690338
125.67507023152184,211.97765222977534
126.53480092996222,200.37989291613093
127.3945316284026,192.4126439371558
128.254262326843,212.98837212167774
129.11399302528335,213.03252464776358
129.9737237237237,199.4645677184304
130.8334544221641,200.5246904982404
131.69318512060448,184.51929570695606
132.55291581904487,208.9020589562791
133.41264651748523,200.6171115065385
134.2723772159256,200.64734139124502
135.13210791436597,200.67686581102413
135.99183861280636,204.8967803388043
136.85156931124675,200.73279768164556
137.7113000096871,208.17571895232322
138.57103070812747,200.78290597009413
139.43076140656785,202.68917923526877
140.29049210500824,210.7939312137902
141.15022280344863,186.08705822653792
142.009953501889,208.1897898361152
142.86968420032935,200.8584987366261
143.72941489876973,203.60526789179997
144.58914559721012,200.8492527593899
145.4488762956505,211.54982889421194
146.30860699409087,200.80490070398304
147.16833769253125,200.76694491632355
148.0280683909716,208.29918873993572
148.887799089412,200.65424385980882
149.7475297878524,218.5036880869009
150.60726048629274,200.48551687998778
151.46699118473313,205.27484989429092
152.3267218831735,206.76241164851533
153.18645258161388,204.10389379939235
154.04618328005427,199.94591479666275
154.90591397849462,199.76176917983173
155.765644676935,199.5551277142637
156.62537537537537,199.32457104297208
157.48510607381576,199.0686798089702
158.34483677225614,198.78603465527155
159.2045674706965,200.52113438301734
160.0642981691369,204.64891638695053
160.92402886757725,193.85118494522123
161.78375956601764,198.031138859412
162.64349026445802,201.19442440589873
163.5032209628984,192.2115900638214
164.36295166133877,197.71605742520765
165.22268235977913,195.52986598796275
166.08241305821952,201.61085116843714
166.9421437566599,190.75343915762082
167.8018744551003,185.94835077962176
168.66160515354065,194.08919120066082
169.521335851981,208.1614172080954
170.3810665504214,181.42877994231858
171.24079724886178,178.18540985693912
172.10052794730217,192.7374299062107
172.96025864574253,189.49016353364388
173.8199893441829,205.95129732428254
174.67972004262327,181.13448090116447
175.53945074106366,194.30265970485695
176.39918143950405,188.10358437869158
177.2589121379444,179.51525365833749
178.11864283638477,194.70902533381127
178.97837353482515,187.15253482560703
179.83810423326554,186.53208713666174
180.69783493170593,185.99823312406417
181.55756563014629,197.7694853134916
182.41729632858664,185.1616738762871
183.27702702702703,184.8446525152953
184.13675772546742,184.58559257902633
184.9964884239078,175.89595292319393
185.85621912234816,195.52956860494493
186.71594982078852,189.4908644616631
187.5756805192289,183.98580582305547
188.4354112176693,183.909182066808
189.29514191610966,186.38624678441033
190.15487261455004,183.79381638417368
191.01460331299043,182.12884961388235
191.8743340114308,183.6812432992649
192.73406470987118,166.53288830828137
193.59379540831154,189.70877571767514
194.45352610675192,186.70091353609632
195.3132568051923,183.2393152687325
196.17298750363267,177.8999196617237
197.03271820207306,182.9235267297221
197.89244890051341,182.81443258193698
198.7521795989538,182.76122077856112
199.6119102973942,182.7607720339894
200.47164099583455,186.95791978775185
201.33137169427494,191.548519976368
202.19110239271532,183.0312519750177
203.05083309115568,170.92265199329827
203.91056378959607,183.39334156990768
204.77029448803643,195.51118819405343
205.63002518647681,183.8590781726183
206.4897558849172,187.7242031673274
207.34948658335756,184.3926600406841
208.20921728179795,174.92881043538972
209.0689479802383,176.6997562601813
209.9286786786787,185.63494149808207
210.78840937711908,175.58202995132623
211.64814007555944,172.7187876541609
212.50787077399983,186.05540322795505
213.36760147244019,186.3188533666024
214.22733217088057,185.76198087543045
215.08706286932096,186.85579906831614
215.94679356776132,187.13665200747582
216.8065242662017,187.43066325623292
217.66625496464206,182.47988511159784
218.52598566308245,190.74419398199223
219.38571636152284,200.35117346507985
220.2454470599632,202.3760929738036
221.10517775840358,201.78282684228864
221.96490845684394,189.67706178093422
222.82463915528433,182.66700307581795
223.68436985372472,177.85420968860606
224.54410055216508,185.72538128584532
225.40383125060546,184.02183490766404
226.26356194904582,190.95250203143777
227.1232926474862,193.20185601361246
227.9830233459266,193.88050111664734
228.84275404436696,200.97778335685982
229.70248474280734,195.23854602529917
230.5622154412477,195.9001080357234
231.4219461396881,190.37084432969198
232.28167683812848,197.1437166807866
233.14140753656883,194.95537151726774
234.00113823500922,198.2218455074935
234.8608689334496,182.6771958659543
235.72059963188997,204.77286963817238
236.58033033033036,209.27275158661593
237.4400610287707,199.65631094213356
238.2997917272111,199.86805512991077
239.1595224256515,199.07297703635393
240.01925312409185,200.1475547839626
240.87898382253223,204.68377288364428
241.7387145209726,200.2664823717037
242.59844521941298,200.27751147659248
243.45817591785337,202.56920748162645
244.31790661629373,206.80858488277343
245.1776373147341,200.17340324757876
246.03736801317447,200.10867510452718
246.89709871161486,207.6609636665073
247.75682941005525,203.8841745075697
248.6165601084956,186.48290382579955
249.476290806936,196.45644204675108
250.33602150537635,189.37204437160804
251.19575220381674,199.7348629936877
252.05548290225713,208.8449069809549
252.91521360069748,190.35359474421122
253.77494429913787,197.25374262770333
254.63467499757823,183.89570422081732
255.49440569601862,196.5261052384662
256.35413639445903,199.84479146415083
257.21386709289936,199.89862404272418
258.07359779133975,201.3639282462744
258.93332848978014,187.1375811005586
259.79305918822047,200.0773328639283
260.6527898866609,188.42714921416942
261.51252058510124,208.14851974138463
262.37225128354163,200.23600985282346
263.231981981982,199.88071731774457
264.09171268042235,193.70207854437714
264.9514433788628,189.51721492362807
265.8111740773031,194.91163906078032
266.6709047757435,192.7960563350793
267.5306354741839,200.3347444341348
268.3903661726242,217.32520114884133
269.25009687106467,200.31976482402072
270.109827569505,214.20977994491986
270.9695582679454,197.03376813788535
271.8292889663858,200.28570223202345
272.6890196648261,200.27611677898688
273.54875036326655,201.54456407435265
274.4084810617069,198.49301712864514
275.26821176014727,200.2696774125013
276.12794245858765,190.28990036726614
276.987673157028,203.63574841069743
277.84740385546843,200.3132223291399
278.70713455390876,209.08664508944673
279.56686525234915,206.27817600602353
280.42659595078953,203.92086956205083
281.28632664922986,200.4312008776081
282.1460573476703,200.4671330387331
283.00578804611064,200.50436153847
283.865518744551,207.05715121327322
284.7252494429914,206.61373587257634
285.58498014143174,200.61743171439483
286.4447108398722,213.48129143939875
287.3044415383125,200.6875723739831
288.1641722367529,210.07820633396855
289.0239029351933,188.51135342724154
289.8836336336336,200.77213746690964
290.74336433207407,203.81538628669938
291.6030950305144,200.80729135044047
292.4628257289548,191.32577948355518
293.32255642739517,211.8594636676158
294.1822871258355,194.5807362844201
295.04201782427594,209.74656598406898
295.9017485227163,206.19145045337322
296.76147922115666,200.75565637838255
297.62120991959705,186.90768980466888
298.4809406180374,190.69132474074672
299.3406713164778,194.71286647516186
300.20040201491815,193.46997358077826
301.06013271335854,200.5232849521039
301.91986341179893,187.6257078644766
302.77959411023926,200.4022209886559
303.6393248086797,200.33887453507327
304.49905550712003,187.11812306986656
305.3587862055604,211.36627260687467
306.2185169040008,190.87026387680646
307.07824760244114,200.0854520636808
307.9379783008816,200.02610010056625
308.7977089993219,209.68932239591584
309.6574396977623,207.84546562944175
310.5171703962027,214.00918539781316
311.376901094643,199.82878378103607
312.23663179308346,191.5084924468744
313.0963624915238,183.30055047636398
313.9560931899642,199.58439253976607
314.81582388840457,204.42192732476244
315.6755545868449,211.5169923706877
316.53528528528534,199.7413659184892
317.39501598372567,195.20437063659259
318.2547466821661,204.84663923675316
319.11447738060644,199.8291878424974
319.9742080790468,191.05024911923059
320.8339387774872,194.94978840241632
321.69366947592755,199.98428173739737
322.553400174368,200.0450951727209
323.4131308728083,190.5252651086748
324.27286157124865,216.10723020606525
325.1325922696891,200.23738032023803
325.99232296812943,193.0130617942592
326.8520536665699,200.3612733321164
327.7117843650102,195.760379667168
328.57151506345053,210.58748478196068
329.431245761891,200.51566497805723
330.2909764603313,207.87682849237396
331.15070715877175,202.53150997186776
332.0104378572121,209.25156828888214
332.8701685556524,201.1373642053098
333.72989925409286,200.60578258903033
334.5896299525332,200.587474832406
335.44936065097363,200.55413972125473
336.30909134941396,190.46191819426474
337.1688220478543,200.43738698693573
338.02855274629474,200.35146913955035
338.88828344473507,200.24551426977976
339.7480141431755,194.3569373993841
340.60774484161584,199.9574833591564
341.46747554005617,195.53294443145944
342.3272062384966,199.51985662198382
343.18693693693695,191.87840718368304
344.0466676353774,188.86374485578196
344.9063983338177,198.45308013516828
345.76612903225805,197.9583862622275
346.6258597306985,212.30920797557837
347.4855904291388,196.71582793676188
348.34532112757927,195.95312414637678
349.2050518260196,195.088939567062
350.06478252445993,207.036959626574
350.9245132229004,205.04044539710236
351.7842439213407,175.79431431775797
352.64397461978115,191.75729190243908
353.5037053182215,185.78973212171834
354.3634360166618,189.43755289115407
355.22316671510225,189.7605055876167
356.0828974135426,189.18469903480286
356.942628111983,198.23877874954576
357.80235881042336,188.16000671562765
358.6620895088637,192.02958891887542
359.52182020730413,179.40764351331762
360.38155090574446,178.72244347581486
361.2412816041849,180.24218151611348
362.10101230262524,186.22641927234315
362.96074300106557,185.91790276525848
363.820473699506,189.7675303829112
364.68020439794634,171.2250803905195
365.5399350963868,189.61438610907825
366.3996657948271,184.81499519368091
367.25939649326745,188.7725638609936
368.1191271917079,186.63845722529985
368.9788578901482,184.06582000660913
369.83858858858866,194.75044806751623
370.698319287029,178.08846687458131
371.5580499854693,200.61898278398684
372.41778068390977,190.5186641936121
373.2775113823501,183.12327706429383
374.13724208079054,183.00574722744304
374.9969727792309,182.91837566977185
375.8567034776712,182.86394754641282
376.71643417611165,182.84524801249825
377.576164874552,193.0364485149641
378.4358955729924,168.81888349296625
379.29562627143275,183.89401625400905
380.1553569698731,183.12681284080537
381.0150876683135,172.41019926354934
381.87481836675386,183.42937514368586
382.7345490651943,186.08123333507652
383.59427976363463,184.48041423309857
384.45401046207496,183.99116607544303
385.3137411605154,184.19210911668446
386.17347185895574,184.39709815296956
387.0332025573962,186.64755769162457
387.8929332558365,184.81639486208275
388.75266395427684,185.02929286061686
389.6123946527173,180.38246363216757
390.4721253511576,185.45806395990508
391.33185604959806,188.12733264222135
392.1915867480384,186.85094913259866
393.0513174464787,188.9338857408143
393.91104814491916,197.60214868491343
394.7707788433595,173.56667172351493
395.63050954179994,185.35640433758337
396.49024024024027,186.9159934802875
397.3499709386806,173.67000928810268
398.20970163712104,196.27213069586784
399.0694323355614,190.8263344232902
399.9291630340018,187.80809750717708
400.78889373244215,177.5776950566091
401.6486244308825,188.067079657875
402.5083551293229,180.3689271657138
403.36808582776325,181.6246740081993
404.2278165262037,195.01596875665086
405.087547224644,180.8850247710683
405.94727792308447,189.30032919879974
406.8070086215248,189.6153854169438
407.66673931996513,189.96073850223365
408.5264700184056,180.668994775529
409.3862007168459,190.75518344081016
410.24593141528635,178.54835968672006
411.1056621137267,184.68962963328693
411.965392812167,192.25333996756095
412.82512351060745,192.83676204708848
413.6848542090478,192.84851044234176
414.54458490748823,197.73518392906595
415.40431560592856,201.78151630213128
416.2640463043689,177.02466020079362
417.12377700280933,194.54557127492347
417.98350770124966,188.12254535755778
418.8432383996901,192.01001252898095
419.70296909813044,200.27486699552009
420.56269979657077,198.34178706434338
421.4224304950112,207.4626157657405
422.28216119345154,207.62276093849712
423.141891891892,199.47366742978684
424.0016225903323,211.3815228182237
424.86135328877265,200.04991761960125
425.7210839872131,191.02585082369336
426.5808146856534,199.75435997000608
427.44054538409387,212.44153935106735
428.3002760825342,195.27997452278834
429.1600067809745,200.89226969462882
430.01973747941497,200.9839965807105
430.8794681778553,191.99504794662434
431.73919887629575,202.17058613064344
432.5989295747361,201.1548253827662
433.4586602731764,201.18537769837232
434.31839097161685,218.75689216562915
435.1781216700572,201.22200440253752
436.0378523684976,196.97199843389254
436.89758306693795,197.57562219083664
437.7573137653783,195.56382360626068
438.61704446381873,183.605679290811
439.47677516225906,201.28828992628524
440.3365058606995,201.31735710551115
441.19623655913983,201.3572000480495
442.05596725758016,208.6134877972993
442.9156979560206,201.46484764500394
443.77542865446094,191.8821501298983
444.6351593529014,210.61012266828135
445.4948900513417,201.66439261186338
446.35462074978204,206.80134068256
447.2143514482225,201.79801644427792
448.0740821466628,190.23578312054968
448.93381284510326,201.91228453914397
449.7935435435436,213.52721466204466
450.6532742419839,198.71412592197495
451.51300494042437,211.31564190054823
452.3727356388647,193.82336695039072
453.23246633730514,202.0017250555387
454.09219703574547,195.97716155969016
454.9519277341858,201.9143900261898
455.81165843262625,201.37948911192916
456.6713891310666,186.4123635952067
457.531119829507,201.6102886706526
458.39085052794735,201.4719793006664
459.2505812263877,213.3168503658967
460.1103119248281,201.1149797921887
460.97004262326845,218.83446004640112
461.8297733217089,213.4523880972886
462.68950402014923,203.50097781520563
463.54923471858956,212.17492791703563
464.40896541703,200.46155485624672
465.26869611547033,200.36700616288192
466.1284268139108,194.41622199170277
466.9881575123511,198.82388945343897
467.84788821079144,220.23565681263108
468.7076189092319,214.91072040738146
469.5673496076722,211.39281603085973
470.42708030611266,200.40993077252153
471.286811004553,204.20898668426605
472.1465417029933,198.68085034635618
473.00627240143376,210.49307882914854
473.8660030998741,200.86961986554678
474.72573379831454,201.78930061650485
475.58546449675487,207.28965752521339
476.4451951951952,189.73668741203838
477.30492589363564,210.62206621132833
478.16465659207597,201.54482908086422
479.0243872905164,213.56221075535828
479.88411798895675,203.7146603604303
480.7438486873971,194.21958301980212
481.6035793858375,192.75528879428438
482.46331008427785,195.82292007411684
483.3230407827183,201.39200441202578
484.1827714811586,209.99735253613682
485.04250217959896,196.0236166226278
485.9022328780394,204.9565173900905
486.76196357647973,201.60284702497475
487.6216942749202,201.44362998805073
488.4814249733605,208.67998032563813
489.34115567180083,200.68165014692545
490.2008863702413,200.869289779684
491.0606170686816,201.5404866926106
491.92034776712205,200.46441259872967
492.7800784655624,200.27295605742532
493.6398091640027,213.7092253005989
494.49953986244316,199.94130234280473
495.3592705608835,203.93593347332518
496.21900125932393,199.71701708718237
497.07873195776426,199.65659472401794
497.9384626562046,207.0821940947215
498.79819335464504,192.73797405905052
499.65792405308537,199.65875907151553
500.5176547515258,199.70992895354192
501.37738544996614,203.1356219854376
502.23711614840647,199.86868968383968
503.0968468468469,209.46185480933133
503.95657754528725,203.3824523172846
504.8163082437277,191.80929307920664
505.676038942168,205.07665362723253
506.53576964060835,204.2223421738395
507.3955003390488,205.93885773088377
508.2552310374891,200.67986793215437
509.11496173592957,218.53171547085026
509.9746924343699,200.87875337271348
510.83442313281023,200.9566730615807
511.6941538312507,201.01596591105178
512.553884529691,212.159287445546
513.4136152281314,201.06583663644173
514.2733459265718,215.13435353361695
515.1330766250121,201.00269663815567
515.9928073234526,192.39041297408852
516.8525380218929,199.46796631134052
517.7122687203333,207.4688633796265
518.5719994187737,197.27332258330136
519.431730117214,214.5220552066583
520.2914608156544,197.7975796619452
521.1511915140948,195.83186163084451
522.0109222125352,199.12117741408127
522.8706529109755,195.81760448068258
523.7303836094159,203.84557601213876
524.5901143078563,183.7020195149844
525.4498450062966,196.96856373286312
526.3095757047371,196.2930193591492
527.1693064031774,193.92941270779983
528.0290371016177,209.48855505291095
528.8887678000582,204.40942051739313
529.7484984984985,193.13102953986697
530.608229196939,178.44809785270112
531.4679598953793,201.56258399627728
532.3276905938197,175.41868272421803
533.1874212922601,201.28421047982843
534.0471519907004,189.8152997621728
534.9068826891408,189.94828069837206
535.7666133875812,181.37204446991896
536.6263440860216,184.9676008555236
537.486074784462,181.12454045063706
538.3458054829023,180.34604909607285
539.2055361813427,188.63315096993895
540.065266879783,181.0893598822291
540.9249975782235,192.86577686450363
541.7847282766638,177.31924113692213
542.6444589751042,188.04196813364138
543.5041896735446,172.11490137852712
544.3639203719849,194.50990767566208
545.2236510704254,185.29075057909208
546.0833817688657,173.2465268334516
546.943112467306,200.59704195040888
547.8028431657465,186.13947415926003
548.6625738641868,190.81249220276504
549.5223045626273,187.3438387118975
550.3820352610676,188.8243266743415
551.2417659595079,186.88435643054382
552.1014966579484,180.10985148522235
552.9612273563887,173.3564444509242
553.8209580548291,184.04085726707606
554.6806887532695,182.35313801581864
555.5404194517098,177.70692911355107
556.4001501501502,183.94732613635793
557.2598808485906,176.8628633217238
558.119611547031,188.04225479446234
558.9793422454713,190.75122447931759
559.8390729439117,188.96122998894077
560.6988036423521,174.73016481266464
561.5585343407924,183.71950799114362
562.4182650392329,183.70722133122536
563.2779957376732,182.0196838401832
564.1377264361136,195.143570659907
564.997457134554,184.0106025469954
565.8571878329943,179.77149354165
566.7169185314348,174.27515128983987
567.5766492298751,195.89755272176723
568.4363799283154,185.34196124414467
569.2961106267559,185.55967617726716
570.1558413251962,192.62472416088593
571.0155720236367,178.9782950691012
571.875302722077,181.2388103013535
572.7350334205174,181.46998287553396
573.5947641189578,187.79426117328532
574.4544948173981,189.13295605331155
575.3142255158385,188.3100812614442
576.1739562142789,188.26925440637388
577.0336869127193,179.60314800843057
577.8934176111596,196.21505699091662
578.7531483096,184.14906255928506
579.6128790080404,189.05672140853318
580.4726097064807,197.8923736397303
581.3323404049212,181.6749758615809
582.1920711033615,179.62523989685843
583.0518018018018,190.45070198600158
583.9115325002423,191.00943952154344
584.7712631986826,191.6264395237753
585.6309938971231,202.30000646646332
586.4907245955634,196.3675372174891
587.3504552940037,211.93264502995487
588.2101859924442,198.1899841085251
589.0699166908845,194.34269750185615
589.9296473893249,212.03406450918368
590.7893780877653,196.2161561680791
591.6491087862056,200.03296414679224
592.508839484646,208.16774646524559
593.3685701830864,183.96458561966938
594.2283008815268,198.13809968824373
595.0880315799672,198.47197168011826
595.9477622784075,212.53207968776553
596.8074929768479,195.0541620964826
597.6672236752883,212.90104351062726
598.5269543737287,199.18210175880034
599.386685072169,202.57413574900912
600.2464157706094,199.37969969930126
601.1061464690498,197.05416291518227
601.9658771674901,206.45057249559963
602.8256078659306,204.4663988890416
603.6853385643709,209.22388944233344
604.5450692628112,208.80302197492705
605.4047999612517,199.88879833540184
606.264530659692,201.0336797594123
607.1242613581325,193.80948411226768
607.9839920565728,213.99112069742162
608.8437227550131,194.11462923558068
609.7034534534536,195.9891624001493
610.5631841518939,200.28185203442786
611.4229148503343,200.33689633800253
612.2826455487747,193.89450828091773
613.142376247215,200.43850035848087
614.0021069456554,197.7541394627694
614.8618376440958,200.52915093756485
615.7215683425362,187.53818289034612
616.5812990409765,187.34801096433142
617.4410297394169,191.76008809171424
618.3007604378573,210.09243267100146
619.1604911362977,199.54933581327867
620.0202218347381,204.0770055193785
620.8799525331784,188.0749894108045
621.7396832316188,191.65147730601157
622.5994139300592,196.9450529849108
623.4591446284995,216.45553925303787
624.31887532694,199.9501893792338
625.1786060253803,200.8667520577816
626.0383367238207,200.96808256710793
626.8980674222611,198.7166110466134
627.7577981207014,190.58773343876487
628.6175288191419,196.14220363995065
629.4772595175822,200.9128745078012
630.3369902160226,194.29205397882396
631.196720914463,208.91220313537937
632.0564516129033,200.91474498219193
632.9161823113437,204.9792400732611
633.7759130097841,215.25501601609224
634.6356437082245,212.2374219049101
635.4953744066648,200.88737377433483
636.3551051051052,192.4241712415446
637.2148358035456,200.86096541348064
638.0745665019859,216.56499717951164
638.9342972004264,209.1714644892465
639.7940278988667,209.7739665759857
640.653758597307,192.36495495731276
641.5134892957475,200.7582956134444
642.3732199941878,200.73204510650257
643.2329506926283,192.33935434234806
644.0926813910686,190.74824318801632
644.9524120895089,208.7692258254139
645.8121427879494,200.61575978131742
646.6718734863897,200.58520253000356
647.5316041848301,189.78838747294253
648.3913348832705,200.5241737894263
649.2510655817108,190.36079996269123
650.1107962801512,200.4650392706987
650.9705269785916,206.1651385940734
651.830257677032,200.40993482075962
652.6899883754724,200.38456132375413
653.5497190739127,200.36099628654785
654.4094497723531,200.33950669000816
655.2691804707935,194.04314373075323
656.1289111692339,200.3038217423979
656.9886418676742,201.88262911060968
657.8483725661146,201.18524249411118
658.708103264555,195.67829289429977
659.5678339629953,204.28984628293725
660.4275646614358,192.10287469776807
661.2872953598761,191.04701506010284
662.1470260583164,187.61391571418162
663.0067567567569,205.5536214750303
663.8664874551972,187.31835429238546
664.7262181536377,186.83480257480244
665.585948852078,192.02903909710267
666.4456795505183,200.37079128600988
667.3054102489588,200.39554679415036
668.1651409473991,206.29587328564787
669.0248716458395,181.07177288612291
669.8846023442799,195.33263396935644
670.7443330427202,200.50801526850228
671.6040637411606,200.53795538069548
672.463794439601,186.35218412967026
673.3235251380414,186.01116536027413
674.1832558364817,191.2940543668702
675.0429865349221,200.65577610283452
675.9027172333625,196.4896181441661
676.7624479318029,214.62769178472797
677.6221786302433,207.69092760876356
678.4819093286836,200.7557225406739
679.341640027124,214.53120531243627
680.2013707255644,212.22377593448238
681.0611014240047,182.8337725365708
681.9208321224452,200.8182196594595
682.7805628208855,200.825989008406
683.6402935193258,198.60607830538535
684.5000242177663,198.57991463448818
685.3597549162066,197.86525652245055
686.219485614647,200.820366971953
687.0792163130874,205.2191258209052
687.9389470115277,203.2917023880656
688.7986777099682,200.7729489275823
689.6584084084085,200.74802507846624
690.5181391068489,192.97175121370833
691.3778698052893,196.2523979346893
692.2376005037296,210.28235826027776
693.09733120217,190.1345431109407
693.9570619006104,200.54752135783122
694.8167925990508,200.49107694039833
695.6765232974911,206.2293284317657
696.5362539959315,207.072388895865
697.3959846943719,200.28605605444355
698.2557153928122,192.40091614048129
699.1154460912527,200.11536592478032
699.975176789693,200.0141182442815
700.8349074881334,199.89838794238673
701.6946381865738,199.76526322748373
702.5543688850141,205.56826261231507
703.4140995834546,199.43518339220367
704.2738302818949,199.2324046886019
705.1335609803352,213.04301500283995
705.9932916787757,198.73681075141306
706.853022377216,198.4381719346013
707.7127530756565,187.9590007668349
708.5724837740968,214.50841039072466
709.4322144725371,197.30394659194877
710.2919451709776,181.01718207393643
711.1516758694179,196.32008770387577
712.0114065678583,182.05948779944515
712.8711372662987,195.12688516637726
713.730867964739,189.5563100409378
714.5905986631794,193.70459151659904
715.4503293616198,194.44666191360596
716.3100600600602,186.84536683986616
717.1697907585005,191.29006523713122
718.0295214569409,195.6911373330204
718.8892521553813,196.7874066615581
719.7489828538216,188.93761706632267
720.6087135522621,180.35795818946835
721.4684442507024,187.62678348354112
722.3281749491427,179.5559375923768
723.1879056475832,189.0387806396934
724.0476363460235,186.19614772067013
724.907367044464,175.82875110352666
725.7670977429043,193.32637482886014
726.6268284413446,175.11147984881438
727.4865591397851,185.0902329890914
728.3462898382254,190.67939757659394
729.2060205366658,184.80232280490966
730.0657512351062,179.8797708641353
730.9254819335465,184.639558205855
731.785212631987,184.59334482181214
732.6449433304273,190.14523315065918
733.5046740288677,193.22061703156058
734.364404727308,185.752680868997
735.2241354257484,180.06027056111307
736.0838661241888,184.5257961934339
736.9435968226292,171.39647405623396
737.8033275210696,186.42396563516274
738.6630582195099,184.67969815513263
739.5227889179503,184.38615658585783
740.3825196163907,200.0495194717584
741.242250314831,184.20753278646723
742.1019810132715,184.0945041430273
742.9617117117118,182.28337351728405
743.8214424101521,190.48646845720768
744.6811731085926,179.18425633774297
745.5409038070329,191.95447503647134
746.4006345054734,183.39325101911706
747.2603652039137,191.54338532820395
748.120095902354,187.76807521275677
748.9798266007945,179.12242584549622
749.8395572992348,174.88680323610106
750.6992879976752,192.72304375364112
751.5590186961156,190.77483272425388
752.418749394556,192.8857836785884
753.2784800929963,182.41248069738134
754.1382107914367,184.33119409407593
754.9979414898771,166.12195080043452
755.8576721883175,179.04280078439714
756.7174028867579,182.33444570350326
757.5771335851982,182.39277985587552
758.4368642836386,177.47728014306978
759.296594982079,191.1554085133122
760.1563256805193,182.83870714610558
761.0160563789598,196.23400168103356
761.8757870774001,183.41587824691672
762.7355177758404,177.27608589946593
763.5952484742809,199.10823028024663
764.4549791727212,184.80969535191284
765.3147098711617,185.4367633931448
766.174440569602,181.0797102280696
767.0341712680423,184.63145048673843
767.8939019664828,182.98756644980364
768.7536326649231,188.87006377590848
769.6133633633635,189.92053569920566
770.4730940618039,184.7111542854241
771.3328247602442,184.11781541348861
772.1925554586846,183.7340953457093
773.052286157125,192.08222766237097
773.9120168555654,195.23856062341974
774.7717475540057,181.43591443903875
775.6314782524461,187.32477916721442
776.4912089508865,197.6695867128829
777.3509396493268,198.27526606263058
778.2106703477673,198.0286852295992
779.0704010462076,190.67500766606568
779.930131744648,199.61731541088653
780.7898624430884,201.1580442627556
781.6495931415287,206.49045712504005
782.5093238399692,200.4592159212474
783.3690545384095,197.97401582046834
784.2287852368498,200.8124375903037
785.0885159352903,199.16533401899946
785.9482466337306,201.3974717029204
786.807977332171,218.03707874449876
787.6677080306114,201.13013585041858
788.5274387290517,201.14647028616864
789.3871694274922,200.27114758179607
790.2469001259325,201.12490911689935
791.1066308243729,201.09315011598426
791.9663615228133,197.46985894958442
792.8260922212536,201.00301679185404
793.685822919694,208.91691667016715
794.5455536181344,187.45063608903436
795.4052843165748,218.16956314750595
796.2650150150151,200.8022013118533
797.1247457134555,200.76519044044068
797.9844764118959,197.3739544515245
798.8442071103362,192.43953560756916
799.7039378087767,200.70093885088966
800.563668507217,190.35586647666125
801.4233992056573,200.68999064238628
802.2831299040978,206.55790554039004
803.1428606025381,200.69792382866558
804.0025913009786,195.22701151561387
804.8623219994189,209.66200213027514
805.7220526978592,193.14649050188575
806.5817833962997,200.7477113472577
807.44151409474,210.66375648536172
808.3012447931804,183.92265155761564
809.1609754916208,201.93193211495395
810.0207061900611,198.67197603056786
810.8804368885015,200.81576604427158
811.7401675869419,205.25142088233164
812.5998982853823,201.5822474327519
813.4596289838227,194.77262626329366
814.319359682263,205.61043952429753
815.1790903807034,200.8585695677144
816.0388210791438,210.1646526975479
816.8985517775842,198.03913783372772
817.7582824760245,200.88914673151413
818.6180131744649,210.07838873088082
819.4777438729053,211.5262070362796
820.3374745713456,219.46922388664012
821.1972052697861,189.91703424391775
822.0569359682264,186.1919760838872
822.9166666666667,201.89823364178608
823.7763973651072,206.08326417956977
824.6361280635475,212.34573199333002
825.495858761988,201.1228243085108
826.3555894604283,201.17042259134968
827.2153201588686,214.97659416046446
828.0750508573091,200.25816090699627
828.9347815557494,192.0011031870323
829.7945122541898,209.80558065024323
830.6542429526302,201.49934234486528
831.5139736510705,218.0081203225422
832.373704349511,215.576497873114
833.2334350479513,198.34989144888993
834.0931657463917,201.83909787097735
834.952896444832,217.92269963685555
835.8126271432724,205.96830679534708
836.6723578417128,202.28215075802532
837.5320885401532,202.03888327512232
838.3918192385936,206.75640327106427
839.2515499370339,202.3098233072255
840.1112806354743,202.36894097283286
840.9710113339147,202.4194591344007
841.830742032355,202.46022475367508
842.6904727307955,202.49008479240186
843.5502034292358,194.9955236841296
844.4099341276761,202.51247597519674
845.2696648261166,202.5027010427567
846.1293955245569,204.61411420197157
846.9891262229974,202.43544493893174
847.8488569214377,213.87704394779814
848.708587619878,210.69337500416432
849.5683183183185,202.20392037892665
850.4280490167588,203.31288354021953
851.2877797151992,213.81855242498307
852.1475104136396,201.85544854909952
853.0072411120799,201.72629684678216
853.8669718105203,201.59532974325566
854.7267025089607,192.87650993766835
855.5864332074011,201.3391856805231
856.4461639058414,196.15735579512466
857.3058946042818,193.73280087110734
858.1656253027222,201.0115812520297
859.0253560011625,200.92871256797466
859.885086699603,216.34509717998068
860.7448173980433,204.28461021081642
861.6045480964837,200.79843210995512
862.4642787949241,200.80343147872964
863.3240094933644,200.83227146151106
864.1837401918049,206.22836646529385
865.0434708902452,201.6296922973919
865.9032015886855,207.35509588058193
866.762932287126,207.28441144888842
867.6226629855663,192.86436633267806
868.4823936840068,196.25293485582878
869.3421243824471,201.28005181270245
870.2018550808874,201.3187132412612
871.0615857793279,201.33593891359556
871.9213164777682,201.32669251038405
872.7810471762086,201.28736078660353
873.640777874649,194.12992309033461
874.5005085730893,195.58615591758877
875.3602392715297,208.73236150962052
876.2199699699701,203.34317540227863
877.0797006684105,200.795639242663
877.9394313668508,200.08843381644587
878.7991620652913,206.5072302656665
879.6588927637316,195.0988692680546
880.518623462172,200.36951004493227
881.3783541606124,195.30903924199077
882.2380848590527,202.78886815794564
883.0978155574932,200.25322455100417
883.9575462559335,191.9633257483306
884.8172769543738,200.31142758335196
885.6770076528143,191.39294971277752
886.5367383512546,200.4533652821767
887.396469049695,200.54792376387957
888.2561997481354,190.5079961716844
889.1159304465757,200.76859825658934
889.9756611450161,190.46886111312793
890.8353918434565,204.74934274704944
891.6951225418969,199.18943811579842
892.5548532403373,183.49961909256268
893.4145839387776,185.5087539603598
894.274314637218,201.4593362086204
895.1340453356584,208.23644612584803
895.9937760340988,201.63320918453724
896.8535067325391,193.06613951723645
897.7132374309795,201.770724847442
898.5729681294199,201.82603080183264
899.4326988278602,190.2956816553888
900.2924295263007,201.91010318712546
901.152160224741,209.16691722442692
902.0118909231813,201.95927518194753
902.8716216216218,201.9709556482496
903.7313523200621,201.97412955531527
904.5910830185026,201.33188679603077
905.4508137169429,193.92164249977952
906.3105444153832,199.51438504727494
907.1702751138237,194.24678914547508
908.030005812264,211.16292025262737
908.8897365107044,200.33761194067807
909.7494672091448,206.95198379325316
910.6091979075851,201.7020262145731
911.4689286060255,200.675719910903
912.3286593044659,201.55403401591656
913.1883900029063,201.35498258614263
914.0481207013466,211.14969025872884
914.907851399787,201.27443844445804
915.7675820982274,200.58530083146013
916.6273127966678,201.05048641931887
917.4870434951082,200.9274624518804
918.3467741935485,200.79717030936547
