59.4758064516129,201.3250976665611
60.33553715005327,201.29264307671758
61.19526784849365,193.773032459122
62.05499854693402,209.47243338433339
62.9147292453744,188.57469997706409
63.774459943814776,212.80256681342428
64.63419064225515,197.99571711021125
65.49392134069552,212.5662061790472
66.35365203913591,203.79473746619928
67.21338273757628,200.93750840989662
68.07311343601665,204.57446523270707
68.93284413445703,200.83466005996655
69.7925748328974,193.36364623395608
70.65230553133779,200.7316240292876
71.51203622977816,216.46654587101486
72.37176692821853,200.63111941413018
73.2314976266589,196.64770084618036
74.0912283250993,200.53586531076488
74.95095902353967,200.49105691858875
75.81068972198004,203.6240762976346
76.67042042042041,191.71835898967214
77.5301511188608,200.37198502449243
78.38988181730117,209.8985933875668
79.24961251574155,200.30879703412631
80.10934321418192,200.28308068175414
80.96907391262229,200.26172965732573
81.82880461106268,200.24479610120522
82.68853530950305,197.50425046255344
83.54826600794343,200.22280656469653
84.4079967063838,208.91490844244055
85.26772740482417,210.18388007557186
86.12745810326456,200.2140406197101
86.98718880170493,200.2161167127741
87.8469195001453,200.22008344547302
88.70665019858568,200.22557577916982
89.56638089702605,201.47919114367392
90.42611159546644,195.60261965111692
91.28584229390681,219.13115111247964
92.14557299234718,205.71459286566213
93.00530369078756,190.82299757016386
93.86503438922793,200.27012539673612
94.72476508766832,200.27617188914542
95.58449578610869,210.5737280236983
96.44422648454906,199.3197683180982
97.30395718298945,200.28876069033362
98.16368788142981,208.89110807061863
99.0234185798702,201.7929721277663
99.88314927831057,209.57057050694317
100.74287997675094,200.29374942095512
101.60261067519133,208.75018034027886
102.46234137363169,209.445466006371
103.32207207207207,200.28972675300872
104.18180277051245,194.24955837689404
105.04153346895282,202.67123486227268
105.90126416739321,209.1429118741581
106.76099486583357,200.74413476301072
107.62072556427395,192.107928928376
108.48045626271433,192.26321052889364
109.3401869611547,200.2596601289229
110.19991765959509,187.91279847257198
111.05964835803545,216.27568892561447
111.91937905647583,194.46501168058035
112.7791097549162,193.454573592347
113.63884045335658,184.64743165668267
114.49857115179697,200.23009191377756
115.35830185023732,211.28781685264588
116.21803254867771,190.8554596902987
117.07776324711809,200.2274064336569
117.93749394555846,199.50609038273254
118.79722464399885,182.65818439848343
119.65695534243922,201.156245971614
120.51668604087959,200.24873520729383
121.37641673931996,200.25987404756623
122.23614743776034,200.27374100702045
123.09587813620072,186.93012877440734
123.9556088346411,200.309563141596
124.81533953308147,211.04250785176725
125.67507023152184,189.67422821986568
126.53480092996222,198.18445647528614
127.3945316284026,200.40676135286725
128.254262326843,200.43492547298504
129.11399302528335,206.31548675968705
129.9737237237237,201.94698883716364
130.8334544221641,193.91245914520712
131.69318512060448,200.5555359164976
132.55291581904487,200.2834593313235
133.41264651748523,200.6171115065385
134.2723772159256,200.38616958804954
135.13210791436597,200.67686581102413
135.99183861280636,185.71335322221492
136.85156931124675,202.63694810806746
137.7113000096871,186.21315962211332
138.57103070812747,200.78290597009413
139.43076140656785,204.11077009191354
140.29049210500824,200.8248486704039
141.15022280344863,207.7350630270554
142.009953501889,211.40136804058088
142.86968420032935,208.9045067170411
143.72941489876973,198.14643671415067
144.58914559721012,200.8492527593899
145.4488762956505,200.8319879875862
146.30860699409087,191.56972578018627
147.16833769253125,192.9018296956097
148.0280683909716,200.7170746323511
148.887799089412,200.65424385980882
149.7475297878524,186.79724860501898
150.60726048629274,200.48551687998778
151.46699118473313,200.37752868819547
152.3267218831735,200.25239591206014
153.18645258161388,195.88622418799918
154.04618328005427,203.58754966104064
154.90591397849462,199.76176917983173
155.765644676935,209.87677259699467
156.62537537537537,210.5083497553233
157.48510607381576,199.0686798089702
158.34483677225614,213.3298797465448
159.2045674706965,215.75783969227314
160.0642981691369,198.13480516083717
160.92402886757725,194.635993426761
161.78375956601764,203.97952918671007
162.64349026445802,191.80420308810025
163.5032209628984,194.67994215658302
164.36295166133877,211.25778020342506
165.22268235977913,195.52986598796275
166.08241305821952,207.51637773915272
166.9421437566599,194.72798933745113
167.8018744551003,194.39593318243462
168.66160515354065,202.7895608014993
169.521335851981,193.78886663714056
170.3810665504214,199.8326285677974
171.24079724886178,179.23887490393182
172.10052794730217,192.7374299062107
172.96025864574253,202.30363415270864
173.8199893441829,191.72211866872553
174.67972004262327,187.94622573154592
175.53945074106366,196.4477942960945
176.39918143950405,196.72022506660733
177.2589121379444,188.65940278542266
178.11864283638477,187.86632018265203
178.97837353482515,188.0011372810669
179.83810423326554,186.53208713666174
180.69783493170593,182.08723568856922
181.55756563014629,174.41840661424675
182.41729632858664,190.18189373091735
183.27702702702703,184.8446525152953
184.13675772546742,184.58559257902633
184.9964884239078,184.37733600457406
185.85621912234816,184.2127247290323
186.71594982078852,194.61337879652152
187.5756805192289,170.5658972129493
188.4354112176693,197.5713448717955
189.29514191610966,183.84757143982685
190.15487261455004,170.33732160307477
191.01460331299043,183.24538360811133
191.8743340114308,169.3750145924254
192.73406470987118,194.92827678153
193.59379540831154,183.4177011798598
194.45352610675192,178.012864061528
195.3132568051923,183.2393152687325
196.17298750363267,183.074055064395
197.03271820207306,197.74140251306443
197.89244890051341,196.7314432107678
198.7521795989538,182.76122077856112
199.6119102973942,182.7607720339894
200.47164099583455,182.80861113041374
201.33137169427494,182.90026285002588
202.19110239271532,183.0312519750177
203.05083309115568,183.19710328758106
203.91056378959607,191.10820175442223
204.77029448803643,177.2197488284795
205.63002518647681,192.6014009290865
206.4897558849172,168.38780088993238
207.34948658335756,184.3926600406841
208.20921728179795,184.67370490470472
209.0689479802383,184.95828543163972
209.9286786786787,185.24192640368074
210.78840937711908,180.70346925183384
211.64814007555944,185.79039664671842
212.50787077399983,196.94972735880467
213.36760147244019,193.85003764406105
214.22733217088057,186.58442575070723
215.08706286932096,183.37736673774805
215.94679356776132,176.65005661401364
216.8065242662017,187.43066325623292
217.66625496464206,177.1223140097949
218.52598566308245,188.072875434726
219.38571636152284,193.55803638733815
220.2454470599632,188.8118651081687
221.10517775840358,189.22684822561274
221.96490845684394,182.42103080621567
222.82463915528433,197.7362463193322
223.68436985372472,174.84857117207355
224.54410055216508,178.35336847339553
225.40383125060546,196.0283358480634
226.26356194904582,195.60311221871578
227.1232926474862,205.45816819939273
227.9830233459266,193.88050111664734
228.84275404436696,198.8392042702286
229.70248474280734,197.89819925888145
230.5622154412477,195.9001080357234
231.4219461396881,196.53813788675137
232.28167683812848,197.1437166807866
233.14140753656883,197.70792552023278
234.00113823500922,198.2218455074935
234.8608689334496,190.2223092924391
235.72059963188997,205.80227691211218
236.58033033033036,207.26140655965318
237.4400610287707,194.78765150912844
238.2997917272111,199.86805512991077
239.1595224256515,212.58126169240066
240.01925312409185,200.1475547839626
240.87898382253223,200.224734118945
241.7387145209726,200.2664823717037
242.59844521941298,205.16414103531537
243.45817591785337,200.26253336796537
244.31790661629373,200.34648925389843
245.1776373147341,200.17340324757876
246.03736801317447,200.10867510452718
246.89709871161486,204.5564304680752
247.75682941005525,210.6322084315787
248.6165601084956,195.30745461877265
249.476290806936,199.82528711485645
250.33602150537635,199.54776230355841
251.19575220381674,201.45131379945212
252.05548290225713,189.68266646116604
252.91521360069748,188.49240918033902
253.77494429913787,199.73107045427133
254.63467499757823,190.4885897678667
255.49440569601862,199.79746616653395
256.35413639445903,187.09969254651776
257.21386709289936,187.52504508765364
258.07359779133975,199.95678064222855
258.93332848978014,200.0170780026384
259.79305918822047,200.0773328639283
260.6527898866609,206.11104825543154
261.51252058510124,200.18898204904627
262.37225128354163,197.90497453038998
263.231981981982,201.020395381692
264.09171268042235,200.30241224839577
264.9514433788628,193.76916844739335
265.8111740773031,196.41188194184764
266.6709047757435,200.33627041023945
267.5306354741839,200.3347444341348
268.3903661726242,207.12003461548653
269.25009687106467,193.46007715556763
270.109827569505,192.1673774098387
270.9695582679454,194.50781353702197
271.8292889663858,200.28570223202345
272.6890196648261,200.27611677898688
273.54875036326655,200.26944080564658
274.4084810617069,186.13263273522276
275.26821176014727,200.2696774125013
276.12794245858765,200.2786338094645
276.987673157028,200.2933618935092
277.84740385546843,200.3132223291399
278.70713455390876,207.91133928603983
279.56686525234915,200.70890786312512
280.42659595078953,200.39720439059053
281.28632664922986,210.40998711691796
282.1460573476703,192.84237686948552
283.00578804611064,193.86776386554223
283.865518744551,200.542247041323
284.7252494429914,204.53458400412083
285.58498014143174,200.61743171439483
286.4447108398722,190.41758303759818
287.3044415383125,195.4672398851427
288.1641722367529,209.23279186150074
289.0239029351933,209.75967073038083
289.8836336336336,200.77213746690964
290.74336433207407,200.7922629168475
291.6030950305144,188.81430957799068
292.4628257289548,193.0532716795903
293.32255642739517,188.53499117884442
294.1822871258355,184.0698572402914
295.04201782427594,197.6768308371015
295.9017485227163,212.71899469711812
296.76147922115666,200.75565637838255
297.62120991959705,200.7204253177365
298.4809406180374,187.25969077280584
299.3406713164778,198.6820416993142
300.20040201491815,200.57939733436967
301.06013271335854,200.5232849521039
301.91986341179893,201.97608463833762
302.77959411023926,200.4022209886559
303.6393248086797,217.3763615220687
304.49905550712003,189.26044155393888
305.3587862055604,205.16260990797636
306.2185169040008,200.14720805248857
307.07824760244114,195.00536842892743
307.9379783008816,200.02610010056625
308.7977089993219,190.51162155143788
309.6574396977623,199.91781850661584
310.5171703962027,187.5785543609439
311.376901094643,199.38048252099696
312.23663179308346,193.90622992356214
313.0963624915238,199.76541643422524
313.9560931899642,212.3778332654282
314.81582388840457,193.54184881613483
315.6755545868449,196.24781488924248
316.53528528528534,199.7413659184892
317.39501598372567,207.22826947163742
318.2547466821661,199.79077238825045
319.11447738060644,199.8291878424974
319.9742080790468,196.9356024074122
320.8339387774872,199.92719262917973
321.69366947592755,211.84229088171554
322.553400174368,200.0450951727209
323.4131308728083,188.70907546096169
324.27286157124865,186.13167159521743
325.1325922696891,209.7356472509793
325.99232296812943,192.74308307804657
326.8520536665699,194.21361640175473
327.7117843650102,200.41818037578912
328.57151506345053,203.16670948700454
329.431245761891,203.02547643186963
330.2909764603313,208.13092986529563
331.15070715877175,200.58304285283003
332.0104378572121,200.6023164871335
332.8701685556524,200.6103131032365
333.72989925409286,200.60578258903033
334.5896299525332,208.55026148455653
335.44936065097363,200.55413972125473
336.30909134941396,199.2159449151246
337.1688220478543,208.0948860590139
338.02855274629474,200.35146913955035
338.88828344473507,206.34948473731237
339.7480141431755,206.35697470045537
340.60774484161584,194.47682947149997
341.46747554005617,196.07351646809167
342.3272062384966,209.35952139752382
343.18693693693695,199.22639564611637
344.0466676353774,198.87327670682114
344.9063983338177,198.45308013516828
345.76612903225805,197.9583862622275
346.6258597306985,197.3817754190687
347.4855904291388,191.457761425911
348.34532112757927,194.02406106212334
349.2050518260196,184.11519671337368
350.06478252445993,192.99014379433254
350.9245132229004,193.32589256220118
351.7842439213407,203.82881512281313
352.64397461978115,176.9353862012104
353.5037053182215,191.0455082644785
354.3634360166618,192.99363235240247
355.22316671510225,191.71892459389483
356.0828974135426,201.9551856047448
356.942628111983,188.65163066312525
357.80235881042336,189.9160686933085
358.6620895088637,187.7081857407086
359.52182020730413,199.86320692208878
360.38155090574446,178.82698385606705
361.2412816041849,175.02247336044906
362.10101230262524,171.05804672194486
362.96074300106557,185.91790276525848
363.820473699506,194.75546945133735
364.68020439794634,185.34794372450423
365.5399350963868,185.07871943123678
366.3996657948271,183.10914765499135
367.25939649326745,180.07432869476295
368.1191271917079,184.30581126075762
368.9788578901482,184.06582000660913
369.83858858858866,183.83927610084586
370.698319287029,183.62896469860033
371.5580499854693,183.4376709550049
372.41778068390977,176.19400636603646
373.2775113823501,183.12327706429383
374.13724208079054,175.8432215964052
374.9969727792309,182.91837566977185
375.8567034776712,173.11022775193717
376.71643417611165,167.07131452331726
377.576164874552,166.76164564739835
378.4358955729924,182.920936936669
379.29562627143275,185.93861889191908
380.1553569698731,189.49735404893832
381.0150876683135,183.26810505812452
381.87481836675386,183.42937514368586
382.7345490651943,178.53813971219924
383.59427976363463,183.79507399376075
384.45401046207496,183.99116607544303
385.3137411605154,185.88566010917745
386.17347185895574,193.93302736454086
387.0332025573962,184.60542834715133
387.8929332558365,184.81639486208275
388.75266395427684,189.25771914146338
389.6123946527173,194.15578682649146
390.4721253511576,185.45806395990508
391.33185604959806,183.5559813978609
392.1915867480384,185.10042875028546
393.0513174464787,186.09808580718217
393.91104814491916,182.4472937535961
394.7707788433595,174.60903216318223
395.63050954179994,186.71742980094479
396.49024024024027,186.9159934802875
397.3499709386806,187.10944554962964
398.20970163712104,187.29819538650304
399.0694323355614,187.4851216741245
399.9291630340018,187.67343645413385
400.78889373244215,194.38214187776538
401.6486244308825,188.067079657875
402.5083551293229,187.52938337564282
403.36808582776325,189.13249682904754
404.2278165262037,201.62250333817806
405.087547224644,189.0123578061618
405.94727792308447,189.30032919879974
406.8070086215248,195.3342954077942
407.66673931996513,189.96073850223365
408.5264700184056,190.33960049630923
409.3862007168459,190.75518344081016
410.24593141528635,201.43442242828397
411.1056621137267,191.70936034764742
411.965392812167,205.51967375779896
412.82512351060745,191.62493555604888
413.6848542090478,191.2642975349458
414.54458490748823,208.74984817721938
415.40431560592856,190.94374207492152
416.2640463043689,212.382760987293
417.12377700280933,196.00781147530913
417.98350770124966,199.10612240595802
418.8432383996901,197.21446056448332
419.70296909813044,197.7659180565346
420.56269979657077,209.70284403785502
421.4224304950112,191.82595998523337
422.28216119345154,198.0741867451356
423.141891891892,199.47366742978684
424.0016225903323,199.78220276340292
424.86135328877265,195.45400327458995
425.7210839872131,200.28013107156397
426.5808146856534,200.4761621924731
427.44054538409387,200.64133005551088
428.3002760825342,197.10149142084612
429.1600067809745,209.47705677546048
430.01973747941497,191.6756680715029
430.8794681778553,201.05665282403055
431.73919887629575,201.11275642468405
432.5989295747361,199.44164235957908
433.4586602731764,190.4694812068373
434.31839097161685,201.20693137159773
435.1781216700572,201.07420784959916
436.0378523684976,196.55128573696217
436.89758306693795,183.49252648367195
437.7573137653783,201.2535196425954
438.61704446381873,206.51923833040445
439.47677516225906,205.8458178083105
440.3365058606995,211.84341006456785
441.19623655913983,201.3572000480495
442.05596725758016,201.6571314882429
442.9156979560206,220.88292124606193
443.77542865446094,201.52841088860478
444.6351593529014,203.00737951623967
445.4948900513417,203.2369999816962
446.35462074978204,201.73256162984512
447.2143514482225,210.2884499434783
448.0740821466628,199.2280633800524
448.93381284510326,192.02648398970317
449.7935435435436,201.95684835790132
450.6532742419839,206.37472920452296
451.51300494042437,211.4819783329979
452.3727356388647,192.56212659895877
453.23246633730514,205.71941418729045
454.09219703574547,199.58012443770778
454.9519277341858,201.9143900261898
455.81165843262625,199.1136351514523
456.6713891310666,211.34023767139934
457.531119829507,201.6102886706526
458.39085052794735,205.45108420554644
459.2505812263877,188.54142112447326
460.1103119248281,201.16756839500877
460.97004262326845,201.0107726318464
461.8297733217089,200.8571205101345
462.68950402014923,210.68396324205122
463.54923471858956,192.9633175573348
464.40896541703,198.86501823246977
465.26869611547033,192.62653809548274
466.1284268139108,196.42958215929576
466.9881575123511,200.26175088860185
467.84788821079144,200.2574778515672
468.7076189092319,181.53512842790641
469.5673496076722,187.62409965384322
470.42708030611266,203.315797802791
471.286811004553,198.9605331644653
472.1465417029933,215.84684067048016
473.00627240143376,200.73760762359777
473.8660030998741,216.62462244489663
474.72573379831454,189.64441245693524
475.58546449675487,203.02835097373247
476.4451951951952,201.28556038752103
477.30492589363564,201.41930466530633
478.16465659207597,187.34102486566454
479.0243872905164,201.65867248572033
479.88411798895675,202.3178711362266
480.7438486873971,201.83747166942862
481.6035793858375,197.08445909714928
482.46331008427785,214.11146282238178
483.3230407827183,192.731719238141
484.1827714811586,194.76507184264088
485.04250217959896,201.8377822264543
485.9022328780394,199.8782472815338
486.76196357647973,188.59886344755415
487.6216942749202,201.44362998805073
488.4814249733605,200.35504046545046
489.34115567180083,200.5175649941932
490.2008863702413,215.15324872991374
491.0606170686816,200.6651435241255
491.92034776712205,212.16274755893286
492.7800784655624,193.4375161872194
493.6398091640027,200.0966329541408
494.49953986244316,199.94130234280473
495.3592705608835,199.81282327734573
496.21900125932393,213.37051229126808
497.07873195776426,198.38960560990165
497.9384626562046,201.66789163722603
498.79819335464504,188.87477541635837
499.65792405308537,207.44239470150373
500.5176547515258,199.70992895354192
501.37738544996614,195.48925963123108
502.23711614840647,199.86868968383968
503.0968468468469,199.9698633044292
503.95657754528725,195.74153903740253
504.8163082437277,206.1739964253809
505.676038942168,218.12399544149434
506.53576964060835,197.06703963227682
507.3955003390488,200.56531940814446
508.2552310374891,200.67986793215437
509.11496173592957,196.78224708592745
509.9746924343699,188.73303655525757
510.83442313281023,201.72720946631702
511.6941538312507,190.5852390623963
512.553884529691,201.05342330728578
513.4136152281314,201.06583663644173
514.2733459265718,210.52830922811947
515.1330766250121,201.00269663815567
515.9928073234526,209.58595428097033
516.8525380218929,200.8008770054659
517.7122687203333,200.63994079161728
518.5719994187737,200.4347088276449
519.431730117214,200.18198594592505
520.2914608156544,199.87944110413264
521.1511915140948,199.52611671584242
522.0109222125352,199.12117741408127
522.8706529109755,187.6717314694916
523.7303836094159,196.38763201367385
524.5901143078563,204.6803422987914
525.4498450062966,182.1083190096372
526.3095757047371,196.2930193591492
527.1693064031774,186.3128541929939
528.0290371016177,178.82745090408088
528.8887678000582,210.70491452223308
529.7484984984985,193.13102953986697
530.608229196939,192.32525671940476
531.4679598953793,189.31973301410997
532.3276905938197,190.87699050616922
533.1874212922601,208.80614446802923
534.0471519907004,190.55491507786564
534.9068826891408,195.13079755837347
535.7666133875812,188.62950170035504
536.6263440860216,191.44004490394073
537.486074784462,188.8381906696931
538.3458054829023,193.52463247196448
539.2055361813427,188.63315096993895
540.065266879783,173.5333249443663
540.9249975782235,202.45795444797227
541.7847282766638,183.24251107821536
542.6444589751042,181.78813393989364
543.5041896735446,187.7603151360194
544.3639203719849,181.03432220741328
545.2236510704254,187.05280260481666
546.0833817688657,174.44838405713386
546.943112467306,185.73812387204964
547.8028431657465,185.8331001093643
548.6625738641868,185.438172328907
549.5223045626273,185.07151803426848
550.3820352610676,177.2422878146299
551.2417659595079,193.83230984455233
552.1014966579484,183.4305455285646
552.9612273563887,182.01202952621543
553.8209580548291,184.04085726707606
554.6806887532695,183.98745130191946
555.5404194517098,183.96023265565844
556.4001501501502,174.57291138326963
557.2598808485906,191.9509006325959
558.119611547031,183.91694871089885
558.9793422454713,175.32716322242135
559.8390729439117,202.55530768457444
560.6988036423521,183.7623621669805
561.5585343407924,183.71950799114362
562.4182650392329,183.70722133122536
563.2779957376732,183.7412708856245
564.1377264361136,190.0751610747817
564.997457134554,182.22928138655215
565.8571878329943,188.40465283820953
566.7169185314348,184.57486932796326
567.5766492298751,192.83788255629628
568.4363799283154,185.34196124414467
569.2961106267559,185.76825642073166
570.1558413251962,198.90270745551229
571.0155720236367,171.46722793251527
571.875302722077,187.05824982987434
572.7350334205174,197.85561886542376
573.5947641189578,181.4201996632898
574.4544948173981,194.37220676588584
575.3142255158385,188.3100812614442
576.1739562142789,176.091826364295
577.0336869127193,188.62049828075692
577.8934176111596,175.66662911807717
578.7531483096,188.88682552410836
579.6128790080404,207.53166437063322
580.4726097064807,186.55568553006358
581.3323404049212,203.77774534405467
582.1920711033615,189.96743416683665
583.0518018018018,190.45070198600158
583.9115325002423,201.70487011069622
584.7712631986826,191.6264395237753
585.6309938971231,192.28449474301064
586.4907245955634,183.98532221329702
587.3504552940037,193.6549418337442
588.2101859924442,194.33329799978267
589.0699166908845,193.10572732072455
589.9296473893249,195.62019529310828
590.7893780877653,196.2161561680791
591.6491087862056,211.5570473146572
592.508839484646,205.8138083537739
593.3685701830864,197.73935436245517
594.2283008815268,202.6947924404691
595.0880315799672,198.47197168011826
595.9477622784075,207.10737095373733
596.8074929768479,198.92812326003244
597.6672236752883,199.07037059389606
598.5269543737287,192.67933189993605
599.386685072169,199.2827502795608
600.2464157706094,183.25381877319344
601.1061464690498,199.473102241817
601.9658771674901,210.920755308717
602.8256078659306,199.64948229967442
603.6853385643709,199.7325676172663
604.5450692628112,197.9370585091834
605.4047999612517,201.94583560422433
606.264530659692,196.62274445952497
607.1242613581325,200.0321351716401
607.9839920565728,202.1906704442712
608.8437227550131,200.1630093349819
609.7034534534536,208.06303323700018
610.5631841518939,204.11490808691934
611.4229148503343,186.29867330200784
612.2826455487747,192.1779925906171
613.142376247215,200.43850035848087
614.0021069456554,185.18674522727412
614.8618376440958,209.1444769272639
615.7215683425362,199.79361202454712
616.5812990409765,208.8405213179224
617.4410297394169,210.20346155184257
618.3007604378573,211.7554607943475
619.1604911362977,208.915125070427
620.0202218347381,207.1863816481627
620.8799525331784,200.7663951933257
621.7396832316188,200.79084301997088
622.5994139300592,191.44811617670115
623.4591446284995,201.06296888859748
624.31887532694,200.85103851725424
625.1786060253803,195.16355312817575
626.0383367238207,200.88029690715402
626.8980674222611,192.14741255732022
627.7577981207014,195.37292178998922
628.6175288191419,202.12584109893965
629.4772595175822,190.6757656583535
630.3369902160226,200.9156397374292
631.196720914463,200.91626181031432
632.0564516129033,200.91474498219193
632.9161823113437,210.679581637295
633.7759130097841,207.74095940651029
634.6356437082245,194.5566011852978
635.4953744066648,192.3308189047643
636.3551051051052,200.87522627720543
637.2148358035456,206.1298211235431
638.0745665019859,205.8074436040899
638.9342972004264,213.8714602364593
639.7940278988667,203.24297627155943
640.653758597307,200.7828838289099
641.5134892957475,200.7582956134444
642.3732199941878,203.2675947575119
643.2329506926283,194.61815444844763
644.0926813910686,193.5876850830118
644.9524120895089,200.6459896454916
645.8121427879494,189.67427982572227
646.6718734863897,200.58520253000356
647.5316041848301,190.74630788222854
648.3913348832705,200.5241737894263
649.2510655817108,202.65249392031336
650.1107962801512,200.4650392706987
650.9705269785916,194.1520281337259
651.830257677032,200.40993482075962
652.6899883754724,200.38456132375413
653.5497190739127,191.62646350223454
654.4094497723531,200.33950669000816
655.2691804707935,192.28446029961316
656.1289111692339,200.3038217423979
656.9886418676742,201.46171991332824
657.8483725661146,215.2430117214845
658.708103264555,187.49733499015838
659.5678339629953,192.33106092966668
660.4275646614358,200.26961778330545
661.2872953598761,200.27419046429694
662.1470260583164,185.43311560639927
663.0067567567569,193.73457495257173
663.8664874551972,182.48056641858074
664.7262181536377,200.32746826584489
665.585948852078,200.3479958687852
666.4456795505183,190.87124458018786
667.3054102489588,207.39003944487828
668.1651409473991,214.37846628719115
669.0248716458395,200.44970718970535
669.8846023442799,185.49170128052862
670.7443330427202,200.50801526850228
671.6040637411606,200.53795538069548
672.463794439601,200.56800924359368
673.3235251380414,187.72143930593245
674.1832558364817,190.88366576725235
675.0429865349221,205.94994773983976
675.9027172333625,200.68320773486857
676.7624479318029,206.88224777009714
677.6221786302433,200.73348867715674
678.4819093286836,200.7557225406739
679.341640027124,200.7756083679484
680.2013707255644,200.79283843561186
681.0611014240047,199.61897957937967
681.9208321224452,193.30985457997116
682.7805628208855,191.74713930722936
683.6402935193258,200.83025509674215
684.5000242177663,200.83085124185445
685.3597549162066,200.82761076112922
686.219485614647,212.65224122826618
687.0792163130874,195.85760410166412
687.9389470115277,200.7932027377931
688.7986777099682,200.7729489275823
689.6584084084085,211.49573081481068
690.5181391068489,183.44561125267495
691.3778698052893,200.6835005330639
692.2376005037296,201.07552540822866
693.09733120217,200.59829564067743
693.9570619006104,203.2524134290831
694.8167925990508,200.49107694039833
695.6765232974911,200.4287957057651
696.5362539959315,200.36051097131806
697.3959846943719,194.75389427899447
698.2557153928122,200.20504277549563
699.1154460912527,211.23721824096452
699.975176789693,200.0141182442815
700.8349074881334,183.32420243549078
701.6946381865738,199.76526322748373
702.5543688850141,194.60387798763588
703.4140995834546,199.43518339220367
704.2738302818949,199.21404298462554
705.1335609803352,199.00058440554244
705.9932916787757,200.23581858168563
706.853022377216,185.03187016113304
707.7127530756565,193.46440510727925
708.5724837740968,193.97139602646857
709.4322144725371,182.54937678759026
710.2919451709776,196.83672920828428
711.1516758694179,200.1536917373848
712.0114065678583,208.32293050856111
712.8711372662987,195.12688516637726
713.730867964739,194.14839483975067
714.5905986631794,193.70459151659904
715.4503293616198,192.92096905066447
716.3100600600602,192.11050351853848
717.1697907585005,183.14462082027478
718.0295214569409,199.40383149891747
718.8892521553813,206.94084474977163
719.7489828538216,184.15150758460675
720.6087135522621,176.7966638043162
721.4684442507024,183.97694006979825
722.3281749491427,185.14069714292455
723.1879056475832,195.92622125328862
724.0476363460235,179.34642310479126
724.907367044464,185.8390709900434
725.7670977429043,194.3781566047874
726.6268284413446,191.05855419628747
727.4865591397851,185.0902329890914
728.3462898382254,182.08577305481975
729.2060205366658,174.04003288726778
730.0657512351062,179.21854357836463
730.9254819335465,184.639558205855
731.785212631987,184.59334482181214
732.6449433304273,184.56430501932533
733.5046740288677,188.04548849967242
734.364404727308,187.97368516140784
735.2241354257484,176.99116219806433
736.0838661241888,175.4471772157212
736.9435968226292,193.6698994926351
737.8033275210696,184.1648803189697
738.6630582195099,186.96163450124382
739.5227889179503,203.1717109450832
740.3825196163907,170.23649844334932
741.242250314831,187.16324309738152
742.1019810132715,184.0945041430273
742.9617117117118,183.96903292144896
743.8214424101521,185.43745669169377
744.6811731085926,183.69086849695003
745.5409038070329,194.98110889992378
746.4006345054734,183.39325101911706
747.2603652039137,170.0950381445431
748.120095902354,183.09639199409705
748.9798266007945,193.75070102785008
749.8395572992348,183.90529647782736
750.6992879976752,182.69673822528696
751.5590186961156,182.58579532708237
752.418749394556,182.490200671691
753.2784800929963,182.41248069738134
754.1382107914367,174.8910036386214
754.9979414898771,182.3207705450802
755.8576721883175,197.0545946297682
756.7174028867579,175.00853242251821
757.5771335851982,175.00979510976447
758.4368642836386,173.72827826483996
759.296594982079,180.86244987144454
760.1563256805193,182.83870714610558
761.0160563789598,183.09569636935228
761.8757870774001,185.35777304705985
762.7355177758404,183.80398369243235
763.5952484742809,181.27985450843278
764.4549791727212,197.67758956862485
765.3147098711617,175.52600644824895
766.174440569602,186.15408186189265
767.0341712680423,199.88227037031487
767.8939019664828,199.51140568304808
768.7536326649231,194.4505638558126
769.6133633633635,189.92053569920566
770.4730940618039,185.92105768461357
771.3328247602442,176.7150198527189
772.1925554586846,203.8279269394404
773.052286157125,203.05357509883225
773.9120168555654,204.44770229090963
774.7717475540057,178.5083964077885
775.6314782524461,188.7763983879749
776.4912089508865,197.6695867128829
777.3509396493268,198.27526606263058
778.2106703477673,198.79423982550546
779.0704010462076,199.23781920656992
779.930131744648,195.43884845286007
780.7898624430884,199.94368400430236
781.6495931415287,205.95079921382322
782.5093238399692,203.89343694699312
783.3690545384095,202.43970121132236
784.2287852368498,212.10655661044544
785.0885159352903,203.0263562123257
785.9482466337306,201.02789542788838
786.807977332171,191.71359433489926
787.6677080306114,195.63033514498804
788.5274387290517,189.8851252970649
789.3871694274922,201.1437052743115
790.2469001259325,202.84539143125176
791.1066308243729,201.09315011598426
791.9663615228133,199.1316888277605
792.8260922212536,201.00301679185404
793.685822919694,200.95077907274316
794.5455536181344,200.897851718338
795.4052843165748,188.75081289867006
796.2650150150151,199.44781138518584
797.1247457134555,200.76519044044068
797.9844764118959,194.91620310158626
798.8442071103362,210.2422926774344
799.7039378087767,197.36066086652752
800.563668507217,192.70568152021195
801.4233992056573,190.1118516637127
802.2831299040978,209.26913318875623
803.1428606025381,200.69792382866558
804.0025913009786,186.67285396509448
804.8623219994189,212.69424769014722
805.7220526978592,215.06713807072177
806.5817833962997,200.7477113472577
807.44151409474,200.76308291180325
808.3012447931804,200.77820416041325
809.1609754916208,194.77958899183074
810.0207061900611,196.30290454737812
810.8804368885015,208.58856873749085
811.7401675869419,200.82533972767018
812.5998982853823,186.99476967848244
813.4596289838227,188.44011998573473
814.319359682263,206.0415368123048
815.1790903807034,211.11661414789523
816.0388210791438,193.70627610334293
816.8985517775842,195.8665579873355
817.7582824760245,209.43127035253542
818.6180131744649,200.53439768824026
819.4777438729053,191.8705921877463
820.3374745713456,205.76172153629113
821.1972052697861,211.4157729722707
822.0569359682264,211.53697776453356
822.9166666666667,214.46884027010978
823.7763973651072,201.0433514379018
824.6361280635475,200.33135371983371
825.495858761988,209.84602866371287
826.3555894604283,201.17042259134968
827.2153201588686,205.19373526553505
828.0750508573091,195.24765432255032
828.9347815557494,195.98784247412678
829.7945122541898,201.42173065958923
830.6542429526302,201.49934234486528
831.5139736510705,201.58103794689615
832.373704349511,198.88349475920947
833.2334350479513,193.3105864861473
834.0931657463917,201.83909787097735
834.952896444832,201.9255987574871
835.8126271432724,209.85363388918205
836.6723578417128,202.09240366870668
837.5320885401532,203.7667379651463
838.3918192385936,211.56744420033232
839.2515499370339,202.3098233072255
840.1112806354743,202.36894097283286
840.9710113339147,202.4194591344007
841.830742032355,202.46022475367508
842.6904727307955,202.49008479240186
843.5502034292358,202.5078862123271
844.4099341276761,194.86835343386696
845.2696648261166,202.5027010427567
846.1293955245569,202.47740837675312
846.9891262229974,202.43544493893174
847.8488569214377,202.3756579980045
848.708587619878,193.6634931439129
849.5683183183185,205.82747829083297
850.4280490167588,202.09706940215872
851.2877797151992,201.97997576322066
852.1475104136396,187.5549422043312
853.0072411120799,201.72629684678216
853.8669718105203,197.42401699771403
854.7267025089607,201.465356325507
855.5864332074011,207.9867597082937
856.4461639058414,215.99087790998732
857.3058946042818,197.53328309466565
858.1656253027222,209.42323367430842
859.0253560011625,214.74350146610146
859.885086699603,200.8636920916192
860.7448173980433,207.25587089599725
861.6045480964837,209.18989690111164
862.4642787949241,207.2615297020057
863.3240094933644,200.83227146151106
864.1837401918049,200.87996624263974
865.0434708902452,200.94147950279412
865.9032015886855,207.24131215493983
866.762932287126,207.76878784889118
867.6226629855663,215.9022969394437
868.4823936840068,201.22499094724088
869.3421243824471,201.28005181270245
870.2018550808874,202.04634439248431
871.0615857793279,202.85582667479184
871.9213164777682,201.32669251038405
872.7810471762086,187.26180096221756
873.640777874649,201.79663925869843
874.5005085730893,209.97507259459456
875.3602392715297,199.8275931077455
876.2199699699701,198.09071599816667
877.0797006684105,192.4016885015219
877.9394313668508,200.67576996378352
878.7991620652913,211.45588560955886
879.6588927637316,194.39567284542272
880.518623462172,199.9429958417722
881.3783541606124,187.25770160198994
882.2380848590527,200.2633344023975
883.0978155574932,216.24831504544164
883.9575462559335,200.27029706034077
884.8172769543738,200.31142758335196
885.6770076528143,215.43829986429654
886.5367383512546,202.31944617630694
887.396469049695,201.54743275473191
888.2561997481354,190.8731614793391
889.1159304465757,207.56968046935822
889.9756611450161,200.88846557348566
890.8353918434565,215.22464801676176
891.6951225418969,211.77530891497278
892.5548532403373,203.5921378364248
893.4145839387776,199.43302393799516
894.274314637218,195.92143505604946
895.1340453356584,201.55085378376887
895.9937760340988,212.89033193593622
896.8535067325391,201.2097000098444
897.7132374309795,206.90949093483584
898.5729681294199,212.7946367622526
899.4326988278602,201.87246596635143
900.2924295263007,197.68986666491242
901.152160224741,185.85418610597858
902.0118909231813,194.98572440742112
902.8716216216218,201.9709556482496
903.7313523200621,200.84222435959683
904.5910830185026,209.16420911458135
905.4508137169429,201.52932056390128
906.3105444153832,207.7533693336654
907.1702751138237,213.61832030476157
908.030005812264,201.86495031654286
908.8897365107044,191.88174509673595
909.7494672091448,201.76428232082537
910.6091979075851,190.70375623617798
911.4689286060255,197.3682312718247
912.3286593044659,211.29430535410893
913.1883900029063,189.43305447105004
914.0481207013466,201.37522080990465
914.907851399787,201.27443844445804
915.7675820982274,201.9698247451459
916.6273127966678,201.3121343467401
917.4870434951082,202.0660268922249
918.3467741935485,200.79717030936547
