59.4758064516129,207.56356209066107
60.33553715005327,201.29264307671758
61.19526784849365,210.21167497672548
62.05499854693402,196.1154390227125
62.9147292453744,201.17596411217005
63.774459943814776,214.42780121173183
64.63419064225515,189.80724615520882
65.49392134069552,196.4559371753652
66.35365203913591,194.32761939547592
67.21338273757628,199.57215731211645
68.07311343601665,216.8124893340343
68.93284413445703,186.25545649426917
69.7925748328974,200.7829955612038
70.65230553133779,204.7481327498134
71.51203622977816,199.55699142781026
72.37176692821853,200.63111941413018
73.2314976266589,195.42077824238314
74.0912283250993,190.62942789623233
74.95095902353967,193.42522862860642
75.81068972198004,200.90789612581924
76.67042042042041,203.4123591139996
77.5301511188608,200.37198502449243
78.38988181730117,200.338545110717
79.24961251574155,216.57709150989336
80.10934321418192,209.41871309108984
80.96907391262229,212.8451586937054
81.82880461106268,200.24479610120522
82.68853530950305,205.27636233562617
83.54826600794343,200.22280656469653
84.4079967063838,196.92937757470216
85.26772740482417,191.82313604215318
86.12745810326456,199.37805949636189
86.98718880170493,200.2161167127741
87.8469195001453,200.22008344547302
88.70665019858568,200.22557577916982
89.56638089702605,200.02692113562298
90.42611159546644,208.92149829626763
91.28584229390681,199.31030354758252
92.14557299234718,194.98877237973505
93.00530369078756,195.14310770079038
93.86503438922793,213.7777917857362
94.72476508766832,202.18520294078672
95.58449578610869,200.28127263959934
96.44422648454906,217.46211687165078
97.30395718298945,187.27036639242374
98.16368788142981,199.02777598932695
99.0234185798702,199.35094666121057
99.88314927831057,190.4290866478941
100.74287997675094,196.3894981789172
101.60261067519133,200.293096407569
102.46234137363169,200.29174520361246
103.32207207207207,200.28972675300872
104.18180277051245,200.28707199968088
105.04153346895282,186.66464972061368
105.90126416739321,184.38086150108754
106.76099486583357,191.9997090348281
107.62072556427395,201.4005260110339
108.48045626271433,203.78538687770356
109.3401869611547,200.2596601289229
110.19991765959509,199.92225398992463
111.05964835803545,208.55690626959014
111.91937905647583,204.0345823481846
112.7791097549162,213.284231192019
113.63884045335658,187.76828476239587
114.49857115179697,208.7765641060226
115.35830185023732,200.8696792771284
116.21803254867771,216.21526326823337
117.07776324711809,201.08041485389148
117.93749394555846,217.84851425435872
118.79722464399885,182.96682956939304
119.65695534243922,200.24012280635523
120.51668604087959,191.16421235125586
121.37641673931996,202.04595680811073
122.23614743776034,204.078143080145
123.09587813620072,213.660644550317
123.9556088346411,190.213354284584
124.81533953308147,183.5352813637401
125.67507023152184,191.35127709852463
126.53480092996222,209.34654985570367
127.3945316284026,196.16375329474494
128.254262326843,189.64922802857302
129.11399302528335,211.87344853101717
129.9737237237237,192.78007078178035
130.8334544221641,200.5246904982404
131.69318512060448,200.5555359164976
132.55291581904487,207.5687974898323
133.41264651748523,187.7909070315145
134.2723772159256,200.64734139124502
135.13210791436597,204.641283680272
135.99183861280636,195.59048087741775
136.85156931124675,200.73279768164556
137.7113000096871,211.7474644262725
138.57103070812747,198.7581168117318
139.43076140656785,195.85475307458492
140.29049210500824,183.13649099708357
141.15022280344863,200.84100657374577
142.009953501889,200.92059686189512
142.86968420032935,191.65074319513377
143.72941489876973,200.85774101165097
144.58914559721012,190.37062593595437
145.4488762956505,188.46898996574225
146.30860699409087,205.3762655335642
147.16833769253125,200.19430396779066
148.0280683909716,186.3001175471471
148.887799089412,209.82545133319164
149.7475297878524,200.57740660643998
150.60726048629274,200.48551687998778
151.46699118473313,204.51654634711983
152.3267218831735,206.3617924294934
153.18645258161388,200.1089839217433
154.04618328005427,207.92829407746717
154.90591397849462,199.76176917983173
155.765644676935,199.5551277142637
156.62537537537537,199.32457104297208
157.48510607381576,206.78619715780047
158.34483677225614,182.21763994538148
159.2045674706965,198.47521622488938
160.0642981691369,189.4624074769767
160.92402886757725,208.61903535042754
161.78375956601764,201.50826843776474
162.64349026445802,186.49020561677807
163.5032209628984,196.4585309027707
164.36295166133877,182.38470326550927
165.22268235977913,201.34463246652484
166.08241305821952,195.1041016171901
166.9421437566599,194.72798933745113
167.8018744551003,183.3081984779708
168.66160515354065,178.45886636150055
169.521335851981,207.9794766927511
170.3810665504214,188.1323448789975
171.24079724886178,193.13188274490463
172.10052794730217,192.7374299062107
172.96025864574253,196.01130473567065
173.8199893441829,187.78816454170354
174.67972004262327,181.5009253700159
175.53945074106366,183.3273204223838
176.39918143950405,174.52252800931194
177.2589121379444,202.24069681841056
178.11864283638477,181.14208398720677
178.97837353482515,183.73407680934082
179.83810423326554,186.53208713666174
180.69783493170593,200.43715100142836
181.55756563014629,185.54381472490795
182.41729632858664,176.76958438954995
183.27702702702703,197.88326312290374
184.13675772546742,175.00090913268255
184.9964884239078,173.68666102095207
185.85621912234816,183.67575447111415
186.71594982078852,184.08460068949483
187.5756805192289,183.98580582305547
188.4354112176693,180.08264705413268
189.29514191610966,190.61801522375023
190.15487261455004,181.19669341397486
191.01460331299043,167.13525250310266
191.8743340114308,183.6812432992649
192.73406470987118,168.28855859543205
193.59379540831154,188.23620892383644
194.45352610675192,175.65271613998718
195.3132568051923,183.2393152687325
196.17298750363267,200.5383591621439
197.03271820207306,176.67810931008924
197.89244890051341,182.81443258193698
198.7521795989538,176.626670053531
199.6119102973942,173.71851286802286
200.47164099583455,194.70655414268768
201.33137169427494,182.90026285002588
202.19110239271532,172.5728590227036
203.05083309115568,165.9869321857805
203.91056378959607,177.2535026222707
204.77029448803643,184.9440234352358
205.63002518647681,183.8590781726183
206.4897558849172,184.11962605738583
207.34948658335756,183.4056846407884
208.20921728179795,184.67370490470472
209.0689479802383,177.3840019083128
209.9286786786787,192.22644944575592
210.78840937711908,168.90878435153633
211.64814007555944,196.0226335266639
212.50787077399983,186.05540322795505
213.36760147244019,171.9061079095375
214.22733217088057,195.24291858557154
215.08706286932096,175.56271300378015
215.94679356776132,182.46040217689307
216.8065242662017,182.17906987434029
217.66625496464206,188.9568088829957
218.52598566308245,184.58902280521372
219.38571636152284,193.17154280821768
220.2454470599632,183.60295348325116
221.10517775840358,189.22684822561274
221.96490845684394,189.67706178093422
222.82463915528433,190.16618446217973
223.68436985372472,190.69789495739593
224.54410055216508,206.89312652289436
225.40383125060546,207.36411595927672
226.26356194904582,202.04103089670713
227.1232926474862,193.20185601361246
227.9830233459266,181.52101616507434
228.84275404436696,186.51859106910715
229.70248474280734,194.73599276271798
230.5622154412477,196.3957420343535
231.4219461396881,196.53813788675137
232.28167683812848,197.1437166807866
233.14140753656883,201.50042288242497
234.00113823500922,200.92402121469993
234.8608689334496,198.67655774497243
235.72059963188997,199.065274173307
236.58033033033036,202.69346659493297
237.4400610287707,190.38478899202804
238.2997917272111,198.85891677703512
239.1595224256515,200.52242621994168
240.01925312409185,200.1475547839626
240.87898382253223,217.1662650456111
241.7387145209726,200.2664823717037
242.59844521941298,188.0973320640058
243.45817591785337,202.84423722667458
244.31790661629373,197.3223847586907
245.1776373147341,200.91027543487434
246.03736801317447,200.10867510452718
246.89709871161486,200.0367874853752
247.75682941005525,212.47454909030685
248.6165601084956,195.970681850155
249.476290806936,207.7511026243246
250.33602150537635,205.43691506159468
251.19575220381674,199.7348629936877
252.05548290225713,214.23760622607767
252.91521360069748,184.02803900563046
253.77494429913787,199.73107045427133
254.63467499757823,189.21297159713563
255.49440569601862,190.78973884719554
256.35413639445903,199.84479146415083
257.21386709289936,199.89862404272418
258.07359779133975,199.95678064222855
258.93332848978014,203.31558026346227
259.79305918822047,187.57675804526738
260.6527898866609,200.13536196607274
261.51252058510124,212.8976559274528
262.37225128354163,190.84918267061542
263.231981981982,200.27426394929853
264.09171268042235,200.30241224839577
264.9514433788628,200.321319381899
265.8111740773031,200.3322004143372
266.6709047757435,209.52664553762617
267.5306354741839,200.3347444341348
268.3903661726242,200.3288375505522
269.25009687106467,195.53413146185292
270.109827569505,200.30874131906944
270.9695582679454,195.76657629374836
271.8292889663858,200.28570223202345
272.6890196648261,191.5069218774629
273.54875036326655,199.7510764626276
274.4084810617069,206.80283790777182
275.26821176014727,200.2696774125013
276.12794245858765,201.77429236078632
276.987673157028,200.2933618935092
277.84740385546843,200.3132223291399
278.70713455390876,200.33757578086076
279.56686525234915,200.36578291317622
280.42659595078953,207.40521641202065
281.28632664922986,200.4312008776081
282.1460573476703,194.4183726221878
283.00578804611064,204.68486908034606
283.865518744551,200.542247041323
284.7252494429914,192.27264274976116
285.58498014143174,200.61743171439483
286.4447108398722,212.42478375424642
287.3044415383125,192.74242547685773
288.1641722367529,200.7191528599818
289.0239029351933,200.7475543361225
289.8836336336336,214.12813382887984
290.74336433207407,212.80538530205328
291.6030950305144,200.80729135044047
292.4628257289548,200.81658343219274
293.32255642739517,190.83897891083294
294.1822871258355,190.50912360993016
295.04201782427594,201.2870314343794
295.9017485227163,200.7836606991242
296.76147922115666,200.75565637838255
297.62120991959705,205.45899341160464
298.4809406180374,194.4622699422035
299.3406713164778,194.72823880205607
300.20040201491815,192.0028625978853
301.06013271335854,200.5232849521039
301.91986341179893,200.46395864893267
302.77959411023926,204.46397477748212
303.6393248086797,189.92524164683692
304.49905550712003,195.41315162022232
305.3587862055604,212.97254412901432
306.2185169040008,201.79836505954214
307.07824760244114,193.7022087802349
307.9379783008816,200.02610010056625
308.7977089993219,199.96995472694465
309.6574396977623,201.95632695512458
310.5171703962027,202.8181374021808
311.376901094643,185.1835643255876
312.23663179308346,199.79349040338468
313.0963624915238,199.9725116311088
313.9560931899642,195.77670083261174
314.81582388840457,195.9227768484395
315.6755545868449,199.7325366156974
316.53528528528534,194.01116630746068
317.39501598372567,211.9945469886456
318.2547466821661,208.08167708174085
319.11447738060644,200.81078377622657
319.9742080790468,201.20785377191416
320.8339387774872,203.50904481165142
321.69366947592755,199.98428173739737
322.553400174368,200.74680493766033
323.4131308728083,200.10838282304138
324.27286157124865,199.14710641661117
325.1325922696891,208.01821442313187
325.99232296812943,211.63003664190708
326.8520536665699,209.49810764429938
327.7117843650102,207.6943637557889
328.57151506345053,201.14806912577086
329.431245761891,205.7595508751058
330.2909764603313,192.31337734403454
331.15070715877175,199.60202842717615
332.0104378572121,200.6023164871335
332.8701685556524,188.9097836215422
333.72989925409286,200.60578258903033
334.5896299525332,205.99932695334547
335.44936065097363,194.72524784355647
336.30909134941396,200.50452714346756
337.1688220478543,210.87158560704816
338.02855274629474,211.41722884104166
338.88828344473507,200.24551426977976
339.7480141431755,192.95456542517857
340.60774484161584,187.0640678657389
341.46747554005617,199.76107930335385
342.3272062384966,201.9390439808831
343.18693693693695,193.45318846692243
344.0466676353774,211.74847513722074
344.9063983338177,197.38173346040278
345.76612903225805,197.9583862622275
346.6258597306985,181.58542048070524
347.4855904291388,206.0129723892314
348.34532112757927,188.5766630129083
349.2050518260196,177.50934162893532
350.06478252445993,194.1852970979153
350.9245132229004,206.77903481534094
351.7842439213407,206.39892727658736
352.64397461978115,191.75729190243908
353.5037053182215,191.0455082644785
354.3634360166618,176.7838298928256
355.22316671510225,189.7605055876167
356.0828974135426,171.6588719474318
356.942628111983,186.63166902103012
357.80235881042336,188.16000671562765
358.6620895088637,207.4064650267882
359.52182020730413,187.5387201481365
360.38155090574446,186.90998065892268
361.2412816041849,186.38773366321328
362.10101230262524,186.22641927234315
362.96074300106557,190.9914845982119
363.820473699506,185.62637454257845
364.68020439794634,190.80922296072757
365.5399350963868,183.17556643550887
366.3996657948271,176.3262328588395
367.25939649326745,192.86902594158312
368.1191271917079,192.69131895383978
368.9788578901482,171.09498275676734
369.83858858858866,196.07470505010235
370.698319287029,190.36641837449386
371.5580499854693,189.32485670557907
372.41778068390977,174.67733775055515
373.2775113823501,198.6097452918357
374.13724208079054,183.00574722744304
374.9969727792309,166.20198878165417
375.8567034776712,182.86394754641282
376.71643417611165,193.95656872170838
377.576164874552,182.864740712739
378.4358955729924,182.920936936669
379.29562627143275,183.00969222317232
380.1553569698731,183.12681284080537
381.0150876683135,176.87497821391125
381.87481836675386,179.3198094448304
382.7345490651943,184.7290168190121
383.59427976363463,187.3627946405862
384.45401046207496,183.99116607544303
385.3137411605154,180.022599238042
386.17347185895574,187.33149384207633
387.0332025573962,204.19925797954988
387.8929332558365,174.8945077015667
388.75266395427684,185.02929286061686
389.6123946527173,168.75499420964377
390.4721253511576,180.5710480103978
391.33185604959806,192.8960569828228
392.1915867480384,176.63981368853865
393.0513174464787,173.79062442817067
393.91104814491916,186.3077711272451
394.7707788433595,179.89690271949408
395.63050954179994,186.71742980094479
396.49024024024027,186.9159934802875
397.3499709386806,201.20892059178263
398.20970163712104,198.59324906911556
399.0694323355614,188.92684093993813
399.9291630340018,188.04284595335875
400.78889373244215,205.43298198962313
401.6486244308825,184.87358751305504
402.5083551293229,188.2788321648865
403.36808582776325,188.50482133084495
404.2278165262037,188.74825919739015
405.087547224644,192.43650562049143
405.94727792308447,189.30032919879974
406.8070086215248,192.91369496368708
407.66673931996513,180.14256184447413
408.5264700184056,190.33960049630923
409.3862007168459,202.05130979460284
410.24593141528635,175.79174360296344
411.1056621137267,191.70936034764742
411.965392812167,187.00695028475582
412.82512351060745,192.3353248144977
413.6848542090478,195.49434090600764
414.54458490748823,197.29732577588186
415.40431560592856,184.62850931545725
416.2640463043689,185.97157557455535
417.12377700280933,194.27025768229953
417.98350770124966,196.62520583092507
418.8432383996901,197.21446056448332
419.70296909813044,195.08712229735144
420.56269979657077,200.7186282238287
421.4224304950112,198.72085903757326
422.28216119345154,200.5303045581282
423.141891891892,210.48050863755077
424.0016225903323,199.78220276340292
424.86135328877265,194.88732170840623
425.7210839872131,191.7002399197269
426.5808146856534,200.4761621924731
427.44054538409387,218.96480964489393
428.3002760825342,194.15438549795059
429.1600067809745,212.01493598967627
430.01973747941497,196.54658582278495
430.8794681778553,192.34556115306037
431.73919887629575,201.11275642468405
432.5989295747361,201.1548253827662
433.4586602731764,208.80483400493327
434.31839097161685,205.1697733297016
435.1781216700572,201.22200440253752
436.0378523684976,194.8524108341187
436.89758306693795,201.2427805379411
437.7573137653783,201.2535196425954
438.61704446381873,201.93887568349916
439.47677516225906,201.28828992628524
440.3365058606995,192.14436290634364
441.19623655913983,203.64359108459698
442.05596725758016,201.4070691212062
442.9156979560206,194.54245750609115
443.77542865446094,211.1520875783659
444.6351593529014,197.5321898846795
445.4948900513417,206.20466791327777
446.35462074978204,201.73256162984512
447.2143514482225,199.2352792696893
448.0740821466628,201.8586323243235
448.93381284510326,208.45169616540116
449.7935435435436,212.54539055946464
450.6532742419839,201.99019904975754
451.51300494042437,188.81457153776685
452.3727356388647,202.0147621294142
453.23246633730514,212.6332557844119
454.09219703574547,193.25773468709605
454.9519277341858,184.85278720742355
455.81165843262625,201.83585081366715
456.6713891310666,201.73313013707102
457.531119829507,191.65109279995391
458.39085052794735,216.57798282491694
459.2505812263877,208.11276158294885
460.1103119248281,201.16756839500877
460.97004262326845,201.0107726318464
461.8297733217089,200.8571205101345
462.68950402014923,188.92106850329472
463.54923471858956,200.5778587360801
464.40896541703,200.46155485624672
465.26869611547033,208.60879461042313
466.1284268139108,181.32448170086698
466.9881575123511,196.18492498794333
467.84788821079144,186.06332857744312
468.7076189092319,200.28305758552526
469.5673496076722,197.69616776777696
470.42708030611266,200.40993077252153
471.286811004553,203.46832877112118
472.1465417029933,205.03571842445504
473.00627240143376,198.46901552683514
473.8660030998741,189.11133757869194
474.72573379831454,202.45689248277031
475.58546449675487,201.14705739598298
476.4451951951952,199.7292976985004
477.30492589363564,201.41930466530633
478.16465659207597,201.54482908086422
479.0243872905164,193.10913502313684
479.88411798895675,201.75737373139992
480.7438486873971,201.83747166942862
481.6035793858375,201.89550515133166
482.46331008427785,201.9280130286347
483.3230407827183,206.54679634942875
484.1827714811586,205.91344127835492
485.04250217959896,197.0376586357931
485.9022328780394,212.52603044752973
486.76196357647973,200.62737740309626
487.6216942749202,188.7456621059009
488.4814249733605,192.48420047489265
489.34115567180083,201.07099231147677
490.2008863702413,194.06867821039617
491.0606170686816,196.56979093176338
491.92034776712205,199.85449671444258
492.7800784655624,195.96266808965362
493.6398091640027,206.45294311651355
494.49953986244316,202.82323468601015
495.3592705608835,204.6557175007636
496.21900125932393,206.62118724805424
497.07873195776426,181.76152856960715
497.9384626562046,199.62888334291256
498.79819335464504,199.6306743300254
499.65792405308537,188.65253211220642
500.5176547515258,199.70992895354192
501.37738544996614,197.68551966736945
502.23711614840647,210.07766350550068
503.0968468468469,188.6273967452397
503.95657754528725,209.86117191072128
504.8163082437277,200.1997539872846
505.676038942168,187.0872096056235
506.53576964060835,201.58657418295576
507.3955003390488,197.60752635871185
508.2552310374891,205.88785597602083
509.11496173592957,200.785415458291
509.9746924343699,200.87875337271348
510.83442313281023,190.5156179340453
511.6941538312507,201.01596591105178
512.553884529691,201.05342330728578
513.4136152281314,198.97637893082694
514.2733459265718,208.96398297262198
515.1330766250121,194.1374547019769
515.9928073234526,201.78256917898247
516.8525380218929,200.8008770054659
517.7122687203333,200.63994079161728
518.5719994187737,188.79582500983682
519.431730117214,191.30126064119753
520.2914608156544,198.29772119482092
521.1511915140948,199.52611671584242
522.0109222125352,188.87125946426306
522.8706529109755,198.66378783187596
523.7303836094159,212.08166929804875
524.5901143078563,182.5326196881273
525.4498450062966,196.96856373286312
526.3095757047371,195.9513294888203
527.1693064031774,195.56084787012526
528.0290371016177,191.24216391737338
528.8887678000582,193.95633330384933
529.7484984984985,194.30625481320914
530.608229196939,179.9914134364097
531.4679598953793,191.5651864917449
532.3276905938197,180.02596315421616
533.1874212922601,204.41632426546596
534.0471519907004,189.8152997621728
534.9068826891408,189.04641547819398
535.7666133875812,180.78506997350888
536.6263440860216,188.98352519200694
537.486074784462,183.47482243019851
538.3458054829023,188.7276357154892
539.2055361813427,188.63315096993895
540.065266879783,188.5360270735859
540.9249975782235,188.41755466697364
541.7847282766638,172.36131816876178
542.6444589751042,188.04196813364138
543.5041896735446,185.80806319800362
544.3639203719849,187.42610256771673
545.2236510704254,197.35453992584638
546.0833817688657,192.40491713638866
546.943112467306,197.68201232398943
547.8028431657465,185.8331001093643
548.6625738641868,179.97321408756278
549.5223045626273,187.02551449119034
550.3820352610676,192.83663219939913
551.2417659595079,177.41293964983515
552.1014966579484,198.99467796769267
552.9612273563887,184.13232574306326
553.8209580548291,188.99332647199242
554.6806887532695,183.98745130191946
555.5404194517098,190.64326391262128
556.4001501501502,183.94732613635793
557.2598808485906,183.93685655208307
558.119611547031,188.26893811988828
558.9793422454713,181.55719040480292
559.8390729439117,184.06615017087339
560.6988036423521,189.95504530812255
561.5585343407924,173.88584566258217
562.4182650392329,202.65058943448577
563.2779957376732,171.805149689638
564.1377264361136,173.46648621405708
564.997457134554,184.0106025469954
565.8571878329943,184.52053791271902
566.7169185314348,198.98073208327068
567.5766492298751,184.93972418559406
568.4363799283154,191.66306652412453
569.2961106267559,180.76391540403333
570.1558413251962,186.20528563247126
571.0155720236367,186.63972479648007
571.875302722077,187.05824982987434
572.7350334205174,187.44753664977063
573.5947641189578,177.75110263608371
574.4544948173981,188.68255301007403
575.3142255158385,188.3100812614442
576.1739562142789,188.48145417884263
577.0336869127193,201.04643288574704
577.8934176111596,188.74851993868091
578.7531483096,198.5689712699115
579.6128790080404,196.41163896414005
580.4726097064807,189.17359802680454
581.3323404049212,193.73262921977388
582.1920711033615,198.2464216829166
583.0518018018018,178.6808497100985
583.9115325002423,197.58527731447487
584.7712631986826,193.8244512137897
585.6309938971231,192.28449474301064
586.4907245955634,193.88408169368526
587.3504552940037,193.6549418337442
588.2101859924442,194.33329799978267
589.0699166908845,194.99049997746033
589.9296473893249,209.22011572314656
590.7893780877653,179.85590177684276
591.6491087862056,186.70131023068012
592.508839484646,199.64398319966773
593.3685701830864,197.73935436245517
594.2283008815268,198.13809968824373
595.0880315799672,180.6607510651109
595.9477622784075,191.2950082288731
596.8074929768479,199.6522498790419
597.6672236752883,200.682905111053
598.5269543737287,205.5076177597182
599.386685072169,184.18308750668666
600.2464157706094,193.6050954248866
601.1061464690498,199.473102241817
601.9658771674901,199.56301180823306
602.8256078659306,200.1576260868905
603.6853385643709,215.23209096414362
604.5450692628112,199.8123216621337
605.4047999612517,199.28054131519383
606.264530659692,212.13914348896554
607.1242613581325,211.12215934242985
607.9839920565728,182.71639687796122
608.8437227550131,208.07690084594935
609.7034534534536,181.81297250148938
610.5631841518939,200.28185203442786
611.4229148503343,204.5624082238816
612.2826455487747,200.2098034105048
613.142376247215,185.7137612530274
614.0021069456554,186.6282176329078
614.8618376440958,200.52915093756485
615.7215683425362,200.5705034393967
616.5812990409765,198.92784772817862
617.4410297394169,196.6191157544212
618.3007604378573,190.46141652375786
619.1604911362977,200.71068588824158
620.0202218347381,210.94652746313176
620.8799525331784,200.7663951933257
621.7396832316188,190.74903825542492
622.5994139300592,203.02227502361563
623.4591446284995,200.83315202983658
624.31887532694,185.89383710349784
625.1786060253803,195.20836524185282
626.0383367238207,203.2374353345872
626.8980674222611,200.8916773211068
627.7577981207014,211.54536162604032
628.6175288191419,200.90796186569509
629.4772595175822,212.30309232283497
630.3369902160226,200.9156397374292
631.196720914463,193.39299736808886
632.0564516129033,196.06569308091233
632.9161823113437,203.38707221531908
633.7759130097841,200.90531164586622
634.6356437082245,200.89740364913354
635.4953744066648,200.88737377433483
636.3551051051052,195.6896307124013
637.2148358035456,199.4362417630076
638.0745665019859,199.0929200714091
638.9342972004264,201.81622260875818
639.7940278988667,208.15938590192587
640.653758597307,212.29930693346432
641.5134892957475,200.7582956134444
642.3732199941878,199.96069708388484
643.2329506926283,196.99507537856056
644.0926813910686,204.86078907527852
644.9524120895089,200.6459896454916
645.8121427879494,192.03991631892467
646.6718734863897,195.1227552786417
647.5316041848301,194.2112290202207
648.3913348832705,210.82848899330838
649.2510655817108,200.49423626189764
650.1107962801512,206.75675671929054
650.9705269785916,200.43684979669692
651.830257677032,204.20143794045148
652.6899883754724,190.66466639710075
653.5497190739127,200.36099628654785
654.4094497723531,195.47349457457648
655.2691804707935,200.32035951500242
656.1289111692339,202.84532993284932
656.9886418676742,202.42195783809117
657.8483725661146,200.27964232786223
658.708103264555,200.27253464766576
659.5678339629953,200.26910429333998
660.4275646614358,212.80436843873244
661.2872953598761,209.30935784834708
662.1470260583164,206.38252958290292
663.0067567567569,191.02649012306932
663.8664874551972,184.5146146083273
664.7262181536377,211.2251767272276
665.585948852078,209.6052544012393
666.4456795505183,209.99636714282664
667.3054102489588,200.39554679415036
668.1651409473991,199.67765047682047
669.0248716458395,200.44970718970535
669.8846023442799,212.64068541177065
670.7443330427202,200.50801526850228
671.6040637411606,200.53795538069548
672.463794439601,190.6251922948392
673.3235251380414,185.97709549371942
674.1832558364817,200.6272273280317
675.0429865349221,202.5724751170218
675.9027172333625,200.68320773486857
676.7624479318029,197.65129075754058
677.6221786302433,200.73348867715674
678.4819093286836,209.31240755479305
679.341640027124,192.50935040860088
680.2013707255644,217.73884285041092
681.0611014240047,200.80711373251626
681.9208321224452,201.21290549182726
682.7805628208855,200.825989008406
683.6402935193258,206.78111209950555
684.5000242177663,187.6134960897203
685.3597549162066,200.82761076112922
686.219485614647,200.820366971953
687.0792163130874,210.5245251155012
687.9389470115277,214.14568420547812
688.7986777099682,196.12690259035364
689.6584084084085,200.74802507846624
690.5181391068489,212.8251623488833
691.3778698052893,200.6835005330639
692.2376005037296,200.64356647155046
693.09733120217,204.33654781241904
693.9570619006104,202.8483661282299
694.8167925990508,200.49107694039833
695.6765232974911,191.41523918369307
696.5362539959315,200.36051097131806
697.3959846943719,206.21671682903093
698.2557153928122,203.76547512315463
699.1154460912527,191.88268372593345
699.975176789693,182.72337040696672
700.8349074881334,188.67439114344273
701.6946381865738,188.55348015671726
702.5543688850141,188.026957601652
703.4140995834546,199.43518339220367
704.2738302818949,193.63073064555803
705.1335609803352,207.70216992958692
705.9932916787757,198.73681075141306
706.853022377216,195.58570683752052
707.7127530756565,198.10175616349485
708.5724837740968,212.58178597043047
709.4322144725371,197.30394659194877
710.2919451709776,212.72526937075787
711.1516758694179,196.32008770387577
712.0114065678583,193.36674422393827
712.8711372662987,195.32423319941685
713.730867964739,194.44450059943227
714.5905986631794,193.70459151659904
715.4503293616198,189.45983496042317
716.3100600600602,192.11050351853848
717.1697907585005,191.29006523713122
718.0295214569409,190.4765245233528
718.8892521553813,186.18050526945055
719.7489828538216,184.93069674487714
720.6087135522621,188.24599095689103
721.4684442507024,206.39756831576997
722.3281749491427,183.35055222898794
723.1879056475832,195.30202597644845
724.0476363460235,190.3489049487169
724.907367044464,183.16850852939257
725.7670977429043,169.56935852207786
726.6268284413446,182.69440016244758
727.4865591397851,185.0902329890914
728.3462898382254,184.92828256307203
729.2060205366658,184.80232280490966
730.0657512351062,184.70764944302903
730.9254819335465,194.13046400368523
731.785212631987,190.81896133253557
732.6449433304273,182.86378658532132
733.5046740288677,184.54773452681934
734.364404727308,184.53892907271893
735.2241354257484,184.53318438544883
736.0838661241888,186.25446605609287
736.9435968226292,166.8299370440688
737.8033275210696,184.4872722088684
738.6630582195099,180.9355843367845
739.5227889179503,193.05912732477432
740.3825196163907,179.83664726600713
741.242250314831,186.5125142872751
742.1019810132715,188.65339049526463
742.9617117117118,183.96903292144896
743.8214424101521,176.7909045182966
744.6811731085926,183.69086849695003
745.5409038070329,175.4858075240461
746.4006345054734,183.39325101911706
747.2603652039137,170.97405495991885
748.120095902354,170.52719566134272
748.9798266007945,182.36247249630725
749.8395572992348,188.76898492190426
750.6992879976752,182.69673822528696
751.5590186961156,190.7121730224972
752.418749394556,178.10247594358881
753.2784800929963,179.98027522603113
754.1382107914367,174.08461187475146
754.9979414898771,196.7898065960411
755.8576721883175,178.58143029583238
756.7174028867579,182.33444570350326
757.5771335851982,175.35344912106862
758.4368642836386,182.49266044400684
759.296594982079,177.09875102023756
760.1563256805193,173.07689961624496
761.0160563789598,172.8425804767465
761.8757870774001,183.41587824691672
762.7355177758404,168.78232721583637
763.5952484742809,184.2674661835574
764.4549791727212,176.9754690089099
765.3147098711617,188.20378981625268
766.174440569602,177.6630081157867
767.0341712680423,186.96706231279606
767.8939019664828,187.87787463701775
768.7536326649231,194.88609955300663
769.6133633633635,194.1555805854018
770.4730940618039,191.0061882223843
771.3328247602442,200.24649977533852
772.1925554586846,209.25482439718922
773.052286157125,203.04362835178915
773.9120168555654,188.23451384946603
774.7717475540057,180.42371556647132
775.6314782524461,198.05834330378087
776.4912089508865,212.4412180210226
777.3509396493268,198.27526606263058
778.2106703477673,198.79423982550546
779.0704010462076,207.6635570120101
779.930131744648,199.61731541088653
780.7898624430884,185.47493341502044
781.6495931415287,211.10497712897111
782.5093238399692,194.10652525023121
783.3690545384095,200.62557430102453
784.2287852368498,203.48970492637892
785.0885159352903,200.93585283700395
785.9482466337306,201.02789542788838
786.807977332171,197.71405018052758
787.6677080306114,202.09159168511218
788.5274387290517,201.14647028616864
789.3871694274922,201.1437052743115
790.2469001259325,213.4812108025033
791.1066308243729,201.09315011598426
791.9663615228133,201.05149657361846
792.8260922212536,208.377586207858
793.685822919694,200.95077907274316
794.5455536181344,205.44067100419753
795.4052843165748,215.20188458385627
796.2650150150151,207.17694265325093
797.1247457134555,191.79618038423857
797.9844764118959,200.7364492137544
798.8442071103362,200.71526871555318
799.7039378087767,200.70093885088966
800.563668507217,185.4360151223462
801.4233992056573,191.14849104633814
802.2831299040978,188.16217977605675
803.1428606025381,203.35293153267304
804.0025913009786,200.7071957074804
804.8623219994189,196.2909197118999
805.7220526978592,201.68807144528176
806.5817833962997,211.47809127790197
807.44151409474,211.11272339446055
808.3012447931804,206.814445986702
809.1609754916208,200.7923649981402
810.0207061900611,202.40625292777796
810.8804368885015,194.21341152474986
811.7401675869419,189.5055100663008
812.5998982853823,200.83401503164254
813.4596289838227,191.87597413527678
814.319359682263,208.42933489296166
815.1790903807034,210.42905782387635
816.0388210791438,200.867570254694
816.8985517775842,187.93520116908456
817.7582824760245,197.39553674155673
818.6180131744649,189.19131617569215
819.4777438729053,200.9181026126235
820.3374745713456,210.34347260584727
821.1972052697861,195.4739578511817
822.0569359682264,200.98223089357643
822.9166666666667,197.58226544361648
823.7763973651072,201.0433514379018
824.6361280635475,201.0805978873853
825.495858761988,184.8470259670819
826.3555894604283,201.17042259134968
827.2153201588686,201.2237846259731
828.0750508573091,207.74391431649124
828.9347815557494,201.34935592932186
829.7945122541898,190.18496923878698
830.6542429526302,201.49934234486528
831.5139736510705,200.16618234879112
832.373704349511,211.159662259544
833.2334350479513,189.0153081956177
834.0931657463917,191.5067396953157
834.952896444832,208.23352520992805
835.8126271432724,206.3589098113638
836.6723578417128,202.09240366870668
837.5320885401532,197.06333898838102
838.3918192385936,215.34207720962735
839.2515499370339,216.53077583444772
840.1112806354743,185.4284983587629
840.9710113339147,201.30375796726975
841.830742032355,202.46022475367508
842.6904727307955,210.18268855643728
843.5502034292358,187.81749167458344
844.4099341276761,216.3687951182418
845.2696648261166,207.1251637384484
846.1293955245569,196.20836404706236
846.9891262229974,202.43544493893174
847.8488569214377,190.57336197099602
848.708587619878,199.1820638288802
849.5683183183185,204.00374742192022
850.4280490167588,200.00177922104095
851.2877797151992,191.63659432295674
852.1475104136396,195.63536870269476
853.0072411120799,201.72629684678216
853.8669718105203,201.59532974325566
854.7267025089607,201.465356325507
855.5864332074011,208.1913999312846
856.4461639058414,201.2196268952909
857.3058946042818,198.03075517191905
858.1656253027222,188.49590981468364
859.0253560011625,200.96249995031357
859.885086699603,197.22342862837698
860.7448173980433,197.57330572171642
861.6045480964837,202.66403713460133
862.4642787949241,200.80343147872964
863.3240094933644,186.8690436969257
864.1837401918049,208.5379206043393
865.0434708902452,193.65340078215922
865.9032015886855,201.01177492265293
866.762932287126,201.08581618289463
867.6226629855663,191.65289439174575
868.4823936840068,217.25758945180718
869.3421243824471,192.89619951200623
870.2018550808874,210.5068123580694
871.0615857793279,201.33593891359556
871.9213164777682,201.32669251038405
872.7810471762086,208.7618341217262
873.640777874649,201.22121791305594
874.5005085730893,207.88337687306378
875.3602392715297,201.021267590742
876.2199699699701,210.58622818035212
877.0797006684105,200.795639242663
877.9394313668508,211.01905692314827
878.7991620652913,200.56122171349926
879.6588927637316,200.45734992836424
880.518623462172,210.39259420652442
881.3783541606124,200.30305749975722
882.2380848590527,189.51772268760985
883.0978155574932,200.25322455100417
883.9575462559335,200.27029706034077
884.8172769543738,212.43694508882086
885.6770076528143,200.3734917729824
886.5367383512546,204.9350684508067
887.396469049695,192.8115880853601
888.2561997481354,202.51934272934247
889.1159304465757,200.76859825658934
889.9756611450161,200.88846557348566
890.8353918434565,201.01052047466914
891.6951225418969,201.1316386130843
892.5548532403373,209.2083576684348
893.4145839387776,201.35858361296488
894.274314637218,201.4593362086204
895.1340453356584,204.230828744726
895.9937760340988,216.19800966529044
896.8535067325391,186.93300510693973
897.7132374309795,201.770724847442
898.5729681294199,201.82603080183264
899.4326988278602,212.7131134281425
900.2924295263007,201.91010318712546
901.152160224741,214.20145105867883
902.0118909231813,201.95927518194753
902.8716216216218,207.43692454689094
903.7313523200621,207.05108100145807
904.5910830185026,201.96886974927145
905.4508137169429,197.2017534745247
906.3105444153832,201.93334038236375
907.1702751138237,201.9032165137539
908.030005812264,197.5899932557297
908.8897365107044,201.81861463685763
909.7494672091448,190.57182287683864
910.6091979075851,191.97382800710128
911.4689286060255,186.74927437405324
912.3286593044659,214.1260142413375
913.1883900029063,201.46844361576655
914.0481207013466,203.74741930419376
914.907851399787,201.27443844445804
915.7675820982274,201.16616936555377
916.6273127966678,202.8249063671658
917.4870434951082,200.9274624518804
918.3467741935485,200.79717030936547
