59.4758064516129,201.3250976665611
60.33553715005327,201.29264307671758
61.19526784849365,201.25674269634865
62.05499854693402,201.21773641248825
62.9147292453744,201.85593543910724
63.774459943814776,201.1317656824279
64.63419064225515,201.08548101029572
65.49392134069552,201.03744998280732
66.35365203913591,200.98801248699627
67.21338273757628,200.93750840989662
68.07311343601665,200.88627763854208
68.93284413445703,212.43329260726787
69.7925748328974,200.7829955612038
70.65230553133779,195.21333037723167
71.51203622977816,200.68088535125176
72.37176692821853,200.63111941413018
73.2314976266589,216.0144199327933
74.0912283250993,200.53586531076488
74.95095902353967,200.49105691858875
75.81068972198004,200.57933339124628
76.67042042042041,208.3905717357189
77.5301511188608,200.37198502449243
78.38988181730117,200.00701973177237
79.24961251574155,200.30879703412631
80.10934321418192,200.28308068175414
80.96907391262229,200.26172965732573
81.82880461106268,200.24479610120522
82.68853530950305,200.23194341654118
83.54826600794343,200.22280656469653
84.4079967063838,200.21702050703436
85.26772740482417,200.21422020491786
86.12745810326456,200.2140406197101
86.98718880170493,200.2161167127741
87.8469195001453,206.24336019227442
88.70665019858568,200.22557577916982
89.56638089702605,200.2322286752277
90.42611159546644,200.23967709500968
91.28584229390681,200.2475559998788
92.14557299234718,200.19323611220062
93.00530369078756,197.64519326005293
93.86503438922793,200.27012539673612
94.72476508766832,189.11588750384013
95.58449578610869,200.28127263959934
96.44422648454906,190.69284764322083
97.30395718298945,200.28876069033362
98.16368788142981,200.29120987846014
99.0234185798702,200.29283710032385
99.88314927831057,200.2936732998478
100.74287997675094,200.29374942095512
101.60261067519133,197.4454646472591
102.46234137363169,206.85855353135943
103.32207207207207,200.28972675300872
104.18180277051245,200.28707199968088
105.04153346895282,201.90031084909958
105.90126416739321,195.81579576320064
106.76099486583357,200.2755993625839
107.62072556427395,200.27070883759086
108.48045626271433,206.11235268462588
109.3401869611547,195.3703695363169
110.19991765959509,197.09375455914326
111.05964835803545,200.24812123086232
111.91937905647583,200.2426771708289
112.7791097549162,200.23772174424462
113.63884045335658,195.0153735437374
114.49857115179697,200.23009191377756
115.35830185023732,200.22782507107152
116.21803254867771,196.53176651448663
117.07776324711809,200.2274064336569
117.93749394555846,200.2296622001252
118.79722464399885,201.42643828014033
119.65695534243922,200.24012280635523
120.51668604087959,191.47725896634162
121.37641673931996,200.25987404756623
122.23614743776034,200.27374100702045
123.09587813620072,200.290378873771
123.9556088346411,189.98055438185227
124.81533953308147,194.49668808059315
125.67507023152184,200.35457030631449
126.53480092996222,207.71310490401214
127.3945316284026,200.40676135286725
128.254262326843,200.43492547298504
129.11399302528335,200.4641351329455
129.9737237237237,194.66815364491933
130.8334544221641,191.2552324063711
131.69318512060448,197.77699075439324
132.55291581904487,200.58642630044318
133.41264651748523,207.95763725537518
134.2723772159256,200.64734139124502
135.13210791436597,200.67686581102413
135.99183861280636,188.7424521296849
136.85156931124675,200.73279768164556
137.7113000096871,187.0913917057128
138.57103070812747,200.78290597009413
139.43076140656785,207.98611856673773
140.29049210500824,200.8248486704039
141.15022280344863,200.84100657374577
142.009953501889,200.85257192657215
142.86968420032935,200.8584987366261
143.72941489876973,193.87697156259918
144.58914559721012,200.8492527593899
145.4488762956505,200.8319879875862
146.30860699409087,200.80490070398304
147.16833769253125,200.76694491632355
148.0280683909716,200.7170746323511
148.887799089412,192.2329301252414
149.7475297878524,200.57740660643998
150.60726048629274,191.73211492757204
151.46699118473313,182.8101300221998
152.3267218831735,200.25239591206014
153.18645258161388,200.1089839217433
154.04618328005427,199.94591479666275
154.90591397849462,204.83747253963915
155.765644676935,199.5551277142637
156.62537537537537,188.41511624935518
157.48510607381576,199.0686798089702
158.34483677225614,198.78603465527155
159.2045674706965,198.47521622488938
160.0642981691369,198.13480516083717
160.92402886757725,201.32103138679972
161.78375956601764,208.67634710951987
162.64349026445802,196.92205015712392
163.5032209628984,196.4585309027707
164.36295166133877,177.0770243555424
165.22268235977913,193.95162832996175
166.08241305821952,195.1041016171901
166.9421437566599,205.09997713917335
167.8018744551003,194.39593318243462
168.66160515354065,194.08919120066082
169.521335851981,193.78886663714056
170.3810665504214,193.47606273688487
171.24079724886178,192.85037111071088
172.10052794730217,192.7374299062107
172.96025864574253,194.50608700723478
173.8199893441829,184.69344498941265
174.67972004262327,191.0638617852285
175.53945074106366,200.5805772597126
176.39918143950405,189.48766631678677
177.2589121379444,173.07494016264744
178.11864283638477,172.91625820399955
178.97837353482515,187.15253482560703
179.83810423326554,186.53208713666174
180.69783493170593,185.99823312406417
181.55756563014629,185.54381472490795
182.41729632858664,185.1616738762871
183.27702702702703,184.8446525152953
184.13675772546742,182.45423288012418
184.9964884239078,184.37733600457406
185.85621912234816,169.50065988102696
186.71594982078852,184.08460068949483
187.5756805192289,183.98580582305547
188.4354112176693,197.666213969541
189.29514191610966,183.84757143982685
190.15487261455004,183.79381638417368
191.01460331299043,183.74075947793585
191.8743340114308,183.6812432992649
192.73406470987118,177.39648354830973
193.59379540831154,183.51420343723103
194.45352610675192,179.27235676716873
195.3132568051923,183.2393152687325
196.17298750363267,183.074055064395
197.03271820207306,186.30363825334257
197.89244890051341,174.77635266235265
198.7521795989538,182.76122077856112
199.6119102973942,182.7607720339894
200.47164099583455,175.6120603974092
201.33137169427494,182.90026285002588
202.19110239271532,183.0312519750177
203.05083309115568,183.19710328758106
203.91056378959607,183.39334156990768
204.77029448803643,180.7922289882932
205.63002518647681,183.8590781726183
206.4897558849172,198.60481129253745
207.34948658335756,184.3926600406841
208.20921728179795,184.67370490470472
209.0689479802383,184.95828543163972
209.9286786786787,187.86172038323525
210.78840937711908,185.52015493484598
211.64814007555944,185.79039664671842
212.50787077399983,186.05540322795505
213.36760147244019,182.07175056476584
214.22733217088057,184.0148842095723
215.08706286932096,186.85579906831614
215.94679356776132,187.13665200747582
216.8065242662017,187.43066325623292
217.66625496464206,187.74151150263407
218.52598566308245,188.072875434726
219.38571636152284,188.42843374055528
220.2454470599632,188.8118651081687
221.10517775840358,196.87906632842692
221.96490845684394,189.67706178093422
222.82463915528433,190.16618446217973
223.68436985372472,177.66060938822514
224.54410055216508,178.45664918480506
225.40383125060546,194.3946730382685
226.26356194904582,182.1418829677849
227.1232926474862,193.20185601361246
227.9830233459266,199.57935352921885
228.84275404436696,204.4593282437021
229.70248474280734,195.23854602529917
230.5622154412477,195.9001080357234
231.4219461396881,196.53813788675137
232.28167683812848,201.80714194648513
233.14140753656883,197.70792552023278
234.00113823500922,198.2218455074935
234.8608689334496,186.414738810181
235.72059963188997,199.065274173307
236.58033033033036,188.7215967482664
237.4400610287707,213.2086068633679
238.2997917272111,180.54369211092498
239.1595224256515,200.03023243240247
240.01925312409185,200.1475547839626
240.87898382253223,203.70528566568584
241.7387145209726,200.2664823717037
242.59844521941298,200.27751147659248
243.45817591785337,200.26253336796537
244.31790661629373,184.85939567041993
245.1776373147341,210.4261779230586
246.03736801317447,200.10867510452718
246.89709871161486,200.0367874853752
247.75682941005525,213.4435974730431
248.6165601084956,201.3165652803815
249.476290806936,204.680125149226
250.33602150537635,199.77188093484224
251.19575220381674,199.7348629936877
252.05548290225713,199.7169029861402
252.91521360069748,185.24055859959708
253.77494429913787,199.73107045427133
254.63467499757823,199.7588314098989
255.49440569601862,202.72770679053664
256.35413639445903,199.84479146415083
257.21386709289936,199.89862404272418
258.07359779133975,199.95678064222855
258.93332848978014,201.24360361744908
259.79305918822047,200.0773328639283
260.6527898866609,197.22143676209842
261.51252058510124,200.18898204904627
262.37225128354163,200.23600985282346
263.231981981982,200.27426394929853
264.09171268042235,207.97773386782768
264.9514433788628,200.321319381899
265.8111740773031,200.3322004143372
266.6709047757435,200.33627041023945
267.5306354741839,189.79154983550697
268.3903661726242,200.3288375505522
269.25009687106467,197.3167998928961
270.109827569505,200.30874131906944
270.9695582679454,202.3406711582752
271.8292889663858,200.28570223202345
272.6890196648261,199.26264477443402
273.54875036326655,202.83807122843166
274.4084810617069,200.26688937653162
275.26821176014727,200.2696774125013
276.12794245858765,201.27130616623705
276.987673157028,191.04877569639822
277.84740385546843,192.0952591811102
278.70713455390876,200.33757578086076
279.56686525234915,200.36578291317622
280.42659595078953,200.39720439059053
281.28632664922986,200.4312008776081
282.1460573476703,200.4671330387331
283.00578804611064,200.50436153847
283.865518744551,204.9539357081099
284.7252494429914,200.58015021179645
285.58498014143174,200.61743171439483
286.4447108398722,200.65345221362224
287.3044415383125,200.6875723739831
288.1641722367529,200.7191528599818
289.0239029351933,200.7475543361225
289.8836336336336,200.77213746690964
290.74336433207407,207.32937249720496
291.6030950305144,200.80729135044047
292.4628257289548,198.20900892460003
293.32255642739517,200.81949982660876
294.1822871258355,200.81540119819277
295.04201782427594,200.80364821144914
295.9017485227163,194.01476015210906
296.76147922115666,214.99589966486604
297.62120991959705,191.94521535438386
298.4809406180374,200.67877008098574
299.3406713164778,200.63149323193022
300.20040201491815,211.9808334629402
301.06013271335854,208.5366746445182
301.91986341179893,206.4498226080953
302.77959411023926,200.4022209886559
303.6393248086797,200.33887453507327
304.49905550712003,200.2747218519846
305.3587862055604,193.18819462033557
306.2185169040008,200.14720805248857
307.07824760244114,200.0854520636808
307.9379783008816,200.02610010056625
308.7977089993219,199.96995472694465
309.6574396977623,199.91781850661584
310.5171703962027,199.87049400337983
311.376901094643,199.82878378103607
312.23663179308346,199.79349040338468
313.0963624915238,199.76541643422524
313.9560931899642,199.7453644373577
314.81582388840457,199.73413697658182
315.6755545868449,212.2710614681313
316.53528528528534,199.7413659184892
317.39501598372567,208.73228295037336
318.2547466821661,199.79077238825045
319.11447738060644,197.4686807696549
319.9742080790468,199.87507796017675
320.8339387774872,199.92719262917973
321.69366947592755,199.98428173739737
322.553400174368,200.0450951727209
323.4131308728083,200.10838282304138
324.27286157124865,200.1728945762501
325.1325922696891,210.16143058114864
325.99232296812943,208.47705100711272
326.8520536665699,200.3612733321164
327.7117843650102,200.41818037578912
328.57151506345053,200.47006096180561
329.431245761891,200.51566497805723
330.2909764603313,200.55374231243496
331.15070715877175,200.58304285283003
332.0104378572121,200.6023164871335
332.8701685556524,200.6103131032365
333.72989925409286,200.60578258903033
334.5896299525332,197.915461088201
335.44936065097363,200.55413972125473
336.30909134941396,200.50452714346756
337.1688220478543,200.43738698693573
338.02855274629474,199.4914049755337
338.88828344473507,200.24551426977976
339.7480141431755,200.11648845832164
340.60774484161584,199.9574833591564
341.46747554005617,199.76107930335385
342.3272062384966,202.21784803568988
343.18693693693695,188.50180812432745
344.0466676353774,198.87327670682114
344.9063983338177,203.1599374377867
345.76612903225805,197.9583862622275
346.6258597306985,197.3817754190687
347.4855904291388,196.71582793676188
348.34532112757927,195.45611436522404
349.2050518260196,195.088939567062
350.06478252445993,194.1852970979153
350.9245132229004,202.79445271861266
351.7842439213407,192.51698874936122
352.64397461978115,191.75729190243908
353.5037053182215,191.0455082644785
354.3634360166618,190.38034407852317
355.22316671510225,189.7605055876167
356.0828974135426,189.18469903480286
356.942628111983,188.65163066312525
357.80235881042336,188.16000671562765
358.6620895088637,187.7081857407086
359.52182020730413,187.29280729801533
360.38155090574446,186.90998065892268
361.2412816041849,178.0473164572354
362.10101230262524,185.48006014674147
362.96074300106557,185.91790276525848
363.820473699506,194.09638785162662
364.68020439794634,185.34794372450423
365.5399350963868,187.71213902888817
366.3996657948271,184.81499519368091
367.25939649326745,184.55646470815904
368.1191271917079,184.30581126075762
368.9788578901482,184.06582000660913
369.83858858858866,183.83927610084586
370.698319287029,184.85379643721052
371.5580499854693,183.4376709550049
372.41778068390977,194.3734292529602
373.2775113823501,183.12327706429383
374.13724208079054,183.00574722744304
374.9969727792309,182.91837566977185
375.8567034776712,182.86394754641282
376.71643417611165,182.84524801249825
377.576164874552,182.864740712739
378.4358955729924,182.920936936669
379.29562627143275,179.74376804354677
380.1553569698731,187.57297777927658
381.0150876683135,183.26810505812452
381.87481836675386,200.1824840171302
382.7345490651943,200.39434348214417
383.59427976363463,183.79507399376075
384.45401046207496,183.99116607544303
385.3137411605154,184.19210911668446
386.17347185895574,184.39709815296956
387.0332025573962,184.60542834715133
387.8929332558365,180.2387209181716
388.75266395427684,185.02929286061686
389.6123946527173,172.56577830064617
390.4721253511576,185.45806395990508
391.33185604959806,185.67252738636518
392.1915867480384,178.96990676820226
393.0513174464787,178.800854877995
393.91104814491916,174.3406748064731
394.7707788433595,186.51445407088164
395.63050954179994,186.71742980094479
396.49024024024027,186.9159934802875
397.3499709386806,187.10944554962964
398.20970163712104,174.53332075176266
399.0694323355614,187.4851216741245
399.9291630340018,197.88062076401985
400.78889373244215,191.2529812415384
401.6486244308825,188.067079657875
402.5083551293229,188.2788321648865
403.36808582776325,188.50482133084495
404.2278165262037,202.11814784000194
405.087547224644,189.0123578061618
405.94727792308447,189.30032919879974
406.8070086215248,189.6153854169438
407.66673931996513,189.96073850223365
408.5264700184056,190.33960049630923
409.3862007168459,190.75518344081016
410.24593141528635,186.51603671228526
411.1056621137267,191.70936034764742
411.965392812167,181.63068107168127
412.82512351060745,188.5530320444832
413.6848542090478,193.44999022125384
414.54458490748823,194.0833668706079
415.40431560592856,194.7272343757013
416.2640463043689,195.37193511708477
417.12377700280933,196.00781147530913
417.98350770124966,196.62520583092507
418.8432383996901,197.21446056448332
419.70296909813044,197.7659180565346
420.56269979657077,196.18797280593702
421.4224304950112,198.72085903757326
422.28216119345154,199.12099254557094
423.141891891892,199.47366742978684
424.0016225903323,199.78220276340292
424.86135328877265,200.04991761960125
425.7210839872131,200.28013107156397
426.5808146856534,191.0736515819482
427.44054538409387,213.90986474640064
428.3002760825342,207.17079623125346
429.1600067809745,200.89226969462882
430.01973747941497,200.9839965807105
430.8794681778553,187.90535768985305
431.73919887629575,207.69301521795646
432.5989295747361,201.1548253827662
433.4586602731764,201.18537769837232
434.31839097161685,201.20693137159773
435.1781216700572,201.22200440253752
436.0378523684976,204.44924870633156
436.89758306693795,206.9470167959461
437.7573137653783,201.2535196425954
438.61704446381873,201.26785010534505
439.47677516225906,201.28828992628524
440.3365058606995,197.67034720929894
441.19623655913983,197.31141898774231
442.05596725758016,206.84099920935174
442.9156979560206,204.99599570707096
443.77542865446094,201.52841088860478
444.6351593529014,200.2390012052019
445.4948900513417,201.66439261186338
446.35462074978204,201.73256162984512
447.2143514482225,203.90354757451553
448.0740821466628,206.35653098188044
448.93381284510326,201.91228453914397
449.7935435435436,201.95684835790132
450.6532742419839,201.99019904975754
451.51300494042437,202.01021188387446
452.3727356388647,195.35660392231023
453.23246633730514,202.0017250555387
454.09219703574547,201.9689759314099
454.9519277341858,208.0130206386336
455.81165843262625,201.83585081366715
456.6713891310666,201.73313013707102
457.531119829507,201.6102886706526
458.39085052794735,187.5546880634174
459.2505812263877,201.32285491336688
460.1103119248281,201.16756839500877
460.97004262326845,203.2456092831682
461.8297733217089,200.8571205101345
462.68950402014923,217.99889606028498
463.54923471858956,200.5778587360801
464.40896541703,200.46155485624672
465.26869611547033,200.36700616288192
466.1284268139108,200.2988655422403
466.9881575123511,200.26175088860185
467.84788821079144,200.081043509172
468.7076189092319,200.28305758552526
469.5673496076722,200.33502894200154
470.42708030611266,200.40993077252153
471.286811004553,200.50430192861063
472.1465417029933,200.61468126179415
473.00627240143376,200.73760762359777
473.8660030998741,210.99522352122767
474.72573379831454,200.09418975091845
475.58546449675487,201.14705739598298
476.4451951951952,201.28556038752103
477.30492589363564,201.41930466530633
478.16465659207597,201.54482908086422
479.0243872905164,201.65867248572033
479.88411798895675,201.75737373139992
480.7438486873971,197.95210333984235
481.6035793858375,201.89550515133166
482.46331008427785,201.9280130286347
483.3230407827183,213.63837267713168
484.1827714811586,201.90260737554223
485.04250217959896,201.8377822264543
485.9022328780394,210.99796926717758
486.76196357647973,204.98361485613964
487.6216942749202,192.68501464945788
488.4814249733605,200.5137970653452
489.34115567180083,215.91542132640356
490.2008863702413,200.869289779684
491.0606170686816,202.96581164664354
491.92034776712205,200.46441259872967
492.7800784655624,214.24081238958826
493.6398091640027,209.1435576093154
494.49953986244316,199.94130234280473
495.3592705608835,199.81282327734573
496.21900125932393,199.71701708718237
497.07873195776426,199.65659472401794
497.9384626562046,199.62888334291256
498.79819335464504,199.6306743300254
499.65792405308537,187.85181718970475
500.5176547515258,199.70992895354192
501.37738544996614,212.15091784127424
502.23711614840647,206.38047006941014
503.0968468468469,199.9698633044292
503.95657754528725,200.0812876101911
504.8163082437277,199.8764742926647
505.676038942168,200.3220538218686
506.53576964060835,200.44497850010217
507.3955003390488,192.41959782516716
508.2552310374891,213.18940379805946
509.11496173592957,200.785415458291
509.9746924343699,200.87875337271348
510.83442313281023,200.9566730615807
511.6941538312507,199.69099271359258
512.553884529691,201.05342330728578
513.4136152281314,201.06583663644173
514.2733459265718,208.30430796307456
515.1330766250121,201.00269663815567
515.9928073234526,192.85580632669422
516.8525380218929,200.8008770054659
517.7122687203333,200.63994079161728
518.5719994187737,200.4347088276449
519.431730117214,200.18198594592505
520.2914608156544,199.87944110413264
521.1511915140948,206.9345982581864
522.0109222125352,199.12117741408127
522.8706529109755,198.66378783187596
523.7303836094159,198.15311260225323
524.5901143078563,197.58831635824004
525.4498450062966,196.96856373286312
526.3095757047371,203.0789131793822
527.1693064031774,195.56084787012526
528.0290371016177,184.87113132422556
528.8887678000582,198.2847741314992
529.7484984984985,193.13102953986697
530.608229196939,192.32525671940476
531.4679598953793,182.8747297152315
532.3276905938197,190.87699050616922
533.1874212922601,172.2344691648012
534.0471519907004,189.8152997621728
534.9068826891408,189.45337037879042
535.7666133875812,194.77108309861342
536.6263440860216,188.98352519200694
537.486074784462,188.8381906696931
538.3458054829023,188.7276357154892
539.2055361813427,188.63315096993895
540.065266879783,198.3994150601235
540.9249975782235,188.41755466697364
541.7847282766638,188.2590243906458
542.6444589751042,200.4192194127191
543.5041896735446,187.7603151360194
544.3639203719849,187.42610256771673
545.2236510704254,179.30495976153767
546.0833817688657,186.6538874234024
546.943112467306,186.24282919955724
547.8028431657465,185.8331001093643
548.6625738641868,189.4822954340391
549.5223045626273,185.07151803426848
550.3820352610676,174.2330980287133
551.2417659595079,184.47691860678088
552.1014966579484,194.5185859344207
552.9612273563887,184.13232574306326
553.8209580548291,184.04085726707606
554.6806887532695,183.98745130191946
555.5404194517098,183.96023265565844
556.4001501501502,183.94732613635793
557.2598808485906,176.120992997109
558.119611547031,183.91694871089885
558.9793422454713,183.87669827281454
559.8390729439117,183.82001516033702
560.6988036423521,183.7623621669805
561.5585343407924,183.71950799114362
562.4182650392329,203.688165093041
563.2779957376732,183.7412708856245
564.1377264361136,183.8374253527398
564.997457134554,178.81004901317493
565.8571878329943,179.38071429437633
566.7169185314348,184.57486932796326
567.5766492298751,184.93972418559406
568.4363799283154,185.34196124414467
569.2961106267559,185.76825642073166
570.1558413251962,189.28793061009878
571.0155720236367,195.250994629476
571.875302722077,187.05824982987434
572.7350334205174,183.11417917609404
573.5947641189578,190.89304630629726
574.4544948173981,199.35143391382925
575.3142255158385,194.277867938145
576.1739562142789,188.48145417884263
577.0336869127193,182.63090931938297
577.8934176111596,188.74851993868091
578.7531483096,187.07989952482825
579.6128790080404,189.05672140853318
580.4726097064807,189.27951396344906
581.3323404049212,189.57650956035
582.1920711033615,189.96743416683665
583.0518018018018,187.2751390384293
583.9115325002423,191.00943952154344
584.7712631986826,186.98435440706854
585.6309938971231,176.5399833796003
586.4907245955634,192.96639792956248
587.3504552940037,182.79277672960347
588.2101859924442,194.33329799978267
589.0699166908845,194.99049997746033
589.9296473893249,195.62019529310828
590.7893780877653,196.2161561680791
591.6491087862056,191.17385436002465
592.508839484646,193.23784159344808
593.3685701830864,197.73935436245517
594.2283008815268,196.80874156849742
595.0880315799672,198.47197168011826
595.9477622784075,207.35189946849937
596.8074929768479,198.92812326003244
597.6672236752883,199.07037059389606
598.5269543737287,199.18210175880034
599.386685072169,199.2827502795608
600.2464157706094,199.37969969930126
601.1061464690498,199.473102241817
601.9658771674901,199.56301180823306
602.8256078659306,215.25045209724928
603.6853385643709,199.7325676172663
604.5450692628112,185.59495848463496
605.4047999612517,199.88879833540184
606.264530659692,208.68926721988453
607.1242613581325,200.0321351716401
607.9839920565728,200.09910313686055
608.8437227550131,190.22707765699474
609.7034534534536,188.02517453418253
610.5631841518939,193.04181198298335
611.4229148503343,200.33689633800253
612.2826455487747,200.3890944789785
613.142376247215,200.43850035848087
614.0021069456554,200.4851678776346
614.8618376440958,208.39128239362952
615.7215683425362,200.5705034393967
616.5812990409765,200.60927928425522
617.4410297394169,200.64553237326552
618.3007604378573,200.6793166075526
619.1604911362977,206.59316316992562
620.0202218347381,186.4546508425592
620.8799525331784,200.7663951933257
621.7396832316188,200.79084301997088
622.5994139300592,200.81308833979318
623.4591446284995,200.83315202983658
624.31887532694,200.85103851725424
625.1786060253803,196.05423175058533
626.0383367238207,200.88029690715402
626.8980674222611,206.15055561868135
627.7577981207014,200.9008975553754
628.6175288191419,200.90796186569509
629.4772595175822,200.9128745078012
630.3369902160226,200.9156397374292
631.196720914463,200.91626181031432
632.0564516129033,217.87515457182047
632.9161823113437,200.9110935087975
633.7759130097841,185.68242340655794
634.6356437082245,200.89740364913354
635.4953744066648,200.88737377433483
636.3551051051052,200.87522627720543
637.2148358035456,200.86096541348064
638.0745665019859,210.21521772041112
638.9342972004264,200.82612060918643
639.7940278988667,200.16898556889475
640.653758597307,200.7828838289099
641.5134892957475,200.7582956134444
642.3732199941878,202.43133599035554
643.2329506926283,203.52290606987575
644.0926813910686,216.69800187466058
644.9524120895089,211.3045289524006
645.8121427879494,200.61575978131742
646.6718734863897,210.07168903161778
647.5316041848301,205.3673925899638
648.3913348832705,209.59496980930135
649.2510655817108,200.49423626189764
650.1107962801512,192.7504194135373
650.9705269785916,200.43684979669692
651.830257677032,195.17480727635711
652.6899883754724,200.38456132375413
653.5497190739127,200.36099628654785
654.4094497723531,200.33950669000816
655.2691804707935,198.35611860258072
656.1289111692339,205.09504083196975
656.9886418676742,200.29016035306208
657.8483725661146,200.27964232786223
658.708103264555,200.27253464766576
659.5678339629953,200.26910429333998
660.4275646614358,200.26961778330545
661.2872953598761,207.07384640524737
662.1470260583164,180.31016770487645
663.0067567567569,194.6948790635225
663.8664874551972,196.03417400755865
664.7262181536377,200.32746826584489
665.585948852078,207.58021796168794
666.4456795505183,200.37079128600988
667.3054102489588,205.252200405594
668.1651409473991,200.42195466983833
669.0248716458395,200.44970718970535
669.8846023442799,200.47849663038278
670.7443330427202,200.50801526850228
671.6040637411606,200.53795538069548
672.463794439601,200.56800924359368
673.3235251380414,200.5978691338286
674.1832558364817,200.6272273280317
675.0429865349221,207.0891695684413
675.9027172333625,200.68320773486857
676.7624479318029,214.422306620876
677.6221786302433,199.75998328330164
678.4819093286836,203.57231691327678
679.341640027124,200.7756083679484
680.2013707255644,202.89749492830614
681.0611014240047,200.80711373251626
681.9208321224452,200.8182196594595
682.7805628208855,203.771974956439
683.6402935193258,195.96836769636354
684.5000242177663,197.23013584224051
685.3597549162066,192.35066859971212
686.219485614647,200.820366971953
687.0792163130874,184.14623535358672
687.9389470115277,200.7932027377931
688.7986777099682,213.95841636855533
689.6584084084085,198.87171623171872
690.5181391068489,194.79830867097272
691.3778698052893,200.6835005330639
692.2376005037296,200.64356647155046
693.09733120217,200.59829564067743
693.9570619006104,200.54752135783122
694.8167925990508,200.49107694039833
695.6765232974911,200.4287957057651
696.5362539959315,200.36051097131806
697.3959846943719,200.28605605444355
698.2557153928122,194.41406725370504
699.1154460912527,204.73757187729169
699.975176789693,200.0141182442815
700.8349074881334,209.71876233294114
701.6946381865738,199.76526322748373
702.5543688850141,199.61183230796016
703.4140995834546,199.43518339220367
704.2738302818949,207.76971473327842
705.1335609803352,184.6488943191907
705.9932916787757,198.73681075141306
706.853022377216,203.5897839270505
707.7127530756565,198.10175616349485
708.5724837740968,209.96045507740064
709.4322144725371,203.5280779173
710.2919451709776,196.83672920828428
711.1516758694179,196.32008770387577
712.0114065678583,177.9425982794741
712.8711372662987,195.12688516637726
713.730867964739,194.44450059943227
714.5905986631794,193.70459151659904
715.4503293616198,192.92096905066447
716.3100600600602,192.11050351853848
717.1697907585005,205.20097043410402
718.0295214569409,190.4765245233528
718.8892521553813,189.6867516941132
719.7489828538216,192.50964267680013
720.6087135522621,188.24599095689103
721.4684442507024,187.62678348354112
722.3281749491427,177.78095405156995
723.1879056475832,175.73332162917598
724.0476363460235,186.19202680324292
724.907367044464,185.8390709900434
725.7670977429043,185.5409229310018
726.6268284413446,185.29287835454286
727.4865591397851,185.0902329890914
728.3462898382254,179.89301652513356
729.2060205366658,179.8721570122468
730.0657512351062,184.70764944302903
730.9254819335465,184.639558205855
731.785212631987,184.59334482181214
732.6449433304273,184.56430501932533
733.5046740288677,185.40491528365305
734.364404727308,171.44238715482177
735.2241354257484,184.53318438544883
736.0838661241888,184.5257961934339
736.9435968226292,184.51206022509882
737.8033275210696,185.74029038716645
738.6630582195099,175.14918338516773
739.5227889179503,184.38615658585783
740.3825196163907,184.30559241350008
741.242250314831,184.20753278646723
742.1019810132715,184.0945041430273
742.9617117117118,183.96903292144896
743.8214424101521,183.83364556000043
744.6811731085926,182.08982446132364
745.5409038070329,183.5432281705662
746.4006345054734,180.2212902627034
747.2603652039137,183.24346348087133
748.120095902354,180.15184877726952
748.9798266007945,191.45817848336412
749.8395572992348,182.82050292803655
750.6992879976752,191.2189126347983
751.5590186961156,182.58579532708237
752.418749394556,168.03139930582395
753.2784800929963,179.5143873538296
754.1382107914367,182.35516184242164
754.9979414898771,182.3207705450802
755.8576721883175,182.3122464322506
756.7174028867579,182.33444570350326
757.5771335851982,182.39277985587552
758.4368642836386,182.49266044400684
759.296594982079,182.639499022537
760.1563256805193,182.83870714610558
761.0160563789598,183.09569636935228
761.8757870774001,172.70565154942233
762.7355177758404,183.8046643334385
763.5952484742809,169.28795828169442
764.4549791727212,184.80969535191284
765.3147098711617,183.8369225486489
766.174440569602,176.25765358230308
767.0341712680423,186.96706231279606
767.8939019664828,187.87787463701775
768.7536326649231,188.87006377590848
769.6133633633635,189.43514678005513
770.4730940618039,184.97520787569152
771.3328247602442,195.03459460434172
772.1925554586846,193.1906263302874
773.052286157125,194.24320754596215
773.9120168555654,192.56332305337529
774.7717475540057,196.15358337813498
775.6314782524461,196.96589057119968
776.4912089508865,202.10926446723562
777.3509396493268,212.69100431159015
778.2106703477673,206.3737179548204
779.0704010462076,199.23781920656992
779.930131744648,199.44469306671775
780.7898624430884,199.94368400430236
781.6495931415287,200.22327289478702
782.5093238399692,181.32433842686362
783.3690545384095,193.1183224092713
784.2287852368498,200.8124375903037
785.0885159352903,200.93585283700395
785.9482466337306,201.02789542788838
786.807977332171,212.46105314071934
787.6677080306114,215.7395287478982
788.5274387290517,217.756257039641
789.3871694274922,201.1437052743115
790.2469001259325,201.98285404908768
791.1066308243729,191.3887620352772
791.9663615228133,187.92102908210697
792.8260922212536,194.32573437803418
793.685822919694,200.95077907274316
794.5455536181344,200.897851718338
795.4052843165748,200.84730303069068
796.2650150150151,200.8022013118533
797.1247457134555,188.44399712936493
797.9844764118959,200.7364492137544
798.8442071103362,209.52653525973125
799.7039378087767,200.70093885088966
800.563668507217,186.47104892388174
801.4233992056573,200.68999064238628
802.2831299040978,199.73195300992754
803.1428606025381,200.69792382866558
804.0025913009786,204.2008030806296
804.8623219994189,203.85585970198997
805.7220526978592,187.0720663876945
806.5817833962997,200.7477113472577
807.44151409474,189.60606332054456
808.3012447931804,188.08022753399314
809.1609754916208,193.677645139922
810.0207061900611,201.22486438208566
810.8804368885015,200.81576604427158
811.7401675869419,200.82533972767018
812.5998982853823,200.83401503164254
813.4596289838227,200.84218384625987
814.319359682263,205.724537929086
815.1790903807034,200.8585695677144
816.0388210791438,200.867570254694
816.8985517775842,200.87763201260353
817.7582824760245,185.97743300201375
818.6180131744649,200.90250630149697
819.4777438729053,212.55389589816411
820.3374745713456,189.28222918665983
821.1972052697861,200.95757301859197
822.0569359682264,200.98223089357643
822.9166666666667,203.72991601892045
823.7763973651072,213.17315147040168
824.6361280635475,201.0805978873853
825.495858761988,205.14664099073826
826.3555894604283,184.73487131266938
827.2153201588686,191.0114214753383
828.0750508573091,201.28330230245228
828.9347815557494,201.34935592932186
829.7945122541898,201.42173065958923
830.6542429526302,201.49934234486528
831.5139736510705,213.47705083331377
832.373704349511,192.33512750196186
833.2334350479513,211.54898083176747
834.0931657463917,191.18337445139684
834.952896444832,218.17546190701304
835.8126271432724,202.0104183694816
836.6723578417128,201.11629671349775
837.5320885401532,202.17040161690835
838.3918192385936,202.24325917583266
839.2515499370339,202.3098233072255
840.1112806354743,199.7966042232812
840.9710113339147,202.4194591344007
841.830742032355,202.46022475367508
842.6904727307955,202.49008479240186
843.5502034292358,208.9582276602613
844.4099341276761,189.19301472872667
845.2696648261166,191.88408380364336
846.1293955245569,202.47740837675312
846.9891262229974,202.43544493893174
847.8488569214377,202.3756579980045
848.708587619878,202.29771960653767
849.5683183183185,202.20392037892665
850.4280490167588,205.84542199094543
851.2877797151992,201.97997576322066
852.1475104136396,203.3217517359012
853.0072411120799,196.02037759087779
853.8669718105203,207.50185698379735
854.7267025089607,185.35315919115735
855.5864332074011,201.3391856805231
856.4461639058414,201.2196268952909
857.3058946042818,191.97445052968493
858.1656253027222,201.0115812520297
859.0253560011625,200.92871256797466
859.885086699603,204.60209595813419
860.7448173980433,194.19808956490073
861.6045480964837,193.5346464031984
862.4642787949241,200.80343147872964
863.3240094933644,200.83227146151106
864.1837401918049,200.87996624263974
865.0434708902452,200.90879713422754
865.9032015886855,201.01177492265293
866.762932287126,201.08581618289463
867.6226629855663,214.86212212874057
868.4823936840068,201.22499094724088
869.3421243824471,203.46247468966143
870.2018550808874,201.3187132412612
871.0615857793279,201.33593891359556
871.9213164777682,190.1814872770148
872.7810471762086,201.28736078660353
873.640777874649,201.22121791305594
874.5005085730893,195.466515141132
875.3602392715297,202.1435587641169
876.2199699699701,200.91547411358383
877.0797006684105,200.795639242663
877.9394313668508,200.67576996378352
878.7991620652913,200.56122171349926
879.6588927637316,184.4655657277299
880.518623462172,200.36951004493227
881.3783541606124,190.32924650394705
882.2380848590527,200.2633344023975
883.0978155574932,200.25322455100417
883.9575462559335,200.27029706034077
884.8172769543738,195.02095617882082
885.6770076528143,200.3734917729824
886.5367383512546,200.4533652821767
887.396469049695,200.54792376387957
888.2561997481354,212.0808144107234
889.1159304465757,200.76859825658934
889.9756611450161,200.88846557348566
890.8353918434565,201.01052047466914
891.6951225418969,201.1316386130843
892.5548532403373,201.24869564167588
893.4145839387776,199.63314805514312
894.274314637218,201.4593362086204
895.1340453356584,201.55085378376887
895.9937760340988,201.63320918453724
896.8535067325391,211.87684640011685
897.7132374309795,205.04309856171818
898.5729681294199,219.95629836823403
899.4326988278602,198.42897856218408
900.2924295263007,201.91010318712546
901.152160224741,201.9390153102818
902.0118909231813,201.95927518194753
902.8716216216218,201.9709556482496
903.7313523200621,200.47079798070786
904.5910830185026,201.96886974927145
905.4508137169429,201.95524907624525
906.3105444153832,201.93334038236375
907.1702751138237,201.9032165137539
908.030005812264,197.39059870042666
908.8897365107044,192.80349479255077
909.7494672091448,201.76428232082537
910.6091979075851,201.7020262145731
911.4689286060255,201.63191916422778
912.3286593044659,191.99684855847073
913.1883900029063,211.67551873383897
914.0481207013466,201.37522080990465
914.907851399787,201.27443844445804
915.7675820982274,201.20105603262837
916.6273127966678,192.10909512417132
917.4870434951082,200.9274624518804
918.3467741935485,200.79717030936547
