59.4758064516129,206.68595719681525
60.33553715005327,213.68107725690868
61.19526784849365,196.6313022117339
62.05499854693402,192.3544636953935
62.9147292453744,208.80267939794447
63.774459943814776,203.38172910596236
64.63419064225515,188.32502351950225
65.49392134069552,204.86168529722627
66.35365203913591,182.83952073452437
67.21338273757628,214.16440208288478
68.07311343601665,204.96622277745217
68.93284413445703,203.61879374255247
69.7925748328974,202.04277882469876
70.65230553133779,200.7316240292876
71.51203622977816,200.68088535125176
72.37176692821853,208.81160553096586
73.2314976266589,197.29612250633332
74.0912283250993,196.71809821342055
74.95095902353967,201.4540533209064
75.81068972198004,207.85605983357107
76.67042042042041,204.0062207763284
77.5301511188608,200.37198502449243
78.38988181730117,200.338545110717
79.24961251574155,206.20991225113698
80.10934321418192,216.0563377538582
80.96907391262229,202.78981479740128
81.82880461106268,200.24479610120522
82.68853530950305,203.8311554766908
83.54826600794343,192.83436425794017
84.4079967063838,210.63888462225822
85.26772740482417,186.2773184134771
86.12745810326456,200.2140406197101
86.98718880170493,200.2161167127741
87.8469195001453,200.73446582766513
88.70665019858568,200.22557577916982
89.56638089702605,201.22991501285952
90.42611159546644,210.47835288003978
91.28584229390681,189.77670788455313
92.14557299234718,205.44244053584234
93.00530369078756,206.80243032683265
93.86503438922793,200.27012539673612
94.72476508766832,187.32990181852722
95.58449578610869,185.07243790045325
96.44422648454906,200.28545859202103
97.30395718298945,195.73522892620727
98.16368788142981,200.29120987846014
99.0234185798702,198.6531420303661
99.88314927831057,197.7828413078407
100.74287997675094,200.55372713166057
101.60261067519133,211.16868350374932
102.46234137363169,214.7113278261242
103.32207207207207,200.28972675300872
104.18180277051245,200.28707199968088
105.04153346895282,200.28381188755202
105.90126416739321,200.2799773605453
106.76099486583357,193.44215393218153
107.62072556427395,189.0196506734989
108.48045626271433,197.43006199708313
109.3401869611547,200.2596601289229
110.19991765959509,192.02656745016074
111.05964835803545,187.12710147984447
111.91937905647583,203.54905205171883
112.7791097549162,199.28275421918195
113.63884045335658,200.23345873169802
114.49857115179697,184.66243288314885
115.35830185023732,213.96698623610453
116.21803254867771,200.22686198416847
117.07776324711809,211.0810347120631
117.93749394555846,200.2296622001252
118.79722464399885,189.11007108885613
119.65695534243922,204.53644520108972
120.51668604087959,200.24873520729383
121.37641673931996,207.0875947674753
122.23614743776034,198.88268201079632
123.09587813620072,199.65029793126018
123.9556088346411,189.6564769797162
124.81533953308147,187.98887430079554
125.67507023152184,199.5743961824909
126.53480092996222,200.37989291613093
127.3945316284026,200.40676135286725
128.254262326843,191.69555213444886
129.11399302528335,200.4641351329455
129.9737237237237,200.49414018921013
130.8334544221641,192.24328092865736
131.69318512060448,200.5555359164976
132.55291581904487,190.56009495846263
133.41264651748523,194.06836083556766
134.2723772159256,188.90655995603956
135.13210791436597,210.20936588286378
135.99183861280636,191.5393428181846
136.85156931124675,211.83527731108313
137.7113000096871,193.41256072321366
138.57103070812747,191.52767846817247
139.43076140656785,204.51329978214417
140.29049210500824,200.8248486704039
141.15022280344863,206.88795360173563
142.009953501889,185.39871446450215
142.86968420032935,210.82295140101255
143.72941489876973,200.85774101165097
144.58914559721012,203.86422985551363
145.4488762956505,214.44858307536583
146.30860699409087,200.98308811390834
147.16833769253125,191.69482112325736
148.0280683909716,188.02340768102002
148.887799089412,198.40373129660205
149.7475297878524,215.4993228379837
150.60726048629274,200.48551687998778
151.46699118473313,191.06273908063423
152.3267218831735,187.97371963873354
153.18645258161388,192.6961746528252
154.04618328005427,211.32566921095824
154.90591397849462,203.1577277587841
155.765644676935,199.5551277142637
156.62537537537537,202.9083510886801
157.48510607381576,191.5680762629499
158.34483677225614,186.97681884799812
159.2045674706965,214.7647212812727
160.0642981691369,192.89767604025462
160.92402886757725,187.93612419739014
161.78375956601764,197.35952770377622
162.64349026445802,202.6527287716093
163.5032209628984,201.30480801275695
164.36295166133877,194.33063257832154
165.22268235977913,203.1296539518794
166.08241305821952,195.91826461745654
166.9421437566599,201.42846830445265
167.8018744551003,212.4417827691508
168.66160515354065,183.50340503972143
169.521335851981,193.78886663714056
170.3810665504214,207.01328143541195
171.24079724886178,195.8311912663247
172.10052794730217,197.09174422126733
172.96025864574253,208.51480975237087
173.8199893441829,191.72211866872553
174.67972004262327,191.0638617852285
175.53945074106366,179.20272482593026
176.39918143950405,188.83674205850926
177.2589121379444,195.8554880239324
178.11864283638477,189.50148350902504
178.97837353482515,200.1984238517102
179.83810423326554,196.34634473442978
180.69783493170593,183.46988915158877
181.55756563014629,176.4348299538982
182.41729632858664,185.1616738762871
183.27702702702703,191.49144302358368
184.13675772546742,182.12077665570916
184.9964884239078,197.03099556351432
185.85621912234816,183.38004398273287
186.71594982078852,171.09342588201815
187.5756805192289,184.91910101276747
188.4354112176693,177.7077944218551
189.29514191610966,174.38773441480404
190.15487261455004,182.70401809687814
191.01460331299043,181.41204248174768
191.8743340114308,193.7378280577388
192.73406470987118,178.55084371628442
193.59379540831154,173.12472769141232
194.45352610675192,182.48984010608598
195.3132568051923,177.71050378176633
196.17298750363267,197.3236203113268
197.03271820207306,200.2123754969246
197.89244890051341,193.27181298273896
198.7521795989538,182.76122077856112
199.6119102973942,185.75321051989647
200.47164099583455,182.8157998494419
201.33137169427494,197.51795180286365
202.19110239271532,183.0312519750177
203.05083309115568,181.8397765065744
203.91056378959607,178.4837084441036
204.77029448803643,177.7114568159777
205.63002518647681,178.77293368508663
206.4897558849172,189.52542692402818
207.34948658335756,184.3926600406841
208.20921728179795,176.78182604558847
209.0689479802383,179.0730737050984
209.9286786786787,185.24192640368074
210.78840937711908,181.46967015401418
211.64814007555944,185.81117379085737
212.50787077399983,186.05540322795505
213.36760147244019,181.93742374064956
214.22733217088057,194.67993261735023
215.08706286932096,176.99806248056217
215.94679356776132,192.34500133030295
216.8065242662017,178.8152223901919
217.66625496464206,187.53783400651866
218.52598566308245,184.32643843444322
219.38571636152284,188.42843374055528
220.2454470599632,192.4892580263632
221.10517775840358,184.56951433796687
221.96490845684394,203.44768867654008
222.82463915528433,177.1948477994161
223.68436985372472,180.89435805085796
224.54410055216508,174.63644562241205
225.40383125060546,191.8899149981069
226.26356194904582,197.42764324951384
227.1232926474862,206.6155475369474
227.9830233459266,202.12197226842758
228.84275404436696,191.11844713274314
229.70248474280734,209.2848211076756
230.5622154412477,195.9001080357234
231.4219461396881,188.94889995584262
232.28167683812848,195.14115252832102
233.14140753656883,193.02747033407368
234.00113823500922,202.2420186899443
234.8608689334496,208.4498252606148
235.72059963188997,190.35541818084178
236.58033033033036,195.39222310449045
237.4400610287707,199.65631094213356
238.2997917272111,187.80376333413858
239.1595224256515,200.03023243240247
240.01925312409185,210.11750760292148
240.87898382253223,190.0770225460991
241.7387145209726,206.26807039902695
242.59844521941298,207.1354309735964
243.45817591785337,203.29739989471892
244.31790661629373,207.4181918695763
245.1776373147341,216.27387341265833
246.03736801317447,200.10867510452718
246.89709871161486,202.58437902486452
247.75682941005525,199.96245232447686
248.6165601084956,193.60737842369085
249.476290806936,198.21970208264227
250.33602150537635,206.75814442144173
251.19575220381674,189.3514208662611
252.05548290225713,199.7169029861402
252.91521360069748,190.6933128707994
253.77494429913787,188.6488203158449
254.63467499757823,189.502749730089
255.49440569601862,204.85128597683126
256.35413639445903,199.84479146415083
257.21386709289936,208.54104497556392
258.07359779133975,189.472414458815
258.93332848978014,199.3511318266995
259.79305918822047,185.40757487626402
260.6527898866609,200.13536196607274
261.51252058510124,210.09570135605122
262.37225128354163,196.03041567032648
263.231981981982,189.90801851077472
264.09171268042235,193.01660468862698
264.9514433788628,200.321319381899
265.8111740773031,183.34523582599053
266.6709047757435,200.33627041023945
267.5306354741839,194.56654365449492
268.3903661726242,195.2577717824604
269.25009687106467,200.31976482402072
270.109827569505,206.9161680716861
270.9695582679454,188.71549971160437
271.8292889663858,184.13148840062212
272.6890196648261,190.23043961208725
273.54875036326655,189.33163785239694
274.4084810617069,205.49931981141728
275.26821176014727,200.2696774125013
276.12794245858765,203.65677091978444
276.987673157028,191.05144587805066
277.84740385546843,195.06657712804991
278.70713455390876,217.27964012873937
279.56686525234915,200.36578291317622
280.42659595078953,194.30387706149082
281.28632664922986,197.51164773904156
282.1460573476703,204.52702566321102
283.00578804611064,190.28776491333926
283.865518744551,206.45150563907896
284.7252494429914,193.4415759623983
285.58498014143174,200.61743171439483
286.4447108398722,191.45686510834116
287.3044415383125,203.53152645344503
288.1641722367529,183.25971120851403
289.0239029351933,200.7475543361225
289.8836336336336,191.98620337056013
290.74336433207407,206.149959395998
291.6030950305144,197.55872817205284
292.4628257289548,207.4759926492331
293.32255642739517,193.35955011516228
294.1822871258355,206.53637172610405
295.04201782427594,198.60525872003353
295.9017485227163,196.67798272014372
296.76147922115666,197.84844568350002
297.62120991959705,206.458121597121
298.4809406180374,214.89709546289996
299.3406713164778,194.31879585797034
300.20040201491815,187.4955006724152
301.06013271335854,215.00055781960765
301.91986341179893,191.10129772435457
302.77959411023926,211.27687460775542
303.6393248086797,202.26814924174514
304.49905550712003,200.2747218519846
305.3587862055604,185.87170755869354
306.2185169040008,201.41670379809733
307.07824760244114,202.21381256472685
307.9379783008816,189.7175747751904
308.7977089993219,202.35513268562082
309.6574396977623,188.79123030036232
310.5171703962027,199.87049400337983
311.376901094643,207.40115605728917
312.23663179308346,201.3771914891547
313.0963624915238,201.53432841486617
313.9560931899642,197.58247628232905
314.81582388840457,199.5769534751462
315.6755545868449,199.7325366156974
316.53528528528534,206.3710255031982
317.39501598372567,199.76108170954475
318.2547466821661,208.67441847859763
319.11447738060644,199.8291878424974
319.9742080790468,212.94216791968756
320.8339387774872,195.8839546143655
321.69366947592755,198.064092077955
322.553400174368,191.71045546226665
323.4131308728083,195.15841643507986
324.27286157124865,201.1451987479557
325.1325922696891,205.10857749838297
325.99232296812943,217.0957681796353
326.8520536665699,209.00797117866867
327.7117843650102,211.59526551891378
328.57151506345053,208.6777349203425
329.431245761891,194.442778325383
330.2909764603313,193.82625682449597
331.15070715877175,199.35751171237627
332.0104378572121,192.3744987435926
332.8701685556524,200.6103131032365
333.72989925409286,199.72451477987838
334.5896299525332,211.11900288919037
335.44936065097363,188.1439446354252
336.30909134941396,190.29284298504993
337.1688220478543,200.43738698693573
338.02855274629474,206.32827921296666
338.88828344473507,205.0049162297983
339.7480141431755,209.47994140963874
340.60774484161584,199.9574833591564
341.46747554005617,198.03280028068886
342.3272062384966,211.38401093705656
343.18693693693695,195.66187097118916
344.0466676353774,192.05645202877528
344.9063983338177,203.95755107089602
345.76612903225805,206.06668719333163
346.6258597306985,197.53813255252948
347.4855904291388,196.71582793676188
348.34532112757927,186.3648538779682
349.2050518260196,209.29268853727785
350.06478252445993,206.56235836381924
350.9245132229004,189.6983874620542
351.7842439213407,202.83830590080981
352.64397461978115,185.31314276817568
353.5037053182215,197.45225871319707
354.3634360166618,195.30544380370094
355.22316671510225,189.7605055876167
356.0828974135426,180.59858537704207
356.942628111983,173.8499032023481
357.80235881042336,183.10928350865697
358.6620895088637,183.94508307442385
359.52182020730413,171.76662198269008
360.38155090574446,186.04839082237848
361.2412816041849,186.82242974052446
362.10101230262524,186.22641927234315
362.96074300106557,199.96291685444353
363.820473699506,185.62637454257845
364.68020439794634,167.61084842286527
365.5399350963868,199.43145178311346
366.3996657948271,201.58122178372236
367.25939649326745,198.19533477502142
368.1191271917079,191.81078852225468
368.9788578901482,182.70865671117298
369.83858858858866,194.85095316313098
370.698319287029,184.2708879501171
371.5580499854693,187.68653465995374
372.41778068390977,191.73221562592724
373.2775113823501,183.56081256755556
374.13724208079054,185.27918112515385
374.9969727792309,190.35048134248663
375.8567034776712,166.80988173507436
376.71643417611165,194.90377156635878
377.576164874552,181.9430215979986
378.4358955729924,202.34344662525564
379.29562627143275,183.00969222317232
380.1553569698731,183.02135150239997
381.0150876683135,170.6417962860672
381.87481836675386,191.16283456366926
382.7345490651943,188.8987401362086
383.59427976363463,180.48892396823084
384.45401046207496,191.21158886986538
385.3137411605154,184.19210911668446
386.17347185895574,181.78361788680382
387.0332025573962,180.46408839060476
387.8929332558365,190.6612270387779
388.75266395427684,180.97405233950477
389.6123946527173,172.36437102000494
390.4721253511576,185.45806395990508
391.33185604959806,185.67252738636518
392.1915867480384,199.01127595553527
393.0513174464787,172.77398981358797
393.91104814491916,180.99120340507903
394.7707788433595,199.511592042566
395.63050954179994,186.71742980094479
396.49024024024027,186.61987379382057
397.3499709386806,189.28649418948416
398.20970163712104,198.1114459368586
399.0694323355614,195.71626698597342
399.9291630340018,187.67343645413385
400.78889373244215,181.91235386415596
401.6486244308825,187.0994423216373
402.5083551293229,193.51090046320118
403.36808582776325,188.50482133084495
404.2278165262037,184.17158306660517
405.087547224644,192.1854690968913
405.94727792308447,191.48756981630876
406.8070086215248,188.16310716862083
407.66673931996513,185.4851126294045
408.5264700184056,201.07005605097754
409.3862007168459,190.40824408306688
410.24593141528635,207.13445187996928
411.1056621137267,191.70936034764742
411.965392812167,180.4191963967576
412.82512351060745,194.89921198100697
413.6848542090478,183.27499327915996
414.54458490748823,189.60802014694394
415.40431560592856,188.86305771025073
416.2640463043689,194.73013766162967
417.12377700280933,204.83671132301345
417.98350770124966,199.79076540128204
418.8432383996901,197.21446056448332
419.70296909813044,194.22863457176516
420.56269979657077,210.62433358828463
421.4224304950112,212.53143267181775
422.28216119345154,186.8266626838187
423.141891891892,202.15442563961827
424.0016225903323,196.41148168282206
424.86135328877265,202.7157721448595
425.7210839872131,200.28013107156397
426.5808146856534,215.72832082801085
427.44054538409387,208.99887399440306
428.3002760825342,198.78988509594626
429.1600067809745,200.89226969462882
430.01973747941497,205.62691156853273
430.8794681778553,197.55800155050113
431.73919887629575,202.63056861474595
432.5989295747361,216.1155432399288
433.4586602731764,192.70286277540868
434.31839097161685,196.10188111285768
435.1781216700572,202.2549509916777
436.0378523684976,190.0279507155325
436.89758306693795,209.8043373410952
437.7573137653783,194.0757124423167
438.61704446381873,200.22944801010803
439.47677516225906,192.54331168020346
440.3365058606995,198.89740252951063
441.19623655913983,195.27248432742462
442.05596725758016,211.63380453364414
442.9156979560206,197.5420293271709
443.77542865446094,200.6977454251554
444.6351593529014,198.27202557797082
445.4948900513417,201.66439261186338
446.35462074978204,198.88212151880418
447.2143514482225,187.71855191137922
448.0740821466628,187.24310297788216
448.93381284510326,195.7773830283758
449.7935435435436,198.06164302812974
450.6532742419839,203.08780450685393
451.51300494042437,209.62412162956332
452.3727356388647,202.0147621294142
453.23246633730514,188.73546499836982
454.09219703574547,195.6726845656837
454.9519277341858,187.36040878756083
455.81165843262625,201.83585081366715
456.6713891310666,215.7288191209822
457.531119829507,210.96451595018763
458.39085052794735,212.12475964178304
459.2505812263877,196.61455988971375
460.1103119248281,200.62376962432725
460.97004262326845,215.69431089737074
461.8297733217089,200.8571205101345
462.68950402014923,199.27003083733817
463.54923471858956,203.2784533979803
464.40896541703,196.00568120820117
465.26869611547033,191.15336909793837
466.1284268139108,187.43635665330385
466.9881575123511,199.9591873566127
467.84788821079144,188.96902406034104
468.7076189092319,201.84756764244372
469.5673496076722,200.82772523521902
470.42708030611266,219.7430193538086
471.286811004553,209.11855233049988
472.1465417029933,203.5713277377498
473.00627240143376,198.29160710208404
473.8660030998741,191.75993510969073
474.72573379831454,201.00725683916673
475.58546449675487,184.75300889905867
476.4451951951952,217.28125805926808
477.30492589363564,215.60250949794863
478.16465659207597,192.06250389990282
479.0243872905164,201.65867248572033
479.88411798895675,211.37105009494448
480.7438486873971,205.9617245330128
481.6035793858375,189.48190205617385
482.46331008427785,183.2857626957192
483.3230407827183,190.83651075722514
484.1827714811586,190.83759583688112
485.04250217959896,194.74107506358084
485.9022328780394,211.49090034212702
486.76196357647973,201.60284702497475
487.6216942749202,209.28807489276298
488.4814249733605,188.19324450018223
489.34115567180083,192.72385561942178
490.2008863702413,200.1183039774521
491.0606170686816,200.6651435241255
491.92034776712205,200.46441259872967
492.7800784655624,198.5194427192209
493.6398091640027,201.80726904423486
494.49953986244316,186.44512459277223
495.3592705608835,211.01256936504797
496.21900125932393,216.84792624850314
497.07873195776426,185.92056756204545
497.9384626562046,208.70569973306024
498.79819335464504,200.39246669437492
499.65792405308537,196.6116458839688
500.5176547515258,205.0583311388955
501.37738544996614,204.80711934894128
502.23711614840647,199.86868968383968
503.0968468468469,189.17101775445235
503.95657754528725,200.0812876101911
504.8163082437277,209.12829381021857
505.676038942168,205.69555956664394
506.53576964060835,182.56087545340722
507.3955003390488,200.56531940814446
508.2552310374891,208.0422809087316
509.11496173592957,219.356700092035
509.9746924343699,193.71526760587312
510.83442313281023,207.47274249160134
511.6941538312507,201.01596591105178
512.553884529691,190.35841316859077
513.4136152281314,201.06583663644173
514.2733459265718,203.65256779814783
515.1330766250121,209.21875091031484
515.9928073234526,198.05435615903448
516.8525380218929,202.54556279160903
517.7122687203333,216.4278689073982
518.5719994187737,200.6243355702389
519.431730117214,190.0064302554323
520.2914608156544,199.87944110413264
521.1511915140948,192.6504318001233
522.0109222125352,191.14094653629718
522.8706529109755,198.66378783187596
523.7303836094159,188.24145499860413
524.5901143078563,205.08326076546777
525.4498450062966,193.12931229646867
526.3095757047371,198.1846066649174
527.1693064031774,195.56084787012526
528.0290371016177,193.79851036005002
528.8887678000582,182.44611117026042
529.7484984984985,207.33235702519664
530.608229196939,194.3668552992537
531.4679598953793,198.8045355977924
532.3276905938197,190.87699050616922
533.1874212922601,172.4899766684467
534.0471519907004,182.3715351294475
534.9068826891408,190.99173684204078
535.7666133875812,202.8682851600461
536.6263440860216,201.25329651754188
537.486074784462,181.46015995511192
538.3458054829023,188.50677204963077
539.2055361813427,169.68493955274909
540.065266879783,188.5360270735859
540.9249975782235,191.82788530371272
541.7847282766638,191.3785245267334
542.6444589751042,181.79875820306933
543.5041896735446,186.19540932692283
544.3639203719849,186.47152049269354
545.2236510704254,177.36150647991957
546.0833817688657,183.0655323524743
546.943112467306,169.18016879036813
547.8028431657465,183.21148576982247
548.6625738641868,191.0335472368294
549.5223045626273,199.69745408437407
550.3820352610676,170.56304297142808
551.2417659595079,192.30352662995656
552.1014966579484,194.10186143799703
552.9612273563887,198.21038597292636
553.8209580548291,171.9895327694403
554.6806887532695,192.29512057075996
555.5404194517098,171.94058569526064
556.4001501501502,176.28027675585062
557.2598808485906,184.61326436983987
558.119611547031,192.6865369040329
558.9793422454713,171.96754522949354
559.8390729439117,193.89520149625326
560.6988036423521,193.2425935102165
561.5585343407924,172.09727895468558
562.4182650392329,187.1463932236866
563.2779957376732,180.05389203532542
564.1377264361136,185.04510993611973
564.997457134554,180.23881892493023
565.8571878329943,200.51128805338305
566.7169185314348,181.70727291568775
567.5766492298751,191.30467389156928
568.4363799283154,176.3192432686702
569.2961106267559,177.22933432525318
570.1558413251962,190.7812580910691
571.0155720236367,197.33005438538274
571.875302722077,192.58725848422176
572.7350334205174,187.44753664977063
573.5947641189578,189.47781910133023
574.4544948173981,188.08509931753485
575.3142255158385,195.26396094831202
576.1739562142789,188.48145417884263
577.0336869127193,184.15377606148076
577.8934176111596,192.18300167178558
578.7531483096,188.88682552410836
579.6128790080404,177.5156771137805
580.4726097064807,189.27951396344906
581.3323404049212,184.67897263793168
582.1920711033615,200.88237885375787
583.0518018018018,188.5674022061794
583.9115325002423,191.00943952154344
584.7712631986826,191.6264395237753
585.6309938971231,178.18867378907763
586.4907245955634,187.2253395328834
587.3504552940037,196.3539607284204
588.2101859924442,180.23740879485078
589.0699166908845,201.53781412674445
589.9296473893249,191.3421884189957
590.7893780877653,203.64761372973825
591.6491087862056,201.57923600944838
592.508839484646,204.27408821463624
593.3685701830864,197.73935436245517
594.2283008815268,206.11478790063063
595.0880315799672,198.47197168011826
595.9477622784075,208.5954250626533
596.8074929768479,198.92812326003244
597.6672236752883,203.85808594925666
598.5269543737287,201.81801315409987
599.386685072169,195.73620495399982
600.2464157706094,199.37969969930126
601.1061464690498,212.98215894154487
601.9658771674901,198.87180689786857
602.8256078659306,206.57797715212965
603.6853385643709,186.3903896491205
604.5450692628112,212.63343510682415
605.4047999612517,206.58366038139897
606.264530659692,199.06176738152894
607.1242613581325,193.78456389330958
607.9839920565728,212.38318964343244
608.8437227550131,195.9207974662305
609.7034534534536,187.4600846729845
610.5631841518939,203.43084616488312
611.4229148503343,200.33689633800253
612.2826455487747,202.69349928658292
613.142376247215,206.04999703111446
614.0021069456554,193.16039807944978
614.8618376440958,213.07587824962053
615.7215683425362,184.5897570891331
616.5812990409765,201.38393743108793
617.4410297394169,208.29602964326477
618.3007604378573,205.9339953151414
619.1604911362977,189.9087903434786
620.0202218347381,210.56158335484903
620.8799525331784,215.13751221643406
621.7396832316188,208.13927716591263
622.5994139300592,198.82803565638622
623.4591446284995,200.83315202983658
624.31887532694,195.8531029328347
625.1786060253803,189.00046538236575
626.0383367238207,208.64317140783044
626.8980674222611,204.85111297649587
627.7577981207014,204.41599689094707
628.6175288191419,200.90796186569509
629.4772595175822,190.90254520779158
630.3369902160226,209.5591527911181
631.196720914463,181.95501247219727
632.0564516129033,200.91474498219193
632.9161823113437,185.05826473704528
633.7759130097841,200.84265751781314
634.6356437082245,192.57642503925626
635.4953744066648,190.59496153243316
636.3551051051052,200.87522627720543
637.2148358035456,186.6255478041568
638.0745665019859,183.94465609789498
638.9342972004264,208.16549698563645
639.7940278988667,192.06289438752322
640.653758597307,182.1997951470035
641.5134892957475,195.25299756568006
642.3732199941878,191.3268986039702
643.2329506926283,208.00500746368516
644.0926813910686,199.65255443770468
644.9524120895089,200.6459896454916
645.8121427879494,184.31762205086244
646.6718734863897,211.12068432213533
647.5316041848301,196.30254946574536
648.3913348832705,193.1899137627276
649.2510655817108,206.49436010683394
650.1107962801512,212.03414391788493
650.9705269785916,189.99541653627386
651.830257677032,200.40993482075962
652.6899883754724,212.61076704158478
653.5497190739127,184.5503404998949
654.4094497723531,200.33950669000816
655.2691804707935,199.69568708314347
656.1289111692339,192.11268645285054
656.9886418676742,200.29016035306208
657.8483725661146,218.09695491601062
658.708103264555,208.33200592806722
659.5678339629953,200.26910429333998
660.4275646614358,200.26961778330545
661.2872953598761,186.8019604754207
662.1470260583164,211.85214887088358
663.0067567567569,200.2944473962914
663.8664874551972,213.95454684653225
664.7262181536377,205.6736960928325
665.585948852078,200.3479958687852
666.4456795505183,200.37079128600988
667.3054102489588,207.37670907126179
668.1651409473991,191.24587557546127
669.0248716458395,203.85954535606467
669.8846023442799,200.47849663038278
670.7443330427202,200.52660405254494
671.6040637411606,204.77705050489186
672.463794439601,196.23681039980895
673.3235251380414,200.5978691338286
674.1832558364817,187.51961264151856
675.0429865349221,201.1100874582867
675.9027172333625,181.79564952607421
676.7624479318029,200.7092145007655
677.6221786302433,197.82675567248046
678.4819093286836,186.51206114006396
679.341640027124,203.97206534389326
680.2013707255644,195.2856263957355
681.0611014240047,197.50380000512487
681.9208321224452,200.8182196594595
682.7805628208855,201.838286374557
683.6402935193258,195.74783346921305
684.5000242177663,190.0003964125493
685.3597549162066,201.49718413567055
686.219485614647,200.820366971953
687.0792163130874,206.9982165980524
687.9389470115277,203.84430240372188
688.7986777099682,197.75564887857385
689.6584084084085,208.1806648097169
690.5181391068489,195.3825242960853
691.3778698052893,210.2668001706297
692.2376005037296,206.77039381012338
693.09733120217,200.26430762690933
693.9570619006104,200.54752135783122
694.8167925990508,206.68971700540433
695.6765232974911,190.55067117143258
696.5362539959315,203.56423068747705
697.3959846943719,186.20427195722758
698.2557153928122,193.02084321376313
699.1154460912527,203.53717399419017
699.975176789693,200.0141182442815
700.8349074881334,205.32763891934744
701.6946381865738,200.45479592297707
702.5543688850141,208.15099662744447
703.4140995834546,203.581560894617
704.2738302818949,199.2324046886019
705.1335609803352,190.13414787625064
705.9932916787757,211.17645818845637
706.853022377216,198.4381719346013
707.7127530756565,198.10175616349485
708.5724837740968,207.08267770397956
709.4322144725371,200.01060804288142
710.2919451709776,190.2245038055453
711.1516758694179,205.52963811454975
712.0114065678583,191.78771720776498
712.8711372662987,194.38860831701066
713.730867964739,207.12646468689834
714.5905986631794,193.70459151659904
715.4503293616198,192.92096905066447
716.3100600600602,177.58249747594252
717.1697907585005,200.63191241305134
718.0295214569409,199.48413192679845
718.8892521553813,196.24888309117938
719.7489828538216,196.57486835987748
720.6087135522621,183.8198182666084
721.4684442507024,176.81092130816583
722.3281749491427,181.50332143357144
723.1879056475832,194.62451555179913
724.0476363460235,179.45631605252612
724.907367044464,170.54831959146938
725.7670977429043,176.44731951181674
726.6268284413446,179.34865352467483
727.4865591397851,190.68466895453767
728.3462898382254,200.81448580569412
729.2060205366658,184.80232280490966
730.0657512351062,173.45798936151502
730.9254819335465,196.28517035521537
731.785212631987,184.59334482181214
732.6449433304273,172.39457917605458
733.5046740288677,183.58440041685867
734.364404727308,186.948455306269
735.2241354257484,182.03818802394127
736.0838661241888,171.18258892919835
736.9435968226292,184.51206022509882
737.8033275210696,184.4872722088684
738.6630582195099,175.63515217719916
739.5227889179503,184.38615658585783
740.3825196163907,172.78656083013334
741.242250314831,184.20753278646723
742.1019810132715,195.89129248079558
742.9617117117118,181.59117327141826
743.8214424101521,175.90567589885163
744.6811731085926,175.57845550541902
745.5409038070329,191.9896086246544
746.4006345054734,177.4216380344909
747.2603652039137,183.11293480053723
748.120095902354,181.53347537581553
748.9798266007945,178.17551559340376
749.8395572992348,184.2380044608041
750.6992879976752,168.1759863881938
751.5590186961156,175.4147332760368
752.418749394556,178.40345365892125
753.2784800929963,179.48597166727274
754.1382107914367,191.22895356106667
754.9979414898771,182.3207705450802
755.8576721883175,179.37396550497604
756.7174028867579,167.16810661718506
757.5771335851982,175.92786510555172
758.4368642836386,171.98704115246792
759.296594982079,182.639499022537
760.1563256805193,179.60949339392963
761.0160563789598,188.3303253890536
761.8757870774001,183.41587824691672
762.7355177758404,181.41902610702968
763.5952484742809,184.01792152201978
764.4549791727212,178.9497551262768
765.3147098711617,194.1583809789623
766.174440569602,193.21091805905473
767.0341712680423,186.96706231279606
767.8939019664828,199.39038157964376
768.7536326649231,188.87006377590848
769.6133633633635,190.5044443865146
770.4730940618039,188.76223201077286
771.3328247602442,175.97085164651236
772.1925554586846,198.66961105216174
773.052286157125,190.67665001688545
773.9120168555654,197.42296729917132
774.7717475540057,190.9746988211913
775.6314782524461,184.35872248313171
776.4912089508865,201.52750674907932
777.3509396493268,197.48948758112806
778.2106703477673,198.79423982550546
779.0704010462076,190.01696582778348
779.930131744648,195.4784097379905
780.7898624430884,203.2676073896249
781.6495931415287,200.22327289478702
782.5093238399692,215.15295297873922
783.3690545384095,200.6545813857356
784.2287852368498,200.8124375903037
785.0885159352903,206.3956371978991
785.9482466337306,193.80934651839124
786.807977332171,215.54997786354025
787.6677080306114,201.13013585041858
788.5274387290517,216.33107967778835
789.3871694274922,201.1437052743115
790.2469001259325,205.13893588012232
791.1066308243729,194.9398562244727
791.9663615228133,202.30276518150396
792.8260922212536,213.95891457549104
793.685822919694,200.95077907274316
794.5455536181344,193.76066846657716
795.4052843165748,207.55375412258408
796.2650150150151,200.8022013118533
797.1247457134555,200.76519044044068
797.9844764118959,199.2594457142406
798.8442071103362,194.5793231401718
799.7039378087767,206.1724894615113
800.563668507217,201.67790712463065
801.4233992056573,212.42943381700567
802.2831299040978,201.58370575404177
803.1428606025381,202.2428146937409
804.0025913009786,209.57187398397946
804.8623219994189,206.95654125182605
805.7220526978592,200.73279956172374
806.5817833962997,200.7477113472577
807.44151409474,190.56610962750753
808.3012447931804,200.77820416041325
809.1609754916208,187.8547043257349
810.0207061900611,205.57355439005315
810.8804368885015,200.81576604427158
811.7401675869419,200.82533972767018
812.5998982853823,216.43283565256894
813.4596289838227,200.84218384625987
814.319359682263,200.85023806159344
815.1790903807034,211.49390064304282
816.0388210791438,201.3663138794899
816.8985517775842,191.8045097178611
817.7582824760245,207.71710753020594
818.6180131744649,209.1392151205663
819.4777438729053,209.39718204746967
820.3374745713456,197.87015311931262
821.1972052697861,201.11994246535704
822.0569359682264,200.98223089357643
822.9166666666667,201.0106930699893
823.7763973651072,184.8293089865233
824.6361280635475,211.76982777880005
825.495858761988,187.62884055636738
826.3555894604283,190.31429906193236
827.2153201588686,200.37175073676642
828.0750508573091,192.93067062418908
828.9347815557494,197.37520919087038
829.7945122541898,189.93731440842373
830.6542429526302,201.49934234486528
831.5139736510705,189.38209852676192
832.373704349511,199.13393645732125
833.2334350479513,191.61054746851167
834.0931657463917,202.7772169688548
834.952896444832,201.9255987574871
835.8126271432724,208.31169391762216
836.6723578417128,202.09240366870668
837.5320885401532,205.70498259907953
838.3918192385936,200.8208348415884
839.2515499370339,196.97536241751413
840.1112806354743,202.36894097283286
840.9710113339147,211.77107070294022
841.830742032355,194.03169007024553
842.6904727307955,202.67348796448064
843.5502034292358,219.01232978170492
844.4099341276761,193.7500842966627
845.2696648261166,208.49548511483556
846.1293955245569,207.7832917567231
846.9891262229974,202.43544493893174
847.8488569214377,202.3756579980045
848.708587619878,202.29771960653767
849.5683183183185,203.17127596684867
850.4280490167588,217.93992802151433
851.2877797151992,196.03471734872588
852.1475104136396,199.30263772799285
853.0072411120799,203.92904736170462
853.8669718105203,193.25534029921863
854.7267025089607,185.52471420301862
855.5864332074011,196.0266051047796
856.4461639058414,199.08505214937026
857.3058946042818,208.16283129519852
858.1656253027222,199.0916382758385
859.0253560011625,200.310493125586
859.885086699603,208.35853787492275
860.7448173980433,209.6930008678244
861.6045480964837,211.17020275508477
862.4642787949241,197.038954207489
863.3240094933644,203.0999956954499
864.1837401918049,204.04357049675258
865.0434708902452,200.94147950279412
865.9032015886855,196.62511176182477
866.762932287126,206.47481758478798
867.6226629855663,189.88918071603516
868.4823936840068,197.80427336723295
869.3421243824471,196.81926781205723
870.2018550808874,195.1845584714009
871.0615857793279,211.571463206017
871.9213164777682,207.41754097482666
872.7810471762086,201.28736078660353
873.640777874649,205.06363119753408
874.5005085730893,201.13361888533424
875.3602392715297,206.28407256042513
876.2199699699701,186.87052899000398
877.0797006684105,191.85847394269118
877.9394313668508,197.3481850944306
878.7991620652913,195.31220000456497
879.6588927637316,200.45734992836424
880.518623462172,194.80658163299483
881.3783541606124,200.30305749975722
882.2380848590527,200.2633344023975
883.0978155574932,184.5586572543793
883.9575462559335,199.94372150068244
884.8172769543738,200.31142758335196
885.6770076528143,200.3734917729824
886.5367383512546,194.22957718887878
887.396469049695,196.9094818781555
888.2561997481354,193.23013368576022
889.1159304465757,195.35673346128542
889.9756611450161,204.44536563932385
890.8353918434565,205.53843034869766
891.6951225418969,191.41808313638683
892.5548532403373,201.24869564167588
893.4145839387776,196.70078266700654
894.274314637218,201.4593362086204
895.1340453356584,204.17249800958834
895.9937760340988,201.08146036304922
896.8535067325391,201.70647525705257
897.7132374309795,212.02081478338872
898.5729681294199,214.57530732955053
899.4326988278602,199.56789560645962
900.2924295263007,206.03923095667687
901.152160224741,197.54125135465816
902.0118909231813,200.79902302356936
902.8716216216218,190.42923584403107
903.7313523200621,204.73855409164204
904.5910830185026,194.07955495037208
905.4508137169429,202.27475853053417
906.3105444153832,204.47344456077522
907.1702751138237,201.9032165137539
908.030005812264,193.42311469296214
908.8897365107044,208.60337330100552
909.7494672091448,195.74123818778838
910.6091979075851,199.5246970778116
911.4689286060255,214.0293976400622
912.3286593044659,200.74638251740626
913.1883900029063,210.867909577355
914.0481207013466,198.68665587167558
914.907851399787,200.94290221301102
915.7675820982274,212.14902740851574
916.6273127966678,211.7735585111033
917.4870434951082,200.9274624518804
918.3467741935485,207.6807359312415
