50.403225806451616,239.58333333333326
59.28233952427501,240.08953761827803
68.1614532420984,241.66742747705487
77.0405669599218,244.23257090168656
85.91968067774519,241.65821143609492
94.79879439556859,241.2045445634505
103.677908113392,241.339251687389
112.5570218312154,240.9555418924766
121.43613554903878,240.46610539984349
130.31524926686217,239.97486129680715
139.19436298468557,239.37367230306194
148.07347670250897,238.69163510551192
156.95259042033237,238.107491191888
165.83170413815577,237.58172026548937
174.71081785597914,238.8618189393101
183.58993157380255,235.2525460741626
192.46904529162595,237.087009191893
201.34815900944935,236.71876517193203
210.22727272727275,236.97640421162507
219.10638644509612,237.42393514989078
227.98550016291952,237.91795768780636
236.86461388074292,238.30384206009396
245.74372759856632,237.9287122162459
254.62284131638972,238.13267724667492
263.5019550342131,237.26636853041293
272.3810687520365,235.9433135328597
281.2601824698599,233.74270181498116
290.13929618768327,231.8607618233507
299.0184099055067,230.52429907406022
307.89752362333013,228.5748421276958
316.77663734115345,229.5288260108921
325.6557510589769,229.5837626304887
334.5348647768003,229.81535128527577
343.4139784946236,230.07974442605575
352.29309221244705,230.2504954732786
361.1722059302705,230.31143004390648
370.0513196480939,231.5413069032932
378.9304333659172,230.21150663824878
387.80954708374065,230.10462823612033
396.6886608015641,230.0594272912222
405.5677745193874,229.9639333363481
414.4468882372108,230.04887487821517
423.32600195503426,230.8053998848872
432.2051156728576,228.8096256501758
441.084229390681,232.70803791287685
449.96334310850443,235.27976430280484
458.84245682632786,237.57962224667838
467.7215705441512,238.75565301901082
476.6006842619746,239.0646096031371
485.47979797979804,238.84965834134192
494.35891169762135,235.95419742961585
503.2380254154448,239.13905698077784
512.1171391332682,238.3632055995498
520.9962528510916,238.752852937008
529.875366568915,238.4852391234192
538.7544802867384,239.52936679387767
547.6335940045618,239.55722977637478
556.5127077223851,239.30759274948048
565.3918214402086,238.9514043229373
574.2709351580319,238.63903119399384
583.1500488758553,238.37602368277726
592.0291625936787,238.11499024573402
600.9082763115022,237.59958037223342
609.7873900293255,237.40824533491636
618.6665037471489,236.82198931913612
627.5456174649723,235.32439778504278
636.4247311827957,235.42942078387992
645.3038449006191,233.3147143891869
654.1829586184425,232.30063497195528
663.0620723362659,231.65569173196627
671.9411860540893,231.93069472901414
680.8202997719127,230.95120988650342
689.6994134897361,230.62449393349303
698.5785272075594,230.41467740059957
707.4576409253829,228.75637890659846
716.3367546432063,229.56405441555063
725.2158683610296,229.42935578357108
734.094982078853,229.47947294124862
742.9740957966765,229.61562725446902
751.8532095144999,229.72000825335488
760.7323232323232,229.67480546802875
769.6114369501466,229.36281142266378
778.4905506679701,231.68502449881046
787.3696643857934,229.11605374697905
796.2487781036168,229.32156356929684
805.1278918214402,230.2842131171675
814.0070055392636,230.80873529759782
822.886119257087,232.78712169282758
831.7652329749104,233.96202946894954
840.6443466927338,234.84233873615455
849.5234604105572,235.3562275016932
858.4025741283806,235.86344855450716
867.281687846204,236.51643967224953
876.1608015640273,237.9720632256434
885.0399152818508,236.45529895120995
893.9190289996742,237.5520601846042
902.7981427174976,238.95078165953697
911.6772564353209,239.0936195601496
920.5563701531444,238.37956761287577
929.4354838709678,238.23051948051943
