50.403225806451616,238.64939851425956
59.28233952427501,240.52320240151832
68.1614532420984,241.16042515004764
77.0405669599218,241.31836190770792
85.91968067774519,239.32788819232752
94.79879439556859,240.61693781394305
103.677908113392,241.339251687389
112.5570218312154,240.9555418924766
121.43613554903878,240.46610539984349
130.31524926686217,239.90376214647887
139.19436298468557,239.30133206937194
148.07347670250897,240.00428732937525
156.95259042033237,239.84007035934826
165.83170413815577,239.56880877615902
174.71081785597914,237.14714226330523
183.58993157380255,236.53791552882333
192.46904529162595,236.6828447795374
201.34815900944935,237.96667674751444
210.22727272727275,236.97640421162507
219.10638644509612,237.90094523751614
227.98550016291952,237.91795768780636
236.86461388074292,238.30384206009396
245.74372759856632,238.42695850147607
254.62284131638972,238.13267724667492
263.5019550342131,237.26636853041293
272.3810687520365,236.47432927822223
281.2601824698599,235.35021704063456
290.13929618768327,233.81420532506976
299.0184099055067,231.33374831225936
307.89752362333013,229.79438897568343
316.77663734115345,229.5288260108921
325.6557510589769,229.5837626304887
334.5348647768003,229.81535128527577
343.4139784946236,230.07974442605575
352.29309221244705,230.2504954732786
361.1722059302705,230.02602240635898
370.0513196480939,230.289437667577
378.9304333659172,230.21150663824878
387.80954708374065,230.58660216412162
396.6886608015641,230.0030593138264
405.5677745193874,229.9639333363481
414.4468882372108,230.04887487821517
423.32600195503426,230.33623931912675
432.2051156728576,231.09357878144687
441.084229390681,232.70803791287685
449.96334310850443,235.27976430280484
458.84245682632786,237.57962224667838
467.7215705441512,238.75565301901082
476.6006842619746,239.0646096031371
485.47979797979804,239.46789003895393
494.35891169762135,237.8603931649633
503.2380254154448,238.22046785727954
512.1171391332682,238.3632055995498
520.9962528510916,240.07903331691642
529.875366568915,239.20353246875155
538.7544802867384,239.86342964060552
547.6335940045618,239.55722977637478
556.5127077223851,239.30759274948048
565.3918214402086,238.9514043229373
574.2709351580319,238.63903119399384
583.1500488758553,238.37602368277726
592.0291625936787,240.49336181360346
600.9082763115022,237.8084608090219
609.7873900293255,237.40824533491636
618.6665037471489,236.82198931913612
627.5456174649723,236.3070333155997
636.4247311827957,233.93657485896892
645.3038449006191,233.3147143891869
654.1829586184425,232.30063497195528
663.0620723362659,231.65569173196627
671.9411860540893,233.76597006967336
680.8202997719127,230.48225473246788
689.6994134897361,230.92666878901778
698.5785272075594,230.23678681798074
707.4576409253829,229.85823034500214
716.3367546432063,229.56405441555063
725.2158683610296,230.17641044877587
734.094982078853,229.02572658504243
742.9740957966765,229.61562725446902
751.8532095144999,229.72000825335488
760.7323232323232,229.67480546802875
769.6114369501466,229.36281142266378
778.4905506679701,228.87619726240493
787.3696643857934,228.95586094280827
796.2487781036168,227.6790831621841
805.1278918214402,230.2390624240159
814.0070055392636,231.50029103362226
822.886119257087,232.78712169282758
831.7652329749104,233.96202946894954
840.6443466927338,234.5579052657212
849.5234604105572,235.3562275016932
858.4025741283806,235.86344855450716
867.281687846204,236.08719989051932
876.1608015640273,237.58429812975768
885.0399152818508,239.40711309634057
893.9190289996742,238.53737632538295
902.7981427174976,238.95078165953697
911.6772564353209,239.90333729009183
920.5563701531444,241.3957233276391
929.4354838709678,236.35360506739534
