50.403225806451616,237.93049239977339
59.28233952427501,240.52320240151832
68.1614532420984,241.16042515004764
77.0405669599218,241.52782151590992
85.91968067774519,241.65821143609492
94.79879439556859,241.896498060186
103.677908113392,241.339251687389
112.5570218312154,240.29262554693963
121.43613554903878,240.46610539984349
130.31524926686217,240.41314952249178
139.19436298468557,239.30133206937194
148.07347670250897,238.2239646523635
156.95259042033237,238.107491191888
165.83170413815577,237.93316998689392
174.71081785597914,236.77155068624302
183.58993157380255,236.83657712232483
192.46904529162595,235.21600019833735
201.34815900944935,236.71876517193203
210.22727272727275,235.1673736229493
219.10638644509612,237.42393514989078
227.98550016291952,239.45761569447546
236.86461388074292,239.15509072775987
245.74372759856632,238.42695850147607
254.62284131638972,238.13267724667492
263.5019550342131,238.9858852292293
272.3810687520365,235.71174592498818
281.2601824698599,233.74270181498116
290.13929618768327,232.33491914800194
299.0184099055067,233.1256806242132
307.89752362333013,229.79438897568343
316.77663734115345,229.8231963142592
325.6557510589769,229.5837626304887
334.5348647768003,229.81535128527577
343.4139784946236,230.07974442605575
352.29309221244705,230.2504954732786
361.1722059302705,230.31143004390648
370.0513196480939,230.46030179281826
378.9304333659172,230.21150663824878
387.80954708374065,229.7896132428681
396.6886608015641,230.0030593138264
405.5677745193874,229.64448590715773
414.4468882372108,230.04887487821517
423.32600195503426,230.33623931912675
432.2051156728576,231.59835786355012
441.084229390681,232.70803791287685
449.96334310850443,235.27976430280484
458.84245682632786,236.4338953377345
467.7215705441512,238.85065226158082
476.6006842619746,240.7554339867845
485.47979797979804,238.84965834134192
494.35891169762135,237.70779811862138
503.2380254154448,236.88994558403326
512.1171391332682,238.3632055995498
520.9962528510916,238.752852937008
529.875366568915,239.20353246875155
538.7544802867384,239.52936679387767
547.6335940045618,239.55722977637478
556.5127077223851,239.30759274948048
565.3918214402086,238.23820530494683
574.2709351580319,238.63903119399384
583.1500488758553,238.37602368277726
592.0291625936787,238.11499024573402
600.9082763115022,237.8084608090219
609.7873900293255,237.40824533491636
618.6665037471489,236.82198931913612
627.5456174649723,235.89030322688234
636.4247311827957,235.39270325723413
645.3038449006191,233.3147143891869
654.1829586184425,232.3404704655767
663.0620723362659,231.65569173196627
671.9411860540893,231.1462448003485
680.8202997719127,233.19851073694366
689.6994134897361,230.62449393349303
698.5785272075594,230.23678681798074
707.4576409253829,229.85823034500214
716.3367546432063,230.0142264252696
725.2158683610296,228.06384538360862
734.094982078853,229.47947294124862
742.9740957966765,229.61562725446902
751.8532095144999,229.70100938401578
760.7323232323232,229.67480546802875
769.6114369501466,229.54568397519256
778.4905506679701,228.87619726240493
787.3696643857934,228.79501801584414
796.2487781036168,229.32156356929684
805.1278918214402,230.2842131171675
814.0070055392636,231.50029103362226
822.886119257087,232.78712169282758
831.7652329749104,233.96202946894954
840.6443466927338,235.5698137630833
849.5234604105572,235.80097902699603
858.4025741283806,235.64644764239398
867.281687846204,236.51643967224953
876.1608015640273,237.23593693668144
885.0399152818508,237.93767195274515
893.9190289996742,238.26513407410567
902.7981427174976,238.95078165953697
911.6772564353209,239.0936195601496
920.5563701531444,238.881621632163
929.4354838709678,238.29710446556132
