50.403225806451616,238.65622231690847
59.28233952427501,240.52320240151832
68.1614532420984,241.16042515004764
77.0405669599218,242.34941870259308
85.91968067774519,241.65821143609492
94.79879439556859,241.58441484759155
103.677908113392,241.32522618433083
112.5570218312154,240.9555418924766
121.43613554903878,240.46610539984349
130.31524926686217,239.90376214647887
139.19436298468557,239.30133206937194
148.07347670250897,239.3204831383818
156.95259042033237,239.0499021852017
165.83170413815577,238.45940085158142
174.71081785597914,237.14714226330523
183.58993157380255,236.90334424079518
192.46904529162595,236.6828447795374
201.34815900944935,234.92461048855756
210.22727272727275,236.97640421162507
219.10638644509612,238.54752909538402
227.98550016291952,237.91795768780636
236.86461388074292,238.30384206009396
245.74372759856632,235.6707226425626
254.62284131638972,238.13267724667492
263.5019550342131,236.91388104220405
272.3810687520365,237.44540638300336
281.2601824698599,233.74270181498116
290.13929618768327,231.8607618233507
299.0184099055067,230.45537029408223
307.89752362333013,229.79438897568343
316.77663734115345,231.7310033661799
325.6557510589769,229.5837626304887
334.5348647768003,229.81535128527577
343.4139784946236,230.07974442605575
352.29309221244705,230.95155279866276
361.1722059302705,230.07076456098932
370.0513196480939,230.289437667577
378.9304333659172,230.21150663824878
387.80954708374065,230.10462823612033
396.6886608015641,229.6124684100429
405.5677745193874,230.72749010613128
414.4468882372108,230.04887487821517
423.32600195503426,230.33623931912675
432.2051156728576,228.8082237834114
441.084229390681,232.9170315228173
449.96334310850443,235.27976430280484
458.84245682632786,237.57962224667838
467.7215705441512,237.8376024611901
476.6006842619746,238.24691380077977
485.47979797979804,237.43257156199655
494.35891169762135,236.94617117099074
503.2380254154448,240.01275067475476
512.1171391332682,238.5630071171098
520.9962528510916,235.82762440929602
529.875366568915,239.20353246875155
538.7544802867384,240.02848790742422
547.6335940045618,239.55722977637478
556.5127077223851,239.30759274948048
565.3918214402086,238.9514043229373
574.2709351580319,238.63903119399384
583.1500488758553,238.37602368277726
592.0291625936787,239.63136099684945
600.9082763115022,240.24040871503965
609.7873900293255,237.75220316807716
618.6665037471489,236.92414677442645
627.5456174649723,237.82252843591138
636.4247311827957,234.61899795495063
645.3038449006191,233.3147143891869
654.1829586184425,232.30063497195528
663.0620723362659,231.65569173196627
671.9411860540893,232.4608976933241
680.8202997719127,230.95120988650342
689.6994134897361,230.62449393349303
698.5785272075594,230.23678681798074
707.4576409253829,229.85823034500214
716.3367546432063,229.56405441555063
725.2158683610296,229.42935578357108
734.094982078853,229.47947294124862
742.9740957966765,229.8301082409857
751.8532095144999,229.72000825335488
760.7323232323232,229.67480546802875
769.6114369501466,229.36281142266378
778.4905506679701,228.87619726240493
787.3696643857934,228.79501801584414
796.2487781036168,229.32156356929684
805.1278918214402,230.10310808302523
814.0070055392636,231.50029103362226
822.886119257087,232.78712169282758
831.7652329749104,233.89450281075935
840.6443466927338,234.84233873615455
849.5234604105572,236.24464235947949
858.4025741283806,236.60681443270224
867.281687846204,236.51643967224953
876.1608015640273,237.06441852844858
885.0399152818508,237.29861017293715
893.9190289996742,238.53737632538295
902.7981427174976,238.95078165953697
911.6772564353209,239.0936195601496
920.5563701531444,239.54685082853013
929.4354838709678,238.23051948051943
