50.403225806451616,239.58333333333326
59.28233952427501,240.52320240151832
68.1614532420984,242.5430359342789
77.0405669599218,241.52782151590992
85.91968067774519,241.65821143609492
94.79879439556859,241.58441484759155
103.677908113392,241.1774938027184
112.5570218312154,240.9555418924766
121.43613554903878,241.9366153720194
130.31524926686217,239.90376214647887
139.19436298468557,239.30133206937194
148.07347670250897,238.69163510551192
156.95259042033237,238.107491191888
165.83170413815577,243.0606710087547
174.71081785597914,237.14714226330523
183.58993157380255,238.1779384287278
192.46904529162595,241.5467099870428
201.34815900944935,238.1788478968708
210.22727272727275,234.16150030903574
219.10638644509612,236.9666491239904
227.98550016291952,244.66952338278628
236.86461388074292,238.30384206009396
245.74372759856632,236.0041828017775
254.62284131638972,238.13267724667492
263.5019550342131,237.26636853041293
272.3810687520365,235.71174592498818
281.2601824698599,233.74270181498116
290.13929618768327,235.58636235758522
299.0184099055067,230.52429907406022
307.89752362333013,227.84126992281094
316.77663734115345,222.92990068092752
325.6557510589769,229.5837626304887
334.5348647768003,229.81535128527577
343.4139784946236,222.21365496844416
352.29309221244705,230.2504954732786
361.1722059302705,231.72927056198583
370.0513196480939,230.289437667577
378.9304333659172,233.80803377389287
387.80954708374065,232.7722471335401
396.6886608015641,230.5363100036289
405.5677745193874,229.9639333363481
414.4468882372108,230.4883363784266
423.32600195503426,230.33623931912675
432.2051156728576,231.09357878144687
441.084229390681,232.70803791287685
449.96334310850443,235.27976430280484
458.84245682632786,237.57962224667838
467.7215705441512,238.75565301901082
476.6006842619746,237.95711206173405
485.47979797979804,238.84965834134192
494.35891169762135,238.4539655759101
503.2380254154448,238.22046785727954
512.1171391332682,235.86426591016394
520.9962528510916,238.752852937008
529.875366568915,239.20353246875155
538.7544802867384,236.3746057962189
547.6335940045618,239.55722977637478
556.5127077223851,237.33562060071662
565.3918214402086,238.9514043229373
574.2709351580319,243.4581156672971
583.1500488758553,237.7324715425576
592.0291625936787,238.11499024573402
600.9082763115022,237.8084608090219
609.7873900293255,232.03395686869627
618.6665037471489,236.82198931913612
627.5456174649723,235.89030322688234
636.4247311827957,242.30544700420046
645.3038449006191,233.3147143891869
654.1829586184425,230.91056500848393
663.0620723362659,234.8535444063662
671.9411860540893,231.2510392658857
680.8202997719127,230.95120988650342
689.6994134897361,226.47974107230556
698.5785272075594,232.92946019518484
707.4576409253829,225.9494370208797
716.3367546432063,227.56768340021628
725.2158683610296,226.44656229502763
734.094982078853,228.04255157433923
742.9740957966765,229.61562725446902
751.8532095144999,228.2290652636575
760.7323232323232,227.6733751776137
769.6114369501466,229.36281142266378
778.4905506679701,228.87619726240493
787.3696643857934,228.79501801584414
796.2487781036168,229.32156356929684
805.1278918214402,230.2842131171675
814.0070055392636,231.50029103362226
822.886119257087,232.78712169282758
831.7652329749104,243.71151753949738
840.6443466927338,234.84233873615455
849.5234604105572,235.3562275016932
858.4025741283806,235.86344855450716
867.281687846204,241.71893168264523
876.1608015640273,237.23593693668144
885.0399152818508,243.5151663608047
893.9190289996742,238.53737632538295
902.7981427174976,237.4958918551869
911.6772564353209,240.49886858625325
920.5563701531444,238.881621632163
929.4354838709678,238.23051948051943
