50.403225806451616,244.80048603733928
59.28233952427501,240.52320240151832
68.1614532420984,239.63901008050925
77.0405669599218,234.384107104385
85.91968067774519,237.62612512427484
94.79879439556859,241.58441484759155
103.677908113392,241.339251687389
112.5570218312154,240.9555418924766
121.43613554903878,240.46610539984349
130.31524926686217,239.90376214647887
139.19436298468557,246.11449665498472
148.07347670250897,238.69163510551192
156.95259042033237,232.00634969237893
165.83170413815577,237.58172026548937
174.71081785597914,237.14714226330523
183.58993157380255,235.4942480582869
192.46904529162595,233.7083165554188
201.34815900944935,236.71876517193203
210.22727272727275,234.5470509283431
219.10638644509612,237.42393514989078
227.98550016291952,237.91795768780636
236.86461388074292,233.3154340377476
245.74372759856632,241.44310814351064
254.62284131638972,238.13267724667492
263.5019550342131,243.89807709790074
272.3810687520365,236.6497487838277
281.2601824698599,232.7482220704282
290.13929618768327,227.6436298056002
299.0184099055067,224.58053302972388
307.89752362333013,229.79438897568343
316.77663734115345,229.5288260108921
325.6557510589769,229.5837626304887
334.5348647768003,235.4659217606928
343.4139784946236,230.42919668805496
352.29309221244705,230.2504954732786
361.1722059302705,230.31143004390648
370.0513196480939,230.289437667577
378.9304333659172,230.21150663824878
387.80954708374065,230.10462823612033
396.6886608015641,226.58515519292663
405.5677745193874,229.9639333363481
414.4468882372108,230.04887487821517
423.32600195503426,230.33623931912675
432.2051156728576,227.8222820040973
441.084229390681,232.70803791287685
449.96334310850443,240.54037084994826
458.84245682632786,237.57962224667838
467.7215705441512,243.77183271685865
476.6006842619746,234.61106285389704
485.47979797979804,238.84965834134192
494.35891169762135,233.4105075890815
503.2380254154448,241.24400327315294
512.1171391332682,238.3632055995498
520.9962528510916,242.89576464435189
529.875366568915,232.37894374279486
538.7544802867384,245.62596648277815
547.6335940045618,241.66601681066268
556.5127077223851,238.79821085840396
565.3918214402086,235.96021939364468
574.2709351580319,232.81515486087062
583.1500488758553,234.05347417308732
592.0291625936787,234.21570311087405
600.9082763115022,234.54200188274118
609.7873900293255,237.40824533491636
618.6665037471489,236.82198931913612
627.5456174649723,235.89030322688234
636.4247311827957,234.61899795495063
645.3038449006191,234.911205836388
654.1829586184425,232.30063497195528
663.0620723362659,228.79447311364652
671.9411860540893,226.76845981378915
680.8202997719127,230.95120988650342
689.6994134897361,230.62449393349303
698.5785272075594,230.23678681798074
707.4576409253829,229.85823034500214
716.3367546432063,235.98572885117414
725.2158683610296,232.9982039764513
734.094982078853,229.47947294124862
742.9740957966765,229.61562725446902
751.8532095144999,225.96563050358736
760.7323232323232,229.67480546802875
769.6114369501466,229.36281142266378
778.4905506679701,228.87619726240493
787.3696643857934,228.79501801584414
796.2487781036168,229.32156356929684
805.1278918214402,230.2842131171675
814.0070055392636,231.50029103362226
822.886119257087,239.6423218455854
831.7652329749104,238.03658354013308
840.6443466927338,236.5362011625973
849.5234604105572,230.88573865384
858.4025741283806,229.09413551560107
867.281687846204,235.2723822838544
876.1608015640273,237.23593693668144
885.0399152818508,237.93767195274515
893.9190289996742,238.53737632538295
902.7981427174976,238.95078165953697
911.6772564353209,241.33906517987117
920.5563701531444,232.4826514892959
929.4354838709678,243.98563904243113
