50.403225806451616,239.56396456552656
59.28233952427501,240.52320240151832
68.1614532420984,241.16042515004764
77.0405669599218,245.39942214762004
85.91968067774519,241.65821143609492
94.79879439556859,237.0187557813138
103.677908113392,245.97792617453277
112.5570218312154,240.6351611788772
121.43613554903878,240.46610539984349
130.31524926686217,244.5278094092591
139.19436298468557,239.30133206937194
148.07347670250897,238.69163510551192
156.95259042033237,239.46205585479305
165.83170413815577,240.63913555722127
174.71081785597914,237.14714226330523
183.58993157380255,236.83657712232483
192.46904529162595,236.6828447795374
201.34815900944935,238.76639460835315
210.22727272727275,233.47994336546355
219.10638644509612,243.42155488385797
227.98550016291952,237.91795768780636
236.86461388074292,238.30384206009396
245.74372759856632,238.42695850147607
254.62284131638972,238.13267724667492
263.5019550342131,237.26636853041293
272.3810687520365,237.3404200675674
281.2601824698599,233.74270181498116
290.13929618768327,231.8607618233507
299.0184099055067,237.58845146098332
307.89752362333013,229.61174772784975
316.77663734115345,229.5288260108921
325.6557510589769,229.5837626304887
334.5348647768003,229.81535128527577
343.4139784946236,230.07974442605575
352.29309221244705,234.69766259385267
361.1722059302705,230.31143004390648
370.0513196480939,230.289437667577
378.9304333659172,230.21150663824878
387.80954708374065,230.31389475743657
396.6886608015641,230.0030593138264
405.5677745193874,229.9639333363481
414.4468882372108,230.04887487821517
423.32600195503426,228.20627510374814
432.2051156728576,226.44241109742035
441.084229390681,226.82052787458673
449.96334310850443,235.27976430280484
458.84245682632786,237.42741739621417
467.7215705441512,235.06861381670222
476.6006842619746,239.0646096031371
485.47979797979804,238.84965834134192
494.35891169762135,238.4539655759101
503.2380254154448,238.22046785727954
512.1171391332682,235.22966336779064
520.9962528510916,238.752852937008
529.875366568915,239.20353246875155
538.7544802867384,239.52936679387767
547.6335940045618,239.55722977637478
556.5127077223851,239.30759274948048
565.3918214402086,238.9514043229373
574.2709351580319,238.63903119399384
583.1500488758553,239.51214032578025
592.0291625936787,238.11499024573402
600.9082763115022,244.09987346971755
609.7873900293255,240.95443137119344
618.6665037471489,236.82198931913612
627.5456174649723,235.89030322688234
636.4247311827957,234.61899795495063
645.3038449006191,233.3147143891869
654.1829586184425,232.30063497195528
663.0620723362659,231.65569173196627
671.9411860540893,231.2510392658857
680.8202997719127,230.95120988650342
689.6994134897361,230.62449393349303
698.5785272075594,230.23678681798074
707.4576409253829,234.9049896299884
716.3367546432063,224.74590647776043
725.2158683610296,234.5234013719997
734.094982078853,229.47947294124862
742.9740957966765,230.05387640927435
751.8532095144999,233.31631320210758
760.7323232323232,229.67480546802875
769.6114369501466,229.36281142266378
778.4905506679701,228.87619726240493
787.3696643857934,228.79501801584414
796.2487781036168,229.32156356929684
805.1278918214402,230.0916613239589
814.0070055392636,227.39935594842055
822.886119257087,237.67400693427032
831.7652329749104,235.3892498728493
840.6443466927338,234.84233873615455
849.5234604105572,235.3562275016932
858.4025741283806,238.63567332504152
867.281687846204,232.25319166819475
876.1608015640273,237.32111437563603
885.0399152818508,242.76465986789125
893.9190289996742,238.53737632538295
902.7981427174976,233.92494917802142
911.6772564353209,239.0936195601496
920.5563701531444,247.49986014717845
929.4354838709678,238.23051948051943
