50.403225806451616,239.58333333333326
59.28233952427501,236.5608911956697
68.1614532420984,241.00483551067768
77.0405669599218,241.52782151590992
85.91968067774519,241.65821143609492
94.79879439556859,241.58441484759155
103.677908113392,241.339251687389
112.5570218312154,250.2486880734669
121.43613554903878,240.46610539984349
130.31524926686217,239.90376214647887
139.19436298468557,239.30133206937194
148.07347670250897,238.69163510551192
156.95259042033237,238.107491191888
165.83170413815577,237.58172026548937
174.71081785597914,235.41028705068035
183.58993157380255,236.83657712232483
192.46904529162595,236.6828447795374
201.34815900944935,246.60070208838522
210.22727272727275,246.82212862768966
219.10638644509612,237.42393514989078
227.98550016291952,237.91795768780636
236.86461388074292,238.30384206009396
245.74372759856632,238.42695850147607
254.62284131638972,238.13267724667492
263.5019550342131,239.9793745392528
272.3810687520365,228.53458657798885
281.2601824698599,245.34885115934796
290.13929618768327,231.8607618233507
299.0184099055067,239.12670011354956
307.89752362333013,229.79438897568343
316.77663734115345,229.5288260108921
325.6557510589769,229.5837626304887
334.5348647768003,229.81535128527577
343.4139784946236,230.07974442605575
352.29309221244705,230.2504954732786
361.1722059302705,236.66882104971276
370.0513196480939,234.05831799212277
378.9304333659172,230.21150663824878
387.80954708374065,230.10462823612033
396.6886608015641,244.12909611906807
405.5677745193874,240.9750886619347
414.4468882372108,230.04887487821517
423.32600195503426,223.6378304565589
432.2051156728576,231.09357878144687
441.084229390681,234.90315822484297
449.96334310850443,235.27976430280484
458.84245682632786,241.0525696229169
467.7215705441512,246.96662945922665
476.6006842619746,235.99985928842398
485.47979797979804,238.84965834134192
494.35891169762135,245.17139378870056
503.2380254154448,241.13444108960962
512.1171391332682,238.3632055995498
520.9962528510916,231.9118348711537
529.875366568915,239.20353246875155
538.7544802867384,229.63728968787748
547.6335940045618,239.55722977637478
556.5127077223851,241.39716372741373
565.3918214402086,231.8238281302119
574.2709351580319,230.1676440867314
583.1500488758553,238.37602368277726
592.0291625936787,237.95821787202107
600.9082763115022,236.8407405778638
609.7873900293255,239.13124869988005
618.6665037471489,236.82198931913612
627.5456174649723,244.5245089783155
636.4247311827957,238.78127493191585
645.3038449006191,233.3147143891869
654.1829586184425,232.30063497195528
663.0620723362659,231.65569173196627
671.9411860540893,235.02454479913504
680.8202997719127,230.95120988650342
689.6994134897361,230.62449393349303
698.5785272075594,222.3657508853286
707.4576409253829,229.85823034500214
716.3367546432063,233.26364173938288
725.2158683610296,229.42935578357108
734.094982078853,230.6253974254473
742.9740957966765,229.61562725446902
751.8532095144999,229.72000825335488
760.7323232323232,229.67480546802875
769.6114369501466,229.36281142266378
778.4905506679701,219.872757968007
787.3696643857934,228.79501801584414
796.2487781036168,229.32156356929684
805.1278918214402,230.2842131171675
814.0070055392636,231.50029103362226
822.886119257087,232.78712169282758
831.7652329749104,239.5862297640935
840.6443466927338,234.84233873615455
849.5234604105572,226.4282384947325
858.4025741283806,235.86344855450716
867.281687846204,245.93628929742326
876.1608015640273,239.68302980774595
885.0399152818508,241.65797359028636
893.9190289996742,238.53737632538295
902.7981427174976,238.95078165953697
911.6772564353209,239.0936195601496
920.5563701531444,230.46684789906018
929.4354838709678,238.23051948051943
