50.403225806451616,239.58333333333326
59.28233952427501,238.24860693823345
68.1614532420984,241.0638739094446
77.0405669599218,241.52782151590992
85.91968067774519,240.89586307968938
94.79879439556859,246.9851047115185
103.677908113392,241.339251687389
112.5570218312154,240.9555418924766
121.43613554903878,237.42312746921118
130.31524926686217,239.90376214647887
139.19436298468557,239.30133206937194
148.07347670250897,230.18295817549597
156.95259042033237,238.107491191888
165.83170413815577,237.56553463382136
174.71081785597914,237.14714226330523
183.58993157380255,234.54846074110765
192.46904529162595,231.75590552315492
201.34815900944935,236.71876517193203
210.22727272727275,236.97640421162507
219.10638644509612,237.42393514989078
227.98550016291952,237.91795768780636
236.86461388074292,243.21732979535798
245.74372759856632,238.42695850147607
254.62284131638972,240.04404813303208
263.5019550342131,238.20805060109592
272.3810687520365,239.7396369057302
281.2601824698599,228.04901697257353
290.13929618768327,233.70944121787704
299.0184099055067,235.55918768978904
307.89752362333013,234.15655759426397
316.77663734115345,227.72058549225636
325.6557510589769,229.5837626304887
334.5348647768003,229.81535128527577
343.4139784946236,230.07974442605575
352.29309221244705,224.98111180473464
361.1722059302705,230.31143004390648
370.0513196480939,230.289437667577
378.9304333659172,233.69980003905192
387.80954708374065,230.10462823612033
396.6886608015641,224.35497246026262
405.5677745193874,229.9639333363481
414.4468882372108,230.04887487821517
423.32600195503426,231.86145293981846
432.2051156728576,227.7564282021855
441.084229390681,237.27739789014558
449.96334310850443,235.27976430280484
458.84245682632786,237.57962224667838
467.7215705441512,247.2850578997731
476.6006842619746,239.0646096031371
485.47979797979804,243.84384185918074
494.35891169762135,238.4539655759101
503.2380254154448,230.39521676981803
512.1171391332682,236.36552577444075
520.9962528510916,232.98150745013479
529.875366568915,239.20353246875155
538.7544802867384,239.52936679387767
547.6335940045618,239.55722977637478
556.5127077223851,239.30759274948048
565.3918214402086,238.9514043229373
574.2709351580319,238.63903119399384
583.1500488758553,238.37602368277726
592.0291625936787,240.1210744931722
600.9082763115022,237.8084608090219
609.7873900293255,237.72793348219744
618.6665037471489,236.82198931913612
627.5456174649723,240.90843665780307
636.4247311827957,233.76347917445412
645.3038449006191,233.3147143891869
654.1829586184425,227.51356232245456
663.0620723362659,231.65569173196627
671.9411860540893,234.52127746125507
680.8202997719127,222.17815806754098
689.6994134897361,231.86947611357158
698.5785272075594,230.23678681798074
707.4576409253829,229.85823034500214
716.3367546432063,229.56405441555063
725.2158683610296,229.42935578357108
734.094982078853,229.47947294124862
742.9740957966765,229.61562725446902
751.8532095144999,229.72000825335488
760.7323232323232,229.67480546802875
769.6114369501466,229.65152636123761
778.4905506679701,228.87619726240493
787.3696643857934,226.34013442540115
796.2487781036168,229.32156356929684
805.1278918214402,231.59119119256138
814.0070055392636,224.23099116841482
822.886119257087,232.78712169282758
831.7652329749104,233.96202946894954
840.6443466927338,234.84233873615455
849.5234604105572,235.3562275016932
858.4025741283806,235.86344855450716
867.281687846204,236.51643967224953
876.1608015640273,232.04792922571738
885.0399152818508,237.93767195274515
893.9190289996742,238.53737632538295
902.7981427174976,235.17699753501853
911.6772564353209,239.0936195601496
920.5563701531444,238.881621632163
929.4354838709678,238.23051948051943
