50.403225806451616,239.58333333333326
59.28233952427501,240.52320240151832
68.1614532420984,241.16042515004764
77.0405669599218,238.39113290746997
85.91968067774519,241.65821143609492
94.79879439556859,241.58441484759155
103.677908113392,236.83221267309128
112.5570218312154,243.0955790915476
121.43613554903878,240.46610539984349
130.31524926686217,239.90376214647887
139.19436298468557,232.70215602884016
148.07347670250897,238.69163510551192
156.95259042033237,240.38385273855852
165.83170413815577,237.4803977583055
174.71081785597914,241.37151145134067
183.58993157380255,234.28468872304717
192.46904529162595,236.6828447795374
201.34815900944935,236.29094668571042
210.22727272727275,236.97640421162507
219.10638644509612,237.42393514989078
227.98550016291952,235.38499080741437
236.86461388074292,238.30384206009396
245.74372759856632,238.42695850147607
254.62284131638972,229.68593040680057
263.5019550342131,237.26636853041293
272.3810687520365,235.5111187579734
281.2601824698599,226.1828700414438
290.13929618768327,231.8607618233507
299.0184099055067,228.85287575977884
307.89752362333013,227.60470316532903
316.77663734115345,226.14856032269952
325.6557510589769,228.62513201239764
334.5348647768003,229.81535128527577
343.4139784946236,234.06793687004296
352.29309221244705,227.95571524275198
361.1722059302705,230.31143004390648
370.0513196480939,230.289437667577
378.9304333659172,234.43668854727756
387.80954708374065,230.10462823612033
396.6886608015641,228.1323953936338
405.5677745193874,229.9639333363481
414.4468882372108,230.04887487821517
423.32600195503426,230.33623931912675
432.2051156728576,231.09357878144687
441.084229390681,227.39888414917027
449.96334310850443,235.27976430280484
458.84245682632786,238.5943903261009
467.7215705441512,243.25303210483594
476.6006842619746,237.39181690412244
485.47979797979804,238.84965834134192
494.35891169762135,234.82061276941272
503.2380254154448,238.22046785727954
512.1171391332682,238.3632055995498
520.9962528510916,236.56392455349737
529.875366568915,245.06796729078937
538.7544802867384,239.52936679387767
547.6335940045618,239.55722977637478
556.5127077223851,239.30759274948048
565.3918214402086,235.64995238911266
574.2709351580319,238.55118434347168
583.1500488758553,238.37602368277726
592.0291625936787,238.11499024573402
600.9082763115022,236.06106280081517
609.7873900293255,241.07957641433438
618.6665037471489,236.82198931913612
627.5456174649723,235.89030322688234
636.4247311827957,234.61899795495063
645.3038449006191,233.01948196164537
654.1829586184425,232.30063497195528
663.0620723362659,230.33410005712994
671.9411860540893,231.2510392658857
680.8202997719127,235.82312387854734
689.6994134897361,233.19651995463795
698.5785272075594,233.30996407077154
707.4576409253829,229.85823034500214
716.3367546432063,229.56405441555063
725.2158683610296,229.42935578357108
734.094982078853,229.47947294124862
742.9740957966765,222.38007488293252
751.8532095144999,222.89947038510024
760.7323232323232,229.67480546802875
769.6114369501466,229.36281142266378
778.4905506679701,227.59468147978663
787.3696643857934,228.61444184592375
796.2487781036168,232.31907231955088
805.1278918214402,230.2842131171675
814.0070055392636,231.50029103362226
822.886119257087,232.78712169282758
831.7652329749104,233.96202946894954
840.6443466927338,232.8752101063891
849.5234604105572,235.3562275016932
858.4025741283806,235.17357966352355
867.281687846204,236.51643967224953
876.1608015640273,237.23593693668144
885.0399152818508,237.93767195274515
893.9190289996742,238.53737632538295
902.7981427174976,238.95078165953697
911.6772564353209,231.83834228912886
920.5563701531444,238.881621632163
929.4354838709678,238.23051948051943
