50.403225806451616,244.47183021950138
59.28233952427501,240.52320240151832
68.1614532420984,241.16042515004764
77.0405669599218,243.4445183459277
85.91968067774519,235.98058138208154
94.79879439556859,238.22900293366482
103.677908113392,236.84052086483942
112.5570218312154,240.9555418924766
121.43613554903878,240.46610539984349
130.31524926686217,239.90376214647887
139.19436298468557,239.30133206937194
148.07347670250897,248.40784751153916
156.95259042033237,234.95143044056417
165.83170413815577,237.58172026548937
174.71081785597914,237.14714226330523
183.58993157380255,229.5426340825378
192.46904529162595,232.37142816414092
201.34815900944935,236.71876517193203
210.22727272727275,237.52441766946583
219.10638644509612,237.42393514989078
227.98550016291952,237.91795768780636
236.86461388074292,238.30384206009396
245.74372759856632,230.13952066095473
254.62284131638972,238.13267724667492
263.5019550342131,229.96030734743042
272.3810687520365,235.71174592498818
281.2601824698599,233.74270181498116
290.13929618768327,238.147578953475
299.0184099055067,226.77242940978635
307.89752362333013,227.1363264950789
316.77663734115345,216.9619275989614
325.6557510589769,224.62416721248147
334.5348647768003,229.81535128527577
343.4139784946236,225.84948762584264
352.29309221244705,230.2504954732786
361.1722059302705,230.31143004390648
370.0513196480939,238.0073069047019
378.9304333659172,230.21150663824878
387.80954708374065,230.10462823612033
396.6886608015641,230.0030593138264
405.5677745193874,234.67915230140633
414.4468882372108,230.04887487821517
423.32600195503426,230.33623931912675
432.2051156728576,231.09357878144687
441.084229390681,232.70803791287685
449.96334310850443,233.39750269220335
458.84245682632786,237.5593249820845
467.7215705441512,228.6872118461592
476.6006842619746,243.17560012502372
485.47979797979804,238.9973235492222
494.35891169762135,243.16649436610697
503.2380254154448,238.30290925183465
512.1171391332682,238.3632055995498
520.9962528510916,246.97643039199377
529.875366568915,239.20353246875155
538.7544802867384,245.077381196463
547.6335940045618,235.91905354918347
556.5127077223851,239.30759274948048
565.3918214402086,238.9514043229373
574.2709351580319,245.44612040532988
583.1500488758553,240.1890473216282
592.0291625936787,248.37106695588415
600.9082763115022,237.8084608090219
609.7873900293255,236.60052992111895
618.6665037471489,236.82198931913612
627.5456174649723,235.89030322688234
636.4247311827957,237.46924703605515
645.3038449006191,233.3147143891869
654.1829586184425,229.265498049735
663.0620723362659,231.65569173196627
671.9411860540893,226.98949954501992
680.8202997719127,228.00923483218597
689.6994134897361,230.62449393349303
698.5785272075594,230.23678681798074
707.4576409253829,229.85823034500214
716.3367546432063,230.56662969965112
725.2158683610296,234.6798457264575
734.094982078853,229.47947294124862
742.9740957966765,229.61562725446902
751.8532095144999,229.72000825335488
760.7323232323232,233.2891874079786
769.6114369501466,231.81892120086357
778.4905506679701,229.39030102966487
787.3696643857934,223.5405388873261
796.2487781036168,229.32156356929684
805.1278918214402,230.2842131171675
814.0070055392636,232.35769502101826
822.886119257087,232.78712169282758
831.7652329749104,233.96202946894954
840.6443466927338,234.84233873615455
849.5234604105572,235.3562275016932
858.4025741283806,235.86344855450716
867.281687846204,236.51643967224953
876.1608015640273,237.23593693668144
885.0399152818508,237.93767195274515
893.9190289996742,238.53737632538295
902.7981427174976,238.95078165953697
911.6772564353209,241.23760759465083
920.5563701531444,238.881621632163
929.4354838709678,239.23002824483862
