50.403225806451616,244.9068218144486
59.28233952427501,243.92312729783188
68.1614532420984,243.95033726616361
77.0405669599218,241.52782151590992
85.91968067774519,241.65821143609492
94.79879439556859,241.58441484759155
103.677908113392,244.588584296832
112.5570218312154,237.02563837799946
121.43613554903878,240.46610539984349
130.31524926686217,239.76645251627727
139.19436298468557,239.39140090525598
148.07347670250897,238.69163510551192
156.95259042033237,238.107491191888
165.83170413815577,237.58172026548937
174.71081785597914,237.14714226330523
183.58993157380255,238.46339256482506
192.46904529162595,236.6828447795374
201.34815900944935,236.71876517193203
210.22727272727275,241.5365749902791
219.10638644509612,238.21734380521968
227.98550016291952,237.91795768780636
236.86461388074292,237.22689100331945
245.74372759856632,242.96887067193364
254.62284131638972,236.02820029605002
263.5019550342131,229.00005282745786
272.3810687520365,235.71174592498818
281.2601824698599,235.15689208657676
290.13929618768327,231.8607618233507
299.0184099055067,233.55767582805515
307.89752362333013,228.1515641880528
316.77663734115345,227.65558135567883
325.6557510589769,232.32957577018536
334.5348647768003,229.81535128527577
343.4139784946236,230.07974442605575
352.29309221244705,224.94951254176408
361.1722059302705,230.31143004390648
370.0513196480939,230.289437667577
378.9304333659172,230.60585577054187
387.80954708374065,230.10462823612033
396.6886608015641,230.0030593138264
405.5677745193874,229.9639333363481
414.4468882372108,230.04887487821517
423.32600195503426,230.33623931912675
432.2051156728576,231.09357878144687
441.084229390681,232.70803791287685
449.96334310850443,235.27976430280484
458.84245682632786,233.97401839226853
467.7215705441512,243.4833162238597
476.6006842619746,237.26739405748447
485.47979797979804,238.84965834134192
494.35891169762135,238.4539655759101
503.2380254154448,238.69629271562403
512.1171391332682,238.3632055995498
520.9962528510916,245.01350587817797
529.875366568915,244.23625534770963
538.7544802867384,239.52936679387767
547.6335940045618,239.55722977637478
556.5127077223851,234.909681248836
565.3918214402086,238.9514043229373
574.2709351580319,238.63903119399384
583.1500488758553,242.32249298037567
592.0291625936787,238.11499024573402
600.9082763115022,237.8084608090219
609.7873900293255,237.40824533491636
618.6665037471489,236.82198931913612
627.5456174649723,235.89030322688234
636.4247311827957,231.1853878238538
645.3038449006191,233.3147143891869
654.1829586184425,232.30063497195528
663.0620723362659,235.63547502926286
671.9411860540893,231.2510392658857
680.8202997719127,240.214030999569
689.6994134897361,230.62449393349303
698.5785272075594,230.23678681798074
707.4576409253829,229.85823034500214
716.3367546432063,229.65674431507693
725.2158683610296,229.42935578357108
734.094982078853,229.47947294124862
742.9740957966765,228.8360424748633
751.8532095144999,229.72000825335488
760.7323232323232,229.37087933781885
769.6114369501466,229.36281142266378
778.4905506679701,228.87619726240493
787.3696643857934,228.51750427279097
796.2487781036168,229.32156356929684
805.1278918214402,230.2842131171675
814.0070055392636,233.22802219377385
822.886119257087,232.78712169282758
831.7652329749104,238.03248815330332
840.6443466927338,239.49163019149722
849.5234604105572,235.3562275016932
858.4025741283806,235.86344855450716
867.281687846204,236.51643967224953
876.1608015640273,236.4842007332472
885.0399152818508,237.93767195274515
893.9190289996742,238.53737632538295
902.7981427174976,238.95078165953697
911.6772564353209,239.0936195601496
920.5563701531444,239.40237793683787
929.4354838709678,235.17451194570654
