50.403225806451616,239.58333333333326
59.28233952427501,243.29096402394885
68.1614532420984,241.16042515004764
77.0405669599218,233.85812230950256
85.91968067774519,241.65821143609492
94.79879439556859,245.20759169492595
103.677908113392,246.4591252768679
112.5570218312154,240.9555418924766
121.43613554903878,240.46610539984349
130.31524926686217,239.90376214647887
139.19436298468557,239.30133206937194
148.07347670250897,236.8376891586749
156.95259042033237,238.107491191888
165.83170413815577,237.58172026548937
174.71081785597914,237.14714226330523
183.58993157380255,239.19716373607957
192.46904529162595,236.6828447795374
201.34815900944935,241.0792086015476
210.22727272727275,236.97640421162507
219.10638644509612,237.42393514989078
227.98550016291952,237.91795768780636
236.86461388074292,238.30384206009396
245.74372759856632,238.42695850147607
254.62284131638972,238.13267724667492
263.5019550342131,237.26636853041293
272.3810687520365,235.71174592498818
281.2601824698599,233.61306637207161
290.13929618768327,231.8607618233507
299.0184099055067,235.8267845743469
307.89752362333013,233.94774004335096
316.77663734115345,229.5288260108921
325.6557510589769,229.5837626304887
334.5348647768003,233.73624072171745
343.4139784946236,230.12719961978874
352.29309221244705,223.9141414491889
361.1722059302705,230.31143004390648
370.0513196480939,230.289437667577
378.9304333659172,230.21150663824878
387.80954708374065,224.60280064516326
396.6886608015641,230.0030593138264
405.5677745193874,229.9639333363481
414.4468882372108,227.79170713099137
423.32600195503426,230.33623931912675
432.2051156728576,231.09357878144687
441.084229390681,226.02608275140904
449.96334310850443,232.37002544186896
458.84245682632786,238.29681708759924
467.7215705441512,238.75565301901082
476.6006842619746,237.36154042439765
485.47979797979804,238.84965834134192
494.35891169762135,236.06632506533896
503.2380254154448,240.36826407755058
512.1171391332682,238.3632055995498
520.9962528510916,238.752852937008
529.875366568915,233.92368148987723
538.7544802867384,236.30233787984466
547.6335940045618,239.55722977637478
556.5127077223851,239.30759274948048
565.3918214402086,242.86579715019568
574.2709351580319,238.63903119399384
583.1500488758553,238.37602368277726
592.0291625936787,238.11499024573402
600.9082763115022,233.43529194435138
609.7873900293255,243.58703929784087
618.6665037471489,243.64456432934008
627.5456174649723,235.89030322688234
636.4247311827957,232.45739175081863
645.3038449006191,233.3147143891869
654.1829586184425,232.30063497195528
663.0620723362659,235.89751808770757
671.9411860540893,231.2510392658857
680.8202997719127,230.95120988650342
689.6994134897361,230.62449393349303
698.5785272075594,230.23678681798074
707.4576409253829,235.9770677077753
716.3367546432063,229.56405441555063
725.2158683610296,229.42935578357108
734.094982078853,229.47947294124862
742.9740957966765,225.32029288024185
751.8532095144999,229.72000825335488
760.7323232323232,229.67480546802875
769.6114369501466,232.7542399935205
778.4905506679701,228.87619726240493
787.3696643857934,233.8413632991637
796.2487781036168,219.85992705086267
805.1278918214402,223.02328173753506
814.0070055392636,227.61471862521995
822.886119257087,232.78712169282758
831.7652329749104,233.96202946894954
840.6443466927338,234.84233873615455
849.5234604105572,233.89591031970878
858.4025741283806,232.4509707850796
867.281687846204,236.51643967224953
876.1608015640273,235.04543617671044
885.0399152818508,237.93767195274515
893.9190289996742,237.76330630216535
902.7981427174976,238.95078165953697
911.6772564353209,239.0936195601496
920.5563701531444,238.881621632163
929.4354838709678,241.8739839897145
