50.403225806451616,239.58333333333326
59.28233952427501,245.85878268269386
68.1614532420984,241.16042515004764
77.0405669599218,235.146552122508
85.91968067774519,241.65821143609492
94.79879439556859,241.88814764032733
103.677908113392,241.339251687389
112.5570218312154,245.26386366042615
121.43613554903878,233.84113212111717
130.31524926686217,243.0706910540406
139.19436298468557,239.30133206937194
148.07347670250897,238.69163510551192
156.95259042033237,237.74635839729157
165.83170413815577,236.76000292358734
174.71081785597914,237.14714226330523
183.58993157380255,236.83657712232483
192.46904529162595,236.6828447795374
201.34815900944935,239.95468965512225
210.22727272727275,236.97640421162507
219.10638644509612,237.42393514989078
227.98550016291952,237.91795768780636
236.86461388074292,238.30384206009396
245.74372759856632,238.42695850147607
254.62284131638972,238.13267724667492
263.5019550342131,237.26636853041293
272.3810687520365,231.08431708721594
281.2601824698599,233.74270181498116
290.13929618768327,228.10249096235282
299.0184099055067,230.52429907406022
307.89752362333013,229.79438897568343
316.77663734115345,229.5288260108921
325.6557510589769,229.83771536453355
334.5348647768003,229.81535128527577
343.4139784946236,230.07974442605575
352.29309221244705,230.2504954732786
361.1722059302705,233.1818845890244
370.0513196480939,230.289437667577
378.9304333659172,230.21150663824878
387.80954708374065,225.12725802171235
396.6886608015641,229.14390305173146
405.5677745193874,228.85476875442646
414.4468882372108,239.3046146120448
423.32600195503426,230.33623931912675
432.2051156728576,231.09357878144687
441.084229390681,232.70803791287685
449.96334310850443,235.27976430280484
458.84245682632786,240.58074956980101
467.7215705441512,238.75565301901082
476.6006842619746,243.44183305318472
485.47979797979804,238.84965834134192
494.35891169762135,238.4539655759101
503.2380254154448,238.22046785727954
512.1171391332682,238.3632055995498
520.9962528510916,238.752852937008
529.875366568915,239.20353246875155
538.7544802867384,238.10024310944527
547.6335940045618,242.40819458903138
556.5127077223851,239.30759274948048
565.3918214402086,240.99254452460835
574.2709351580319,233.5979586249488
583.1500488758553,241.45364550558656
592.0291625936787,238.11499024573402
600.9082763115022,237.8084608090219
609.7873900293255,237.40824533491636
618.6665037471489,236.82198931913612
627.5456174649723,235.89030322688234
636.4247311827957,234.61899795495063
645.3038449006191,233.3147143891869
654.1829586184425,232.30063497195528
663.0620723362659,231.65569173196627
671.9411860540893,231.2510392658857
680.8202997719127,230.95120988650342
689.6994134897361,226.14301040201582
698.5785272075594,229.72678414198018
707.4576409253829,223.33581281789273
716.3367546432063,229.56405441555063
725.2158683610296,230.8273021694565
734.094982078853,229.47947294124862
742.9740957966765,224.62803026649405
751.8532095144999,232.90719743372713
760.7323232323232,229.67480546802875
769.6114369501466,229.36281142266378
778.4905506679701,228.87619726240493
787.3696643857934,228.79501801584414
796.2487781036168,229.32156356929684
805.1278918214402,230.2842131171675
814.0070055392636,231.50029103362226
822.886119257087,237.75984611433776
831.7652329749104,233.96202946894954
840.6443466927338,234.84233873615455
849.5234604105572,231.0933494529028
858.4025741283806,235.86344855450716
867.281687846204,236.51643967224953
876.1608015640273,237.23593693668144
885.0399152818508,237.93767195274515
893.9190289996742,238.53737632538295
902.7981427174976,238.95078165953697
911.6772564353209,233.90769415569923
920.5563701531444,238.881621632163
929.4354838709678,241.082113122291
