50.403225806451616,240.06989406110674
59.28233952427501,240.52320240151832
68.1614532420984,241.16042515004764
77.0405669599218,241.52782151590992
85.91968067774519,241.65821143609492
94.79879439556859,234.56843018787387
103.677908113392,241.339251687389
112.5570218312154,232.1201158227021
121.43613554903878,240.46610539984349
130.31524926686217,238.81545284808928
139.19436298468557,241.44961856247065
148.07347670250897,238.69163510551192
156.95259042033237,238.107491191888
165.83170413815577,237.58172026548937
174.71081785597914,237.14714226330523
183.58993157380255,238.65311368393526
192.46904529162595,235.61894915238165
201.34815900944935,233.06226696949687
210.22727272727275,236.97640421162507
219.10638644509612,237.42393514989078
227.98550016291952,237.91795768780636
236.86461388074292,238.30384206009396
245.74372759856632,238.42695850147607
254.62284131638972,238.13267724667492
263.5019550342131,237.26636853041293
272.3810687520365,236.44391322012802
281.2601824698599,233.74270181498116
290.13929618768327,231.8607618233507
299.0184099055067,230.52429907406022
307.89752362333013,225.1484130883087
316.77663734115345,229.5288260108921
325.6557510589769,229.5837626304887
334.5348647768003,227.6878619145922
343.4139784946236,230.07974442605575
352.29309221244705,234.1005338339247
361.1722059302705,230.31143004390648
370.0513196480939,225.9170028061532
378.9304333659172,223.48052008746393
387.80954708374065,230.10462823612033
396.6886608015641,230.0030593138264
405.5677745193874,224.73321821517763
414.4468882372108,230.04887487821517
423.32600195503426,222.57574584492406
432.2051156728576,231.09357878144687
441.084229390681,232.70803791287685
449.96334310850443,235.27976430280484
458.84245682632786,239.60251370482123
467.7215705441512,235.11240174049593
476.6006842619746,239.0646096031371
485.47979797979804,238.84965834134192
494.35891169762135,244.16743102258908
503.2380254154448,244.27471279965528
512.1171391332682,238.3632055995498
520.9962528510916,238.752852937008
529.875366568915,239.20353246875155
538.7544802867384,239.52936679387767
547.6335940045618,239.55722977637478
556.5127077223851,239.30759274948048
565.3918214402086,238.9514043229373
574.2709351580319,242.4125501551973
583.1500488758553,238.37602368277726
592.0291625936787,233.39996738320735
600.9082763115022,237.8084608090219
609.7873900293255,237.40824533491636
618.6665037471489,236.82198931913612
627.5456174649723,235.43170257363863
636.4247311827957,234.61899795495063
645.3038449006191,233.3147143891869
654.1829586184425,232.30063497195528
663.0620723362659,236.4072409840151
671.9411860540893,231.2510392658857
680.8202997719127,230.95120988650342
689.6994134897361,230.62449393349303
698.5785272075594,234.81802151906263
707.4576409253829,236.5850354288286
716.3367546432063,232.88658248554125
725.2158683610296,229.42935578357108
734.094982078853,228.0103429600128
742.9740957966765,229.61562725446902
751.8532095144999,233.3193192237564
760.7323232323232,229.67480546802875
769.6114369501466,229.36281142266378
778.4905506679701,228.87619726240493
787.3696643857934,228.79501801584414
796.2487781036168,224.86291055841986
805.1278918214402,230.2842131171675
814.0070055392636,231.50029103362226
822.886119257087,235.07245167915005
831.7652329749104,233.96202946894954
840.6443466927338,236.60394014179525
849.5234604105572,237.72023187806408
858.4025741283806,235.86344855450716
867.281687846204,229.2566508730303
876.1608015640273,237.23593693668144
885.0399152818508,233.24720311496915
893.9190289996742,237.2478733471848
902.7981427174976,238.95078165953697
911.6772564353209,239.0936195601496
920.5563701531444,238.881621632163
929.4354838709678,238.23051948051943
