50.403225806451616,245.68328710115844
59.28233952427501,237.45475715704725
68.1614532420984,241.16042515004764
77.0405669599218,238.41749823864376
85.91968067774519,236.50973426262382
94.79879439556859,241.58441484759155
103.677908113392,243.29778241700663
112.5570218312154,240.9555418924766
121.43613554903878,242.58413806197103
130.31524926686217,239.90376214647887
139.19436298468557,240.03401017747268
148.07347670250897,238.69163510551192
156.95259042033237,241.73123221949194
165.83170413815577,240.27842029840716
174.71081785597914,237.14714226330523
183.58993157380255,235.70219772568134
192.46904529162595,237.23454201206405
201.34815900944935,236.71876517193203
210.22727272727275,236.97640421162507
219.10638644509612,237.42393514989078
227.98550016291952,237.91795768780636
236.86461388074292,243.1497891346675
245.74372759856632,236.29340339152722
254.62284131638972,238.13267724667492
263.5019550342131,237.26636853041293
272.3810687520365,235.71174592498818
281.2601824698599,233.74270181498116
290.13929618768327,229.93556977537523
299.0184099055067,229.38063334276427
307.89752362333013,229.9778350766976
316.77663734115345,229.5288260108921
325.6557510589769,229.5837626304887
334.5348647768003,229.81535128527577
343.4139784946236,226.2449536954788
352.29309221244705,238.9984682723542
361.1722059302705,230.31143004390648
370.0513196480939,230.289437667577
378.9304333659172,230.21150663824878
387.80954708374065,230.10462823612033
396.6886608015641,230.0030593138264
405.5677745193874,231.4718915379906
414.4468882372108,230.04887487821517
423.32600195503426,232.575401688831
432.2051156728576,239.31029202538366
441.084229390681,232.70803791287685
449.96334310850443,238.34662216216296
458.84245682632786,233.50947718993504
467.7215705441512,244.27164179385233
476.6006842619746,239.0646096031371
485.47979797979804,238.84965834134192
494.35891169762135,232.31616296895442
503.2380254154448,238.22046785727954
512.1171391332682,238.3632055995498
520.9962528510916,232.97640520636602
529.875366568915,239.20353246875155
538.7544802867384,239.52936679387767
547.6335940045618,239.55722977637478
556.5127077223851,236.01472988638005
565.3918214402086,238.9514043229373
574.2709351580319,238.63903119399384
583.1500488758553,238.37602368277726
592.0291625936787,238.11499024573402
600.9082763115022,237.8084608090219
609.7873900293255,240.09563790479024
618.6665037471489,241.64728988621982
627.5456174649723,235.89030322688234
636.4247311827957,230.56004678878563
645.3038449006191,233.3147143891869
654.1829586184425,227.89456976024616
663.0620723362659,231.65569173196627
671.9411860540893,231.2510392658857
680.8202997719127,228.27915908317533
689.6994134897361,228.63294592059742
698.5785272075594,230.23678681798074
707.4576409253829,229.85823034500214
716.3367546432063,229.56405441555063
725.2158683610296,229.42935578357108
734.094982078853,229.83860118539147
742.9740957966765,229.61562725446902
751.8532095144999,224.1335709182649
760.7323232323232,226.43612342370076
769.6114369501466,229.36281142266378
778.4905506679701,224.08207831419566
787.3696643857934,225.65266882822633
796.2487781036168,229.32156356929684
805.1278918214402,230.2842131171675
814.0070055392636,235.62171066672065
822.886119257087,232.78712169282758
831.7652329749104,231.61397192921208
840.6443466927338,234.84233873615455
849.5234604105572,234.19329165291094
858.4025741283806,236.99237171064792
867.281687846204,236.51643967224953
876.1608015640273,237.23593693668144
885.0399152818508,236.82382443392922
893.9190289996742,232.31274182000482
902.7981427174976,243.4321172739615
911.6772564353209,239.0936195601496
920.5563701531444,238.881621632163
929.4354838709678,245.2938532818954
