50.403225806451616,238.95545573583843
59.28233952427501,240.52320240151832
68.1614532420984,238.73672399256145
77.0405669599218,241.52782151590992
85.91968067774519,241.65821143609492
94.79879439556859,239.83565862771428
103.677908113392,241.339251687389
112.5570218312154,240.9555418924766
121.43613554903878,240.46610539984349
130.31524926686217,239.90376214647887
139.19436298468557,239.30133206937194
148.07347670250897,233.46900686889114
156.95259042033237,241.44986723966176
165.83170413815577,237.58172026548937
174.71081785597914,241.9088632943319
183.58993157380255,238.72170296275252
192.46904529162595,232.63071485094116
201.34815900944935,240.83259134469637
210.22727272727275,236.97640421162507
219.10638644509612,240.0642505356053
227.98550016291952,239.7284545966034
236.86461388074292,238.30384206009396
245.74372759856632,240.98123779024445
254.62284131638972,242.68454076814803
263.5019550342131,234.96111663520827
272.3810687520365,235.71174592498818
281.2601824698599,233.74270181498116
290.13929618768327,231.8607618233507
299.0184099055067,230.52429907406022
307.89752362333013,229.79438897568343
316.77663734115345,228.87720092764647
325.6557510589769,232.50915138438154
334.5348647768003,229.81535128527577
343.4139784946236,230.07974442605575
352.29309221244705,234.295955390695
361.1722059302705,230.31143004390648
370.0513196480939,231.92303979070357
378.9304333659172,230.21150663824878
387.80954708374065,229.40600292035964
396.6886608015641,227.9247063425553
405.5677745193874,229.9639333363481
414.4468882372108,230.04887487821517
423.32600195503426,227.22487577179098
432.2051156728576,231.09357878144687
441.084229390681,232.70803791287685
449.96334310850443,235.27976430280484
458.84245682632786,237.57962224667838
467.7215705441512,233.8626483168093
476.6006842619746,239.0646096031371
485.47979797979804,233.33747504942474
494.35891169762135,238.4539655759101
503.2380254154448,238.22046785727954
512.1171391332682,237.60697396911635
520.9962528510916,238.752852937008
529.875366568915,236.43213124819349
538.7544802867384,243.1551893355512
547.6335940045618,239.55722977637478
556.5127077223851,239.30759274948048
565.3918214402086,233.43691682056559
574.2709351580319,240.7882564375106
583.1500488758553,238.37602368277726
592.0291625936787,239.9710927183002
600.9082763115022,237.38468402346655
609.7873900293255,237.40824533491636
618.6665037471489,236.82198931913612
627.5456174649723,236.50645920855285
636.4247311827957,234.61899795495063
645.3038449006191,233.3147143891869
654.1829586184425,232.30063497195528
663.0620723362659,235.78698471660132
671.9411860540893,233.7818782819682
680.8202997719127,235.25228908662712
689.6994134897361,230.62449393349303
698.5785272075594,230.23678681798074
707.4576409253829,229.85823034500214
716.3367546432063,229.56405441555063
725.2158683610296,229.42935578357108
734.094982078853,221.37230499914273
742.9740957966765,233.57048640023243
751.8532095144999,233.1905466091798
760.7323232323232,219.82943917993657
769.6114369501466,227.281399436031
778.4905506679701,227.4437516536715
787.3696643857934,229.99904391508585
796.2487781036168,229.32156356929684
805.1278918214402,230.2842131171675
814.0070055392636,231.50029103362226
822.886119257087,232.78712169282758
831.7652329749104,239.65675392953074
840.6443466927338,237.9512560940319
849.5234604105572,235.3562275016932
858.4025741283806,234.67881247937262
867.281687846204,236.51643967224953
876.1608015640273,237.23593693668144
885.0399152818508,231.4969790774003
893.9190289996742,238.53737632538295
902.7981427174976,244.76777518913883
911.6772564353209,240.75865349390256
920.5563701531444,238.881621632163
929.4354838709678,238.23051948051943
