50.403225806451616,239.58333333333326
59.28233952427501,240.52320240151832
68.1614532420984,241.16042515004764
77.0405669599218,241.52782151590992
85.91968067774519,241.65821143609492
94.79879439556859,243.82869728422168
103.677908113392,243.28884201396366
112.5570218312154,238.51537355375555
121.43613554903878,240.46610539984349
130.31524926686217,239.90376214647887
139.19436298468557,230.45980224744875
148.07347670250897,235.1356909700514
156.95259042033237,233.84799907590536
165.83170413815577,237.58172026548937
174.71081785597914,237.14714226330523
183.58993157380255,241.57244298910058
192.46904529162595,236.6828447795374
201.34815900944935,242.8447863636316
210.22727272727275,238.37911403492893
219.10638644509612,237.42393514989078
227.98550016291952,232.78425127417563
236.86461388074292,238.30384206009396
245.74372759856632,242.93605936307193
254.62284131638972,238.13267724667492
263.5019550342131,237.26636853041293
272.3810687520365,235.71174592498818
281.2601824698599,233.74270181498116
290.13929618768327,231.8607618233507
299.0184099055067,230.52429907406022
307.89752362333013,229.15434352228363
316.77663734115345,228.5378264061384
325.6557510589769,227.8356824350683
334.5348647768003,229.81535128527577
343.4139784946236,232.60460945279576
352.29309221244705,230.2504954732786
361.1722059302705,230.31143004390648
370.0513196480939,230.289437667577
378.9304333659172,230.21150663824878
387.80954708374065,230.10462823612033
396.6886608015641,230.0030593138264
405.5677745193874,227.07241189870237
414.4468882372108,230.04887487821517
423.32600195503426,229.1073480777641
432.2051156728576,231.09357878144687
441.084229390681,232.70803791287685
449.96334310850443,235.27976430280484
458.84245682632786,235.81313722295417
467.7215705441512,234.81114916671893
476.6006842619746,239.0646096031371
485.47979797979804,238.84965834134192
494.35891169762135,238.4539655759101
503.2380254154448,236.7958171276245
512.1171391332682,241.31770348710455
520.9962528510916,238.84413384664126
529.875366568915,242.80497012318696
538.7544802867384,239.52936679387767
547.6335940045618,239.55722977637478
556.5127077223851,245.8119266973179
565.3918214402086,237.893335965893
574.2709351580319,242.87723140324746
583.1500488758553,238.37602368277726
592.0291625936787,238.11499024573402
600.9082763115022,237.8084608090219
609.7873900293255,231.78593929420822
618.6665037471489,236.82198931913612
627.5456174649723,234.76915107490132
636.4247311827957,234.61899795495063
645.3038449006191,233.3147143891869
654.1829586184425,232.30063497195528
663.0620723362659,230.8021192448362
671.9411860540893,237.7267533644003
680.8202997719127,231.57766681744408
689.6994134897361,230.62449393349303
698.5785272075594,230.23678681798074
707.4576409253829,239.11193913451427
716.3367546432063,229.56405441555063
725.2158683610296,231.69764886729948
734.094982078853,228.77673034233737
742.9740957966765,229.61562725446902
751.8532095144999,229.72000825335488
760.7323232323232,229.67480546802875
769.6114369501466,232.9652510811499
778.4905506679701,228.87619726240493
787.3696643857934,228.79501801584414
796.2487781036168,229.32156356929684
805.1278918214402,230.2842131171675
814.0070055392636,231.50029103362226
822.886119257087,227.12717159589832
831.7652329749104,233.96202946894954
840.6443466927338,234.84233873615455
849.5234604105572,235.3562275016932
858.4025741283806,235.86344855450716
867.281687846204,227.02949322117723
876.1608015640273,238.2668511147806
885.0399152818508,237.93767195274515
893.9190289996742,238.53737632538295
902.7981427174976,238.95078165953697
911.6772564353209,236.17602267532993
920.5563701531444,238.881621632163
929.4354838709678,240.7081831029932
