50.403225806451616,236.36317445900133
59.28233952427501,245.71916546318337
68.1614532420984,241.16042515004764
77.0405669599218,234.64790742475813
85.91968067774519,235.37074175644634
94.79879439556859,249.5594214404251
103.677908113392,241.339251687389
112.5570218312154,243.26160456404054
121.43613554903878,240.46610539984349
130.31524926686217,234.9917316397034
139.19436298468557,239.30133206937194
148.07347670250897,241.96976660222768
156.95259042033237,238.107491191888
165.83170413815577,231.17973504383048
174.71081785597914,237.14714226330523
183.58993157380255,236.83657712232483
192.46904529162595,231.1357334243927
201.34815900944935,237.385913472272
210.22727272727275,241.32180196479834
219.10638644509612,237.42393514989078
227.98550016291952,235.40993729897252
236.86461388074292,238.30384206009396
245.74372759856632,240.32212733957024
254.62284131638972,241.3478703970146
263.5019550342131,232.92879745659607
272.3810687520365,235.71174592498818
281.2601824698599,233.29175652849423
290.13929618768327,231.8607618233507
299.0184099055067,234.62867835284078
307.89752362333013,233.51639680862667
316.77663734115345,229.5288260108921
325.6557510589769,229.5837626304887
334.5348647768003,229.81535128527577
343.4139784946236,231.695510837734
352.29309221244705,230.2504954732786
361.1722059302705,230.31143004390648
370.0513196480939,230.289437667577
378.9304333659172,230.21150663824878
387.80954708374065,230.10462823612033
396.6886608015641,230.0030593138264
405.5677745193874,224.93075135686146
414.4468882372108,230.04887487821517
423.32600195503426,230.33623931912675
432.2051156728576,231.09357878144687
441.084229390681,232.70803791287685
449.96334310850443,239.5152186740844
458.84245682632786,237.57962224667838
467.7215705441512,238.75565301901082
476.6006842619746,231.42549530728087
485.47979797979804,234.55690636130214
494.35891169762135,238.4539655759101
503.2380254154448,247.70360361598617
512.1171391332682,238.3632055995498
520.9962528510916,238.752852937008
529.875366568915,244.0008102560281
538.7544802867384,239.52936679387767
547.6335940045618,239.58634030526096
556.5127077223851,239.30759274948048
565.3918214402086,240.52222399329577
574.2709351580319,228.69108940531302
583.1500488758553,242.96860611009603
592.0291625936787,238.11499024573402
600.9082763115022,237.8084608090219
609.7873900293255,239.6196237485188
618.6665037471489,236.82198931913612
627.5456174649723,233.56641622643352
636.4247311827957,234.61899795495063
645.3038449006191,233.3147143891869
654.1829586184425,231.04931477324024
663.0620723362659,231.65569173196627
671.9411860540893,231.2510392658857
680.8202997719127,237.79920678532312
689.6994134897361,222.29651842237078
698.5785272075594,230.23678681798074
707.4576409253829,235.39914015263636
716.3367546432063,229.2279792698785
725.2158683610296,229.42935578357108
734.094982078853,228.13363949484688
742.9740957966765,237.29834820441738
751.8532095144999,229.72000825335488
760.7323232323232,235.5576575202164
769.6114369501466,222.3021303905931
778.4905506679701,229.53131518236657
787.3696643857934,228.79501801584414
796.2487781036168,229.32156356929684
805.1278918214402,230.2842131171675
814.0070055392636,226.11356470569083
822.886119257087,238.37100688686795
831.7652329749104,233.96202946894954
840.6443466927338,234.84233873615455
849.5234604105572,235.3562275016932
858.4025741283806,237.35075747268527
867.281687846204,236.51643967224953
876.1608015640273,234.84395890845917
885.0399152818508,240.0486635568742
893.9190289996742,238.53737632538295
902.7981427174976,244.9147800299985
911.6772564353209,238.17169175188272
920.5563701531444,238.881621632163
929.4354838709678,238.23051948051943
