50.403225806451616,243.69080582662838
59.28233952427501,239.66997906703554
68.1614532420984,244.03088108308276
77.0405669599218,241.52782151590992
85.91968067774519,241.65821143609492
94.79879439556859,241.58441484759155
103.677908113392,241.339251687389
112.5570218312154,240.9555418924766
121.43613554903878,242.56869931452115
130.31524926686217,244.32719446148064
139.19436298468557,239.30133206937194
148.07347670250897,238.69163510551192
156.95259042033237,238.107491191888
165.83170413815577,237.58172026548937
174.71081785597914,239.5982294496134
183.58993157380255,236.83657712232483
192.46904529162595,232.71313743355282
201.34815900944935,236.71876517193203
210.22727272727275,234.71547482863713
219.10638644509612,237.42393514989078
227.98550016291952,237.91795768780636
236.86461388074292,244.27708201927507
245.74372759856632,238.42695850147607
254.62284131638972,238.13267724667492
263.5019550342131,241.88309452479226
272.3810687520365,235.71174592498818
281.2601824698599,233.74270181498116
290.13929618768327,226.73116220163928
299.0184099055067,225.37245217722418
307.89752362333013,229.99581072927828
316.77663734115345,231.42826743784295
325.6557510589769,225.3596860463105
334.5348647768003,229.9503868731129
343.4139784946236,230.07974442605575
352.29309221244705,224.61705406142966
361.1722059302705,230.31143004390648
370.0513196480939,230.289437667577
378.9304333659172,230.21150663824878
387.80954708374065,230.10462823612033
396.6886608015641,234.35142344736988
405.5677745193874,232.28249073829113
414.4468882372108,230.04887487821517
423.32600195503426,230.33623931912675
432.2051156728576,231.09357878144687
441.084229390681,230.97988820851276
449.96334310850443,235.27976430280484
458.84245682632786,233.32014705644784
467.7215705441512,238.75565301901082
476.6006842619746,239.0646096031371
485.47979797979804,238.84965834134192
494.35891169762135,238.4539655759101
503.2380254154448,238.22046785727954
512.1171391332682,238.3632055995498
520.9962528510916,238.752852937008
529.875366568915,242.05271250418255
538.7544802867384,236.9329926406716
547.6335940045618,239.55722977637478
556.5127077223851,239.30759274948048
565.3918214402086,238.9514043229373
574.2709351580319,237.3450348822924
583.1500488758553,238.37602368277726
592.0291625936787,238.11499024573402
600.9082763115022,237.8084608090219
609.7873900293255,237.40824533491636
618.6665037471489,237.17567249551163
627.5456174649723,231.91243630641253
636.4247311827957,233.803697243503
645.3038449006191,233.3147143891869
654.1829586184425,232.30063497195528
663.0620723362659,231.65569173196627
671.9411860540893,231.2510392658857
680.8202997719127,230.95120988650342
689.6994134897361,230.62449393349303
698.5785272075594,230.23678681798074
707.4576409253829,229.85823034500214
716.3367546432063,227.3794896714251
725.2158683610296,226.8699268379012
734.094982078853,231.1104020043621
742.9740957966765,229.61562725446902
751.8532095144999,229.72000825335488
760.7323232323232,229.67480546802875
769.6114369501466,229.36281142266378
778.4905506679701,222.9671178225567
787.3696643857934,227.5712152139586
796.2487781036168,229.32156356929684
805.1278918214402,230.2842131171675
814.0070055392636,226.88560251613598
822.886119257087,232.78712169282758
831.7652329749104,233.96202946894954
840.6443466927338,233.09039796481977
849.5234604105572,235.3562275016932
858.4025741283806,229.51850022280948
867.281687846204,236.51643967224953
876.1608015640273,238.57301386201107
885.0399152818508,245.87071932389597
893.9190289996742,238.53737632538295
902.7981427174976,238.95078165953697
911.6772564353209,247.08320890866153
920.5563701531444,238.881621632163
929.4354838709678,238.23051948051943
