50.403225806451616,239.58333333333326
59.28233952427501,240.19807256329014
68.1614532420984,241.16042515004764
77.0405669599218,241.52782151590992
85.91968067774519,236.24822065838728
94.79879439556859,241.58441484759155
103.677908113392,241.339251687389
112.5570218312154,231.9899283389591
121.43613554903878,240.46610539984349
130.31524926686217,239.90376214647887
139.19436298468557,239.30133206937194
148.07347670250897,238.69163510551192
156.95259042033237,238.107491191888
165.83170413815577,234.15684583434884
174.71081785597914,237.14714226330523
183.58993157380255,236.83657712232483
192.46904529162595,236.6828447795374
201.34815900944935,236.71876517193203
210.22727272727275,236.97640421162507
219.10638644509612,237.42393514989078
227.98550016291952,233.16946998690315
236.86461388074292,238.30384206009396
245.74372759856632,242.34813622793237
254.62284131638972,238.13267724667492
263.5019550342131,237.82429586126352
272.3810687520365,233.13573167381386
281.2601824698599,233.74270181498116
290.13929618768327,234.16341767967978
299.0184099055067,230.52429907406022
307.89752362333013,228.01114499394225
316.77663734115345,229.5288260108921
325.6557510589769,227.892332806841
334.5348647768003,229.81535128527577
343.4139784946236,224.73194578559182
352.29309221244705,234.73571391833138
361.1722059302705,230.31143004390648
370.0513196480939,230.289437667577
378.9304333659172,230.21150663824878
387.80954708374065,230.10462823612033
396.6886608015641,230.60293944880772
405.5677745193874,234.41398979734555
414.4468882372108,230.04887487821517
423.32600195503426,229.36522698969515
432.2051156728576,231.09357878144687
441.084229390681,240.61637512930588
449.96334310850443,228.66781128414766
458.84245682632786,237.55054105797362
467.7215705441512,234.8398912936999
476.6006842619746,239.0646096031371
485.47979797979804,237.63015093856552
494.35891169762135,230.3820724739848
503.2380254154448,230.4379895042371
512.1171391332682,234.55107600091688
520.9962528510916,238.752852937008
529.875366568915,239.20353246875155
538.7544802867384,236.43952110619512
547.6335940045618,239.55722977637478
556.5127077223851,239.30759274948048
565.3918214402086,238.9514043229373
574.2709351580319,238.63903119399384
583.1500488758553,234.75475180570825
592.0291625936787,238.11499024573402
600.9082763115022,241.76248040528074
609.7873900293255,237.40824533491636
618.6665037471489,236.82198931913612
627.5456174649723,235.89030322688234
636.4247311827957,234.61899795495063
645.3038449006191,235.5138487098089
654.1829586184425,232.30063497195528
663.0620723362659,237.46674619212806
671.9411860540893,234.25329333612558
680.8202997719127,230.95120988650342
689.6994134897361,232.53354549414644
698.5785272075594,229.99874064935838
707.4576409253829,229.85823034500214
716.3367546432063,229.56405441555063
725.2158683610296,229.42935578357108
734.094982078853,229.47947294124862
742.9740957966765,229.61562725446902
751.8532095144999,225.86710841573958
760.7323232323232,231.12536140091063
769.6114369501466,226.55425969224032
778.4905506679701,228.87619726240493
787.3696643857934,228.79501801584414
796.2487781036168,230.72726130826663
805.1278918214402,233.5691076630177
814.0070055392636,229.51118709943884
822.886119257087,232.78712169282758
831.7652329749104,233.96202946894954
840.6443466927338,227.99700701812395
849.5234604105572,235.3562275016932
858.4025741283806,235.86344855450716
867.281687846204,241.3670123283015
876.1608015640273,235.9911733997519
885.0399152818508,243.08765021247453
893.9190289996742,238.53737632538295
902.7981427174976,238.95078165953697
911.6772564353209,241.57862727171005
920.5563701531444,238.881621632163
929.4354838709678,238.23051948051943
