50.403225806451616,241.85769420614605
59.28233952427501,240.52320240151832
68.1614532420984,241.16042515004764
77.0405669599218,241.52782151590992
85.91968067774519,241.65821143609492
94.79879439556859,241.19243274029094
103.677908113392,242.2460201591736
112.5570218312154,234.46286238423414
121.43613554903878,247.48887561030617
130.31524926686217,245.11071104259963
139.19436298468557,239.30133206937194
148.07347670250897,238.69163510551192
156.95259042033237,234.4804220270366
165.83170413815577,233.32192686986832
174.71081785597914,237.14714226330523
183.58993157380255,236.83657712232483
192.46904529162595,244.0995343081419
201.34815900944935,236.71876517193203
210.22727272727275,236.97640421162507
219.10638644509612,237.70665296301456
227.98550016291952,234.43112609237204
236.86461388074292,238.30384206009396
245.74372759856632,237.18244691434865
254.62284131638972,238.13267724667492
263.5019550342131,237.26636853041293
272.3810687520365,228.12273946526955
281.2601824698599,233.74270181498116
290.13929618768327,234.03406643958468
299.0184099055067,230.52429907406022
307.89752362333013,230.53483226403733
316.77663734115345,229.5288260108921
325.6557510589769,229.5837626304887
334.5348647768003,229.74973622132902
343.4139784946236,230.07974442605575
352.29309221244705,230.2504954732786
361.1722059302705,233.38667612703222
370.0513196480939,225.7200522283507
378.9304333659172,230.21150663824878
387.80954708374065,230.10462823612033
396.6886608015641,230.0030593138264
405.5677745193874,235.18902172217813
414.4468882372108,222.81964982660057
423.32600195503426,237.04001519501153
432.2051156728576,237.58408777176888
441.084229390681,231.09511450707416
449.96334310850443,235.27976430280484
458.84245682632786,240.41501521154936
467.7215705441512,238.75565301901082
476.6006842619746,239.0646096031371
485.47979797979804,238.84965834134192
494.35891169762135,247.93384265509087
503.2380254154448,238.22046785727954
512.1171391332682,235.3988706843107
520.9962528510916,238.752852937008
529.875366568915,239.20353246875155
538.7544802867384,231.28387534963846
547.6335940045618,239.55722977637478
556.5127077223851,239.30759274948048
565.3918214402086,231.97568669758004
574.2709351580319,238.63903119399384
583.1500488758553,243.23965697419763
592.0291625936787,238.11499024573402
600.9082763115022,237.8084608090219
609.7873900293255,233.06014165730548
618.6665037471489,238.92682176645843
627.5456174649723,235.89030322688234
636.4247311827957,234.61899795495063
645.3038449006191,233.57530194458502
654.1829586184425,232.30063497195528
663.0620723362659,231.65569173196627
671.9411860540893,231.2510392658857
680.8202997719127,230.95120988650342
689.6994134897361,233.8511400386743
698.5785272075594,230.23678681798074
707.4576409253829,235.7824730287317
716.3367546432063,233.86055881457872
725.2158683610296,228.23859759716171
734.094982078853,229.47947294124862
742.9740957966765,234.56855009810016
751.8532095144999,229.66327729851554
760.7323232323232,229.67480546802875
769.6114369501466,237.41485969005257
778.4905506679701,228.87619726240493
787.3696643857934,226.61407961883162
796.2487781036168,229.32156356929684
805.1278918214402,230.2842131171675
814.0070055392636,231.27282116857
822.886119257087,232.78712169282758
831.7652329749104,233.96202946894954
840.6443466927338,234.84233873615455
849.5234604105572,235.3562275016932
858.4025741283806,231.8433096124535
867.281687846204,232.25817710626663
876.1608015640273,231.8260030995369
885.0399152818508,232.44760540342514
893.9190289996742,246.17697366467306
902.7981427174976,238.95078165953697
911.6772564353209,242.62699243449853
920.5563701531444,238.881621632163
929.4354838709678,238.23051948051943
