362.90322580645164,194.46204202301766
364.70552297165204,198.46612305708354
366.50782013685244,194.17717089884803
368.31011730205284,194.0525036279846
370.1124144672532,188.0451768650153
371.9147116324536,187.66748349690695
373.717008797654,193.7450708581559
375.5193059628544,193.1208185960674
377.3216031280548,191.4775061962708
379.1239002932552,193.1792392034173
380.9261974584556,193.4764754404414
382.72849462365593,193.4320591070254
384.53079178885633,193.39598509499382
386.33308895405673,195.7307617928437
388.13538611925713,196.25729609188016
389.93768328445753,194.49288608699945
391.73998044965793,190.43367317387157
393.54227761485834,193.32761283273888
395.3445747800587,201.28493718877246
397.1468719452591,191.55145938151674
398.9491691104595,194.69317543794617
400.7514662756599,198.28718620124297
402.5537634408603,196.23151511433767
404.3560606060607,193.4424159300543
406.1583577712611,192.15420247081144
407.9606549364614,191.5341834045974
409.7629521016618,193.5567003061143
411.5652492668622,194.16916398436828
413.3675464320626,193.6470763063172
415.169843597263,193.69539420073653
416.9721407624634,192.47885023188286
418.7744379276638,191.33862728583085
420.57673509286417,193.84836333914174
422.37903225806457,194.2124672950978
424.18132942326497,191.41911090171405
425.98362658846537,194.0054734465504
427.78592375366577,194.05701209463908
429.58822091886617,195.77403332002606
431.39051808406657,194.15659024818322
433.1928152492669,194.2038790666179
434.99511241446737,194.24900058814723
436.7974095796677,196.09589322158516
438.5997067448681,194.3312403664483
440.4020039100685,194.36760793619942
442.2043010752689,194.40030683500373
444.0065982404693,194.42896171935092
445.80889540566966,194.45319724573068
447.6111925708701,194.47266394122843
449.41348973607046,194.48743829270956
451.21578690127086,194.49794577679512
453.01808406647126,192.2201152380366
454.82038123167166,191.05471755435326
456.62267839687206,194.50822463743248
458.4249755620724,194.50602226468962
460.22727272727286,194.50173183092818
462.0295698924732,193.4765877080542
463.8318670576736,194.38771979710833
465.634164222874,195.71914222751187
467.4364613880744,197.9340454926823
469.2387585532748,194.46421039148015
471.04105571847515,194.45654257839004
472.8433528836756,194.449837033209
474.64565004887595,193.99531199596606
476.44794721407635,196.71286114767696
478.25024437927675,194.2960485854076
480.05254154447715,191.63938703047097
481.85483870967755,194.44599497057854
483.6571358748779,194.16520485854633
485.45943304007835,191.9048726436434
487.2617302052787,194.48312566953396
489.0640273704791,192.826932505404
490.8663245356795,194.531573796983
492.6686217008799,193.48232178306117
494.4709188660803,196.91619651915096
496.27321603128064,194.6485027058826
498.0755131964811,194.70102384534428
499.87781036168144,194.76104367184584
501.68010752688184,194.8289979466626
503.48240469208224,196.53467134744614
505.28470185728264,192.72352346225705
507.08699902248304,195.08482507375857
508.8892961876834,191.6801612088395
510.69159335288384,195.3030376901143
512.4938905180842,195.42774964160583
514.2961876832846,195.56344637034036
516.098484848485,195.71056363759322
517.9007820136853,195.86953720463987
519.7030791788858,196.04080283275565
521.5053763440861,196.22479628321594
523.3076735092866,199.3599766722018
525.1099706744869,196.32046763317848
526.9122678396873,196.8575011814179
528.7145650048877,197.09676353401017
530.5168621700882,197.35093251532385
532.3191593352885,197.62044388663446
534.1214565004889,197.9057334092172
535.9237536656893,198.20723684434768
537.7260508308897,198.5253899533011
539.5283479960901,198.86062849735296
541.3306451612905,201.58182184959804
