50.403225806451616,239.58333333333326
59.28233952427501,240.52320240151832
68.1614532420984,235.21127888641698
77.0405669599218,241.09714276178912
85.91968067774519,241.65821143609492
94.79879439556859,239.3090631156293
103.677908113392,241.339251687389
112.5570218312154,237.49763823269404
121.43613554903878,245.73777446287534
130.31524926686217,238.69461638027988
139.19436298468557,239.18672198360815
148.07347670250897,238.69163510551192
156.95259042033237,244.81367286113013
165.83170413815577,239.6714528883736
174.71081785597914,237.14714226330523
183.58993157380255,238.60761981187747
192.46904529162595,236.6828447795374
201.34815900944935,244.99835625270637
210.22727272727275,235.703351738508
219.10638644509612,237.42393514989078
227.98550016291952,242.49252469923073
236.86461388074292,242.64130250377437
245.74372759856632,238.42695850147607
254.62284131638972,230.29455437618438
263.5019550342131,237.26636853041293
272.3810687520365,235.71174592498818
281.2601824698599,233.74270181498116
290.13929618768327,231.8607618233507
299.0184099055067,230.52429907406022
307.89752362333013,229.79438897568343
316.77663734115345,229.5288260108921
325.6557510589769,224.59028482634227
334.5348647768003,229.81535128527577
343.4139784946236,233.37509158270004
352.29309221244705,225.40223288408453
361.1722059302705,230.31143004390648
370.0513196480939,230.73932202715818
378.9304333659172,230.21150663824878
387.80954708374065,229.88773957213505
396.6886608015641,230.0030593138264
405.5677745193874,229.9639333363481
414.4468882372108,227.57873908191303
423.32600195503426,230.33623931912675
432.2051156728576,232.7143537350846
441.084229390681,232.70803791287685
449.96334310850443,236.66666559342931
458.84245682632786,242.16129239398052
467.7215705441512,238.75565301901082
476.6006842619746,239.0646096031371
485.47979797979804,235.59642794692064
494.35891169762135,238.4539655759101
503.2380254154448,238.22046785727954
512.1171391332682,242.97789569254985
520.9962528510916,238.752852937008
529.875366568915,235.40331389460167
538.7544802867384,239.52936679387767
547.6335940045618,239.55722977637478
556.5127077223851,240.1582209469139
565.3918214402086,235.1639749765008
574.2709351580319,238.63903119399384
583.1500488758553,238.37602368277726
592.0291625936787,238.11499024573402
600.9082763115022,246.7877840349612
609.7873900293255,237.40824533491636
618.6665037471489,236.82198931913612
627.5456174649723,239.39168094091903
636.4247311827957,238.7711250481846
645.3038449006191,231.95717865735338
654.1829586184425,240.19786689287554
663.0620723362659,231.46981549430063
671.9411860540893,231.2510392658857
680.8202997719127,230.95120988650342
689.6994134897361,230.62449393349303
698.5785272075594,231.60644349555025
707.4576409253829,229.85823034500214
716.3367546432063,229.56405441555063
725.2158683610296,226.08893858169697
734.094982078853,229.47947294124862
742.9740957966765,229.61562725446902
751.8532095144999,229.72000825335488
760.7323232323232,232.3297979691161
769.6114369501466,229.36281142266378
778.4905506679701,228.87619726240493
787.3696643857934,228.79501801584414
796.2487781036168,227.6318332395777
805.1278918214402,230.2842131171675
814.0070055392636,227.90453528974282
822.886119257087,237.06644059586787
831.7652329749104,233.96202946894954
840.6443466927338,234.84233873615455
849.5234604105572,235.67546340759213
858.4025741283806,236.97390046491648
867.281687846204,236.55136429680846
876.1608015640273,237.23593693668144
885.0399152818508,237.93767195274515
893.9190289996742,228.6390637569674
902.7981427174976,238.95078165953697
911.6772564353209,239.0936195601496
920.5563701531444,238.881621632163
929.4354838709678,236.22931000958215
