50.403225806451616,239.58333333333326
59.28233952427501,240.52320240151832
68.1614532420984,242.1844186937277
77.0405669599218,232.67395813836467
85.91968067774519,251.92490917144994
94.79879439556859,234.16591129866254
103.677908113392,243.4733495442576
112.5570218312154,240.9555418924766
121.43613554903878,240.46610539984349
130.31524926686217,239.90376214647887
139.19436298468557,239.30133206937194
148.07347670250897,245.78008807977687
156.95259042033237,238.107491191888
165.83170413815577,230.57310808495495
174.71081785597914,244.05881340504294
183.58993157380255,243.2801711943768
192.46904529162595,246.7596039914892
201.34815900944935,237.91511617684216
210.22727272727275,223.29752366809495
219.10638644509612,246.98022588987055
227.98550016291952,237.91795768780636
236.86461388074292,238.30384206009396
245.74372759856632,238.42695850147607
254.62284131638972,238.13267724667492
263.5019550342131,237.26636853041293
272.3810687520365,235.71174592498818
281.2601824698599,244.56727864080975
290.13929618768327,231.8607618233507
299.0184099055067,222.6712146626781
307.89752362333013,233.35508245771214
316.77663734115345,229.5288260108921
325.6557510589769,230.35325569462788
334.5348647768003,231.07219510355822
343.4139784946236,230.07974442605575
352.29309221244705,232.06843285520324
361.1722059302705,230.31143004390648
370.0513196480939,239.1201757847222
378.9304333659172,230.21150663824878
387.80954708374065,230.10462823612033
396.6886608015641,230.0030593138264
405.5677745193874,226.43283365368637
414.4468882372108,230.04887487821517
423.32600195503426,234.25205680244815
432.2051156728576,229.63475947969144
441.084229390681,227.05081008747604
449.96334310850443,232.77655821727504
458.84245682632786,237.57962224667838
467.7215705441512,238.75565301901082
476.6006842619746,235.07333083429327
485.47979797979804,236.31550016416537
494.35891169762135,238.4539655759101
503.2380254154448,237.18879154125312
512.1171391332682,238.3632055995498
520.9962528510916,238.752852937008
529.875366568915,239.20353246875155
538.7544802867384,234.75825644641012
547.6335940045618,239.55722977637478
556.5127077223851,237.5811169089464
565.3918214402086,238.9514043229373
574.2709351580319,238.63903119399384
583.1500488758553,236.92756144042087
592.0291625936787,238.11499024573402
600.9082763115022,239.80276088290398
609.7873900293255,240.99952946389513
618.6665037471489,243.856091965292
627.5456174649723,227.5422793807949
636.4247311827957,229.10232311064053
645.3038449006191,234.53000676232557
654.1829586184425,232.30063497195528
663.0620723362659,229.43042132900783
671.9411860540893,231.2510392658857
680.8202997719127,230.95120988650342
689.6994134897361,230.62449393349303
698.5785272075594,234.3730089914611
707.4576409253829,220.59731558477833
716.3367546432063,229.56405441555063
725.2158683610296,229.42935578357108
734.094982078853,229.47947294124862
742.9740957966765,229.61562725446902
751.8532095144999,237.51087282981248
760.7323232323232,230.1456875331392
769.6114369501466,229.36281142266378
778.4905506679701,228.87619726240493
787.3696643857934,228.79501801584414
796.2487781036168,231.50335144463253
805.1278918214402,219.33656565283422
814.0070055392636,234.33839328181384
822.886119257087,232.78712169282758
831.7652329749104,233.96202946894954
840.6443466927338,234.66859927437926
849.5234604105572,235.3562275016932
858.4025741283806,233.93234365808112
867.281687846204,232.20757155153296
876.1608015640273,237.23593693668144
885.0399152818508,237.93767195274515
893.9190289996742,238.53737632538295
902.7981427174976,234.81093193331267
911.6772564353209,239.0936195601496
920.5563701531444,238.881621632163
929.4354838709678,228.7712351830205
