50.403225806451616,239.58333333333326
59.28233952427501,240.52320240151832
68.1614532420984,241.16042515004764
77.0405669599218,241.52782151590992
85.91968067774519,241.65821143609492
94.79879439556859,241.58441484759155
103.677908113392,241.339251687389
112.5570218312154,243.35650005527876
121.43613554903878,243.93966413336398
130.31524926686217,239.90376214647887
139.19436298468557,239.30133206937194
148.07347670250897,238.69163510551192
156.95259042033237,241.90987738418374
165.83170413815577,237.58172026548937
174.71081785597914,235.7145963329183
183.58993157380255,236.83657712232483
192.46904529162595,238.18389975461588
201.34815900944935,236.71876517193203
210.22727272727275,236.97640421162507
219.10638644509612,237.42393514989078
227.98550016291952,237.91795768780636
236.86461388074292,244.35609288544015
245.74372759856632,246.8131047844117
254.62284131638972,238.13267724667492
263.5019550342131,237.26636853041293
272.3810687520365,241.72480415058243
281.2601824698599,228.74395129711198
290.13929618768327,226.51579770977574
299.0184099055067,232.21910047899772
307.89752362333013,229.79438897568343
316.77663734115345,229.5288260108921
325.6557510589769,230.0878636575716
334.5348647768003,229.81535128527577
343.4139784946236,232.85646586230538
352.29309221244705,230.2504954732786
361.1722059302705,231.0133523291074
370.0513196480939,230.289437667577
378.9304333659172,228.5744466604209
387.80954708374065,230.10462823612033
396.6886608015641,230.0030593138264
405.5677745193874,230.3146807295397
414.4468882372108,232.07542093457445
423.32600195503426,237.21038043964114
432.2051156728576,236.0147018739893
441.084229390681,232.70803791287685
449.96334310850443,235.27976430280484
458.84245682632786,237.57962224667838
467.7215705441512,242.03202861607812
476.6006842619746,239.0646096031371
485.47979797979804,238.84965834134192
494.35891169762135,238.4539655759101
503.2380254154448,238.22046785727954
512.1171391332682,238.3632055995498
520.9962528510916,238.752852937008
529.875366568915,239.20353246875155
538.7544802867384,239.52936679387767
547.6335940045618,239.55722977637478
556.5127077223851,241.8531171131175
565.3918214402086,238.9514043229373
574.2709351580319,238.63903119399384
583.1500488758553,238.37602368277726
592.0291625936787,240.89644222693767
600.9082763115022,242.05693282174346
609.7873900293255,237.40824533491636
618.6665037471489,236.82198931913612
627.5456174649723,234.72462065549854
636.4247311827957,234.61899795495063
645.3038449006191,228.5011329082667
654.1829586184425,229.80782194198707
663.0620723362659,231.65569173196627
671.9411860540893,233.67331603341134
680.8202997719127,230.95120988650342
689.6994134897361,230.62449393349303
698.5785272075594,228.91753368123864
707.4576409253829,229.85823034500214
716.3367546432063,226.24769924459264
725.2158683610296,226.40969858988433
734.094982078853,228.9060886160281
742.9740957966765,234.13864159456443
751.8532095144999,229.68881488958337
760.7323232323232,222.41933712292305
769.6114369501466,227.6616776405591
778.4905506679701,228.87619726240493
787.3696643857934,226.847861240557
796.2487781036168,229.32156356929684
805.1278918214402,232.45669077077906
814.0070055392636,231.50029103362226
822.886119257087,232.78712169282758
831.7652329749104,233.96202946894954
840.6443466927338,233.92299772779938
849.5234604105572,235.4691837074356
858.4025741283806,236.49107880424228
867.281687846204,236.51643967224953
876.1608015640273,231.34570763996177
885.0399152818508,242.23134291655418
893.9190289996742,238.53737632538295
902.7981427174976,245.32278138819657
911.6772564353209,245.90804245863455
920.5563701531444,238.0195556993501
929.4354838709678,232.04351545865867
