50.403225806451616,239.58333333333326
59.28233952427501,240.52320240151832
68.1614532420984,241.16042515004764
77.0405669599218,246.48334862612637
85.91968067774519,241.65821143609492
94.79879439556859,241.58441484759155
103.677908113392,241.339251687389
112.5570218312154,240.9555418924766
121.43613554903878,241.70362176494237
130.31524926686217,239.90376214647887
139.19436298468557,239.30133206937194
148.07347670250897,238.69163510551192
156.95259042033237,238.107491191888
165.83170413815577,237.58172026548937
174.71081785597914,242.61419762660736
183.58993157380255,236.83657712232483
192.46904529162595,236.6828447795374
201.34815900944935,236.71876517193203
210.22727272727275,236.97640421162507
219.10638644509612,237.42393514989078
227.98550016291952,237.15897511546396
236.86461388074292,245.45028930754486
245.74372759856632,238.42695850147607
254.62284131638972,239.55690911135196
263.5019550342131,241.14231756718414
272.3810687520365,235.71174592498818
281.2601824698599,237.05195077041597
290.13929618768327,231.8607618233507
299.0184099055067,230.52429907406022
307.89752362333013,227.1255836996191
316.77663734115345,229.5288260108921
325.6557510589769,229.5837626304887
334.5348647768003,229.81535128527577
343.4139784946236,223.55189255406245
352.29309221244705,228.57535978170762
361.1722059302705,225.4357229821154
370.0513196480939,221.3144073030336
378.9304333659172,230.6856246341634
387.80954708374065,230.10462823612033
396.6886608015641,230.0030593138264
405.5677745193874,229.9639333363481
414.4468882372108,230.04887487821517
423.32600195503426,232.6479884624652
432.2051156728576,230.64446529975802
441.084229390681,232.70803791287685
449.96334310850443,235.27976430280484
458.84245682632786,237.57962224667838
467.7215705441512,237.90790280699406
476.6006842619746,239.0646096031371
485.47979797979804,238.84965834134192
494.35891169762135,236.49855245709043
503.2380254154448,238.22046785727954
512.1171391332682,246.5187226796894
520.9962528510916,238.2259455456392
529.875366568915,242.4938506754487
538.7544802867384,235.3418226967478
547.6335940045618,240.01588596082038
556.5127077223851,238.81606121138182
565.3918214402086,237.7144655429407
574.2709351580319,245.68860470478785
583.1500488758553,238.37602368277726
592.0291625936787,238.11499024573402
600.9082763115022,239.65151115616297
609.7873900293255,245.27933332160856
618.6665037471489,236.82198931913612
627.5456174649723,235.89030322688234
636.4247311827957,239.0806857872292
645.3038449006191,233.3147143891869
654.1829586184425,225.4263572428357
663.0620723362659,230.0569578012463
671.9411860540893,234.1310844274297
680.8202997719127,224.48181872758357
689.6994134897361,230.62449393349303
698.5785272075594,235.79303436409143
707.4576409253829,230.33199128844046
716.3367546432063,229.56405441555063
725.2158683610296,234.39529563461872
734.094982078853,235.34868913570583
742.9740957966765,229.61562725446902
751.8532095144999,229.72000825335488
760.7323232323232,225.03657738202364
769.6114369501466,233.75762257228212
778.4905506679701,229.61614421579043
787.3696643857934,229.9425218582412
796.2487781036168,229.32156356929684
805.1278918214402,235.87579801136295
814.0070055392636,225.82626894514937
822.886119257087,232.78712169282758
831.7652329749104,233.96202946894954
840.6443466927338,234.84233873615455
849.5234604105572,235.3562275016932
858.4025741283806,235.86344855450716
867.281687846204,236.51643967224953
876.1608015640273,240.44023420824698
885.0399152818508,230.8298563408602
893.9190289996742,238.53737632538295
902.7981427174976,238.95078165953697
911.6772564353209,239.0936195601496
920.5563701531444,238.881621632163
929.4354838709678,242.41331258514066
