50.403225806451616,245.3924712522605
59.28233952427501,245.90126432914718
68.1614532420984,241.16042515004764
77.0405669599218,237.58450689157672
85.91968067774519,242.00557936473734
94.79879439556859,241.58441484759155
103.677908113392,241.339251687389
112.5570218312154,237.37382961777814
121.43613554903878,241.1356249882054
130.31524926686217,239.90376214647887
139.19436298468557,239.30133206937194
148.07347670250897,238.69163510551192
156.95259042033237,233.94391999587086
165.83170413815577,237.58172026548937
174.71081785597914,237.14714226330523
183.58993157380255,238.4720243419705
192.46904529162595,236.6828447795374
201.34815900944935,236.71876517193203
210.22727272727275,236.97640421162507
219.10638644509612,237.42393514989078
227.98550016291952,233.17966052839594
236.86461388074292,238.30384206009396
245.74372759856632,238.42695850147607
254.62284131638972,238.13267724667492
263.5019550342131,242.38208838488242
272.3810687520365,243.49152669471283
281.2601824698599,232.4497291136737
290.13929618768327,225.81746520902834
299.0184099055067,230.52429907406022
307.89752362333013,229.79438897568343
316.77663734115345,222.6879737243233
325.6557510589769,229.5837626304887
334.5348647768003,229.81535128527577
343.4139784946236,230.07974442605575
352.29309221244705,230.2504954732786
361.1722059302705,230.31143004390648
370.0513196480939,230.289437667577
378.9304333659172,230.21150663824878
387.80954708374065,230.10462823612033
396.6886608015641,230.0030593138264
405.5677745193874,229.9639333363481
414.4468882372108,228.11770456666704
423.32600195503426,230.33623931912675
432.2051156728576,233.12059946686514
441.084229390681,238.72695922765655
449.96334310850443,235.27976430280484
458.84245682632786,234.93926782983598
467.7215705441512,238.75565301901082
476.6006842619746,236.12754892056745
485.47979797979804,232.87282551334516
494.35891169762135,238.4539655759101
503.2380254154448,235.7632157022192
512.1171391332682,238.3632055995498
520.9962528510916,238.752852937008
529.875366568915,243.59450905526637
538.7544802867384,232.87721798593253
547.6335940045618,240.18008479446743
556.5127077223851,245.78727466625364
565.3918214402086,238.9514043229373
574.2709351580319,243.19683220383766
583.1500488758553,239.49660445332015
592.0291625936787,241.4514381208484
600.9082763115022,237.8084608090219
609.7873900293255,237.40824533491636
618.6665037471489,236.76465498074808
627.5456174649723,240.50991760378105
636.4247311827957,234.61899795495063
645.3038449006191,233.3147143891869
654.1829586184425,232.30063497195528
663.0620723362659,231.65569173196627
671.9411860540893,233.90257118493167
680.8202997719127,230.95120988650342
689.6994134897361,231.90394057236162
698.5785272075594,228.24823660136988
707.4576409253829,225.1600315808195
716.3367546432063,229.45004111592408
725.2158683610296,229.42935578357108
734.094982078853,230.64921607952328
742.9740957966765,228.19150805727526
751.8532095144999,229.72000825335488
760.7323232323232,229.67480546802875
769.6114369501466,229.36281142266378
778.4905506679701,228.87619726240493
787.3696643857934,228.79501801584414
796.2487781036168,228.1874095826608
805.1278918214402,230.2842131171675
814.0070055392636,231.50029103362226
822.886119257087,232.78712169282758
831.7652329749104,234.8502799696147
840.6443466927338,234.84233873615455
849.5234604105572,235.3562275016932
858.4025741283806,235.86344855450716
867.281687846204,237.78249377291925
876.1608015640273,237.23593693668144
885.0399152818508,236.16064728666848
893.9190289996742,238.53737632538295
902.7981427174976,241.29458625412843
911.6772564353209,239.0936195601496
920.5563701531444,238.881621632163
929.4354838709678,239.14397324555978
