50.403225806451616,240.3996844687594
59.28233952427501,240.52320240151832
68.1614532420984,250.17096562345185
77.0405669599218,241.52782151590992
85.91968067774519,241.65821143609492
94.79879439556859,240.88134678243387
103.677908113392,243.6988874636397
112.5570218312154,240.9555418924766
121.43613554903878,240.46610539984349
130.31524926686217,237.04406920846202
139.19436298468557,239.30133206937194
148.07347670250897,238.69163510551192
156.95259042033237,245.6868542680943
165.83170413815577,237.58172026548937
174.71081785597914,227.9201656902172
183.58993157380255,236.91551971688526
192.46904529162595,236.6828447795374
201.34815900944935,236.71876517193203
210.22727272727275,236.0422706405962
219.10638644509612,237.42393514989078
227.98550016291952,237.91795768780636
236.86461388074292,235.89991786933962
245.74372759856632,234.6115328758719
254.62284131638972,238.13267724667492
263.5019550342131,237.26636853041293
272.3810687520365,235.71174592498818
281.2601824698599,228.86999775794598
290.13929618768327,237.4723273238691
299.0184099055067,222.7775227595664
307.89752362333013,230.57262742797258
316.77663734115345,220.3308276389093
325.6557510589769,229.5837626304887
334.5348647768003,229.81535128527577
343.4139784946236,230.07974442605575
352.29309221244705,230.2504954732786
361.1722059302705,240.73889779208596
370.0513196480939,230.289437667577
378.9304333659172,232.10461381549237
387.80954708374065,230.10462823612033
396.6886608015641,227.37036680441253
405.5677745193874,229.9639333363481
414.4468882372108,230.04887487821517
423.32600195503426,230.33623931912675
432.2051156728576,231.09357878144687
441.084229390681,231.28275045590618
449.96334310850443,235.27976430280484
458.84245682632786,237.57962224667838
467.7215705441512,239.0287942272245
476.6006842619746,239.0646096031371
485.47979797979804,239.67946087219738
494.35891169762135,238.4539655759101
503.2380254154448,238.22046785727954
512.1171391332682,238.3632055995498
520.9962528510916,238.752852937008
529.875366568915,239.20353246875155
538.7544802867384,237.62624818726712
547.6335940045618,241.67264454037905
556.5127077223851,237.99880434652775
565.3918214402086,238.9514043229373
574.2709351580319,238.63903119399384
583.1500488758553,238.37602368277726
592.0291625936787,238.11499024573402
600.9082763115022,237.8084608090219
609.7873900293255,243.94558434336034
618.6665037471489,236.82198931913612
627.5456174649723,235.89030322688234
636.4247311827957,234.61899795495063
645.3038449006191,233.3147143891869
654.1829586184425,233.76016707961872
663.0620723362659,236.47726437528289
671.9411860540893,231.2510392658857
680.8202997719127,231.18762303387797
689.6994134897361,228.0696026842752
698.5785272075594,230.23678681798074
707.4576409253829,229.85823034500214
716.3367546432063,228.57918641892326
725.2158683610296,226.27306288433255
734.094982078853,229.47947294124862
742.9740957966765,232.35581742106035
751.8532095144999,220.25104265805967
760.7323232323232,233.08128773664285
769.6114369501466,223.93727620025152
778.4905506679701,226.80854543291792
787.3696643857934,238.48237459802678
796.2487781036168,237.58497620131544
805.1278918214402,222.71444173312196
814.0070055392636,231.50029103362226
822.886119257087,232.78712169282758
831.7652329749104,233.96202946894954
840.6443466927338,234.84233873615455
849.5234604105572,235.3562275016932
858.4025741283806,235.86344855450716
867.281687846204,236.51643967224953
876.1608015640273,237.23593693668144
885.0399152818508,237.93767195274515
893.9190289996742,238.53737632538295
902.7981427174976,238.95078165953697
911.6772564353209,239.0936195601496
920.5563701531444,239.43406744933472
929.4354838709678,228.58637651869515
