50.403225806451616,231.80927663800034
59.28233952427501,240.52320240151832
68.1614532420984,241.16042515004764
77.0405669599218,241.52782151590992
85.91968067774519,241.65821143609492
94.79879439556859,244.52036368916757
103.677908113392,241.339251687389
112.5570218312154,240.9555418924766
121.43613554903878,240.41598413341194
130.31524926686217,239.90376214647887
139.19436298468557,239.30133206937194
148.07347670250897,238.69163510551192
156.95259042033237,238.75072522668606
165.83170413815577,238.5570736801574
174.71081785597914,229.69497401818728
183.58993157380255,238.58210610935535
192.46904529162595,239.50210218039635
201.34815900944935,237.2167967855337
210.22727272727275,236.97640421162507
219.10638644509612,232.14444958493098
227.98550016291952,237.91795768780636
236.86461388074292,238.30384206009396
245.74372759856632,238.42695850147607
254.62284131638972,244.84563289337433
263.5019550342131,237.1857865236699
272.3810687520365,236.39253478078075
281.2601824698599,233.74270181498116
290.13929618768327,231.8607618233507
299.0184099055067,230.52429907406022
307.89752362333013,229.79438897568343
316.77663734115345,229.5288260108921
325.6557510589769,229.5837626304887
334.5348647768003,229.81535128527577
343.4139784946236,230.07974442605575
352.29309221244705,230.2504954732786
361.1722059302705,230.31143004390648
370.0513196480939,230.289437667577
378.9304333659172,230.92757449926276
387.80954708374065,230.10462823612033
396.6886608015641,230.0030593138264
405.5677745193874,228.91647112150756
414.4468882372108,230.04887487821517
423.32600195503426,230.33623931912675
432.2051156728576,231.09357878144687
441.084229390681,237.40631763911074
449.96334310850443,241.77440140830208
458.84245682632786,237.57962224667838
467.7215705441512,232.94043519131768
476.6006842619746,233.78123405712037
485.47979797979804,247.80418695937976
494.35891169762135,238.4539655759101
503.2380254154448,242.04662500513257
512.1171391332682,238.3632055995498
520.9962528510916,238.752852937008
529.875366568915,238.22099439797793
538.7544802867384,245.2981434242999
547.6335940045618,239.55722977637478
556.5127077223851,239.30759274948048
565.3918214402086,238.9514043229373
574.2709351580319,238.63903119399384
583.1500488758553,238.37602368277726
592.0291625936787,238.85088736133036
600.9082763115022,237.8084608090219
609.7873900293255,237.40824533491636
618.6665037471489,236.82198931913612
627.5456174649723,237.29731844582525
636.4247311827957,234.61899795495063
645.3038449006191,233.3147143891869
654.1829586184425,224.67247144413966
663.0620723362659,231.65569173196627
671.9411860540893,231.2510392658857
680.8202997719127,218.37171364740692
689.6994134897361,230.62449393349303
698.5785272075594,235.98420230464723
707.4576409253829,228.29787737385487
716.3367546432063,234.72594732229948
725.2158683610296,229.42935578357108
734.094982078853,229.47947294124862
742.9740957966765,229.61562725446902
751.8532095144999,229.46952175824123
760.7323232323232,229.67480546802875
769.6114369501466,229.36281142266378
778.4905506679701,230.67425060730093
787.3696643857934,228.79501801584414
796.2487781036168,229.32156356929684
805.1278918214402,230.2842131171675
814.0070055392636,231.50029103362226
822.886119257087,232.78712169282758
831.7652329749104,239.35695309748434
840.6443466927338,234.35654920594976
849.5234604105572,235.3562275016932
858.4025741283806,228.83317156393676
867.281687846204,239.22227806743803
876.1608015640273,237.23593693668144
885.0399152818508,237.93767195274515
893.9190289996742,228.61486557095395
902.7981427174976,238.95078165953697
911.6772564353209,239.0936195601496
920.5563701531444,238.43081273013777
929.4354838709678,238.23051948051943
